2996
3047
3325
3890
713
2709
3801
1906
3140
2266
3853
3705
3724
2521
2399
1519
4143
4067
3840
3263
1378
1832
3951
3601
4123
1074
3993
3144
3828
2520
3644
4154
3627
3747
3566
1843
2867
2897
588
3955
1989
466
4097
3473
3689
2669
4151
3365
3123
3313
4001
4005
2754
3395
4038
3941
4069
3197
3600
2204
2192
1861
908
231
1675
3150
3588
2228
720
3545
3041
1840
2781
3346
2930
1770
1161
3425
3105
3921
1215
3647
3419
3886
4140
3560
3559
3443
3617
3666
4018
2727
3646
3219
2369
4004
4003
3739
1735
3996
3520
3102
3742
3919
2670
1705
794
3933
3789
3345
1445
2176
3669
3401
3857
3769
2413
3583
3939
3447
4118
2637
3227
3084
2108
4024
2936
2490
2455
3489
2794
3599
1736
1801
3797
1759
2743
3262
2032
3568
2280
4122
3984
3457
3859
2701
3668
3892
2446
4044
979
3174
1696
3293
4075
1745
3179
4057
3286
3290
3429
2239
2567
2856
3787
4076
2825
3577
4126
1228
1399
4099
3333
1407
3734
86
3486
2749
4055
3788
3522
616
4043
3764
1309
2379
2654
3631
4105
4106
3279
2732
2719
2624
3956
1179
3891
2870
3958
3964
4152
3565
3841
2894
1258
3481
2646
4110
2338
3098
3882
807
302
1752
3487
3332
3848
2797
3866
3727
2537
2232
3863
3688
2254
2274
2949
1082
3790
3896
3484
3205
3266
3585
3199
2816
2982
3613
3449
1927
3311
3680
1962
4070
3660
3861
2106
3108
3692
3927
1654
2373
3398
1744
2875
2970
4083
3756
2890
3762
3186
2392
3408
2842
3791
2403
2491
4032
3938
2619
2657
2251
3748
3388
2802
2748
1877
3312
2167
3730
3151
3836
3027
3721
3109
716
1717
3706
1188
3076
1297
2295
3825
3431
3243
3878
2073
2348
3807
1614
2945
2512
1960
2480
2275
2530
4158
2638
1804
3918
2473
3569
3382
691
3856
606
2356
1806
2649
825
4027
2534
968
2807
3537
881
3192
1634
1522
967
882
2828
3322
3042
1651
605
3364
4147
3160
3827
3018
3492
2445
2765
3809
1419
3571
3707
3953
2526
2924
3873
3155
3301
4011
3523
2631
3507
3131
3165
1449
3091
2840
3834
3511
3327
2934
3629
3216
3595
3402
3370
4113
3837
3990
4115
688
199
4041
285
3497
4141
3482
3902
1842
2365
3527
3743
3455
2774
3980
2940
1916
3006
2998
1997
3755
3843
3650
1689
3810
2053
4112
4104
3657
2944
2718
2636
3077
3198
2565
3915
1628
1330
2891
3716
3642
3641
222
3582
4040
3572
3542
3355
3019
644
1992
1828
3932
2980
2095
2411
3453
1471
4014
2389
3814
2808
3426
2881
2435
3751
2440
2629
698
4050
3104
2044
2892
2837
2111
3805
2574
84
1633
3783
3089
3213
4068
619
2786
3903
2293
4155
3676
2577
2770
3684
1834
3715
3385
3596
3960
3682
3436
34
2677
3654
2328
3452
2094
1043
3594
709
2688
3068
3175
4132
4042
3141
2645
1569
3850
3662
3190
2107
2552
2186
577
4125
2277
2152
3046
4148
3968
2929
1046
3283
3947
3708
3070
2942
2027
1631
2771
405
1732
2259
2927
3464
3530
3509
2981
2811
2685
2434
4092
3439
1527
888
223
3961
3254
3307
2323
2359
3778
2457
3875
2508
4090
3250
3818
3456
3691
4116
4142
2428
3057
337
1657
313
4073
3296
3663
3564
2787
2463
3913
907
1410
3154
3771
118
3501
2864
3842
4080
1915
3962
3900
2686
4037
2494
374
3504
2335
1033
3268
1756
3001
2650
3079
1286
3394
2868
3977
2989
2879
3972
3478
2965
611
1964
2539
4086
1595
2695
4088
1816
1083
3406
2893
1716
2680
4138
2598
2931
2858
2712
3864
3912
2918
3911
3052
4095
2602
1988
1766
578
3184
1444
2154
3922
4046
1942
552
1072
2589
3176
3614
818
2608
2371
3773
2294
2366
2298
2731
4047
4117
1253
4007
887
3823
2061
3201
3323
2290
443
3081
2943
3469
4137
4072
2165
2773
3713
3701
2553
3975
3200
2269
2778
1623
3158
296
2375
3440
1246
3862
2127
3466
1697
3409
2834
1620
3822
3637
3750
2906
2997
3973
3048
746
3521
367
3943
3623
2962
2035
2548
3944
3924
2142
4119
3244
295
3010
3022
1315
1811
3208
2437
768
3899
3124
3849
2002
3106
1959
3354
3218
3238
2909
2796
814
2793
1235
4039
58
3183
3474
2118
3096
4015
2605
1101
4017
226
4144
3889
3997
2789
2976
3446
369
3816
1578
370
3760
2956
4079
1191
866
3499
3033
3832
4135
1922
1708
2238
3753
4002
1524
694
3937
4048
3544
2189
3265
3422
3257
2954
1405
1126
3959
1781
3009
1893
3272
3063
3776
3632
985
732
3170
1747
3421
3948
2723
2836
2702
2692
3246
3628
4071
3195
3097
3976
3339
2233
2576
2587
3656
458
1448
75
2006
1880
3396
3143
2568
2346
3411
3553
3082
3479
1400
2676
3831
385
2575
3231
87
1594
2054
3774
3779
2220
4131
1698
3736
4081
4134
3249
4100
3645
2766
3597
3969
3517
4016
2542
1492
3754
4163
3441
2201
2741
2351
3952
2862
2872
3910
3062
3287
927
3518
3576
877
3029
1991
427
1274
3636
3865
3802
4030
3462
2660
3420
4133
2606
3032
2938
1820
3979
820
3609
1283
2198
3616
1948
1060
3519
2289
3389
1891
2922
1980
3674
3363
3712
3835
3259
3966
3229
1277
4139
3985
4060
3931
3883
3928
3732
2935
2001
1945
3222
3169
2065
1432
2717
2750
3914
858
817
455
4066
4114
3833
3277
2999
1029
3116
1280
3986
3107
1753
1240
2729
3410
4025
3702
2561
3579
3598
3573
4161
4129
2296
2129
4059
3000
3793
1597
4058
3974
2121
3690
2838
4026
857
2751
1946
2616
3516
2134
2345
2799
3970
957
4162
3967
646
1201
3817
3988
3664
3885
3799
2194
2953
1210
3122
1438
4023
2112
2823
1351
3423
4108
2088
3502
2004
853
2659
2662
3607
1867
921
2745
2991
2484
2664
787
2062
1287
2564
512
3819
2478
4064
3532
1722
2780
3366
3795
831
2972
3083
4164
3904
2291
2327
686
2500
3998
2822
2805
2339
3652
3256
3870
2724
3908
1810
1422
2611
3929
3761
3390
3080
3920
2278
4136
3608
4121
2573
4013
3374
3770
3844
3275
2292
2237
3376
2160
3930
3667
3418
3916
1112
2525
3775
3087
3342
3535
3950
1812
1319
2563
1839
2465
3772
364
3615
1895
1452
4082
1656
3999
3852
3261
3015
3867
3539
2136
3538
1032
2395
3137
3328
2699
2039
1778
2096
3949
1797
3549
3405
2604
1397
3121
1503
3978
4111
2029
2438
3829
3433
3694
999
3639
3626
3016
3877
1226
2101
1323
4021
1431
4157
3292
2658
3203
2896
1504
1020
4020
356
2952
3049
3729
2174
3359
3811
1373
4034
4098
4094
3851
3704
2454
2079
4153
2726
936
2452
3531
3821
536
1116
2648
4160
4049
3415
3529
2852
2684
2593
2710
3735
3574
2853
3260
3214
617
786
1734
4051
1014
3306
3578
4128
1464
1643
3677
3710
3414
2128
3602
2441
2866
2110
4008
1737
796
3430
3872
83
3461
3971
4103
2985
3318
382
4124
3700
3240
3621
3337
3074
1202
3940
725
3026
3906
3377
3868
959
3917
499
2347
810
2815
3159
3004
4145
2372
2820
2171
3126
3371
3838
3255
4045
1416
3800
207
2859
2329
3476
3181
2505
1450
3034
1392
2776
4085
1304
101
421
2000
4052
1265
2026
3766
1180
3064
2502
2777
3270
1852
4062
3526
2459
3541
3794
2848
3638
4102
1652
848
2764
3855
3905
4006
3369
2716
2422
1339
2482
3738
2783
3245
3653
3475
2506
3024
3839
4029
3983
3745
871
1356
3740
3640
1386
1740
2173
636
3393
4091
2679
982
4033
3014
2384
4089
4065
803
2396
2468
3845
1883
1950
1987
2847
1887
2667
3552
1047
2958
3957
3987
3173
3161
2439
3239
1827
2681
1837
2410
1571
3683
4107
4063
3247
341
3815
4149
3305
3558
4096
3288
1269
3995
3697
2978
1794
3317
2925
2785
114
47
924
2713
1871
3285
3803
4101
2708
2214
2038
4010
2769
3088
3767
2486
4130
2093
3804
4054
3127
3404
209
2477
3050
3909
1859
3025
3785
3350
2021
2497
657
2560
1124
531
2877
3717
1012
1748
3672
1230
380
2878
1521
1311
2049
3965
2431
4109
1888
1308
1508
1967
3324
3618
2268
2900
3643
196
4031
3589
3178
860
3784
1809
3362
2041
2358
3330
1479
3798
3533
2961
4087
4146
1956
317
2752
2898
1476
3356
3709
2969
3540
2850
3065
1813
2920
3991
3114
3942
3749
3387
3934
3622
3094
2444
3813
3606
2540
1292
3655
3463
4127
4078
3686
82
1952
3651
3603
3471
3358
1655
3847
3888
2430
1939
3695
3711
673
3782
3673
2791
3746
2747
2337
1498
1990
2623
1375
2362
4028
947
1225
3485
2632
3619
2806
3399
3554
2218
3315
3893
3703
2874
3351
3759
2105
3722
3661
2895
2988
4000
3946
1288
1714
1682
3302
2019
2865
1981
920
1296
2932
2364
3728
3869
2653
3592
913
3698
2829
2647
2529
1142
3053
3334
3039
3044
2812
1321
4009
2579
3884
4056
3581
1174
3191
3145
3752
1027
2270
2332
3434
2380
1854
1645
1406
333
1693
1443
3090
2888
2342
3679
4159
3103
3854
3989
3881
3781
1221
2705
2903
2287
2933
2467
3858
2756
3678
3876
3536
3454
3331
665
2986
3726
3719
1819
2855
4012
3113
3299
3590
2687
2601
3580
1314
3768
3028
670
4022
2803
3510
3563
2185
3274
1485
891
2195
723
3442
3556
3465
2946
2518
3786
3493
3059
2968
1635
3757
3303
3528
2607
2880
3300
3506
3384
2613
3133
3207
1092
4074
3472
3846
2673
2510
3925
2080
2051
1441
4150
3935
3294
3992
2405
4084
2378
137
2211
2532
4156
4093
934
2566
2635
2315
1542
1436
3880
2860
2374
1081
2471
1377
1058
400
3901
1580
1343
1526
3400
463
3352
2159
3282
3634
3490
3367
2010
1700
2767
1723
3005
1447
540
1056
1472
2496
2818
2814
3230
3963
2030
3353
2832
1668
2424
2307
2081
3665
1996
562
2527
612
2571
2698
2256
3513
2157
2558
2995
2123
1728
1630
2370
1123
2150
3459
2519
3168
365
3696
1885
1300
1829
3289
2299
3561
1954
1326
3744
736
602
969
2210
3584
2642
3163
2236
3500
2425
3427
1603
461
3038
2578
3056
3675
1243
2191
3136
2507
3624
1751
3496
3649
2869
3982
2207
3830
3241
173
3329
462
1473
827
3605
2377
1869
3162
3226
2450
2412
3075
2736
1678
3267
1204
1360
2314
1925
2203
3758
3212
2821
1463
1429
1199
3284
2889
2966
3314
2273
3550
2514
2313
3115
2841
783
3413
1640
1940
513
2586
2846
1379
2810
1720
2979
2301
3693
3808
3898
1690
2948
154
3737
2911
3725
1151
2884
3994
1754
909
1970
780
642
1979
2078
2132
3792
2594
1596
484
2226
3685
3149
3101
2640
1510
2983
3895
3812
103
1532
2800
890
37
2309
4019
112
3340
2485
3515
3020
2833
1721
1808
2666
1583
2476
1727
2652
2614
3258
2461
4
816
90
1350
2964
2885
1385
3117
523
2352
3593
1153
4036
303
2582
2012
961
3514
2665
2487
3562
3217
3557
3780
3036
542
2265
3505
389
1602
2758
1672
3132
2626
922
1868
1982
2672
3826
2449
3269
2790
2382
3458
2199
2849
597
3194
2045
1663
2223
282
3633
2013
3445
2432
1054
1268
1409
3403
2819
1761
2333
3860
1984
109
2456
4077
1978
2090
843
2003
3043
2286
2089
3368
1718
263
2306
2546
1335
74
1514
3273
2092
1847
1788
2513
1533
2857
2531
3648
852
737
3008
1451
738
3494
1529
2316
1743
2418
3128
1691
2618
3437
1579
878
1537
2318
1703
1196
1793
2720
3658
2863
3320
769
711
3451
2285
3291
1248
1632
3763
2113
2321
3100
2599
1963
1536
3720
1324
2426
964
1947
1831
2317
2795
2263
1398
3281
2755
3824
1118
1921
1676
2549
3304
785
3223
1512
3224
3699
3954
1833
2419
2739
2545
167
3874
1900
1937
3587
2625
974
1713
3112
2908
2235
2310
764
2722
2694
2610
471
1795
2973
1251
2907
965
3714
2212
2947
1329
3945
821
628
671
2693
2397
1664
2584
1671
3188
2700
2458
3428
482
2451
1208
1791
2355
1758
1866
1591
2544
2902
3718
600
2005
2217
3681
3037
1474
3483
2737
483
1870
1071
2216
1611
2056
570
1016
2612
1800
3148
423
1541
3319
1125
3295
2591
1573
3060
724
2711
2164
31
621
708
1815
3232
2341
3308
3040
2746
3182
4061
3512
625
1490
115
3480
2040
655
1612
2628
264
1803
1165
3547
2910
1884
3171
1567
2917
4120
2453
3610
3503
3432
3796
1095
3604
1368
2161
1120
2427
1390
501
3546
1376
1162
3310
3375
3021
2126
3416
3936
2138
2349
1232
4035
2883
1730
565
3381
194
3498
2072
3298
3177
3156
1559
2388
2551
2183
1312
756
3894
2393
1217
1627
3167
3069
3011
1462
3470
2119
2421
1961
3383
2757
1562
1313
208
2559
3344
1160
3392
1715
2363
3460
1139
2141
2261
4053
3926
3066
2037
632
1908
1216
3551
3147
3166
217
1851
1401
3380
2353
2590
1779
3670
1636
2215
2960
2407
2098
2146
2083
1333
3887
1344
3548
2055
2202
1303
2557
1994
1176
2493
1684
1468
2488
2246
2734
2923
1387
3242
1993
2556
2963
1683
722
1249
3045
2801
1535
1166
3687
808
2955
3297
3110
3923
3806
2130
1565
22
1317
1414
1855
916
1782
2492
328
3424
2304
1433
1574
1144
3093
1318
3251
975
1520
1006
2784
1783
2305
2562
329
1607
1420
2804
2099
742
1618
1393
1365
438
3196
6
300
758
106
2682
1849
2284
3235
2149
3067
876
3635
896
1772
3620
1382
976
1692
3897
1934
2984
1349
3567
1951
3379
3099
2541
1440
2257
198
2017
107
1850
2283
2376
1646
2775
1557
3524
2974
265
3215
2230
2252
2928
2987
3534
368
77
3378
3386
1570
946
3570
2501
2075
1302
1821
2886
1838
2581
2992
3276
350
1600
1918
3335
2792
3871
651
1523
2873
2008
1835
1919
3555
2391
288
1380
2082
3336
1325
633
2166
1725
3237
3341
63
1965
1145
3007
1998
996
3206
2921
2474
3733
3187
529
1787
1224
2882
3372
1917
3338
1245
3225
2250
3153
530
388
2225
312
3135
2311
2
149
893
3271
244
431
64
2162
1223
2499
3731
1775
2950
2402
2851
2959
2462
2515
2350
1494
3777
2730
2570
2543
3981
434
987
1879
119
2155
2951
2103
1773
2063
2588
2163
2643
1137
433
1113
2977
1777
1558
677
2763
3134
1478
1549
1371
2300
1295
2042
2205
2721
1606
2016
1264
2621
1242
2627
3391
2813
1763
1353
1169
2282
65
2993
1163
1902
1878
1090
1932
1185
371
912
1114
3073
2772
2644
2144
2222
1233
2762
1495
3468
1507
1511
68
2831
919
1418
1000
2596
1415
1898
960
3349
2249
2668
3495
2583
416
2569
2102
1790
2555
2472
3488
401
2971
3120
2871
1560
2401
904
2224
559
1094
2028
615
2489
679
3575
3220
2047
1148
3477
2014
3612
1028
2782
2843
524
2325
2188
1742
3118
1604
2809
3438
937
1680
2994
1974
1739
1146
2761
1929
2340
2615
3228
3086
3252
592
362
1530
1132
2104
2839
1106
2109
1912
1892
584
2208
1044
3444
1776
1008
1706
1019
3309
2068
1396
828
684
3031
3741
1587
3361
1052
556
2240
507
1666
21
740
3820
159
553
2169
2547
2206
3072
2084
1822
480
2140
945
699
1913
2706
3138
1135
2641
2674
1577
3316
510
1515
1327
532
1750
685
952
2070
2622
1093
1920
555
2433
2861
3407
661
1458
575
901
2135
234
989
2229
571
2887
1039
1890
2728
533
2312
2824
200
1525
1173
1084
2271
3058
3204
3146
1547
2460
1499
683
411
717
1140
2678
3326
1749
2242
2390
3030
2227
3152
1477
1042
3055
2320
604
1585
3671
894
1454
441
2592
1045
2143
2367
1011
1254
1348
2057
2281
1901
1977
1943
2034
2148
1085
653
844
1724
1733
2844
1644
360
2416
675
1973
1212
1548
838
2336
2904
1659
835
397
3397
1227
1244
1622
281
1331
1983
3659
1427
757
666
568
700
3189
1057
788
2086
9
2243
1154
2409
377
2768
1294
1923
1629
396
1073
2234
1909
2464
1100
2244
811
3435
1896
1284
2182
1183
3233
3035
1111
1077
2197
2580
339
1023
2394
1605
2043
59
735
3085
1826
1395
336
1229
1771
378
752
3373
2196
520
2744
1115
1334
2007
1361
1701
833
1119
1674
586
2798
548
766
424
1966
3248
1136
854
1364
2481
770
2704
1394
1873
798
1686
2585
607
2172
1130
476
1402
777
202
376
1261
2753
829
2483
2404
447
239
277
2059
1408
719
488
1805
601
1845
1784
2663
595
537
1899
1538
1267
2324
1050
1260
1767
3253
230
951
550
2715
72
1556
1928
464
728
678
1637
2245
148
485
973
278
2511
3412
43
1238
573
2331
629
1670
2733
805
1903
1109
930
2386
2675
1345
1306
990
481
3142
1707
164
544
1858
2322
1236
409
1099
2470
1786
2912
260
383
475
1015
885
1177
1320
393
1780
3450
972
1205
1341
1576
171
1889
2671
495
258
32
2139
225
1384
897
2018
1679
1658
693
1561
988
2990
557
1156
2060
2788
680
993
2260
418
1172
940
1807
610
214
315
1586
2415
1342
2330
3078
3448
931
136
739
1624
750
2248
1411
935
181
991
1234
2633
1846
1841
2656
2177
1608
2443
3209
2517
892
1616
630
2153
3164
886
345
219
1122
779
175
1480
2522
54
2354
1949
322
1097
81
2179
861
2131
956
521
928
984
130
1041
1355
1171
795
1070
2231
1944
695
2957
2024
2020
1182
572
1021
1048
2303
697
939
1357
676
2617
1555
2022
918
3051
2302
3111
2528
1446
2939
1214
855
2241
1818
668
276
522
459
1367
1746
1134
1281
1971
2475
1421
2168
2725
2504
2067
1337
1699
1501
1958
2247
1661
2308
2651
3360
2827
767
1886
3278
1247
2050
538
102
1836
580
2052
180
3180
2683
914
2550
1207
257
2253
1211
190
836
1601
669
1181
1034
1310
2076
2180
1482
874
1481
162
2779
1817
543
806
2181
432
430
1362
1599
1075
1844
1256
701
733
126
1677
2383
799
2133
656
1381
2178
2262
566
647
1159
1935
563
3129
204
1972
1930
414
648
1186
3491
177
1389
864
297
1907
593
3591
608
932
428
950
1189
479
1250
1467
184
1209
1374
243
2926
3723
460
1712
158
1068
1669
3264
1924
1719
500
2033
910
311
1022
865
2876
2069
469
2941
453
1352
590
2066
1305
2423
2297
944
2436
2361
1273
958
1067
1346
358
674
515
1263
1598
640
781
1237
1009
623
1184
1307
1615
19
1220
1147
1704
2288
3139
2077
1062
2914
2071
2835
1502
534
318
284
506
1175
1141
1563
478
1259
1516
1941
1391
2760
1457
1764
2170
3119
1206
301
2595
1222
3003
1799
710
804
342
1881
304
1497
707
564
1638
2538
2048
1564
1255
3525
948
1290
2368
1545
2116
558
1434
1439
949
96
1426
2830
1546
583
618
470
1765
839
824
1568
596
2255
1487
1550
2267
966
1626
2414
1195
955
1796
498
3125
92
1798
1087
2187
436
334
1789
1088
1985
849
359
650
2905
823
582
2360
1013
622
547
1270
1435
2137
206
2398
889
1110
392
210
2447
1155
2025
2620
1572
1785
93
24
1164
492
705
3095
1856
1687
898
1709
10
435
1857
3348
493
472
189
649
1107
953
654
1078
664
1370
192
1593
30
408
1064
273
1755
1825
1882
727
308
690
1293
2087
1276
545
1459
1404
1613
1968
748
1650
1049
5
3157
1332
784
1469
2156
2533
3172
80
1291
3061
1876
801
2091
837
135
249
841
2524
152
314
406
1551
660
1359
1911
3347
2916
992
751
1089
789
1582
2554
2937
262
1506
1105
2707
23
2469
2046
2523
1953
11
1442
802
1358
3907
791
1969
3879
2209
351
3130
1322
943
452
1905
1036
1031
1424
2117
1695
826
682
1534
1830
1108
1757
246
745
2703
609
3508
1403
772
1053
954
1065
511
100
3221
2219
2100
895
439
3092
2031
3211
3765
2125
2264
1910
1076
1824
715
637
2058
1316
2326
771
413
1213
762
514
2516
391
394
1475
1104
1710
911
1484
2845
1590
1589
846
2600
1647
1055
2385
1336
384
2124
179
1860
994
847
2417
2387
2854
3193
997
178
3210
2466
819
2145
2630
2597
395
1802
153
2200
2115
2689
1461
1138
1129
123
1702
88
2535
1423
1509
591
271
338
144
1694
2147
704
2429
1038
2448
906
2442
490
1417
706
743
13
1681
1619
3234
2151
1483
1460
332
2817
270
1366
324
929
718
316
1278
978
2714
2738
1279
1178
1667
755
941
323
2085
3357
1127
561
25
2919
1168
2400
942
2696
2272
1493
2742
1128
3321
863
1653
872
2691
3467
1673
1167
85
923
176
1190
1584
603
631
782
76
1066
1035
1872
1639
2479
1897
639
49
2503
3611
182
1219
1957
1762
1025
2381
834
211
1453
1513
815
1588
2120
319
3071
2899
3343
1865
170
446
729
2158
42
1369
1488
884
1103
212
287
99
574
1531
1528
899
2193
2036
3202
2319
161
3280
1685
138
1282
326
1491
1198
134
50
2826
971
702
1388
867
731
1875
2603
1648
2122
730
1262
268
487
2901
1662
1553
325
1466
1271
1543
298
95
133
1040
2420
1026
1340
1383
638
2609
128
1649
1203
1642
2015
1149
963
712
1413
1938
1769
1592
1862
1121
1299
658
1625
1157
1425
797
1814
2975
1726
127
1328
726
1002
589
1456
1193
714
703
1192
2740
299
2213
2184
1774
765
1738
28
1430
353
747
1581
546
759
1760
474
2334
2697
962
1005
1096
2011
1194
2572
29
426
662
721
760
645
2258
1455
2357
2759
1004
800
122
983
45
379
2536
1931
1894
981
1354
2023
320
1975
1252
1133
851
269
1001
2221
140
1069
1729
775
2343
1999
850
2655
840
2634
995
3017
1621
2344
3023
2690
905
1412
652
1486
614
879
218
873
17
1266
1437
505
343
1554
242
1496
442
1848
2661
1372
1544
16
1017
830
259
986
1061
2408
2735
1150
1197
1272
2009
2279
1874
1660
1768
2114
1566
1904
3625
917
1298
832
1200
444
163
266
245
2074
1617
407
2190
1051
73
497
188
1231
1098
186
305
240
915
1864
1926
437
56
1257
275
1143
327
347
1853
309
410
3185
286
1187
2639
1539
496
293
289
1741
859
241
307
335
468
776
227
2276
3543
125
634
1540
977
933
1347
925
185
1241
3054
581
2175
1010
1955
2913
1609
822
110
224
1517
1500
812
2406
361
1641
145
26
1079
357
422
626
113
1995
237
402
624
842
403
809
1575
598
3236
3013
3012
1688
2498
1465
2509
1936
1933
1914
1863
2495
3586
267
516
233
477
46
1301
386
902
141
69
754
280
868
197
169
2064
1363
457
1030
1275
870
252
778
238
1338
1470
1711
813
1285
235
903
594
793
517
8
120
2915
454
420
146
774
429
1
398
560
1976
504
1731
215
156
503
261
1018
35
366
0
672
201
57
1091
1518
1823
12
220
48
147
620
294
875
539
39
1610
250
753
627
1003
363
51
440
70
465
856
1218
1665
659
980
221
354
1289
528
417
535
213
569
862
467
1080
667
519
330
373
121
111
41
1131
160
489
845
143
900
292
494
687
355
404
290
15
247
279
381
450
331
254
1102
1152
1505
1024
491
205
585
306
763
1170
525
635
117
168
938
38
283
643
255
272
1117
883
527
741
27
734
67
1059
445
613
166
344
681
1007
549
473
425
509
749
526
1037
1063
274
78
40
641
761
7
165
508
97
518
18
79
352
89
229
256
790
52
195
486
579
174
71
390
587
251
142
228
340
291
20
193
399
139
541
551
3
232
880
502
576
191
55
216
599
554
321
1086
567
183
449
1792
451
14
412
108
869
689
36
116
792
692
131
1428
155
60
773
1239
448
696
157
456
310
104
187
248
387
970
926
150
94
129
419
132
375
372
105
203
151
98
253
91
348
53
346
172
124
61
66
44
236
415
998
