45
3121
351
204
1327
230
374
3729
4044
1128
3247
223
325
692
729
3503
1448
1935
517
248
3793
4765
2337
305
448
2867
44
1314
1618
1756
509
1597
1673
2306
1338
471
2054
1583
100
3007
197
1373
96
1678
1126
2246
1273
5468
462
98
71
5788
1000
1792
1181
436
1480
126
542
519
358
357
2644
339
2277
239
196
831
414
1876
162
585
426
331
919
1415
3876
945
260
1969
4311
2027
6335
943
5196
1631
1293
1446
687
1289
116
672
2273
1009
2733
2499
5507
437
4172
309
999
1406
6128
534
11269
2286
2190
2669
33
2924
4061
556
2755
115
1532
254
4485
1309
1654
85
154
1989
253
4018
1313
311
12841
2695
1540
1025
359
1526
1408
2275
1923
3720
2501
3467
1590
5358
18
1276
4867
2014
1420
1140
398
299
2459
4885
228
1456
1024
1218
107
1563
3552
2340
1991
1771
348
4217
1407
1528
2969
2505
3070
2121
3125
2727
2664
2097
219
2036
1092
659
1059
2410
2391
2239
1545
342
1704
343
997
2632
514
2287
111
670
2619
2293
5237
863
1365
4013
257
4042
1903
2336
1881
338
3077
1712
5262
1552
1445
1250
559
2671
3542
3031
7912
4640
1017
712
1118
2510
1801
1035
2864
1357
53
5403
69
1499
721
8441
4047
1806
2144
2561
1219
2247
6870
267
3792
158
353
956
1569
125
2469
3192
7784
1459
1648
9668
3198
3740
189
201
3171
964
1994
5078
7472
899
3996
3777
1205
802
1372
1542
9240
4420
2398
5278
380
750
300
393
8015
1662
504
1292
6428
2617
1397
3696
5973
926
2976
2248
1168
4219
7685
6124
3500
730
1236
891
3540
2525
1958
758
580
486
1028
1355
367
2225
762
1594
3201
3402
306
266
317
5135
4874
1602
1322
4818
7371
360
1610
310
1191
632
6838
1557
407
3092
6064
3097
1936
5050
2473
874
183
9658
60
642
7409
3529
7455
6653
7172
1615
2624
1988
546
691
2854
1452
1290
2256
6242
1016
524
2051
491
399
6078
6227
1716
9266
7696
2693
11407
319
8707
4405
829
20
3564
705
1109
5976
11381
1713
4531
8565
1714
1298
1902
1920
7785
875
4723
2992
8388
1883
2937
2533
3137
1029
1274
513
1500
9235
9183
4535
10
2037
950
5666
292
6261
1427
2179
3230
2979
3718
4276
2710
4469
4682
2645
2412
949
4684
3315
1038
5594
7146
2177
5624
5281
5549
6820
2237
7180
3665
1091
2146
487
4451
1366
3931
2462
6283
1081
850
1684
4401
714
6206
2381
1593
1177
871
10389
324
2613
7706
735
1510
4291
10835
2370
7897
4320
7066
4941
586
3489
1475
1021
13155
989
1666
601
3909
9746
10095
49
3568
2970
1401
6806
4436
4064
7104
2560
1099
1032
2451
2543
656
5149
7780
7380
272
675
1674
2491
17872
74
2184
600
1553
1502
1075
5008
345
1390
32
1224
106
3466
1899
3949
1884
636
2982
2627
5494
1363
3233
13454
9411
427
815
7077
3742
5775
152
405
3506
4782
3025
2534
11007
623
3445
1085
1348
65
3072
7023
6021
7786
4737
1008
2646
2537
5045
4572
1759
1738
2045
7475
1630
6405
1913
1277
285
2656
7586
9178
2574
5585
1174
2776
666
4078
5740
3407
6277
5912
1323
1752
624
1709
3361
5239
5150
5245
4863
1468
3728
1694
2482
226
737
4117
4395
965
11105
3559
1836
1587
6988
1486
1203
573
1087
337
931
481
5007
2518
1493
11814
2539
225
805
1636
2046
485
1743
3441
7746
9259
1892
847
9523
961
5987
1278
3211
1308
4240
13465
4428
17
9810
5207
2252
67
4691
232
5783
646
4721
6572
2300
10068
1535
6490
370
2016
939
2128
7772
7767
5168
5461
5053
1179
3950
1346
2686
2894
7032
3184
198
8360
4798
4355
13082
119
1011
684
39
4287
387
806
5436
2705
1633
3560
1918
1911
795
1882
3261
2614
5117
2113
3463
9806
1946
5662
5116
6185
2971
466
8669
888
3589
699
3454
3469
2268
4292
252
3750
11047
1828
4626
6174
5689
1259
3298
11673
4006
2967
14865
1813
4967
3205
508
13846
4567
2419
4068
3076
8197
1957
1180
1564
7752
2077
2757
4986
3130
5134
1429
5338
3731
3152
2294
2478
3744
329
543
4516
4298
1940
4293
658
341
719
3681
2886
2500
4476
105
2569
5087
1295
1242
6594
6169
4789
3686
134
1596
3921
2068
2007
7201
4896
2042
365
279
2796
3632
9
14373
1130
6413
1523
5817
796
3904
6503
4097
9046
265
2933
490
1465
4526
1175
3051
8524
11650
1120
2043
7673
2035
6505
8088
2436
369
1412
8634
1870
4462
10392
11854
4261
5122
7342
6853
1030
6900
4222
473
5831
5124
605
19
10266
7805
9067
1455
12974
2067
2441
3162
8181
4375
7500
6998
2083
4931
6187
552
5039
332
769
2347
3858
1575
2626
2512
3782
929
3030
3480
922
386
3221
5407
5577
936
8163
3354
1944
3024
7572
6933
3254
1490
14703
8396
4707
1783
1227
5612
4781
2651
6921
12735
1817
1334
205
1215
117
5488
137
1005
1134
8027
8112
6903
5088
836
7115
1430
434
1928
2850
3033
3382
3272
1256
3444
5906
80
9991
6009
389
5377
336
9087
327
1620
5136
1607
9376
9274
3364
5091
459
7237
1384
3371
8979
3796
1536
1572
86
3854
1888
3111
5044
6366
3317
5667
11333
10186
4681
3203
6485
3512
15961
8487
6110
6961
825
6649
2253
4321
1664
2524
1147
4533
1943
2915
1417
4155
1190
6579
2519
6323
6121
5768
6052
5600
296
2548
561
7296
10206
6233
15454
5400
4390
6354
4792
3843
8330
2597
421
2493
167
563
3316
2783
1388
4980
3987
6841
7158
3044
2964
4138
8286
1255
4054
4515
3376
718
3401
3237
5096
5252
2204
2756
9415
160
8503
6214
1734
944
9592
6300
326
1907
11025
535
1306
139
3591
2916
1461
1745
6231
16992
5480
268
2333
3305
1731
2061
19766
5418
3888
1810
2511
1970
1073
5200
5113
1135
1857
8243
9576
1462
5627
1012
5889
4510
169
5183
7293
5672
8480
1303
1192
915
3933
1367
6197
8199
10214
5473
2680
3969
4892
1549
6188
14008
6
322
3621
3847
2961
6383
4615
8122
3674
6008
1750
13128
4520
5839
12141
3150
4313
4623
10400
13996
12835
7794
2508
4817
5592
5111
12108
4907
6761
6465
657
5109
8715
1609
3717
5163
1726
2947
217
901
4470
12639
708
11364
1297
284
6686
813
558
3722
11502
6907
3196
4091
1993
1167
4502
3783
1498
9211
8711
290
1835
16964
11362
4754
1047
609
780
1579
3448
1079
3575
8200
76
3299
4124
2663
7865
851
2414
1151
1954
451
6033
1697
5769
1683
13424
8919
5391
6004
8839
4367
73
1033
10544
128
11109
5802
3439
3906
787
34
6730
5603
4757
2408
2927
1822
2421
1497
1336
1613
381
1901
2228
1504
8107
6663
4266
4629
9446
2006
12368
12365
11554
2917
10716
3346
12733
10432
12588
8702
3932
5031
136
5998
1826
6687
4071
7910
10046
5923
4852
15693
7533
7345
2934
2437
8076
2109
12230
611
8126
1150
505
4639
6089
10102
6580
2849
8795
960
5131
8057
4716
11276
2945
2101
2141
4947
1265
1458
5360
1484
2773
6193
4558
3423
4844
6858
5736
2492
3505
1860
11196
6826
4272
4120
951
2836
1159
7957
7978
9057
6712
7227
3481
816
8672
9187
5553
898
7295
3706
6379
10528
1208
1419
1856
3958
2461
4806
15178
6553
3536
12019
2238
4538
734
2952
4148
450
7692
3168
102
2896
5447
1066
9368
975
3604
3543
4662
3074
3884
17511
5681
8521
10818
1325
13588
4884
11503
11929
5803
8366
392
4542
7143
1570
1353
13365
679
1665
9141
10851
14930
8758
587
2996
2848
3482
5379
81
7770
1244
2822
9780
3209
2654
1067
12730
7047
3872
7027
1249
12666
927
5363
1922
1283
4845
17999
9468
6938
13626
5470
6015
5883
14792
1381
6422
4955
13342
3532
79
909
9407
2430
4109
6107
1782
5376
10850
12706
6109
10254
3839
2216
4650
1503
14110
2477
3497
4131
6402
1517
3328
3027
8292
1515
1975
5269
12079
12427
7352
13724
7294
3239
36
4008
4897
6037
13336
6785
4804
1691
3600
4944
8221
4235
238
10800
7432
983
5886
1492
9271
924
821
7435
3131
11493
472
4793
5291
3999
6768
1284
2029
10656
5763
1968
4274
3795
4634
696
7262
11233
4347
13182
4161
4100
5916
13227
5264
2438
16103
6266
3499
8982
3723
4336
4954
7815
2647
6467
24
5485
4079
3218
7332
6568
4211
8864
4788
1269
7189
3343
6713
5645
8793
5506
5061
9617
4178
2261
5141
12967
3339
2913
3112
7325
9903
2011
5609
5019
4249
8843
817
7761
2165
5908
21380
1561
639
13271
1065
11712
6157
3882
959
6633
5590
584
2154
2460
12924
3861
3856
6333
10415
8948
307
1700
5536
3147
591
5463
788
384
711
756
6363
14456
590
14840
6007
1391
1986
10327
5718
8987
12552
5663
13553
1852
5959
533
355
3639
674
3638
8567
2447
4027
4816
4439
6890
2566
1501
8383
4210
8302
3682
3960
185
2456
1827
7035
4930
14800
5450
3688
2383
4090
498
8399
7311
3474
11850
12900
1637
523
1803
2932
8039
10919
3330
4866
3180
1094
2005
11248
8978
1096
677
2484
1645
8117
9473
7588
19447
4598
363
1635
2325
3901
972
3395
16082
2245
5888
11621
10310
6255
3458
6956
7450
2289
7876
4121
6476
8907
6161
948
7913
7611
4081
6926
648
1951
1241
2344
1643
6223
1868
966
10379
3691
15156
10311
6518
5051
1148
5289
9877
3852
2884
4665
4950
8297
7843
14240
488
2063
9137
7881
2590
293
2224
7299
7864
7620
8745
4678
3
5514
1556
8499
1164
3656
5692
13531
3857
14347
6368
4156
3145
13594
12332
7067
839
7111
3804
5524
11519
3737
1930
16887
4486
7593
12909
4059
1925
985
1740
1434
2604
3418
4135
6069
779
6494
27
1178
2844
5063
2515
8596
3069
5999
3848
15770
14400
11091
2255
5939
2980
3922
5164
4727
8685
1119
3702
768
1997
11038
1796
578
9788
1841
2457
10024
5767
5439
9987
5003
99
5819
1057
1898
2282
8229
3413
10417
6964
14870
6411
8571
9713
5693
812
8425
653
4621
7635
994
7222
3791
1023
1052
4324
10034
10531
11359
3103
7126
13841
4213
1722
2606
840
2563
11296
8888
304
2071
7952
3100
978
1543
3244
5484
1141
2466
6202
2975
7547
11123
11717
785
2545
568
9812
440
7510
749
3730
8061
7521
4354
4969
10172
5854
1534
4557
10367
8593
7708
2851
10217
6346
2828
10526
5893
447
19339
11
5107
1222
4763
11742
11116
6682
5446
5389
6250
11182
2053
2189
1877
15524
4452
2770
6885
2215
7304
5337
6186
15935
3342
11404
8290
5
6102
10603
4983
5560
4880
20104
12676
515
14181
249
8251
2890
4854
11477
8000
3210
1551
2094
6707
13738
5827
14469
7417
15261
6549
5197
3271
2158
2311
2389
4457
141
5936
4414
3001
3450
5777
10669
8964
7322
10335
2166
15244
2809
16839
2928
6700
109
5567
8091
5926
6213
8675
1064
1152
4877
5723
3326
8356
7244
5218
8622
104
7372
9725
1658
2726
2935
10743
770
855
14459
2855
7275
7241
2955
2260
7605
4072
3700
4095
6967
1659
1111
12131
4773
2708
4359
1850
903
7927
4285
6172
5705
1108
1736
844
5522
14168
12714
8260
4029
12171
454
9068
628
235
269
3833
5940
1979
3594
404
7826
14383
5453
12455
2653
8683
2760
5799
13736
6749
1960
9007
13312
6421
11685
8932
5254
7365
7564
9744
16472
2881
9837
12797
9162
16583
12772
12232
820
11524
6221
6244
5333
3626
6194
2605
3739
11730
5172
4674
12519
3515
2517
10702
9463
6061
1045
2159
18389
4534
4870
7662
1137
12343
1321
11903
5596
4770
2186
12081
9885
4260
41
1622
10100
8195
967
7011
6349
11813
4895
12567
7356
1728
9251
852
4976
1584
6166
15075
8373
566
9572
7938
4685
4426
3816
10126
5352
1138
8591
6696
13223
4306
4143
3976
6566
6542
7452
3951
7050
6548
2292
5371
6457
6537
7287
8121
1774
418
7558
58
3666
1351
11113
5517
6859
282
6901
2015
7645
11662
6382
3242
1166
757
12643
12679
3370
2716
6897
10930
6891
1437
3501
4698
1007
1139
1897
3393
42
682
2887
2963
3582
669
10470
494
8145
2140
2648
11353
5035
5201
7334
731
1779
13382
1424
3296
8595
8127
256
9074
1199
2032
6943
11863
784
2729
4290
1776
3844
5139
6315
6203
5241
315
10604
6499
10384
3417
13840
9522
1395
5455
16447
3946
5287
11580
1463
1246
8749
3581
3687
5246
2092
10169
2912
3275
6952
13879
3595
9041
9491
3893
8470
4322
6408
9443
12117
2600
3101
8587
540
12981
10936
16686
8411
5789
2946
273
20711
615
8944
298
4234
13289
5840
2250
8972
4846
4840
14318
3635
1422
3036
13187
21563
15013
11956
9515
19362
1213
6746
12756
7502
153
12594
11355
654
9958
1301
9267
11587
18207
9044
6832
3658
11258
3625
14954
1747
1440
11718
5629
8385
13000
14176
2552
5968
12302
3056
4995
5752
1578
5855
7507
12541
12906
6836
9214
1377
3028
16347
8775
15930
5867
14849
2161
4741
1165
4458
11148
8536
10503
11454
2843
4052
5202
5742
11693
7740
4372
3944
913
12188
9270
17463
388
3673
3873
1328
8620
792
2309
9254
474
1789
7570
9394
5464
17198
7340
2413
5459
21432
8314
3135
9195
19432
8463
3134
2870
2188
11906
2513
4022
4205
5665
11534
7499
3045
6050
11232
1145
9286
5995
791
16666
13510
2740
9121
12196
3243
2058
918
826
16801
2717
469
15914
11301
4105
8844
9556
6949
2911
14070
5325
5083
6919
5899
8294
18862
2055
5546
798
15901
6819
16832
1514
3781
12625
13263
1915
16547
3619
19788
3734
764
5300
14395
9419
4703
14867
2556
131
16440
10954
19370
3128
6581
362
12036
9551
9596
113
371
21956
3453
724
14627
12673
6540
18519
7368
5715
9060
4968
571
4513
5505
2677
2503
4370
14148
5199
2012
2272
7303
8940
499
814
11671
5171
2480
10821
14925
4089
5902
1604
6979
5727
170
4652
5055
1768
8143
4949
14185
14095
2056
1231
1362
4472
5947
14509
4937
1760
20813
3124
6714
938
4465
2759
7341
6409
2610
4223
3514
1905
5255
6148
15375
16430
5169
3099
833
9278
9569
644
1020
828
5140
401
1077
9681
5528
1343
3859
9884
7965
4529
1638
5942
5308
8104
15030
1816
6697
9126
10309
8824
4021
5809
7577
13368
12193
7061
4802
2987
17020
5868
3363
5845
4752
224
3108
832
9918
8657
3772
3285
8040
2180
1808
11190
10010
5604
7231
9829
64
8348
14429
5341
10711
17569
917
11861
7053
6578
9053
7240
6839
12511
15664
2227
3392
8955
823
6860
671
14232
12166
20335
4461
5021
12520
4280
2212
12522
38
2193
2310
10949
990
7609
9148
14976
6593
1155
4842
625
5343
214
2536
3780
12072
854
14356
3802
2290
13614
13762
17774
6090
9597
15869
17720
12129
212
5798
4058
8228
7246
16204
5658
6916
6326
12500
1582
7601
2824
1078
11918
2356
378
4368
18097
13139
10256
8354
277
2623
2742
4586
3106
6309
9206
10600
13973
5299
4878
4003
4209
13347
9895
2090
6695
4268
1941
12819
16110
7972
4036
2631
22061
19218
17571
7961
1853
5933
1600
9761
4906
2242
15795
932
16560
1271
3860
10326
21905
14025
3384
1680
5710
13902
16916
4666
17482
9760
9540
3059
422
12958
6604
11807
10261
11405
8421
12401
7948
14924
16721
2885
1019
16227
194
12224
17489
1335
500
16450
3084
6105
7914
4379
8465
3735
8344
6915
16749
11725
2951
7467
14884
3313
3649
3924
15418
9728
19142
9218
6636
19939
15923
16448
14387
8245
6804
1387
10391
2678
9385
9964
14401
18508
777
6716
7461
12879
11443
10510
3095
9733
11472
8564
1725
6782
10565
3000
6295
16795
7230
4236
2361
14448
8338
8608
9359
5582
3096
7133
4084
2650
7314
14749
12691
4076
790
13610
16580
5949
621
1161
6388
7318
3601
9021
3245
12104
3066
19324
3038
14611
12597
3711
2724
18708
14253
6142
430
1550
14142
2481
2243
15529
1368
6947
5393
554
1641
15531
8859
289
3213
18075
14566
1742
12395
4082
3374
633
2339
7928
15646
8540
6268
10969
2066
1442
1912
5080
9834
2039
13199
316
7213
10187
2449
8309
186
21933
7469
408
1507
6742
1589
9174
4537
1875
1686
1657
1253
9343
395
9103
5233
15172
4180
6764
13125
9401
12985
1225
15374
3338
6460
13161
7902
11250
2448
14649
8865
5896
1931
12298
2549
7959
13462
21989
7155
7751
12698
1916
5907
9999
5684
13719
15337
16309
3652
11058
3788
11684
15679
13928
12658
8505
9886
3086
16854
356
15382
10467
168
9714
3554
5548
2936
5744
11714
14304
1955
3832
3786
10388
610
1598
11030
16471
5508
3357
862
6562
7276
1959
8010
121
7323
8446
18900
4918
11911
7117
6821
11557
312
7667
6497
12620
6632
4851
1474
6384
4351
6434
5443
3486
5801
1627
17113
7004
1287
13596
3570
373
17765
1980
1761
199
20431
5368
8150
11236
8777
14738
8453
19857
17598
11746
18979
1529
6044
8132
7186
4614
3292
12497
5830
13448
830
17952
8123
4342
8357
8967
8365
4199
18390
4934
5288
893
9643
2956
11385
17586
3434
7208
18236
14108
2072
9816
11579
9908
7141
19716
11546
19816
2753
13522
11194
9099
12993
478
9282
8684
22184
10210
82
1717
7867
1651
24051
7546
2200
16380
13925
8754
3295
202
12680
14380
2995
6599
6367
15872
8883
15796
11691
8874
12241
13790
6980
4196
4577
3657
11423
15193
1595
10922
10342
2302
424
13476
4815
9353
14699
9748
84
2331
2008
8800
12197
18955
11033
9342
5409
11561
14615
15533
650
1721
8730
715
4676
4057
1848
3039
11432
703
6622
23
4740
3743
8920
8884
7268
2692
9455
5041
9038
5932
8927
2081
11507
6039
921
5640
6431
2249
8072
3191
4618
20096
2966
4474
15240
8082
12817
11708
2868
16577
10718
13421
12606
7664
1187
2085
2326
732
18499
13378
8794
17920
17877
7400
2364
16612
13771
7579
175
15234
6395
13555
6219
2575
10048
6045
9874
4732
3431
3819
3927
1791
2602
7935
12785
3789
2690
3614
1585
4407
2957
6410
10301
1763
9272
12540
9209
19085
5014
2371
4186
21
3151
15600
10429
9461
1051
3611
4216
5344
8128
1004
12313
16190
14231
5029
12907
574
21561
11614
15412
12574
15603
14190
18912
10641
22805
2752
94
1601
10157
4399
5586
14546
6524
10289
1938
15677
1965
6031
5022
9587
5413
2715
6301
1818
1102
10056
7557
12450
2862
10789
4777
3875
7544
4552
14433
5221
7553
7801
15917
9584
4104
482
2588
321
8418
3216
1758
8660
880
11836
18292
7405
12637
11511
5717
4419
13935
9570
2476
286
6517
330
14602
13412
10331
6657
15262
808
2639
1708
12254
10227
7819
14555
1981
11447
9625
15159
7042
2661
5152
18351
12393
9338
14915
16277
16799
11056
21966
10995
6238
14307
13534
4265
3870
12968
9673
510
1699
16995
12211
6816
6874
8891
9477
6523
10074
8640
6830
7703
7887
18071
15009
3194
13562
12379
13190
3359
9657
11897
7403
6307
18008
15488
16444
4362
6774
5914
15875
19035
281
1376
17508
8544
8316
2732
551
7310
14761
2315
10159
9341
5263
8935
19999
10676
8950
8724
11442
4020
14029
9653
3356
2428
245
1267
8799
6511
14449
3647
17892
2901
10948
14583
6661
20152
4283
6253
17452
8443
8522
14255
10563
14201
5449
14629
328
3265
6275
16511
57
313
12053
12291
9161
3806
4174
8906
17243
10868
428
26
3558
2728
16711
7941
6719
1799
7080
13916
3098
2160
2472
12405
6699
8693
9005
10838
13967
11869
4345
10353
4787
21281
8256
5576
16690
3304
11417
10453
14474
11299
9619
5231
9910
9914
8452
589
8810
13703
8192
28
17118
5076
11623
2330
13791
27374
9363
5704
12412
18113
14732
2683
7224
13874
14247
21746
15123
7904
10836
6766
4560
2431
13308
538
2106
4221
3138
16828
12244
21498
4925
11670
1352
4304
9639
9157
7229
3754
11696
12641
9487
6218
22860
9802
17106
7290
3329
20327
881
2507
8427
2139
220
2584
10597
2562
4393
6390
12777
9122
15910
7018
1948
7283
11184
6985
11609
531
3177
9333
10727
15360
2148
5309
5225
10826
1350
13175
12848
3590
3698
9916
3141
7833
2764
10236
8172
11292
21872
4177
5922
6997
17189
7774
5713
2621
7009
4641
7907
2288
9289
19014
20315
13225
12017
11789
4987
13644
7527
16476
2104
14932
3518
10751
5173
2675
9919
9034
16834
3320
11094
8257
15641
7307
6880
789
14871
2138
16855
8249
6127
5702
8875
8325
12416
5060
10965
1162
10817
11347
4919
6040
1964
13141
15829
3225
4758
10831
21974
5348
19115
8198
6637
12653
9069
11957
11097
18654
3046
4649
13050
5228
2424
7631
6655
15045
1034
1054
4009
8885
23350
4049
246
3447
17794
17187
14784
6805
8217
4653
1998
6305
12465
12048
1967
47
7375
432
11496
12033
4093
411
7394
8255
9783
12320
18750
1522
3615
19568
10847
11600
9593
14788
15090
9731
10173
13953
15773
2422
5115
7457
18398
7837
7239
1209
1547
5800
3009
3981
10630
19280
4335
766
4632
11732
11470
10780
16391
3109
6075
11137
15490
22055
10407
13150
3158
19341
3774
20952
231
2658
17130
4833
1487
8329
4171
6265
10929
6393
11994
17273
773
8001
2730
10017
13652
1670
8282
5960
8002
4887
7504
5384
4202
10717
2202
17636
15210
5982
13096
6140
3519
12690
15510
2387
6924
4387
9500
10846
8201
10352
7051
9855
13728
2495
6018
4909
5527
1453
10710
12407
13126
1472
11326
9025
8334
8025
10564
5093
1072
4325
11872
13440
5329
9932
6875
835
3677
971
6394
19466
15913
7094
2214
3664
3176
15676
13680
124
4911
10098
4010
6904
20844
23246
14452
5661
11392
16463
26265
6942
9906
11293
7140
15974
12330
15104
16000
12514
4487
13789
6420
13351
18255
11488
3405
1934
3287
18524
8877
3747
17683
13262
12743
8420
2209
7430
853
13240
1647
12176
241
16327
11283
10103
16136
5860
15738
7232
3610
9249
3910
10118
6217
10923
8075
1780
11617
12970
18887
4007
16412
21041
13711
3167
908
26435
9166
6397
6286
16743
877
2350
10928
10849
13246
4810
3821
3063
7446
6741
2974
250
8106
4794
4696
22270
2509
5572
17537
6802
11081
5865
7194
5127
5271
3089
1807
980
3193
16975
7545
4702
4528
13047
11849
7456
19557
10294
7033
2703
12184
3341
4675
179
4233
7919
738
2489
638
7301
13345
140
977
3231
19205
761
287
3709
4882
3520
12342
9454
16461
3394
13705
16803
23469
11411
22058
35
11264
9184
6743
2877
3428
19730
4212
8834
6145
8050
6096
6547
18939
15126
17596
2291
1863
8387
4130
16550
2876
10810
2222
20666
12796
5615
9441
2630
1880
8523
8717
385
8530
1720
4253
3053
1044
9504
7441
4988
7339
21915
3026
6693
9110
4440
3477
5397
7971
569
10731
16266
12297
4797
16219
11523
9602
1855
10347
1413
12299
7845
5542
22777
2806
10129
10690
665
8235
20234
3251
4762
10570
5314
1014
3812
6375
15897
8582
21937
9107
11249
2000
13906
10491
18569
19445
13766
10198
9478
9054
5010
2749
9686
12283
5733
20037
9245
8899
5748
12487
17285
1624
7039
10509
13964
16437
10430
3830
1802
14165
1275
6173
12031
9241
8445
13898
14166
8156
18736
13001
4408
803
20897
17617
12507
20932
6189
4411
22701
14842
6209
1157
14015
7007
7402
10075
2748
1945
19873
5267
4837
2573
3668
4850
18867
19385
2406
2532
7749
6401
1871
22264
2744
13663
21722
6513
211
16272
12112
4839
13102
11168
4814
6370
11099
6181
7017
4670
11479
12479
21004
7630
14305
2483
6459
1832
8322
5162
10549
6844
11859
7632
4566
9554
13943
14055
1101
3770
6796
3714
597
3914
14112
10207
5302
6898
15391
6954
16869
12484
9217
6510
1724
9198
4187
3006
301
11819
1702
17415
9154
12686
8284
2203
161
541
4853
4865
25700
14199
11675
13924
17905
1505
689
10900
11008
5806
746
6291
123
12783
11611
17680
24043
5305
5487
953
952
18077
1248
5049
3827
3268
3270
4658
17666
544
9080
12367
2426
1364
3377
4251
9200
8644
7514
16575
10677
13936
240
10260
13090
4308
1370
786
1049
15217
7985
11141
10215
700
21300
10373
37
9629
14882
3612
7136
7357
10527
8833
17610
1616
9968
2299
14472
5782
10394
11792
8925
1787
4673
15058
11596
8980
7874
8696
8585
8638
17626
4473
11397
16724
17605
5598
449
20714
2550
1748
16645
13581
14290
9066
6097
1280
11702
3075
12306
1846
13380
6072
14262
617
14256
2324
7413
200
13013
18886
12933
13425
9220
18318
2640
4764
12409
16308
8298
11093
22091
3863
5913
2895
9232
2301
24894
20115
647
9578
7280
13334
1785
14425
23920
3809
6685
13239
4048
3977
12839
21322
3457
15992
12640
4302
16630
406
10747
21908
3818
18640
18589
22296
14394
9951
14351
15028
15862
1311
9700
4189
16407
9938
2794
15981
68
3438
13895
10617
18583
747
18149
22459
22379
2689
9849
15530
911
742
7759
17120
7832
3410
1232
22324
439
20980
1781
19893
15740
11129
5870
5726
4284
4030
5361
10088
20718
8337
7162
15486
3573
14341
13275
2351
3940
5428
8878
6149
10252
3340
6854
9600
3645
26868
651
11639
14575
9403
21681
8896
14113
17848
4384
8319
18543
364
5570
6432
3279
5541
6076
14777
8708
3498
13994
12775
4333
19428
23484
23721
10767
4548
11560
8598
13468
17813
18551
9732
14198
20434
10381
2814
6647
5659
5758
5126
11781
7707
1554
8943
9724
8752
9459
3925
2270
9898
11147
4627
25001
5158
10516
22691
5090
9236
879
9207
2025
5894
12013
1588
3776
4549
6750
16994
5184
4823
9484
6469
641
3704
12530
10224
2685
5499
5765
3435
5653
8783
17764
12186
12899
15521
1949
16138
15830
2608
15042
10179
662
18237
5193
12377
5121
10983
6822
420
6483
2925
4126
8802
16479
7065
15586
23653
21686
8869
4848
9064
3005
14283
22329
962
10426
7973
1344
3462
3110
13039
21328
10482
14518
16181
12820
3508
3853
7556
2133
10027
22501
12750
8552
6842
8597
1254
5250
3166
25328
5392
16119
6486
19658
5621
4748
11698
5211
10441
5067
21011
14586
3408
1435
18824
17650
5556
16616
18109
16944
15450
4133
4329
15405
27803
4508
10398
14812
7109
18792
4069
23364
13029
13963
11583
18880
7790
10005
19029
24514
10633
1784
12562
10506
11212
16443
3727
3971
14686
13537
14941
15328
2586
4477
1706
9776
13803
9029
3040
4075
16073
10122
20737
12722
2745
19086
13216
19539
5154
3301
8667
2798
5790
5194
10057
8154
2598
13627
19429
4118
476
14252
7089
5755
3885
6318
1823
16531
9669
4677
14402
19287
4532
15950
1990
7999
19502
14455
8671
19924
6777
14839
4694
1800
9095
2064
2130
3352
409
13913
18216
10887
2341
10276
12222
3710
25289
6571
12615
8963
5610
7861
3060
5316
13489
14080
17278
4778
12073
10580
14494
1900
9703
14426
5606
16626
12337
3968
21573
20089
15329
12372
18674
8065
24952
10329
10476
5957
5342
9177
4434
12311
15408
20475
16892
10913
11518
9719
21923
3367
17290
3517
18426
10786
16363
12838
22800
8563
8751
9142
9202
7487
10269
7792
4635
1766
567
20128
12446
7058
21108
25121
1382
1398
2114
3724
6361
12442
7758
3082
12009
14071
1450
11189
11478
24231
6680
3047
8435
13912
11298
3733
1512
12014
22251
6778
17426
216
1027
3332
1216
6331
512
8458
10357
896
12312
4000
17276
12804
9136
12605
21470
6306
14222
11133
3262
2618
7119
1976
17266
10555
3234
23914
19214
2861
7321
2660
11935
16383
14898
15131
8074
15777
1193
5226
8767
14712
6212
3310
6241
191
20947
10723
11985
18970
18376
17726
4296
16185
18510
3280
1329
2735
19769
16918
14437
9319
3890
12056
10356
4592
16838
16948
11377
13157
1599
5525
10002
8184
14820
15180
11315
5946
11486
886
11517
10090
8089
5395
2582
7376
12576
16510
477
14965
6872
21208
14667
5001
14147
18800
10646
681
15140
7917
10505
17799
13948
21688
1693
18729
1374
4730
13144
11528
7494
2825
2859
5698
18582
16730
3021
4406
11426
7649
13670
2334
20845
1921
14162
10569
1566
11603
1606
11629
18869
23974
10732
9881
8590
11073
19872
9334
8997
9850
18774
1971
18532
222
10286
14994
14635
10623
8938
16019
2625
8110
12645
3637
12269
20596
5101
20276
9277
19226
8125
7955
17645
456
7195
6063
8231
1411
1966
21527
25933
17704
21828
8424
4386
1229
5595
15501
10063
521
11491
5084
5503
14984
3050
4825
10899
14817
10188
14490
23577
14937
10862
13348
184
9655
753
19161
8533
8415
19007
7234
7021
15293
2440
148
22880
11986
1660
21274
11759
1524
21624
2196
22722
3491
17899
9369
9317
8084
9795
20359
19317
11395
8417
19125
11006
8554
20681
12236
22962
12470
15464
9453
9448
6444
2943
4984
548
13120
11332
5551
8617
10688
6125
7889
3502
8006
26561
4889
11167
5649
16035
2416
431
11243
765
11368
5739
5738
23168
16906
2842
5405
16996
7363
8537
2254
112
12897
4859
24625
2369
9888
4952
4244
2030
9974
11193
6060
14530
9682
930
16459
6453
7519
376
3756
1196
4881
12855
18596
14735
9975
13211
15684
6334
11272
20959
2366
11440
8791
11674
22323
604
20353
12451
14714
5079
21668
2367
14013
8912
8023
3161
8526
4185
810
11905
4756
5986
526
4356
18633
8761
5652
19714
7571
379
16231
8842
10247
8905
12792
9437
26630
13129
19377
4602
2711
9429
10782
6081
7364
22856
18387
676
91
5062
3990
11103
14191
18651
1041
6833
10337
1929
2984
493
2471
12063
6527
12437
518
13459
7256
12489
15459
18091
1089
12717
11495
15243
2040
3200
690
10006
10907
12859
12655
7615
12661
13716
12776
25073
12294
22535
3617
10607
4688
13422
14214
3485
3752
10498
11951
7135
2401
17260
21513
6955
21511
10358
14953
6017
18348
1106
14146
6316
11351
2986
9167
19854
13327
23507
16478
13428
14413
8506
8271
12118
1483
18211
19262
9194
20171
26050
8490
6688
22185
5593
5700
5622
793
18700
15291
15513
7178
18257
13212
25788
12478
8333
12599
24083
12632
4197
12799
8041
5406
11599
8658
5032
12788
6912
17156
8204
6396
10306
13404
24061
15384
4751
8024
23273
4398
2820
11227
19401
12916
10078
16774
15931
23690
6753
23079
2307
18273
10806
13217
2766
9977
20280
4645
10493
10412
14722
2264
11877
19813
7138
3120
16401
2829
22988
22203
10952
25490
10854
19973
12279
9650
16798
7834
17109
4970
11245
19181
17082
18565
6014
11894
11692
7901
6478
13466
17356
19005
24144
4891
8285
16404
2219
11158
7096
12951
9247
17926
2833
14249
18877
11247
9058
461
18922
10386
6668
8113
8882
8263
3136
801
2718
13173
7001
4989
12829
9528
19073
3869
12239
20877
10740
17102
9649
3703
23962
3760
9688
3183
3187
1573
16454
7252
14843
15004
19074
19308
1386
14005
6380
13894
6771
22766
18706
4024
5457
22646
416
26035
14228
2365
4314
17240
17397
2712
9708
2345
4418
4559
10029
21871
9027
11998
15125
7093
10679
22871
8866
7407
11246
19410
19861
5863
4088
3344
10848
16835
18816
17853
14903
8247
15967
935
24390
7002
12040
12043
19550
12159
12165
1494
19511
5892
9800
9097
11802
3767
29249
18362
14006
7625
7629
4556
18536
7374
9512
12544
2317
6808
846
3390
3871
20970
17695
20251
12543
20946
10585
13592
1176
19206
3712
10610
8469
1006
10014
17913
16362
12693
981
24890
7619
12192
23635
16498
1048
17939
10683
19838
11378
21324
8191
2156
22554
27919
6418
8529
9712
5937
19174
27927
8130
3898
15596
25528
2119
4597
8034
10171
13606
17976
1652
26547
7423
11053
14021
16370
5631
20635
10520
18447
8646
11199
2762
3905
2235
9844
13686
14746
6147
5835
15645
7348
14475
8770
1703
13499
6314
7464
1235
5510
27906
14320
6299
1439
10705
2962
12011
13532
10440
3337
4821
7419
21307
12201
23331
536
16804
6083
21058
22
1866
13546
16235
5474
9809
5529
13818
9451
13960
16489
7522
685
4430
19299
10368
17992
263
3983
8296
1247
26099
1739
14130
2439
13450
5178
2407
6271
2395
20181
10081
10084
673
6610
6784
15327
12277
15347
19103
15001
5781
5077
1291
24874
2488
4871
51
6338
5128
9711
14210
9793
4692
3362
12987
15211
5857
22767
22749
7445
21537
25261
9393
14596
21910
15036
17064
13286
13878
20821
4263
10475
5259
7543
11304
5825
19134
1332
25017
12418
6683
17985
14502
11896
12973
4102
12431
17908
435
11799
9244
23196
22069
1315
13571
13059
15108
16003
12778
9039
23304
1982
19509
10249
18771
23468
18155
12461
8823
6034
21666
9637
18542
7320
11549
17196
8517
4337
2564
13325
11344
4170
858
25091
1840
14386
13134
2594
5589
18224
18396
15636
2276
18108
15610
8820
10218
1071
1444
6606
18243
7982
24684
16139
19597
12854
15381
2823
17036
8968
26147
7672
20201
19144
6104
25670
6629
7882
4040
6701
4656
14991
13721
6674
6672
19189
13883
6555
11682
5671
11139
1896
14460
6358
4016
4015
8664
5746
15729
8688
9071
8045
2615
3197
9575
25896
10909
10769
11481
8048
1586
9580
18016
2930
5118
16213
20542
15071
19072
17086
7285
7968
3578
3579
13132
16571
8781
16102
8374
6783
16109
5216
20893
19292
14325
22742
20182
14293
13496
20494
1764
15364
9438
4728
11387
2010
1755
2342
4993
15115
9262
15311
18559
4588
2321
4488
3300
12289
12564
5538
9640
26775
17800
14451
23191
14155
17862
13076
5320
9622
4098
11923
13691
6995
9417
4971
11972
14343
10621
27161
4433
15257
20137
27044
4391
7821
13765
15284
8977
22399
15139
18050
1258
2232
4774
12098
26615
13701
6342
5558
10101
12738
14094
5980
14616
14610
19237
3235
1330
19158
26112
3525
8018
14107
7382
4281
6113
11439
13284
13268
24329
13959
8315
3961
1914
2571
21139
577
16813
14690
11215
8058
1403
10240
19728
14770
12595
66
18818
18801
6279
17751
6344
16008
7298
243
14728
14125
13998
19333
13397
13178
12592
3571
3596
11556
11463
3824
10978
10590
10539
10366
10197
8466
1814
3022
21355
14670
11425
2637
2652
16336
16229
3962
10749
10753
11413
8375
16066
23238
11388
20806
8332
15909
3929
10883
7198
2778
13542
11341
9288
8459
21138
457
17272
8548
2468
10658
10671
13045
2514
4893
17050
9786
4644
16930
16909
4873
11636
16884
799
11628
10698
4519
3746
163
13167
13741
1036
15632
7319
24089
3023
14797
3178
7682
14757
7690
947
23852
4672
14099
14193
7788
7967
276
3105
7828
7836
14505
3115
14428
9482
904
14886
14889
9527
7335
13756
7377
24273
15522
11303
24220
15440
15435
15402
13815
15322
592
7453
4731
8135
13876
21257
13910
13985
9549
15065
15032
17299
8556
4879
3122
77
18852
20701
10303
6595
18665
1300
6051
18611
22118
8913
5327
12509
12524
8945
6155
1358
18445
12526
18442
4996
2195
532
5695
1356
8887
1947
12424
19556
5871
3644
19621
10425
10438
728
20620
21615
12366
19137
12012
22075
5964
2047
5969
5945
20031
22268
18334
24719
6400
6226
26889
6423
6427
10601
17541
10627
5630
1727
17512
17507
11873
2415
10137
2423
12881
12187
4363
6474
17727
10037
5069
26190
20564
4045
9939
21775
110
4441
21765
5222
9922
6258
4959
9440
8398
15871
9525
6484
1158
3599
15283
17514
8852
15856
4011
2578
15629
18755
14226
12062
14294
4609
9108
21150
7983
9192
9109
12885
11655
26837
8676
8690
12715
3490
13
12619
12603
8764
21084
8410
13341
26853
13451
11375
27488
13607
24876
13807
13829
13834
9434
21493
24139
8170
15606
2593
6913
16485
16483
176
16131
16072
16494
7055
6184
18461
18592
15949
7132
22659
22318
4175
26534
164
2444
22715
6583
17678
11207
25759
19784
17173
19394
5850
5573
21834
21978
1385
5422
4150
5963
22832
4872
6601
14934
7895
20361
20355
3759
20710
7392
15164
7915
20826
15091
16650
26530
15248
12272
3865
4711
6587
15495
17945
9854
6458
27844
23555
9594
15688
14541
996
3169
2464
6436
15674
14643
15821
14517
14404
13926
18141
20340
446
3602
12425
2348
458
18032
17977
12383
12340
12322
237
12253
12551
7353
3195
20319
7379
7396
12205
2386
13615
7116
6582
13025
13085
13104
6811
6740
13191
295
3436
3415
13639
18879
6558
323
13473
6708
12963
7458
2057
12611
19686
19627
19579
12831
12846
6468
12912
13774
12920
4953
19373
3333
6930
12955
12569
11981
15823
20474
4503
1156
24697
4198
10080
10115
8602
8580
9971
8574
759
24912
1226
10397
4094
22342
4062
10596
22794
25205
8721
9933
9139
9128
24006
9268
9090
4365
8971
9604
23143
23649
1061
4286
1074
24445
9845
9862
9909
24595
24410
20464
8321
10792
596
21315
4690
25992
7812
21146
21121
21051
21349
21048
20964
17688
20786
11739
1711
11800
11848
11959
26157
10777
21387
8016
25419
8223
21936
21845
10911
1460
1464
10935
3894
8105
10971
8077
25694
3941
8036
11014
11039
629
10968
20963
9144
15
5165
16790
17583
15272
15051
2720
15451
5273
16013
16797
15315
14938
16727
16552
5416
29325
16624
17530
16166
17134
15112
14677
14921
28743
14875
15349
5707
15585
2972
5532
15628
16121
5238
16495
5580
14779
2769
5729
6619
18822
13072
21931
21802
3553
19121
22011
10039
9781
4523
24735
4522
22702
6002
19756
8120
12940
2506
27030
15737
20363
5319
12865
1103
11778
12866
10201
9985
22812
2134
22810
8289
2922
13238
19615
19043
12084
15727
17210
5954
5955
6703
14748
4165
3911
6692
9997
1105
17306
24578
9998
17679
18491
17660
21533
244
9134
29108
23234
28872
3663
7416
7414
4584
13938
15288
15307
15309
6047
6048
15310
15324
21174
25110
23879
23964
22426
5257
14302
11384
208
11456
12203
1847
21422
17076
13940
21423
9447
12202
16656
7872
18496
27646
1851
7242
20563
8868
20562
21986
20561
3662
20313
6046
16861
13445
15105
2634
17485
17484
17436
2629
16943
16970
17099
17409
17388
17101
17221
2540
17244
17339
2538
17326
17267
17282
17280
17263
17772
17521
2305
18283
18293
18294
18352
18422
18439
18464
18497
18164
18604
18629
18632
18637
18646
2181
2172
18854
18858
2157
18609
17493
18025
18012
17522
2470
17580
17643
17653
17669
17694
17773
17777
18020
17778
2403
17833
17835
17865
2392
17879
2378
17962
18002
17792
16791
2706
16763
15020
15117
15162
15169
15252
15269
15270
15447
15017
15462
15491
15497
15499
2914
15565
15572
15621
2900
2938
3062
14917
14866
14259
14310
14311
14355
3173
14434
14461
14557
14559
14585
14709
14710
14742
14781
14783
14787
14808
14810
14826
15672
16786
2883
15730
16304
16306
16322
16342
16361
16392
16394
16429
2747
2709
16506
16525
16562
2662
16701
16714
16716
16758
2152
16225
16218
16184
15735
15741
15789
15791
15825
15842
15881
15886
15888
15903
15920
15985
16007
16030
16039
16041
2808
2791
16173
2882
2150
19313
19026
22366
22430
1312
1299
22549
1285
1281
22639
1331
22644
22707
22727
22774
1233
22793
1220
22845
22847
22685
1333
22258
22252
1481
1479
21767
21885
21897
21898
1421
22003
22018
22034
22052
22098
1383
1380
1378
1371
22207
22208
22239
1194
1183
22993
1173
23963
23985
24009
24079
24145
24147
24183
24188
24276
885
24336
24455
24513
24516
24517
24649
24662
24685
24772
23940
21732
23930
23817
23011
23055
23159
23305
1115
23411
23415
23417
23425
1080
23486
23499
23500
3801
10280
20030
20747
6728
4714
4715
3938
1663
20765
10296
6690
10308
6664
6642
14028
14026
6618
8090
10319
25853
6603
2084
9517
27514
8124
1668
8144
20728
6800
10193
20649
18911
20669
26013
10211
4467
20051
6893
6884
6883
6878
6876
6861
10229
10230
4464
14089
9558
4695
8007
8008
14077
2099
14076
9557
6937
8146
25813
6303
26362
10558
25643
21013
6260
6259
3867
12047
8341
25620
10588
8342
10602
19949
6211
4807
4808
9367
13822
6195
13821
25554
6177
6170
13850
2080
10536
20995
3915
20832
9503
8158
6519
3471
9493
19030
19031
19996
19995
20908
294
3284
4163
12151
6389
25716
9410
8266
4410
9402
3494
9400
1612
27779
3970
10190
10189
7490
7704
12688
12687
7732
496
7434
492
1039
4509
7410
7408
9684
7388
7386
9942
9944
23608
23607
7312
20419
20427
7798
7802
23562
12726
3327
3358
12728
9773
7647
9774
3345
20225
20226
7680
7598
20193
12763
9801
12760
7582
9735
4070
4547
1772
20192
7541
7540
7538
7535
7528
1769
12745
4063
464
26708
7808
20591
9613
3993
26083
26920
20598
3989
3988
26934
4270
7947
10131
10145
6991
6990
12448
14129
10166
20629
20631
14117
4667
4668
27055
3973
7943
20585
7086
7087
9670
12560
3324
14212
14211
3323
7225
12876
12535
12534
9646
9645
25535
12521
26790
7131
26133
12485
12482
10050
10051
10052
3311
10072
10073
7090
26169
11988
10557
5597
8639
21449
9140
5543
5540
1904
21489
5496
5489
19463
11050
19417
21530
28995
5467
90
5458
11640
29047
11635
11633
9119
11088
11090
93
5581
10982
11695
13205
8557
25163
10940
10942
13206
4914
5654
9180
4340
5648
5647
4920
5643
5642
5634
8586
21415
5623
8588
5617
5616
5608
8631
8633
5427
5425
19498
8700
5243
21695
21696
9000
19689
5725
3808
25494
8848
11120
8988
19829
8990
2020
13782
13781
8817
8815
9035
10665
10666
3249
3561
11500
2009
8750
21705
3252
21706
25485
19749
19748
13477
13479
25496
11901
11904
70
11909
5909
19239
19295
9263
11257
9265
3807
21175
28080
10855
19633
25343
21155
5838
4982
25344
5349
2022
19618
19257
11154
5020
11152
21156
13073
13074
13091
13107
13079
13081
13099
13092
13083
13088
13087
13078
0
13117
13110
13193
13194
13196
13197
13219
13221
13181
13226
13243
13251
13258
13259
13260
13261
13242
13108
13180
13151
13111
13112
13114
13115
13116
13062
13165
13119
13122
13123
13124
13133
13140
13147
13121
13058
12999
13055
12798
12805
12821
12822
12823
12824
12794
12830
12833
12834
12836
12840
12843
12867
12832
12793
12780
12779
12665
12669
12670
12674
12677
12678
12692
12701
12703
12711
12754
12757
12758
12767
12770
12871
12872
12873
12874
12977
12978
12979
12982
12983
12989
12998
13003
13020
13027
13030
13046
13048
13049
13054
12976
13057
12975
12965
12875
12886
12890
12891
12892
12893
12894
12929
12934
12935
12937
12952
12959
12961
12964
12969
13265
13370
13272
13784
13769
13760
13759
13758
13755
13745
13740
13737
13727
13725
13723
13713
13698
13694
13689
13685
13608
13622
13647
13654
13658
13659
13785
13671
13674
13675
13676
13677
13679
13683
13673
13605
13793
13800
13941
13939
13937
13934
13929
13921
13919
13918
13917
13914
13907
13893
13888
13877
13870
13859
13847
13801
13805
13808
13814
13817
13819
13796
13823
13825
13826
13827
13828
13836
13839
13824
13604
13601
13593
13426
13420
13419
13418
13414
13408
13407
13403
13401
13400
13395
13394
13393
13390
13377
13376
12651
13273
13293
13294
13304
13305
13309
13429
13310
13318
13321
13322
13330
13335
13369
13317
13430
13431
13437
13535
13540
13541
13543
13545
13547
13533
14825
23127
23128
8687
8681
23141
8670
8668
8659
8654
8653
23153
23154
8648
8647
23156
8645
23157
23161
23164
8636
8635
8618
23185
23189
8594
23198
23199
8691
8692
23126
8697
8792
23066
8789
8788
8784
8778
23075
23076
8771
8769
23080
8766
8763
23200
8762
8756
8753
8743
8741
23098
8735
8727
8726
8725
8719
8709
23118
8699
8757
8801
23202
23215
8491
8489
8488
8486
8484
8481
8479
8478
8477
8473
8472
8467
23278
23279
8464
23280
8456
8455
23286
8450
23293
8440
8439
8437
8436
23300
8431
8492
8493
8494
8495
23216
23219
8569
8566
23225
23235
8545
8542
23241
8538
8535
8534
23248
8584
23249
8525
8519
23259
8514
8513
8512
8511
23260
8509
8507
23265
8498
8497
8528
23058
23057
23051
9084
9082
9078
22849
22850
9073
9059
22863
22864
22866
22869
22870
9045
22873
22874
9040
9037
9036
22888
22890
22891
22895
22898
22901
9006
22909
22911
9085
22838
9094
9096
22776
9175
9172
9171
22787
22789
22792
9152
9149
22807
9138
22808
9133
22912
9132
9130
22811
22814
9123
9120
9116
9114
9113
22825
9104
9101
22833
9098
9131
22913
8994
22914
22987
8889
22989
22990
22995
22996
22998
22999
23000
8872
8871
8867
8863
22986
8855
23019
8846
23023
8825
23039
23040
23041
23043
8819
8818
23044
23045
8813
8853
8426
22985
8895
22917
8983
22930
8975
8973
8970
22936
22938
8958
22943
22944
22945
22946
8894
22953
22955
8942
8941
22961
8934
8933
8929
22967
8918
22969
22970
22975
22984
22954
23315
23316
8414
23722
7852
7851
7850
7849
23725
23727
23732
7827
7825
7818
23747
23752
23753
7806
23760
23761
23762
23765
7796
7795
23766
23767
23768
23776
7782
7778
23719
7862
7863
7870
7976
7975
23645
23647
23652
7945
7944
23665
7933
7931
7926
29640
11581
21685
10464
3741
10468
10469
10472
21677
10477
26685
10484
10486
10489
21667
10492
10494
10495
10458
3745
21690
3748
3775
10414
10416
21716
26656
21713
21712
26660
3764
3763
21704
26665
21699
26668
10448
10455
3749
3721
26698
10496
10497
3692
26721
26722
3689
21631
21630
3685
10542
26726
21621
26730
3679
26731
21613
10566
3675
10551
26719
3695
21632
26701
21653
10511
10512
10518
26707
10519
10521
10522
26711
21644
21642
21641
10533
21637
21635
21633
10413
3778
21724
10402
21792
21791
21790
21789
21788
10314
21786
10307
10316
26602
26603
26604
26605
3836
3835
10317
3841
26595
10302
26593
26577
21817
21816
10272
10273
10274
10275
10279
10281
3864
10282
3862
10287
26588
10288
21801
21798
10323
26734
10324
10328
10364
26631
10365
21748
21747
21741
26636
10363
3794
10385
21736
10390
21728
3785
21726
21725
10383
10362
10359
21757
21778
21776
10333
10341
26617
3820
21764
21763
3817
10349
3815
3814
10350
26621
10351
10355
21759
26610
26735
10568
21609
10775
10781
26828
3546
3545
10784
10785
21473
10788
26832
3539
26833
10790
10794
10795
10798
3541
21474
10765
10762
21497
3574
21495
10735
10737
10741
10745
10746
3566
3565
10754
3563
3562
10755
10756
10757
10758
21452
26805
10802
10805
21427
21426
26864
26865
21425
21424
10844
3504
10845
21418
21414
21413
10856
10859
10860
3484
3492
21429
3507
26858
21448
10808
10809
10811
21443
26848
26849
21441
26851
3516
26852
21440
26854
21436
3511
10827
21435
3530
26804
10729
10728
21591
10598
3646
21588
21586
3643
21585
21593
26757
26759
26760
10605
10606
10608
10611
10618
26758
21595
3651
21596
10574
3669
10575
10579
10581
21602
10584
26744
3661
3660
21600
26745
21599
26747
10587
3654
21598
3630
10619
21571
10629
21536
10681
10682
10686
10695
26793
21519
14263
4445
4444
9216
4442
18770
18769
26092
26093
4431
26098
9219
4427
9221
14074
4417
4416
14075
18772
4413
14058
18773
9208
18782
18781
4471
4468
26073
14049
9210
26077
4460
26078
26080
11314
14054
11313
4453
9215
4450
9225
26114
22450
26159
26160
4349
26161
4346
11297
18728
4339
18724
14122
26173
26174
14123
11295
4327
4326
18721
4358
11300
14105
14104
11307
4400
20892
4397
4396
14085
22443
22442
4475
18746
18741
4380
18739
14098
26140
26141
18738
9237
18745
26181
11317
14039
4587
22481
4585
4582
4581
13979
4576
4574
22480
18826
4569
4568
13984
25998
25999
4564
4563
13977
4562
25986
4591
25968
20878
18837
22485
4616
18835
25974
18833
4610
4604
4603
20880
25981
4599
4596
18829
25985
4590
26001
11329
18823
4512
4511
14022
9196
14024
4507
4506
26046
22463
18791
26054
18790
4489
14035
14036
4482
4481
11321
20885
4518
22471
4555
4554
9182
4550
13992
4545
4543
11328
22462
4541
18814
18812
11325
18809
9191
14010
4524
14014
9185
4624
26182
18719
22391
18650
14224
14225
4115
4114
14227
9297
4107
14229
26334
9298
22390
18643
14234
14235
9302
4129
9306
18653
18655
26301
14205
14206
26306
4152
4151
14207
9292
26310
22393
4145
4144
4142
4141
18658
18657
18656
22392
9307
4086
9309
14273
18612
22376
26390
14279
4037
18608
4035
4034
4033
4032
18607
9326
18601
9328
18599
26408
22378
4050
18615
26376
4083
22384
18631
18630
20921
18627
26359
9313
11263
9315
18622
14260
18621
20923
26369
23374
26374
26375
14258
18720
11265
26293
14154
11287
26221
4273
26223
26224
4269
11285
4267
11284
26229
4256
4255
26235
26236
14164
26238
26218
4250
26216
14152
18718
18716
18714
14134
26194
22429
9253
4301
14141
14143
14144
22425
18704
18703
9258
14150
14151
14153
26239
3886
26247
26248
26249
4183
4182
4179
4176
26257
26259
26260
26262
4169
26263
26267
20851
26246
26269
26245
4201
22600
11166
22597
20829
11163
20831
13946
13947
22587
4245
22580
4218
22578
4215
4214
26244
22602
11136
11135
11117
20865
11114
20866
18576
18574
18573
11108
18568
11102
22513
22512
22511
18554
18553
20862
26273
18588
18594
26275
26276
26279
26280
22561
22560
26283
20852
20853
11130
11127
11126
11125
20858
20859
18593
22510
22603
22608
25964
25965
22719
22716
20771
20773
11242
11241
11240
11239
22705
20777
22698
22696
20782
18841
20783
25958
18845
25893
25894
22754
25904
18881
25912
18875
25914
25915
22747
22743
18860
18855
18849
18848
18844
20825
11222
22683
22638
22637
22631
22630
11183
20812
22623
20814
22614
18693
22613
20822
18690
22611
22609
11191
11221
22642
11195
22682
22680
22679
22678
11217
11216
22668
11210
20794
22662
22661
22660
20795
22651
22650
20803
25891
18549
22508
11037
11032
26554
26557
26559
26563
26570
18413
26572
26576
18410
18409
20931
18402
11018
20916
20937
11040
20914
14183
26506
26508
18450
26516
26517
26518
26519
18446
26526
26527
11049
11046
18436
11044
20915
14182
18380
18377
14332
14333
20957
14337
14338
14339
22367
22363
18325
18324
10976
10975
10974
14358
14360
14331
18378
20956
14328
10998
10997
14295
14296
18356
18355
10994
10993
10992
14314
10989
14316
18343
10987
10986
18335
18548
18458
26494
3994
26411
26412
3984
26420
3979
18500
11076
18495
18494
18493
26439
3955
26440
3953
3995
26442
18509
4001
18546
18540
22502
18534
22498
22497
22494
18523
22493
4012
22489
11086
18514
18513
4002
18511
26496
26443
3948
26478
26479
18467
26481
26482
3899
3897
14171
11061
3889
23535
11060
3883
26493
3881
18468
26444
18473
26468
3947
26445
3945
3943
26447
26448
26451
26452
18483
26460
16572
27486
20020
27484
17803
17804
6986
20019
20018
6982
6981
12133
2666
17811
2668
14837
6976
6975
14833
2674
2676
14831
27466
14830
6973
6972
24059
20014
24058
24056
7019
27513
12110
12111
27510
24033
20033
24036
24037
24038
14861
12114
2635
2636
20026
20023
27497
2641
27496
2643
20022
20021
17797
24055
2649
24057
20013
2684
14828
14806
6934
24103
14801
14799
14798
6923
17837
14795
14794
17838
17839
17840
6922
17841
6918
6917
19988
12172
27407
27406
12173
12174
12175
6905
6935
17831
20003
17830
2687
24076
17817
6962
14823
27454
27453
24077
27452
2696
2697
2698
7020
14822
6960
14819
6959
6953
27443
24084
6948
24087
27437
27436
27435
20004
17819
19987
17782
14873
20060
7110
23975
7108
7106
7105
14926
17748
20059
17749
14923
14922
2526
20058
2531
14919
12074
12075
27582
20057
23988
12082
12083
14912
14911
7112
14910
7113
20062
23946
23947
17723
17724
27628
14952
17725
23958
17728
17729
27621
27620
17730
27618
20065
17732
27614
20064
27612
12065
7123
7122
23969
27605
23970
23972
27573
27572
23992
12099
17771
24014
2585
20041
2589
14883
2591
20040
24020
24021
7034
27530
2601
7031
2603
7030
7029
7028
2607
2609
27523
7024
27521
27520
7052
7054
7056
2577
12087
14905
20048
20047
7075
23999
17760
27564
27563
12090
2559
17762
14872
7072
27558
20046
12092
2567
24003
24004
17767
12093
20045
12095
12096
7057
27559
14962
19986
17852
24253
2940
2941
2942
12273
6711
19913
24259
6705
2948
2949
17935
12282
2953
24268
14669
24270
14668
24271
27254
14665
27251
14664
17941
24272
24252
27247
19917
27275
2904
2905
2906
2907
27295
27294
17918
12260
14693
24239
12261
6738
2918
6737
6735
6734
6733
2923
27283
6732
12263
12264
6727
6726
27276
19918
14661
14660
24277
14636
3016
12307
8219
14409
3008
17960
20336
23537
23539
14403
17964
23540
17965
27164
27163
14399
27160
23544
17968
3034
14393
27150
14392
20326
3041
3042
11489
11487
17954
20341
7590
23512
7584
7583
23513
14441
14440
27206
20349
11474
11475
14388
7576
20346
23523
2978
7563
7562
17949
17950
17951
11484
11485
17953
11476
17975
11504
14385
20322
20321
27100
23571
17998
23572
20320
23574
3104
7498
3107
3094
18004
18005
3114
27085
7492
3119
7491
27080
18013
18014
7488
27074
7497
7591
3093
23566
14384
11505
27134
14377
14376
23556
11508
27125
14369
14368
7518
11513
27121
7517
14366
14365
11509
11512
3081
7512
3083
17989
17990
23565
27120
23506
23505
23501
27330
7689
7688
7687
7686
2812
2815
2816
2817
23428
14533
11414
27320
23432
7675
23435
27315
27314
14529
23436
11422
27310
27307
2840
27319
2841
23422
2795
27365
11402
14567
23410
14565
14564
27358
20401
2765
2767
7705
14548
27351
7699
7695
27345
14552
2784
2785
7694
2788
2789
23421
14549
2774
7479
17867
23449
11445
11446
17901
17902
17903
20362
17909
7613
23490
27240
27239
23474
7610
17914
14464
7607
14463
27231
20358
11460
20357
11462
20356
11464
11458
23447
17897
7634
20379
17874
17875
20378
2860
2863
2865
2866
23457
20374
17883
23473
2874
23461
2878
23462
23463
2889
23464
2891
7641
17891
23466
23467
2875
11529
7476
11530
7284
7282
7281
11660
11661
3403
3404
18168
11663
3412
11664
11656
7274
18174
7269
3426
3427
7266
7265
7263
3433
7261
11669
20214
18173
20213
7292
3383
3335
26908
26907
23711
26903
26900
26897
18137
26894
18139
7316
3385
3353
3355
3360
3365
18144
18145
11644
7305
3372
11645
18150
18151
26891
3334
11672
20211
23804
7203
11705
20189
20188
23811
7193
18244
23812
23813
23814
18230
20187
7184
18254
23818
9689
5420
28099
15043
10113
15041
15040
1873
1865
28094
15037
1878
19392
28089
28087
20292
15033
19393
1864
12510
12508
17237
17238
1843
15056
15055
12498
25085
1849
12499
20286
5440
12502
1854
5437
5434
1858
5433
1887
20293
1890
25114
19375
25135
5385
28055
19374
5383
12546
22214
19366
25150
28046
19365
14999
23620
14998
22215
10127
19376
5448
28060
25129
11360
20296
10120
22201
22202
10121
15021
17262
15019
28069
12527
25122
12529
11357
12532
28063
11356
19378
23619
15059
15060
25042
12467
28172
22170
22171
12468
12469
28175
11386
22172
25048
15095
12476
25054
17215
28160
19421
28176
17207
1765
5511
1741
1744
1746
15119
28193
15118
19423
21347
17199
21346
15109
15107
15106
1762
17205
21344
12477
25056
1788
1790
28140
15073
19411
1819
17228
11380
28135
17229
25069
11379
12490
15066
12491
12494
12495
1834
10107
12481
28121
1812
25061
17219
15087
25057
1794
1795
15086
5477
5476
5472
15082
15081
15080
1805
15079
5471
28144
1809
1811
20304
10128
12553
27923
27922
27921
27920
5235
19309
10170
12617
17357
2086
2087
27910
5217
17362
25264
5209
17358
25239
25238
2070
12600
25215
5270
22265
22266
5268
21297
19320
25227
19316
25230
25232
27935
27934
19314
5248
10168
7381
2107
2108
19286
7393
17386
5167
5166
17387
27872
19271
22292
19270
17392
19269
22295
5156
27862
25310
25311
25312
21289
22262
17380
2135
10174
22280
2115
10176
2117
10177
22283
5188
2122
2124
2125
2126
2127
2129
5185
2131
2132
2136
5276
5277
22261
28021
17287
14979
21317
5345
20308
19356
25168
19355
28012
20309
5339
1978
21314
5330
19349
5328
5346
19348
11345
12557
22219
1942
22220
22221
12554
25157
28031
14987
1950
14986
1952
1953
5355
5354
12556
21318
25160
17286
1737
1987
10140
12578
12579
22246
11339
24176
24750
21248
14721
14720
19642
10076
24755
5730
12032
19637
24761
12035
14698
19636
5721
24749
21237
5741
20102
2002
2003
5760
24739
21261
10058
10059
5750
21258
5749
17325
2031
24742
2033
21256
12026
24765
21236
12038
21211
14645
14644
20113
14639
14638
14637
20114
27813
27812
5685
14628
27801
14626
14625
14647
27830
17401
17399
12039
19634
12042
21233
19632
20109
21229
5761
19626
21223
5701
24783
24785
21216
21215
14654
21224
14624
19651
27963
9983
22325
22326
9984
9986
9988
9989
11980
9992
5833
9993
21310
5824
19672
10000
5842
10001
20085
17184
17166
24666
17168
24668
24669
19690
17172
17174
17176
17177
19688
17179
20084
5849
17183
24678
19671
11990
5813
10033
5785
24717
12004
12005
5780
5778
19655
19653
19652
27972
24729
24730
21272
12015
5786
24716
24715
20095
5811
5810
19667
10012
10013
10015
19666
14767
5805
24709
20094
10021
10022
5794
5793
12001
5804
17162
24799
14620
19576
2368
19572
27641
5605
19571
2375
2376
17524
5601
2382
21160
2384
20134
24868
2360
2393
2359
2357
17498
24841
19583
21172
6787
17503
20127
24848
5620
5619
24850
17513
27652
2354
2355
2358
2394
2397
5591
10205
5574
5571
2442
2443
19552
6812
5563
10219
5562
2463
2465
6813
19548
10226
10203
17557
17556
10202
2399
19561
2404
2405
5584
2411
24878
17497
2417
6807
20141
24881
6809
17550
17551
20142
17545
21201
24840
2318
5668
2217
14593
14592
17439
27755
27754
24813
17446
17448
2240
24816
14578
27740
27739
27763
14577
5669
17437
21200
27788
20116
24802
14613
27784
20118
17424
27781
5674
2205
2206
2207
18893
14599
17438
6775
6776
27734
19595
17475
17476
24827
2296
2297
20123
19590
19589
2303
24835
20126
5633
2316
5632
2285
2284
2283
17472
5657
27730
27728
17457
10147
2262
2263
8031
24388
1154
10863
15241
21105
10864
11552
21106
8209
10866
21109
10867
1142
21110
6084
15249
15250
1136
15251
10870
1133
16709
24389
6077
18286
7177
7176
7175
28648
5283
5282
6062
28654
28655
1182
1132
7164
16719
16718
6067
15226
28664
15227
28666
11558
15231
15232
8182
1195
18302
10871
8254
12181
19338
19846
19847
28735
28736
6099
12199
10881
10882
28740
12204
20412
1076
20411
12208
15294
15295
6100
15298
8253
8252
12180
1104
11551
18304
18305
19843
18308
1122
18310
21116
24381
8236
15255
1117
28708
19347
19346
8238
15267
21123
21125
19344
21126
8250
1116
15299
8161
20442
15145
15146
15147
11572
25020
15152
25021
8097
28581
8101
1270
16772
1268
25025
8102
25026
24415
7209
21039
16766
16765
15144
15142
1286
6035
8068
8069
21025
1310
22770
15127
1307
15128
15129
22769
11571
15130
6032
22762
16787
28561
1294
19441
21029
25002
19440
1288
22768
7179
21045
21046
6054
15191
21068
21069
8148
20448
16739
5318
5317
5311
8151
5310
15202
1210
3478
15207
1206
15208
1204
5307
5306
15189
15188
21065
13446
11570
11569
8119
11568
11567
20452
3461
24407
20451
21053
28596
1243
5326
21061
5324
15181
21062
21063
1234
6053
15185
21064
21054
8305
28752
28753
10931
9879
905
5033
9878
19863
5025
5023
6152
6153
16559
6154
16558
13267
5017
9864
6158
9863
6162
883
882
15417
15416
9880
6144
5070
16599
9930
10915
8402
9929
19858
5064
9928
9927
15442
28865
6133
5059
5054
16585
15401
5052
19253
12290
9897
9896
6132
9934
15443
10944
16533
28953
9842
16532
12327
834
9841
6182
16529
16528
4975
15475
4972
6183
24320
12335
24315
23681
24314
4960
16520
12326
10964
24321
9846
24334
28923
10947
10950
19871
15448
15449
9853
9852
4997
10943
860
19875
4991
4990
29628
5938
12364
16615
12363
12362
12361
18997
16608
18998
12356
12355
12350
25546
19008
19009
9464
25537
16617
6605
23886
6607
18972
16638
18977
16635
25592
16634
12386
12385
20179
12384
12381
12380
25584
25583
18982
23883
16622
6608
18981
6591
9462
19018
4706
6564
4708
4709
4710
19056
6563
19058
23922
23923
1018
6557
1015
6556
22144
28789
22143
28770
28767
28764
1040
19019
19020
19021
6590
23901
19027
19028
25517
23874
9452
4664
9449
25516
6585
20173
20172
19034
23916
4663
12397
23872
6625
25767
25766
9543
25754
25753
25745
25744
9535
25741
9534
23832
23833
18890
9531
18891
9530
9529
25770
25773
28543
25774
28503
9562
25822
9561
1318
28509
28510
21363
25719
28513
20257
23796
21367
23797
21368
25786
25782
25777
21364
19070
9526
6670
9501
25662
18933
18935
25654
18936
25647
25646
16661
18942
18952
18953
12414
25623
12413
18958
18959
25663
18932
12443
12444
6669
25703
25702
21390
21391
21392
21393
21394
9524
21395
25689
9510
12457
25679
9509
18927
18928
12447
18916
20156
1003
6550
22062
4946
4948
16410
15336
15338
15340
6461
6456
16398
16397
22049
6450
6449
6448
15355
6447
22063
11064
15323
19184
19166
19167
15301
15302
15305
15306
22071
4917
19177
848
15314
28939
28940
19178
4926
28943
4927
15321
16388
16387
11065
29045
25184
25183
29046
5081
5085
717
716
6399
6398
9331
9330
5097
5098
5099
5100
21548
5075
5073
5072
22023
15362
6438
6433
29013
22037
16374
16373
6424
16435
763
6419
16365
754
752
744
743
9340
9339
9347
9378
9379
9381
973
23942
6535
19100
963
4784
4785
4786
958
19101
6529
6528
4791
25414
9409
4799
9408
9421
22130
23941
4766
28799
22139
22138
20155
28804
995
4745
993
25413
4746
4750
19082
22136
25450
25449
22135
22134
15835
11912
20979
20978
11907
20969
16449
11900
11899
17715
17714
11891
9941
9945
9946
9947
11879
17703
17702
9948
17698
16474
9952
9953
9955
9956
17696
9959
28852
9960
11916
11932
7875
4803
19145
4811
4812
19146
19153
19154
25349
4834
4835
9771
9772
4876
9782
9787
9789
9797
11964
11963
7757
7735
11949
11948
11947
11937
9871
20981
17692
9965
9966
11720
24982
24981
11704
11703
24963
17587
11688
11679
24931
24930
24923
24922
24918
20744
24916
20733
19473
19495
20721
19496
20720
11601
19501
11598
19503
11592
11721
11734
11736
11748
16492
16493
11852
11851
17664
17663
17658
11830
11829
17652
11804
11795
5143
7877
5146
11787
11779
11777
11767
11766
7440
7429
7428
11754
7424
7422
7420
7418
11788
11591
4801
19135
618
26965
26966
622
626
16214
16215
29121
29107
26988
29105
26989
29103
664
29091
667
27009
13484
13485
9598
16240
8056
16251
16252
8055
16254
27035
12216
16262
16206
12219
16142
16155
16156
527
529
537
29193
539
29192
545
547
29178
26915
564
565
26916
572
575
29165
26933
26936
26937
26950
607
608
16205
612
12218
16263
13509
13511
9674
9678
9679
19107
19108
9690
9691
16319
16320
13556
13557
9704
9709
16324
16325
9710
16329
16330
25392
9717
7911
7909
9723
13569
7890
7888
13570
9667
9666
7980
7981
8033
13512
16269
13513
16270
8032
9630
9631
9633
9634
9635
9636
8019
19136
9641
8012
8011
7998
7997
16290
7995
25442
7992
27062
7990
7987
9662
7984
9642
19522
20700
20699
19957
10661
24225
19958
28230
28229
19959
28225
28224
19960
6117
6118
10668
6119
6120
16931
16932
24214
24213
28204
10701
24203
10703
24202
24201
10713
24195
16917
24194
19953
19952
24299
6022
16877
6023
6024
6025
28286
6027
6028
24287
23695
23702
1568
23703
349
5911
24360
17021
24365
24366
24367
29396
29397
20698
17019
20697
15502
15503
17028
5885
5884
5882
5881
10637
10636
17027
5915
15487
28385
16064
19947
19946
16067
16068
16069
24283
5992
17005
16070
24284
19933
17006
15940
15939
17009
5972
5971
18130
6362
6364
29414
28460
20683
23321
1454
3583
15561
15562
3584
24529
24530
20616
218
19763
20615
29481
15864
20601
209
19737
207
19736
29486
15575
19744
19764
17070
1687
24430
1431
1432
17048
17049
29434
17052
19810
19809
19805
9269
26467
16113
16114
26466
24490
20270
20271
23392
1451
15555
23320
18103
18102
6304
470
6270
433
6272
3289
3290
429
475
3175
28413
425
423
29247
29246
3170
26798
417
3165
415
15999
3174
3226
438
3227
29258
1688
1689
6263
6257
6256
6254
6252
6264
18042
465
16031
6235
3241
3240
467
1685
443
442
441
28412
3160
24122
15998
24129
18082
16971
16972
16910
18083
16047
16048
28445
24191
24192
24193
16049
16908
16050
16983
18086
18087
16054
7248
19985
19984
18080
15576
16044
18079
6284
3306
3143
3142
3140
3139
29241
28428
28429
397
29238
29237
16038
15987
15986
1672
24156
24157
15983
15982
1671
16043
24580
463
15617
20479
15818
5535
5534
20483
22088
20547
20549
17159
12575
21922
20546
22083
21929
10267
22081
21921
22110
22111
12577
21888
21889
15616
10248
21982
28309
21894
28310
21895
23599
138
5559
5557
135
133
20478
132
22080
15758
2280
10268
20517
20513
20512
3919
29579
75
20501
6834
89
21972
17148
6845
3920
6848
6847
21983
88
72
6831
15653
29494
20545
20544
21930
17158
108
20527
20526
17138
21953
21954
15801
15800
17139
27715
21957
21958
114
10246
6846
12
24629
21848
24628
10233
17471
16137
7
10228
8
21854
21853
17470
15757
24612
180
21850
19709
24655
24654
28245
28244
17112
17114
10244
24603
24602
3613
3609
15754
15753
24589
24588
15750
15749
15747
15746
19699
15726
19705
19706
15728
19708
21827
21829
10243
8331
8327
8328
21881
21880
8326
187
5042
17067
5179
27970
11526
17051
5047
19414
19413
24959
11525
17069
19420
27975
25065
17071
5040
19315
5034
17024
27978
11408
5190
27982
5191
17018
1821
5048
11434
17035
25040
25039
25038
11506
1861
27941
19331
25034
27943
25029
27945
14101
5065
5057
14102
25027
5089
5092
5094
27953
25019
14109
19353
19327
11514
11466
11455
24973
24915
14135
1477
24909
28068
11253
11254
11255
19553
16957
11259
14208
11266
11267
24780
5359
24789
24790
24792
19537
24776
14184
24756
24747
1696
24711
1698
5435
11208
11211
28086
24753
19585
11219
14221
14220
16941
11234
24740
24741
14223
17015
19536
11282
5265
5244
24888
11366
11367
19459
17007
24862
24893
19452
1797
24902
27995
5223
27993
27992
11535
28040
28013
14158
5335
5334
5323
28032
11311
11312
5303
24857
11318
28023
5297
11320
24844
5284
24853
1775
5298
11536
5009
11541
4779
25303
19130
27780
4771
19129
25316
17171
11745
11749
17185
17186
11752
19117
11756
25334
25322
19111
19139
25294
25242
19176
19175
11690
25258
13971
4819
25295
25271
25282
25284
13962
25286
25287
27790
13957
17163
17192
11764
25340
19083
25379
27729
19071
27726
25387
19067
11794
17224
2095
2096
11816
11817
25398
4659
4654
19064
25371
4699
4700
4735
11769
2060
11770
11776
17201
17202
4718
19099
4712
27744
25361
13915
4705
4704
17211
17213
17154
27811
1999
11668
25132
27882
19263
25138
19259
11593
25144
14042
19258
4945
17115
1937
17116
4943
11605
17121
19255
1917
25126
19278
25082
14064
5016
17083
19593
5004
5000
4999
25101
25106
19288
27891
25111
19282
1910
14047
4979
14065
1676
20990
7206
20997
26176
17427
24492
17423
13523
26195
1675
23627
288
3713
13552
22204
18819
1478
18820
3659
21095
3622
20228
20982
7200
17490
9730
13230
13231
20842
20843
18678
24607
1239
23581
20305
17578
10321
12020
20930
17542
26105
20953
20255
7181
7182
7187
7188
20254
24462
9397
1476
28287
17034
13958
17025
13972
17016
17008
13982
13983
18947
7466
28996
14019
12517
557
11765
22818
18986
14103
560
14111
16868
3276
3274
17043
10284
17068
13889
7300
10399
18866
26389
17312
22968
26416
21203
21205
21206
24398
26456
6532
26464
17203
18871
23667
17170
6504
3419
7404
21264
13863
13896
7525
3980
13210
6751
4463
10082
20369
18381
4888
25145
12786
12789
4928
20491
4929
4942
25100
6799
12813
6803
18419
12359
25079
5058
5066
20548
6747
10130
18353
4651
4713
25425
4719
18238
4605
18223
18222
28439
18218
6698
29225
6709
12466
6720
28433
25493
4820
25223
25506
10158
28432
18124
24972
1591
4295
5095
7025
9828
4119
25857
9827
9824
24695
5380
10257
9798
25917
503
12148
20780
20781
12140
25947
25949
17722
7063
25962
344
24644
20364
20334
5362
23254
28919
800
4271
24892
5180
1518
12925
4248
18484
29295
24854
5236
17898
20650
6895
9911
6896
24823
5249
6945
23285
24809
5285
12195
16825
4648
21331
10552
7526
7925
8673
27118
1436
19554
22070
19515
14874
28728
14885
27609
7958
27233
16182
15370
16180
16197
21740
2187
5920
21701
21981
11256
21718
2827
21719
16294
11235
16284
22103
11213
15434
2813
2797
23763
8306
16267
14802
7885
14918
7853
21818
19732
15050
15285
1862
27385
24086
27400
27429
22289
21891
15995
22030
8462
15161
15947
19912
21980
2312
27505
22041
27340
22042
21879
16152
21819
7960
10963
14973
14975
14977
1433
27259
5988
11087
8351
2241
8352
19844
26746
14308
11667
11666
7550
27555
10766
26842
26843
19036
19037
7830
7831
2062
8956
11435
15560
20183
20184
6765
23478
23481
6635
6634
6779
6678
23361
6788
6789
23352
6798
23485
23343
6763
6758
23381
23388
23451
23442
6691
23465
6660
23427
6724
6677
6725
6659
6650
6648
23405
6744
6644
6640
6814
6823
22500
6828
7083
23081
7098
7100
23074
23073
7120
7124
7130
23050
23047
7137
7148
7149
7151
7152
7157
7159
23032
7165
23022
7082
23322
7069
7048
6850
6617
6851
6862
6887
23266
23263
23255
23252
6910
23237
23228
23197
23193
23192
23188
23170
23138
7026
7043
7044
7049
6614
23557
6596
6135
6136
6138
6139
23924
6150
23919
23911
23910
23933
6163
6168
6171
6175
23890
23889
6200
6208
6216
23862
6167
6114
6091
23979
24099
24096
24085
24082
5975
24065
5991
6001
24042
6013
24032
24026
6026
6029
24019
6041
6042
24011
6055
6059
6073
6220
23503
23858
23848
6417
23675
23656
6463
6464
23631
6479
6480
6489
6416
6491
23605
23603
6514
23594
23587
23584
23553
6570
6575
6492
23688
6391
6385
23847
6236
23842
23840
23838
23809
23803
6288
6294
6296
23779
23754
6339
23739
23734
23723
6371
23718
23717
6378
23709
6225
23002
7251
7207
8179
8190
8193
22082
8216
22072
8225
8226
22048
8176
8262
8268
8270
8300
21999
8339
8343
21947
8370
8378
8264
8395
8169
8140
22234
22233
8038
22227
8042
8049
8053
8054
8060
22132
22211
22206
22196
8086
8092
22177
22175
8115
22159
22153
22210
21913
8429
21876
21692
21675
21674
21672
8661
21671
21670
8674
21659
21693
8694
21629
8712
8713
8722
8729
8731
8737
21606
8748
21634
21697
8629
8611
8448
21860
21846
8474
21835
21832
21831
21821
8502
8518
21794
8531
21781
21779
8546
8555
21758
21755
11843
21576
614
3634
24385
24383
20671
13464
25525
24374
20656
12242
23443
24368
20643
12255
5655
22338
23517
14916
25491
23504
10447
27517
6645
26302
12270
27532
21607
24353
27550
8547
18851
3550
14834
4422
8630
20797
13628
22427
6759
13616
16990
12158
20762
26183
29005
10945
10946
4403
4404
27705
15911
15882
29051
21559
21558
20715
20716
12207
19822
22400
26213
15905
20729
20730
18260
15898
19791
21636
24312
23689
29305
20424
27242
6340
20418
20417
19964
9848
27222
9851
7936
7937
21727
4580
15083
20400
20350
13032
9893
23755
27157
27159
22212
11085
22176
20388
13070
13071
9872
10336
20386
15781
2529
19319
13313
8504
24311
20531
14960
26373
14967
4517
25189
8482
19911
23602
17304
18897
17305
8475
25441
21698
15695
15696
21694
13172
29274
2522
17368
2486
6392
29268
22235
15005
15002
2487
18784
9414
9413
16220
14189
28370
18661
28663
18662
1404
28677
21143
11886
16534
25710
1469
5373
1485
5220
16561
21049
16614
3978
22598
21070
21071
8180
7097
7101
28733
7121
16569
16568
7125
1537
7062
4203
16232
21270
21271
21262
16291
28523
22752
8926
8928
22764
16280
28482
16359
25797
24696
14276
21228
25749
16233
1337
7253
4108
16408
14419
18649
16245
4191
14411
21304
14408
4190
7277
14241
23003
14569
28154
20918
6911
28889
22499
18748
20910
16829
6888
16858
8663
8662
3797
28933
27887
9356
22464
25598
23267
13664
23253
26123
16923
13688
9290
6815
23233
27860
26111
26108
22458
16897
27851
23139
26049
23137
22553
28119
5431
16677
7531
10648
19701
16667
11965
19685
8747
21412
21411
1608
11966
11095
22540
18725
837
18742
5481
5479
18740
7580
5445
10614
10626
16058
28839
23065
11995
16717
10616
22154
12233
15429
26556
12946
4726
3212
12695
2857
2856
29425
29483
19076
10091
26624
6115
26755
15494
55
56
149
150
234
233
24142
24143
19222
21793
20080
10061
20325
10060
20079
29616
11974
18384
26138
11924
26149
26051
18301
12016
26155
3822
26034
18406
14345
18296
28593
18297
3811
26059
11933
18344
3769
18349
16191
1107
18338
18350
14322
26113
26129
26136
11961
26087
18358
11942
12003
18319
28617
25864
3845
18457
3916
25963
18463
25959
28674
11837
18466
3908
18477
18482
25936
25935
25929
3965
3966
28690
18512
18481
1055
16150
18448
3849
18289
1082
3851
28641
3855
18417
18418
11882
11878
11875
3878
3879
25991
25989
28657
3895
11856
14370
14346
26166
26179
28585
28508
26400
3456
18099
16275
16274
28517
18117
18118
1214
18120
12212
16268
12198
28526
12183
3535
26318
1201
3446
3443
26418
26421
16312
17971
28480
17972
17980
26511
26489
26485
12317
1200
26472
3380
1240
18039
3397
3399
18046
18052
26431
26422
3379
18281
28532
12163
18217
12102
18231
26233
26232
26217
14286
14287
12071
1153
18251
26203
1149
16223
12060
18262
3672
1143
3985
28563
16237
12113
18208
12162
28537
18166
16256
18167
18170
18171
18183
16250
26312
28546
26287
12128
3585
3592
3593
14270
14271
1172
26264
16249
25900
4017
18535
15991
25416
25415
18968
28858
18988
18995
4578
18999
4594
19011
19016
4606
19052
11201
11200
15964
11185
11155
25423
14580
25424
28847
25519
25512
25511
25503
25502
18872
4448
18883
18895
14536
28838
16001
872
25452
4495
869
18925
18926
25438
4504
25225
11151
11150
28924
4868
10999
28932
10937
14630
28937
10917
14633
10895
28942
10890
10880
10875
10874
10873
10857
10840
10832
15926
11020
15929
19243
25211
11131
25185
11110
25173
14594
11106
11083
19200
25523
11068
11059
19220
15937
19223
19224
11043
15933
11034
19238
19203
25524
4402
18847
16094
4127
4139
984
25764
18648
25755
11647
25186
12684
340
12747
3880
22669
21480
9611
20471
21466
21464
12548
21463
20476
15965
14414
14412
21465
20458
3896
20457
10833
24212
18552
10819
25899
11646
14521
13086
10813
3917
18533
7315
3912
15915
7297
910
15977
25990
15833
26785
13195
26784
16091
16095
20534
24269
20537
26071
8677
22842
14242
24289
27578
13209
21444
10706
10709
7220
7219
28756
14371
22737
3823
10707
16024
26007
3813
21402
991
992
21401
16025
25863
14579
16149
12947
29209
25714
27274
15624
9757
4140
19204
15631
29176
21729
14768
24160
24161
9756
19221
15602
18734
29356
25635
26973
350
2527
20316
29226
20317
15566
15567
7623
7622
24153
15587
11000
14740
25748
4092
20099
20098
18618
18617
13031
10876
18624
17628
17631
14595
28973
722
723
25083
17630
18628
14631
22491
7523
15682
15683
25172
18671
2446
2445
12990
12991
4734
17274
14681
10918
14672
22477
27386
26761
20559
1110
16535
16541
13439
20724
19776
28168
21003
20974
27820
3400
17866
1626
27825
19820
9075
28196
13830
9016
16464
10419
10418
28262
19731
6770
13411
24377
3459
20707
13854
16507
16508
9355
20708
12185
8974
24396
16632
20779
16695
24473
19866
17961
20861
20778
20790
19888
17933
17930
13578
16754
12285
26564
5486
19853
20768
3369
13706
26596
24400
24401
24402
16655
20904
17881
17882
9145
9146
10293
10291
20767
27838
16912
16913
1995
26167
17768
17769
26178
27648
19610
22947
19616
9450
27662
27663
26710
3623
11943
10543
5587
21234
13292
10110
18339
17746
2147
22883
22884
22886
1144
8734
18323
14179
20581
13276
13277
22923
17780
8847
16311
16313
18172
28322
26659
26658
17821
16428
24660
19712
21077
21076
19713
28288
26650
1996
23135
8923
4231
13969
13371
8851
19645
27686
19654
3586
12408
16346
10479
24348
16366
28378
13361
8904
12746
24690
8922
4232
15230
4332
12685
17468
17469
4331
5816
18804
18805
18806
2362
12954
12949
2372
20311
12927
12918
680
9676
7574
15715
29002
12984
9651
15734
2320
12995
693
27432
2308
2304
20377
7270
13014
29003
20352
15711
5846
27277
20266
27282
9753
12863
9751
27291
12869
12870
27296
9743
5815
29040
9740
12883
12884
29036
9739
7308
17256
12903
5836
27335
9624
27342
12917
704
14514
706
15771
2221
14486
14485
27522
748
9568
27527
751
9566
27531
13095
14477
27540
9552
9545
27557
14471
2175
2174
2168
9532
9513
13153
7216
20433
20394
740
20432
17131
12856
709
27463
27464
27481
22633
9599
14508
13052
13053
28971
13064
13065
13068
726
727
14500
27509
20429
20430
9579
22647
9577
15768
2223
5797
20241
29061
21742
17443
522
20147
15595
17441
27108
29149
20157
27111
17428
20143
20158
24187
22503
15607
29138
27127
9857
9856
17405
17403
12729
12731
27116
24215
17459
17462
7449
7448
17519
27016
27017
27018
9937
27020
27024
17505
2721
29186
12623
29184
12624
12627
29181
5614
12638
20119
15573
20121
15579
14685
17467
5696
7389
24165
12737
9807
22539
29089
15651
20222
24116
12801
22545
29080
17331
5753
5754
12810
5757
12812
12814
22555
5759
27236
20237
20238
7337
13169
9779
27264
20218
5796
17349
17350
553
5703
21279
29122
12755
2580
2576
20203
20204
29115
9820
29113
12768
17364
29109
20208
17355
17354
2554
15638
15639
7367
2553
582
583
12784
27611
20519
2110
9023
16491
13749
1511
16467
13761
28710
1495
22875
20977
13772
13773
8573
16453
13779
13780
16445
20999
28254
16425
16424
13810
21362
21361
13811
20945
13813
16496
28724
28110
28111
28112
28114
21420
21419
28122
28125
20909
13678
9063
9062
9055
9052
13695
20925
20928
1562
16516
1558
28165
1548
9032
976
9028
20944
1617
15048
2786
9808
24292
5509
26925
9796
20120
20122
2787
20144
2777
9742
15260
20209
20223
5638
9626
9589
14814
5495
24303
14473
2879
29376
17681
17677
291
17676
14487
19967
19968
2852
26866
26873
9889
26885
26886
5452
2826
613
12352
9538
9994
9533
26945
27205
12652
17332
2363
14862
12802
12864
12956
12636
17031
2111
27616
9189
27666
16905
6159
20722
20756
17011
23756
27158
17432
5829
9471
9470
14832
20465
5930
5931
20520
12390
20543
5977
2722
17544
9325
20573
27025
20583
17520
12558
9514
9995
24497
24506
11648
11740
26327
10674
10673
25094
10545
19484
19260
18000
17958
17957
10423
10422
525
26565
4883
4902
10449
11590
18602
25799
25593
25671
4074
25715
4229
4230
4242
4031
14653
4259
4025
4023
18761
10951
18759
18743
4360
18727
3959
3155
26614
29296
10332
10135
333
10093
17783
2977
10089
2958
10079
10077
29353
17755
17754
26782
10062
24544
17737
2926
2920
2919
10136
20788
10156
10163
26616
19638
17887
29302
29303
19675
29306
19680
10262
19681
10235
15525
3071
19740
10182
17845
10181
24680
10164
12170
23564
18843
22910
22744
22307
22750
8303
22781
7016
21525
22819
22820
22824
13456
28369
13447
13434
13812
21455
21454
28456
16651
16640
21320
21327
21345
13750
15023
22941
14943
13413
14992
13875
28447
22980
21280
7503
13733
13661
22386
54
22387
15094
52
15000
1418
1496
7899
7898
13617
13585
21882
22444
1565
15008
16515
8242
13525
22336
8203
7196
28324
22605
22589
22542
9024
22337
8029
8022
7217
21278
16389
14891
8838
144
7755
7551
8837
23201
7775
8931
23146
7560
8930
8915
21140
14892
13256
7823
14017
13257
14002
16771
21033
710
1908
16782
1932
16117
16781
1973
8607
7652
683
21245
21244
22285
21230
13160
21226
694
21212
15168
28781
8787
8916
29498
26803
20069
8845
7950
9222
15878
15879
29242
13624
26598
24343
410
29259
20068
27840
9242
7922
7921
7916
16710
391
16712
13637
13638
24705
17888
17885
13629
4278
15365
15366
26562
9181
20624
20623
13236
28270
4319
13229
13228
3133
16652
3132
15396
10395
20610
20609
26575
20054
9201
10816
9203
9204
452
16673
1392
20593
15368
20550
20036
24323
21312
4164
2781
26652
4158
17850
17849
29378
17847
22412
21269
21268
8796
4166
26664
9337
26898
15197
21012
22389
14729
14730
22385
14734
5500
14736
5501
9336
17854
24282
29360
14000
16734
16735
13995
16738
13987
26923
26922
16750
7866
17870
4194
4193
7858
7857
15258
1349
21292
4184
9295
29346
2772
1347
7839
17607
17608
9303
4224
1961
20633
15432
20871
20872
21468
3236
12486
24616
24617
13529
13530
12492
19944
20739
3246
3223
1650
28816
24477
24476
13356
13355
16350
24472
16349
21442
13549
22725
1649
22915
16377
16378
9961
24566
16409
13460
19855
3278
16399
24548
19891
12435
12436
20856
19845
24539
24538
20791
10515
21496
10514
13423
19841
19839
13508
13417
13416
12458
24520
10011
20634
11643
22720
16317
20015
1428
17955
4373
13281
4371
13280
1426
16604
15457
24664
17538
24665
9159
13266
26972
15445
15444
16619
16620
12593
10410
24395
13254
10409
20646
15481
20007
19792
15542
3208
3207
4435
19970
20703
24638
28794
8902
8901
22699
10457
16565
16566
15507
15506
20685
13567
10442
10719
10720
19794
20672
14430
14431
10435
10434
11642
1962
14012
16922
2991
2990
7658
17759
26752
83
10245
87
25653
27629
10161
15121
15120
17673
171
14894
26743
16852
14895
29466
25632
16081
26700
17690
19600
19599
61
62
14790
7536
2834
21217
17802
16849
16851
26742
18787
2985
4039
22301
15101
25875
22300
7697
127
14847
17787
5568
22284
22286
21195
3164
26666
14741
20569
16105
14612
14752
17367
9243
17827
7779
8774
3018
26792
28461
14928
10691
22287
26797
10162
10258
25659
25658
3019
13868
8773
25699
22388
29243
19623
206
26725
21144
15011
15010
4103
159
25698
16866
18697
13988
8703
19640
19641
146
6665
29427
22351
18233
157
17889
7362
29
7421
13235
12055
13630
19267
2835
17216
10195
27758
12921
10194
22260
16051
25
2832
10212
15369
28917
9361
13869
7454
21232
25617
25810
10223
25811
22350
22349
7567
22315
4123
28440
10222
2898
14985
2897
7568
26677
18726
22269
25656
25657
29448
4112
4111
29443
27675
26847
26846
22362
7493
19669
29550
