1286
1308
393
89
1211
559
1439
1337
692
916
65
1151
588
1290
225
1081
624
483
1491
1172
6
668
601
263
309
91
1215
1275
1354
340
10
912
1412
645
1288
1311
261
179
34
1002
409
862
966
66
947
1035
1475
447
1177
294
494
151
712
51
613
595
1366
493
1291
141
710
629
628
165
303
351
1150
1152
405
1417
1445
516
1213
170
107
1154
87
434
166
1194
626
790
796
144
1403
1355
163
332
379
18
1472
541
398
655
1370
785
408
1145
122
621
650
394
719
563
864
786
1343
1008
207
38
1198
967
1022
209
1207
1302
600
365
836
1098
274
104
1297
172
302
25
295
1316
1054
159
425
789
324
750
1120
1181
358
767
1277
190
1398
109
573
540
1391
664
317
1465
98
605
1040
1399
672
1251
12
442
362
1496
496
486
19
275
1235
1088
339
1140
285
272
854
1087
443
987
1463
1060
1454
177
210
235
248
759
1409
590
475
353
956
1306
1189
282
805
1102
85
838
49
355
783
926
1094
1162
1435
1483
666
1427
153
156
882
227
869
868
251
856
825
756
484
529
531
534
477
1386
831
834
641
1175
776
732
465
466
489
488
487
1209
1210
482
481
1212
478
1214
474
1218
1219
490
459
257
256
255
254
1135
1350
245
244
586
1353
599
240
1356
609
313
1289
1293
1295
322
763
320
1298
766
315
1283
307
772
301
300
1170
181
386
1387
385
810
809
808
950
806
951
192
193
1379
804
1048
1084
1082
616
623
1069
224
1085
634
217
1061
1362
1059
1056
646
525
874
1038
648
1371
197
198
200
201
208
597
1091
582
580
221
430
1205
1204
399
401
402
403
1199
410
416
420
421
1186
427
431
267
124
778
126
1225
1410
906
354
773
1005
1401
143
146
1249
656
167
1336
1421
388
1423
1425
1324
103
1322
101
780
1161
888
960
1036
835
883
1438
1440
1015
1147
446
1346
1344
536
75
788
1340
914
873
497
1281
284
292
1262
1261
304
152
1023
277
1027
1455
1037
865
572
689
1021
24
867
980
271
454
688
532
844
451
180
934
37
984
547
963
568
1377
724
40
734
932
1478
375
184
1481
1072
1006
1053
1482
43
969
1258
1004
178
1381
697
383
695
382
161
920
1106
523
1192
1222
1143
1011
31
840
1132
53
128
535
14
105
797
1016
357
158
902
1305
202
639
636
1318
219
223
1304
1303
232
614
247
604
345
679
817
717
384
684
909
1197
1157
922
1153
1460
480
35
110
1274
1329
941
538
86
1429
851
850
1019
931
1227
79
78
1334
1333
575
819
333
1134
1201
574
898
687
745
522
1400
1347
1062
507
940
1003
258
858
231
41
1388
455
1086
731
423
733
1332
119
556
820
1117
54
1449
363
1077
1434
356
52
884
653
1025
1233
1243
270
978
491
1124
1068
117
72
1473
897
1342
432
591
1411
458
435
134
713
1314
625
253
61
815
437
95
238
674
1253
1325
787
413
660
76
1127
1273
1130
1413
1270
22
169
371
1046
512
273
467
1169
1191
136
327
560
1239
779
213
738
1255
770
603
1100
15
1009
7
1254
63
113
