2406
2645
1429
1437
366
961
2513
91
98
628
1744
698
801
872
606
604
661
358
878
519
819
873
933
44
357
704
960
929
76
119
75
28
85
11
359
287
663
1199
820
302
826
800
363
2151
581
89
127
855
369
108
840
544
68
342
915
799
25
161
112
852
531
821
393
34
2148
925
168
286
871
154
699
99
590
885
370
78
17
167
87
37
267
374
822
842
280
13
1047
283
296
88
564
114
242
51
2111
380
803
827
77
364
427
4
899
825
765
253
7
236
309
292
39
90
832
371
831
121
579
22
830
126
170
884
274
96
362
365
700
43
823
295
932
1222
80
20
304
643
122
258
582
914
103
1006
927
470
9
575
288
257
686
901
835
0
55
2230
53
101
95
1010
172
290
1791
795
808
82
847
282
882
84
2224
1028
361
839
684
1747
2124
293
31
978
376
609
2
169
829
1382
906
1562
689
2231
284
939
285
841
562
1032
2628
16
308
1707
40
50
375
809
1077
155
368
833
768
2740
971
343
3029
1841
2119
607
1612
372
1372
973
977
976
974
975
1777
30
3365
947
1761
62
431
2923
860
1011
390
2940
671
367
1040
2146
868
851
1162
3049
2223
994
2064
408
2741
2851
635
32
1893
392
373
893
1027
946
129
583
2731
2766
93
152
1149
2117
738
2830
702
1704
1484
2096
1475
148
905
949
1769
207
910
687
1789
2228
213
508
15
1053
276
902
503
854
181
1273
1092
681
1466
1667
107
1015
694
811
828
391
262
134
1399
875
3
984
563
948
86
762
934
608
887
2633
27
1039
883
2769
997
1836
1009
998
876
877
383
573
33
281
1303
550
909
230
648
1221
2273
1
1377
1551
297
907
2025
2974
2027
856
988
3231
1455
586
2479
1708
26
175
130
2602
706
2078
2426
337
1700
654
198
857
2026
47
2248
986
1592
494
567
451
892
1232
1205
1200
2105
1381
104
231
1785
171
2778
2147
659
1202
708
641
911
377
436
1444
679
1805
930
1393
151
623
824
1823
220
937
2952
388
667
2095
2018
2632
896
1033
3273
924
3018
918
2636
199
1508
2413
3010
2338
3728
3888
3290
124
838
3024
384
2122
1403
1035
3770
1206
964
1067
804
266
52
57
1991
2399
2821
1837
631
1068
2103
1062
301
888
1715
584
1228
545
272
666
92
523
2234
2335
113
3466
1699
904
2233
898
614
2227
912
1775
3577
1706
3303
2133
620
3762
2738
903
920
1223
814
81
1186
1453
351
3665
1320
517
3083
2948
1278
1591
674
1736
999
1003
395
19
3412
3731
271
3421
166
8
3432
300
1317
1216
3735
2269
3121
2266
435
2106
805
163
680
2651
1415
2128
2618
2002
2172
2991
2192
316
714
1994
788
128
3531
3232
2626
3556
2225
592
4107
2734
2053
3431
908
3973
963
18
2430
1780
1452
1462
2916
2976
1386
1659
2804
72
2229
173
381
646
1627
2455
2456
1784
3174
3393
509
2820
1995
2902
2921
235
955
2510
441
1300
664
2070
4072
385
2631
959
867
3247
1404
2337
2951
2770
2924
35
1985
513
1017
165
1016
12
145
589
619
1485
588
1450
1334
3347
3104
2504
1082
3089
1724
2387
548
1977
3678
1461
278
1150
191
3676
3574
3068
3895
1844
1000
1835
2423
566
2932
724
2800
1923
117
2807
478
3279
2402
1834
985
387
3384
4123
1735
1964
1285
131
106
613
458
1071
2194
2239
2537
3670
1590
953
422
125
3292
111
1605
2082
1307
1782
222
3144
312
2226
58
289
1770
2024
2833
1809
858
3124
3295
3662
1168
1842
1877
2896
2081
3850
3669
3041
3808
2132
335
1480
1740
802
720
490
1342
1618
1235
678
3274
2069
3243
3115
2816
3529
4069
4082
299
419
2232
279
1045
520
3407
2878
1664
535
109
1359
192
3082
2182
153
270
861
3630
2743
2748
2749
3631
957
1939
1050
870
277
3503
2363
3721
560
3102
2687
3725
4075
4076
3726
3957
1118
577
1072
3196
306
1483
3150
1614
3623
399
2431
2827
1431
1367
637
897
591
865
1456
2014
3666
889
3261
3761
3914
2100
737
1204
3984
2935
2507
514
4021
1224
3805
3628
1505
1412
1781
3241
958
2627
3395
3398
3887
3806
965
3804
2079
3800
1776
440
429
942
940
938
444
1788
3797
1764
4163
2083
2093
1743
2732
3820
1748
1751
987
447
982
416
981
1757
972
423
3811
970
415
3791
3790
3789
3767
2270
1111
1121
1126
1131
1138
1151
1152
318
1156
3901
3902
1158
1160
3904
3905
1164
3907
3908
3909
1169
305
3175
3167
1195
3153
1106
1104
3244
3246
916
917
3387
926
3329
3328
3327
3320
3315
3310
3308
3948
690
845
2400
848
850
2396
1741
2393
862
863
864
3423
2682
1732
3417
3886
3416
3411
3408
886
3406
2379
3403
891
3885
2403
2404
3438
3469
3840
3842
2653
812
2052
3464
2654
815
3849
3462
3461
473
1573
3983
1012
3278
3277
3986
3987
3286
3988
3990
3646
1567
3993
1022
1024
3647
603
3996
3980
224
1599
2781
3624
3968
3752
3626
3971
3979
233
1864
2012
2794
228
2126
3632
3637
621
3826
598
2813
1347
4034
4033
1513
1507
2847
1500
1494
4028
3522
1489
1486
2861
3524
2871
2875
2876
4019
1459
3514
3507
3452
3445
834
2894
3400
4012
1469
1516
4037
719
4059
1681
1638
2737
1611
3860
657
2760
2762
662
4067
4000
3759
2663
3576
1052
115
116
3751
118
2135
1049
3750
1880
2671
4060
3745
2258
1427
1426
2369
2252
2149
2246
2247
241
2659
3620
94
2145
3743
2144
3621
3786
2057
4077
2905
2454
1416
1419
97
1814
3668
1924
3649
1275
3087
2968
593
596
2571
2780
1385
2777
4091
1955
79
3076
1201
3017
73
70
634
2600
65
2959
649
3093
3824
3677
2116
3259
3737
479
3729
3112
2263
1833
3720
2261
3110
4010
4137
4136
1974
2353
2942
2509
2933
3938
1353
3705
1366
3683
46
4108
2432
2435
4116
1370
4114
4113
4112
2342
1378
3025
2170
691
3553
2155
2612
705
14
2275
273
2640
849
201
3981
190
3426
798
3435
1086
100
2065
709
707
120
263
1803
3667
1621
1762
879
3982
1107
1056
3200
3974
3975
1051
3171
3967
1055
3204
4164
1030
3304
935
944
3276
239
3275
1036
3269
3952
3953
3954
980
3240
3166
979
3962
1369
1555
3305
3081
2879
2351
1727
3468
142
74
2803
1515
2759
4029
2120
843
2123
1561
2137
1019
3015
4068
3540
3682
105
3823
1340
1719
2031
1422
1847
3020
1474
3413
2386
2385
1895
2384
3859
2152
331
3663
3896
1479
2166
3420
1420
3989
3858
1808
2153
141
2993
1742
3414
313
2030
3415
2881
2886
2887
2768
1242
2890
2891
2895
2765
2764
502
2597
484
4035
2997
3404
333
4055
4054
1301
3502
332
3405
1368
3021
1383
660
2848
63
3390
340
4095
4089
3324
3521
3744
3019
4053
2767
3512
2758
4036
144
1229
2990
2009
3456
1283
1956
2736
188
3966
1819
3355
2823
3788
3549
1143
1585
2641
396
4160
1308
2121
568
3027
1696
1495
1695
3051
3455
1582
3028
3163
4066
4065
4061
3832
110
853
2397
3848
2425
3799
2818
3795
409
1773
1414
403
4084
2810
3014
1979
3792
4079
4078
3793
3033
3794
2817
1772
1840
3012
2302
2301
1103
1069
4120
779
3399
3834
3837
1830
1061
268
1144
2321
249
2751
67
3057
1920
218
2179
4083
962
174
160
983
143
1207
132
3937
4134
2407
3023
2660
3560
3636
10
3653
3572
3657
525
1522
2609
4101
3330
1257
1721
2775
2157
2350
4105
2939
4002
3571
413
3998
4115
3997
3732
3733
1946
3899
2566
2928
3323
881
880
2776
2219
3784
3926
481
1493
543
2005
3680
3532
2323
731
677
3910
3499
3498
3681
421
3084
1983
1593
3985
3058
638
3746
1927
4139
2453
3117
4143
2697
2599
2487
3992
48
3118
2919
874
3120
4159
3126
2779
4001
2477
1998
3999
1945
4148
4152
595
205
3607
597
2139
1580
38
176
1933
1932
200
952
