384
7244
7717
1625
1463
8063
7910
3546
6757
3422
2092
8121
7448
2358
48
6848
808
5833
7286
2033
1662
4231
4876
2231
535
1328
3664
5079
7923
1032
6420
6885
7405
5285
3466
1223
5852
7992
543
6473
2123
8885
8941
2877
8951
561
3825
2220
7461
7990
3633
7693
779
628
7892
4894
2672
391
3276
872
1626
925
2144
7726
2545
4357
8332
1023
7275
415
8326
1579
3857
5725
3058
3551
6736
4094
5154
2485
2548
3734
351
8078
8008
7766
2670
5870
3177
6606
8570
1627
8577
6681
3169
4074
7876
4424
40
5654
8814
2096
791
6829
6353
4874
7619
6779
2890
3820
4282
6726
1504
1348
1687
8540
181
2814
1016
703
2782
7012
5169
5524
4817
77
7740
1462
710
6485
4927
1703
7270
1497
2983
2999
3713
295
931
2637
2110
8439
5606
2036
7694
7283
8376
2210
3454
8546
2317
5508
7997
4223
8921
6666
574
8467
1113
6262
2516
4365
5771
439
8594
394
634
5906
2953
8575
884
6355
321
3184
2011
8702
6559
8475
1979
3042
687
1264
298
6340
2657
6352
8278
6411
4031
7516
191
7014
317
4345
7175
6121
1510
4262
85
2543
7049
7472
6022
1593
6828
3904
5607
2306
6316
1508
7594
4081
5308
6328
4606
8481
8918
7346
8432
8468
8331
5949
5321
7313
663
5163
7911
5891
3443
6803
5681
1125
8442
6607
1338
6258
8688
7860
6077
6396
5071
4752
6897
8769
440
8698
1389
8299
8224
7731
4538
7042
6480
7507
2730
927
5155
8049
5231
2830
4531
8900
441
5845
684
3962
832
2826
4310
4280
755
8765
5752
2113
5218
4040
4755
8435
2371
7697
7863
6518
414
825
4588
866
4946
1253
242
613
1664
8120
2318
1078
3880
7003
2013
1907
3166
956
8135
5656
738
7510
3975
2652
2568
3509
2118
3920
3634
1587
8527
4412
7946
8437
5958
5585
4826
750
3426
5290
2304
377
6378
1912
3439
5548
1057
8311
7549
5790
4612
7977
6219
494
8436
5468
7400
6705
1377
8347
4999
7215
6245
5811
5292
7309
1758
7135
6840
6872
4151
54
1424
707
4408
2500
258
3006
1620
7610
3777
4179
376
4566
419
1308
518
7626
3151
5938
8108
7232
921
2420
1294
3868
5525
649
3348
5793
2754
3723
1536
6452
8626
8611
8336
8656
8337
3870
8292
2335
5221
4049
3770
4303
7355
8290
3595
7541
689
6394
3856
3794
339
2207
6170
8137
254
4520
2473
4586
5563
3898
7657
4921
3388
7114
5065
2012
8112
2671
1430
1555
7648
7982
1184
6339
1116
5121
1281
6427
3289
4391
3620
7469
6725
1864
4539
4015
8779
4012
4230
6775
16
547
3756
6894
1530
1153
2222
1249
6342
878
5141
8930
8365
8117
2004
5767
3838
5829
4038
8110
29
126
5480
8123
4680
8402
2147
4483
4707
8482
5671
6711
3862
8764
8391
1693
5329
3818
7146
7623
1787
7019
852
2333
483
4629
8106
1049
4196
6943
908
3170
3478
3051
7605
2253
2202
5912
4344
681
1784
2574
7381
1414
8038
1804
6915
8983
7344
4653
7005
6228
1941
6127
6762
6345
8352
253
558
5199
823
7958
7880
2713
2438
7854
4350
8496
2230
5458
360
8454
8948
6285
2832
6550
223
1722
1093
742
92
4959
2150
2910
38
1549
7241
8234
128
3260
3350
6141
4840
6633
8395
3647
8886
3175
15
7618
631
575
5331
1786
151
1998
7010
8750
3397
8093
2513
1090
2481
1139
1003
5910
7978
5658
7778
3580
6068
4645
5900
8431
3013
4372
1250
6974
3198
8833
1022
3055
4299
7190
2653
228
7105
8214
7306
9041
2350
1420
595
8396
990
7357
7013
1714
1186
5990
8464
5717
8593
1989
2134
8695
5486
6964
3661
3529
7350
6384
3052
2116
5244
5857
650
2668
1586
207
3420
3438
6319
6562
8553
564
8690
6031
7775
4816
6200
6138
6441
8113
667
3554
3390
2399
1435
74
1299
679
680
388
2137
4961
4281
1327
5236
3819
7956
4484
6780
7517
217
2775
3294
3128
5747
2023
7527
6148
7284
2184
2010
1785
8417
3824
8901
3344
3673
3987
5282
2029
1865
3140
5220
4098
7427
1725
7236
6169
8609
5538
8696
8265
7471
378
9005
2218
4681
1552
1521
3567
6344
4274
7621
105
4324
1364
4570
7205
6552
4615
3062
1501
3912
6807
7041
963
530
2626
3714
717
2277
1391
3813
1928
6364
7159
8184
5916
656
161
7262
5821
3110
5140
2783
4738
7608
264
895
5391
1752
6718
7777
1314
4068
8661
43
4591
5677
8369
7545
2463
7559
3709
7137
6983
2305
6432
1325
8196
905
5628
2526
7934
220
1322
5551
63
6692
4641
5473
6348
7263
7043
6716
7224
2911
968
5822
5720
5024
8902
8604
7093
822
4407
5964
6087
1365
4974
4355
6642
6724
5067
1237
172
5556
8141
6188
2871
4388
8895
2603
2228
2507
8333
6532
2417
5212
7817
7486
2817
1200
2080
7815
4595
7526
7818
7757
8602
5242
7368
6205
1658
4143
3832
2189
4565
1945
3773
5192
2930
1054
2293
8647
3066
5261
8816
2788
3976
6470
4532
4297
6613
5624
4358
7729
5398
1643
6137
8483
3286
2310
3755
6468
8700
4097
4175
7025
3895
4687
6264
6927
3369
5035
3615
977
5789
8652
7091
603
6748
4554
7542
6697
950
5644
901
3686
2424
8657
7514
158
8291
5688
1607
2816
32
6349
1806
7064
3767
582
6978
3193
7948
2725
1657
8552
9008
7820
7723
5058
1143
3444
7893
4798
3846
7220
1110
3469
6598
7265
3518
6958
4131
985
7565
124
4489
8937
2588
2465
3041
3336
1404
7851
1129
6049
196
1940
7965
6436
8479
7917
4048
6085
4598
3581
1201
302
5048
8562
8821
8473
3159
2883
1148
251
7278
8916
1041
6382
965
1849
7569
8889
7115
6777
3956
8255
4338
4383
998
3215
1917
2633
3801
6058
4862
6831
1883
2035
501
1495
3078
8307
3399
4523
2762
5952
7631
1368
6635
2546
1726
2129
701
2586
928
7878
2285
8923
89
1535
964
6013
8158
4137
5059
2849
5073
8978
1976
7080
5091
6522
6041
4767
8474
5364
4643
5402
3751
7422
1079
5007
8453
798
2170
711
8637
8525
7277
1231
1371
8572
3524
3680
3081
7645
6289
5807
732
4712
1957
6704
7609
3719
379
3573
7315
3232
5471
2924
1716
7121
3914
1704
6354
1774
1402
630
3772
402
8828
7907
7347
2294
6474
6710
4524
1220
5304
5475
1862
1198
4983
8167
6284
555
7739
3109
4288
904
815
5523
6611
7463
3738
7060
106
532
8789
2058
1904
7393
5542
7509
5003
6589
5902
2937
8452
2028
6660
7789
1009
2733
3508
862
1707
1451
4507
1524
2680
8159
592
970
8132
2201
1861
6525
5017
5995
7765
3122
3953
3468
5328
1830
3306
1684
3301
8627
3012
2593
4905
5307
5353
5496
5759
7647
179
810
4044
475
8259
6366
5053
3563
7367
6460
8438
5339
2022
2873
4332
5675
3018
8805
7786
1461
5630
514
8576
2131
1606
7885
6098
5219
661
1118
4503
2374
1382
7145
731
122
8263
529
4437
4124
2565
4457
7050
1295
7183
2679
5544
206
8015
7221
6017
1221
4684
6195
4850
1699
8863
1789
896
6732
8244
44
8300
1203
1287
4599
8192
8241
3154
790
5494
5728
6685
2623
5229
3230
2121
8659
4605
1837
2566
7044
1776
1105
8485
6233
8129
3844
1993
7395
482
7330
6986
662
1256
6639
8181
6124
1529
8726
2811
2027
6868
565
4706
7671
8125
3190
976
6290
1138
4953
3687
2278
423
4373
716
930
7867
7954
8006
5476
1906
7810
145
8194
7163
6932
7957
2931
2414
34
2151
5984
8007
3875
6690
2410
1334
591
2902
5144
7578
1136
6558
5037
2592
8295
1073
8898
127
4490
6884
1802
6024
7178
8424
3098
5860
6325
8397
3604
4003
4030
5211
62
6244
4924
2167
8446
7652
6365
6019
4951
2759
455
5240
5809
6535
1304
5477
3354
7373
5379
363
2521
1612
8477
6341
8286
859
888
5963
7057
4235
407
1564
5617
8745
1154
3145
5113
7151
5010
3227
6487
4793
5265
786
8810
1058
5975
8051
937
3843
8956
4214
3921
1183
4346
8203
8767
4965
4916
6753
5087
3327
677
5114
2780
6557
2722
2963
5935
8250
8545
5272
1713
8317
7572
1247
2068
1877
6778
8358
6110
8258
875
5800
3754
6648
7099
2624
8419
4743
6883
1854
400
3697
865
4228
962
2138
2387
404
1172
1566
7834
4402
1394
8207
4322
146
7890
4929
4229
4837
7222
4468
1840
6740
8407
6864
1210
2345
443
6301
6625
3328
772
7235
3834
2682
2119
8212
1178
5947
6586
5407
4519
5063
6782
1443
3384
2563
7629
6373
6556
5029
2107
2802
7412
2710
3162
5788
8253
0
5441
1798
5268
1765
461
6318
2437
2860
8896
4985
5960
3393
1102
4732
466
4831
955
5490
7036
5770
1423
1086
1332
5375
7914
83
3963
2700
7053
8770
4376
8298
8393
1553
4815
1106
2933
4875
8711
2858
5851
1821
4404
7774
6564
4385
1406
2756
1486
8208
5612
5668
5856
8522
5132
3147
2519
2549
6171
8457
356
2007
890
2751
144
5593
6456
5796
5988
3351
3730
3652
1884
5946
1905
4692
5971
8216
6630
7961
1584
3229
493
1097
2211
3626
2444
6477
6813
1356
4824
3068
3637
1002
1014
3287
3568
966
8740
5635
8712
614
7343
8092
858
8219
5223
7653
2006
5479
617
8380
6431
2644
250
8176
2398
7424
5662
4120
926
4842
8308
6993
8888
7132
3252
318
5291
4711
7955
5146
6165
3698
8099
8243
5945
5766
1973
4797
8509
934
509
6605
3622
4987
8932
2720
8914
8708
1828
314
5730
1405
1537
1212
1561
6729
3940
1467
6192
4317
214
8147
6683
4016
5075
8206
8887
3804
3906
2630
5543
417
8410
4988
544
3606
7490
7389
7711
7338
436
1061
3262
3108
6174
6798
4553
6142
5112
3493
2301
6908
6911
6645
7919
6139
5740
7398
5314
8350
4472
785
4239
8269
1236
807
9053
8152
7199
6178
2241
5920
2326
2544
3173
4114
636
7678
625
6980
4834
4942
6481
6918
6455
1523
5286
7805
4123
723
3205
5812
3065
2163
4625
4500
2567
2743
2419
8377
270
5802
7289
7819
1372
94
6581
1240
947
1616
2449
3717
5167
2746
6620
1383
6580
764
749
1563
1615
3747
3603
8829
6767
1228
7554
3259
5319
2174
5130
5615
1775
2723
431
5602
3242
2103
6644
3997
5889
7056
7125
5575
1734
2846
1936
2219
3025
6695
6234
3901
9049
165
3085
7761
8408
5780
5157
332
1679
4313
1845
4580
2727
8772
2402
2777
7703
4071
6982
8920
5839
8342
8952
324
5927
8328
4869
4919
7586
4884
1052
3645
3211
1512
4561
8583
5030
4449
174
281
3516
8569
156
6588
6886
229
6734
4329
8122
4724
3945
4885
2838
1446
4978
3257
4694
2658
6271
8634
1966
2330
4384
2767
3001
505
8498
4456
6214
1403
60
7480
5616
6608
981
5834
849
2822
4516
1359
1811
3973
8528
6260
7164
5603
1060
5447
1381
1934
4453
2032
3775
1814
1557
5098
5309
2770
1039
4729
4304
3969
6953
6907
6514
1369
1610
3540
4619
3245
7768
6001
2778
4069
773
4232
5690
7536
6069
6303
5836
5871
8225
1398
1646
7684
2195
3319
5992
8981
1649
1511
1738
7506
8052
986
1135
4083
2102
7660
4168
6929
8840
5709
6826
5782
219
3339
5166
6846
5640
5165
1243
3926
4351
4970
3865
6314
8919
4302
600
4009
1502
5094
2040
2252
7356
1796
8997
5077
8803
6223
8596
8673
6037
6283
6844
8116
8200
3106
1031
5474
5707
8943
1164
4222
9000
8704
7836
6133
4086
8874
3619
197
4861
571
2173
8924
804
824
1087
7643
784
4805
6909
6823
8687
4881
1193
6769
1609
1585
4932
6801
5404
3630
6858
2341
6676
3083
7479
8585
8655
2086
8427
4972
8642
8294
3752
3821
5978
5183
3902
1313
1757
135
6741
1919
3984
8638
4818
2808
4335
266
1197
7022
7574
3144
3964
497
4776
3858
5294
5758
4251
4090
4993
669
3887
1390
4505
6942
1873
531
6330
6428
395
7372
471
4190
758
7561
828
8778
274
8304
3355
1152
4245
4414
2859
7573
5083
1762
170
623
4813
4440
4265
5027
5755
5735
6130
2257
6395
5018
6065
5405
8217
2153
6032
6749
6500
6985
3223
7431
3322
5367
2662
4260
285
3505
95
7316
2456
4994
1089
3909
6665
8917
3585
2781
502
5890
4255
4925
5456
330
6123
3908
8151
1889
6526
5414
6056
6075
1298
204
3361
4851
8154
2517
4041
5636
1063
5358
4759
2180
7620
4968
1595
8727
8783
3762
3592
6914
2622
3993
3744
2954
5596
2749
2699
3907
80
6599
7271
2766
6621
1543
8774
3456
429
4273
1647
6939
6832
8047
8679
7383
1604
2426
2459
1597
4314
1188
2111
7176
7198
2914
2678
665
8002
5413
7899
4178
5430
3729
7528
696
2322
1296
1834
5
4814
892
8988
5973
6965
6530
5056
6162
2716
3612
2379
4248
4122
3146
8624
7584
1415
6805
4546
7268
7254
3290
8995
79
8261
7794
2625
3877
4691
5115
1069
5216
1800
7676
2915
7307
4715
5660
8309
5721
152
5189
5205
7695
2101
7658
4889
263
4896
8683
1346
6875
3517
2551
3014
7269
3310
7967
916
2812
3542
3244
5896
6773
3507
4644
6687
8155
325
3342
4690
3045
5799
485
7454
3357
1478
2594
3011
3869
8891
5446
7230
1589
7197
8758
6593
3320
797
8751
5804
4780
1691
5842
2126
5076
7769
6469
3277
6185
8931
6849
1826
4637
8103
2992
8364
4361
8972
6080
5078
7475
9002
5343
1431
8554
343
1246
917
1056
5750
1418
4374
6462
6925
7585
7147
6505
2895
2540
2159
2542
5518
6450
6151
3860
7571
886
4971
8383
5981
5678
7170
4343
2327
8782
1753
4165
903
5433
7732
4043
1972
5363
533
932
1289
8040
8827
2643
5014
3501
7649
2986
7387
291
3919
2246
2687
6869
2242
4843
2669
3666
583
6888
4849
7617
2982
184
233
1938
1946
3269
4208
3458
2499
2452
4914
7762
4400
1710
2605
1833
1718
775
2785
6956
7223
5388
4006
8511
1636
3302
3960
6266
1951
6572
97
7555
91
3164
8238
4185
6995
1260
6949
2706
2498
2632
3335
2913
7282
2192
7920
3893
1808
4278
2084
4055
3534
8409
1272
8091
4386
8081
5745
5749
1274
1273
8080
8144
4429
8146
1278
8076
2433
6187
4436
8057
2753
7219
4435
8065
4371
1280
8067
2757
2758
5705
6973
4432
6972
1284
2797
5704
1194
6440
2795
7361
1209
5723
5085
911
910
2094
5537
907
7414
6146
913
7408
6152
7403
2112
897
7399
8356
8357
7406
5529
6144
5539
5550
3768
7434
2072
2073
2074
2075
7420
2079
7429
7428
3763
7425
6143
2088
7421
924
5528
8361
889
8384
2143
4549
4550
2145
2146
5511
2140
855
7376
6175
8392
3722
5507
848
5506
854
3731
2136
4544
5526
6160
8366
2124
2127
5521
2130
2132
877
8371
874
8373
8374
4540
4541
4542
7385
2067
3721
4501
939
7502
8274
6096
1985
1001
5583
7500
5588
7842
4244
7058
2505
8100
4254
2512
2514
1180
5669
2518
4266
6386
1169
4269
1166
6389
2529
5685
8128
1204
4240
6367
2484
2487
6370
4218
6371
5700
1234
1233
1232
4226
7067
6372
5694
1218
1215
3383
5686
4209
3359
2533
7023
5627
4316
7021
2553
8177
4319
4320
1081
7018
8185
8187
8188
5618
3341
4334
5613
8169
5653
4311
1108
1145
4285
4286
1142
4287
5648
7034
3356
1123
1121
6398
5638
2547
1114
1111
5633
1109
1104
6409
3392
1254
1386
2423
4117
1380
7947
2944
6247
2188
5403
7246
7247
2182
2181
792
794
2176
2175
4451
3464
3450
7260
7261
806
4443
5415
2165
813
5418
5419
3470
2156
5422
7272
7273
4445
3449
780
3448
8459
2233
8455
739
4485
7213
743
2226
4480
7216
4478
7217
8443
4475
3433
8440
2215
3437
762
6259
765
767
5394
769
2205
8429
2204
2200
2199
3475
5427
5428
7276
7352
6177
6176
2062
3544
2060
2047
5484
3555
5487
8313
8312
5489
3570
5492
5493
2021
2017
3578
5497
5501
8293
1991
1990
2852
8519
6275
654
666
6218
668
6216
3401
672
5313
5293
3402
678
7288
8487
8486
686
688
3413
3414
691
7297
3405
693
7200
637
5263
3293
6304
7165
8549
5271
6299
5278
618
619
7196
8538
8536
3309
3311
7986
5283
8530
632
3315
7187
635
7174
6202
3417
3418
6116
3519
1942
6114
6112
3526
6107
3531
3532
3533
1953
6103
7446
7449
7453
1900
1896
1895
6088
1892
1885
6081
6097
1958
1960
5371
5326
8472
8471
8470
6184
8463
7331
5337
5338
4425
7340
5184
1464
7790
5823
6895
519
6896
5819
6898
6900
527
528
5185
5188
6903
537
511
7785
507
506
1505
8662
469
473
6874
477
1488
1442
5838
8644
5837
1484
1483
7776
7781
1470
8645
2981
3785
3786
1969
8566
5226
1407
8560
8559
5230
2472
3003
5783
5241
7846
2458
7351
1392
5251
5234
1507
7835
2475
548
5202
2987
8592
3790
6916
5207
1412
8586
562
563
6491
5798
3799
1422
2476
1427
7348
2950
6863
348
8766
2599
5899
354
2595
357
8755
365
7704
2412
2282
2288
2296
2302
2303
2307
2274
2308
2319
2320
2329
2332
6992
6987
2313
2270
2254
2247
7483
1780
1781
1805
1816
1817
1831
1839
1856
1869
7155
7152
7107
2244
2245
2344
7498
6977
2375
6700
2681
2683
2685
2712
2717
6721
2718
2724
2732
2739
6636
2745
6592
6653
2641
2618
2616
2376
6957
2378
6948
2404
2407
2415
2431
6814
6796
6794
6793
6764
2611
2614
2354
2793
1747
1737
842
844
8268
8257
8213
949
833
8211
960
974
980
989
1012
1030
959
4768
5346
3047
7937
4138
4146
6568
4592
226
4590
458
6308
6565
3054
4158
4162
4934
8843
1659
1251
6322
5976
4941
257
7736
728
6074
3024
1663
6576
7716
7686
8928
3265
3089
157
4642
159
4059
4061
4065
3267
3268
7949
4630
4077
3272
3075
7960
3275
4096
195
4108
1645
200
5355
4112
4075
134
4562
7908
6005
392
393
8710
398
2820
6026
3640
5773
2829
5124
5062
3629
5123
1732
8678
2834
2835
1728
5074
6447
2841
2866
1374
448
4413
2831
1261
1745
3884
5439
319
1042
7615
8771
4839
7858
7531
3625
1050
7590
5882
6539
7894
8955
4808
3213
1602
3845
5460
3209
4705
11
3139
4731
4989
3160
5943
4981
1229
6030
6391
2894
6033
4252
8532
5164
3705
570
6381
6379
2899
4263
7047
5170
3300
3299
4283
3297
8564
7119
2179
3689
2881
5227
3292
3693
3741
7485
7038
4238
4234
7068
8460
609
5195
2133
2945
4204
8480
621
7097
8478
6351
2122
4186
2940
4191
8491
2951
643
7111
1187
2912
7077
2917
4224
7467
5620
2349
5237
4107
4106
5275
5330
3982
5393
5399
8220
8430
3930
909
8190
999
8115
3774
3771
5561
3757
1170
906
8434
4150
4219
8876
4855
201
8868
4525
8857
4870
8837
4898
8791
8768
4952
331
4419
4415
4969
4996
5000
5023
5041
521
5634
5650
3617
3597
6297
7166
2090
2855
7020
7002
2227
2269
2272
6529
2334
6597
6834
6615
6618
6825
2436
2608
2572
6756
2486
1983
194
3017
6210
1302
5742
1318
1340
1341
1344
1388
5850
5921
1588
1629
1635
7519
1706
3220
3588
3061
835
5356
2258
4915
5361
7337
8256
7339
7342
830
857
5380
6159
2677
2676
2273
3092
882
883
6547
7364
8249
7365
3059
8279
3022
774
1888
777
4945
5312
6213
7290
2235
8749
311
1876
2240
4935
6203
8757
6950
7314
3056
1850
8282
8281
8306
8334
1803
3894
3839
237
3836
8838
4469
1749
8841
8150
7417
7418
2311
971
8850
8139
3153
3814
8124
994
3807
7440
8104
3788
6879
8222
8161
6892
8215
3890
1795
1794
2287
4439
8205
2289
1790
3879
1759
1622
210
107
7837
4975
208
2848
4160
2842
2578
2014
2522
2291
7848
8870
6023
2857
4142
1653
6046
6684
7749
2380
5457
4571
8648
88
4745
1094
593
957
4459
2721
8969
7173
7172
1963
8707
7730
3504
467
4509
3374
1565
7089
2550
6443
6851
5564
8632
5549
3233
8640
6626
6856
4511
1596
8072
3362
4291
5863
508
7122
5841
2044
193
2292
3248
3678
4760
3538
5702
3380
6448
4515
8669
4099
1962
2386
9036
1330
714
3855
5779
4618
3329
7970
36
3424
4677
2214
8197
1309
676
7975
8183
8301
3074
8735
3587
73
2256
8019
7227
5901
1452
7665
4370
8034
1101
2590
2856
5598
1680
2585
8815
261
4369
3249
6966
599
1441
3605
7659
1083
1082
4062
3613
7640
2619
1466
8493
2863
7988
6274
1683
8869
7702
3552
1147
4778
8878
4024
4017
1400
3323
1165
168
6628
4751
3421
480
6595
4795
4045
4326
1437
4822
5608
7258
3560
5885
4037
4035
1128
5876
4802
1692
7259
7007
3243
2854
2800
5999
3126
3125
510
2735
7504
3124
8608
4147
5002
6036
8629
6401
7543
6853
3114
4958
6437
6438
920
5813
2462
7552
7579
8218
8960
3461
4651
7194
4113
8574
5031
1070
3465
1918
1921
1924
6368
8965
8600
5028
8691
5631
7580
2621
8756
5944
7634
299
1092
3659
293
286
4309
5514
1378
8073
4820
4848
6498
2066
327
147
2019
5980
8142
5453
1345
6465
8136
6902
2038
4253
6475
7741
338
5610
7202
7487
3271
5111
697
3010
2339
3379
6713
4021
4563
8501
6733
5238
8329
4559
5714
9034
8351
3427
9026
8734
9022
9
1628
5047
8909
4704
1043
2996
747
4725
6336
4728
5840
7771
5054
746
4092
137
5248
8929
715
2429
7798
698
3494
3489
8378
6699
6852
7828
2978
5249
1354
4001
4212
6479
6449
8699
5959
2015
5431
1509
5434
8680
1949
3745
4180
8665
5540
7550
1925
4305
1545
1902
7518
7513
7195
1379
5513
8077
2731
2503
5005
1360
409
8398
1986
4589
23
7868
8416
17
3432
3445
2298
7847
4498
6827
5119
7384
