2836
796
357
1772
1228
15
2930
559
2621
144
2680
1320
548
157
1323
1929
1089
2960
2071
1259
3304
275
2524
2788
62
908
2060
147
2856
860
2394
1677
2251
3165
961
156
3107
1472
2373
2841
3121
1699
1190
1926
1538
1514
2626
3065
2133
2288
1961
90
2168
384
499
1660
752
2743
2713
2148
536
1184
966
3073
1613
2215
2016
3079
25
261
1642
1902
799
2302
1914
1792
1357
1742
3086
381
1909
686
2040
253
965
1858
166
2746
2439
1821
2677
1814
3019
2032
247
298
1717
1532
3061
1625
2712
304
1978
2604
1685
596
560
353
1979
428
907
2211
2791
3213
2808
2968
2595
1232
1476
1987
1651
603
165
1403
1003
2804
3205
2969
3152
330
3297
2387
2523
2691
2315
1820
1939
54
87
1144
2649
1596
361
3088
3128
3277
1049
2194
2171
2970
1348
3215
3068
685
3260
76
3299
1151
675
3236
2779
441
1616
531
3231
2999
1817
1946
2256
1129
775
2744
2876
339
2663
837
2739
2197
3201
1528
3258
2296
371
1010
1992
1848
1205
328
1606
136
2013
2633
2179
2250
348
2654
151
2507
203
2752
3114
435
3099
217
2926
2845
1975
2393
1495
2781
1634
3177
3300
597
2493
2094
30
2673
2044
2566
1189
3023
1885
2364
2083
2247
2790
1770
2794
3020
1425
2459
418
1585
1812
2038
2627
2182
3203
1621
2893
1799
2278
3012
2860
2651
876
3002
2731
3171
976
2927
2863
2131
2965
1157
1441
1301
1565
2057
2559
379
3310
2495
680
316
1845
1497
2760
3176
3103
1437
2656
2878
3336
2839
1007
2935
2334
3156
1551
3026
1957
654
2877
1112
518
2821
2336
618
9
2622
1493
2753
646
1140
3139
2090
185
880
1252
2538
2729
1838
999
867
346
507
2423
2081
1857
2770
1737
58
1448
1074
1202
2918
3294
1570
2034
3141
271
2844
3016
3029
1368
137
2789
2530
1928
593
660
3110
2769
637
196
520
692
790
919
2416
879
1918
321
592
2840
2398
314
1319
2414
2290
1085
1130
3249
641
1022
138
289
3326
2866
3308
657
543
2235
3239
2118
2300
195
815
2585
179
45
573
927
2391
1688
868
1109
1650
2105
483
2275
256
806
2166
3293
2558
2596
2365
2951
388
728
626
2458
130
2461
400
2694
588
848
691
1382
2809
2778
391
2466
2886
1330
800
404
2764
465
2674
22
2484
260
1326
3089
1739
2358
1847
329
150
47
2574
2006
1292
3164
2292
2529
32
1475
1982
310
2665
2506
960
1180
1556
613
61
1502
311
3256
2490
2785
2488
3067
3053
3228
623
2230
1655
2446
881
464
663
2740
1490
3163
3116
3050
2479
1976
869
1990
2059
2638
1899
715
2494
719
532
721
963
2756
1215
2366
1444
2997
1452
1579
2355
1710
821
729
1285
1028
2130
1235
1077
55
1527
378
284
323
893
1683
1377
433
3080
2075
75
2348
2111
1744
2780
3287
463
710
2973
2440
2265
152
540
1723
3090
1993
2363
334
197
2598
2409
1787
2210
187
1058
80
3004
2897
2372
2950
2261
3296
1414
1295
2859
3161
2526
1831
2097
1376
581
1721
1844
1617
468
562
851
2637
3333
2669
2500
3238
2427
3350
2569
1524
795
1877
2487
2631
2413
1794
1034
1387
2553
891
1526
5
3328
1940
1880
164
2145
2818
2644
771
1850
1379
906
79
1042
1257
2795
2174
336
3046
2436
46
861
2888
2401
255
1197
297
2520
585
682
576
2112
2020
51
758
3331
2891
1146
2035
3267
2031
1111
1676
3196
2787
1981
2318
338
1405
1807
430
3054
553
3025
2826
870
2234
720
2257
2411
2940
1653
2889
2985
1553
3013
1450
2362
2376
3302
2914
2238
2226
1800
424
117
664
474
1943
1029
2352
2349
2100
2269
711
2796
2354
3305
1337
2201
551
1545
1416
31
33
1240
3101
3199
2625
834
538
2005
717
238
1718
2442
3270
2832
903
2716
1715
2555
1678
2089
2570
2136
2478
3232
3225
3009
2725
1008
494
2008
724
725
1665
727
730
731
733
2253
735
2255
739
741
744
1658
746
1657
750
751
2259
2260
1652
2262
759
722
760
1674
1680
1701
665
2229
673
674
2460
3070
971
970
446
969
968
449
1484
450
452
454
455
1768
1767
959
459
967
3062
974
437
419
985
421
2346
2690
3082
427
3074
978
1778
3078
432
1955
3014
1287
1286
502
2454
3011
1280
506
1273
2463
1261
513
1251
2483
1246
2450
1300
2437
3024
1329
467
1325
3037
3036
2421
475
1244
3031
481
2429
3027
1311
1937
614
617
1595
622
624
2198
2906
2917
631
1589
635
643
644
645
2207
653
632
2895
611
608
1629
567
2949
571
1624
2177
578
1601
1619
591
2932
595
1068
488
2579
486
1645
1048
1649
2115
2110
1059
462
2108
1060
2106
2125
3047
2096
436
434
2093
429
1684
1686
1073
1690
2085
1696
411
1079
3049
1046
1044
1040
2719
2847
241
2670
897
2069
1336
1758
676
677
1996
3197
678
2614
229
892
1994
225
1755
2984
246
2001
269
2141
2862
2063
3173
262
402
1036
1220
2977
2978
1139
213
839
1491
843
208
2692
1977
587
202
2683
1971
1498
3217
2681
2321
2186
2309
3105
3108
2727
803
804
350
1339
351
2037
819
2305
824
828
2704
2703
3160
1962
912
1713
1231
1233
1239
3182
2357
886
885
2640
2645
1989
525
915
2652
3155
3153
3151
280
282
3145
3140
299
307
312
794
793
2293
320
1991
2615
2587
1900
115
116
118
119
783
121
1443
1012
1903
126
787
544
1148
369
2049
2154
1013
1113
3274
1897
1611
1413
340
2511
93
94
2028
344
97
1942
101
82
2954
108
780
1944
1882
1947
1207
1199
2991
1872
1500
1501
194
1175
1953
1160
2066
1530
2599
1150
2594
1958
1141
66
2586
393
3292
2291
2287
1440
3223
1372
2012
188
190
2498
3237
996
2811
41
3117
938
1725
986
3315
2771
3312
1358
60
689
946
2537
2823
1603
1362
1364
2786
1411
1777
145
1107
1098
1025
1395
2798
2491
2805
1338
2178
3172
207
3174
1340
1001
2185
3179
583
584
1321
1318
574
564
1614
215
516
2158
231
1359
226
2870
2829
2170
1346
1610
558
1342
3167
216
2582
1041
2505
1062
1803
479
345
1591
756
180
2026
2091
287
1389
798
2642
699
2424
2518
276
2068
3039
370
3001
1482
3245
3123
106
1513
1745
666
191
2922
582
1921
2913
2151
740
633
2412
877
1352
3209
1234
1118
148
1117
1406
1230
1635
1633
846
2967
155
1110
1402
270
1878
274
1966
273
3219
471
2662
2067
1023
2806
2273
599
1539
237
2542
1463
831
1426
1385
283
1277
2938
737
2956
333
74
1335
448
372
2948
1983
1888
2379
1431
2693
3198
651
315
2445
855
649
2702
2497
2389
779
777
1561
2636
2648
1070
2661
1081
3136
1522
3132
3130
3127
254
3122
1092
257
3119
3118
1096
782
267
784
1582
105
2443
2568
3255
1830
840
2434
2359
2601
696
923
1729
2810
250
3071
3129
1783
341
627
1694
2172
1409
356
934
364
2469
3313
1673
1871
2816
888
2326
1488
1455
2734
826
979
309
672
2219
2327
2405
1583
2988
2612
2609
2058
2605
3240
128
981
2062
789
3247
2974
1816
2209
972
412
92
818
83
3288
1648
3291
3298
836
932
1187
63
376
1384
1956
2322
656
1245
658
1671
1670
2718
2317
1663
1391
3096
1747
3227
1854
1248
3059
1756
3017
1492
1494
1901
362
1509
1891
176
96
1026
3056
3063
1167
2535
776
1679
6
447
648
473
899
904
911
913
1765
2027
1161
3052
1394
306
2245
2266
1424
3098
2286
2328
652
1478
1469
38
1724
636
2132
10
2502
4
875
3343
1707
2522
1446
2697
621
