340
7009
1459
6116
7321
1312
3184
2110
7369
1868
1994
43
6754
3073
4376
4563
475
924
3291
1983
3804
1819
5800
7251
6714
6766
1193
497
7165
3437
346
7017
7192
6609
5268
3262
6986
1898
717
5850
689
775
1460
369
555
2397
2584
1918
7055
4374
824
8082
8135
5972
7335
2282
4631
1414
7267
4750
5285
2847
3355
5738
5083
2854
2595
2942
2285
2395
6914
7798
6987
7250
1097
6086
2527
6600
915
6356
157
4968
6607
5250
3973
1461
908
5861
69
2367
310
3433
7762
4325
6137
7665
35
7561
8115
2673
8143
7606
6234
1210
3845
1311
2744
4422
349
2646
1341
630
8020
4954
7256
5319
391
5193
1797
6029
3796
2255
1822
5740
6183
3662
5737
5107
3915
1135
7796
7701
1351
284
5929
5148
7791
5523
77
5306
1974
6596
2449
3903
3101
2064
830
1885
509
6389
481
3337
5431
5703
264
6777
282
5714
1428
787
6382
7183
392
5360
5042
586
3678
3623
2497
7566
4555
1347
7706
5651
1008
6358
5043
3509
4781
3669
739
8112
6660
7565
4271
7022
625
668
5778
5484
1871
7465
1248
7536
3523
4770
3559
3869
4689
1768
393
1888
5174
2542
8096
851
964
7307
5792
769
5856
2538
7658
7694
2122
4077
606
542
7911
4700
1490
7661
6245
5761
4632
4121
368
2379
4755
6631
733
7768
333
3263
654
7381
5261
7901
7210
561
7972
7142
4268
2073
2062
2303
2226
3632
3571
3962
2280
4135
5890
5368
1707
4757
6808
7663
5023
3076
4141
6347
1521
664
5638
6849
6710
2470
332
6066
5211
5230
213
439
3729
6159
2951
7239
6193
7361
6629
4488
3396
6548
5830
4916
1454
4393
3958
229
6085
4441
7139
628
6043
6471
7814
3467
1238
7579
2168
6201
1174
6223
6669
6890
7529
4644
946
3756
6133
4120
225
701
3087
6562
3922
6905
6921
2861
6184
6841
6990
1280
6242
1971
5350
3389
7358
5806
4692
7527
1393
3640
1352
1060
3228
4416
5571
3042
1799
3449
7383
5615
2396
4062
1377
3090
821
5776
1126
1001
429
4070
611
7570
7844
7571
7831
7871
4600
6951
1668
1372
5003
6510
26
1508
2239
7620
609
5655
4618
1570
3902
6071
3252
4969
8124
1422
3803
2693
7595
2088
1791
3863
1703
3630
4673
3908
3375
5189
781
1122
4789
4226
7971
5098
4333
4927
6942
3432
7707
7368
15
6481
3606
6774
1734
5087
7662
6918
2728
1151
3471
7986
808
938
4176
7356
7136
5973
1921
757
4078
1613
1271
4345
3771
4452
731
494
7584
7243
6900
5325
4200
2737
7721
1596
1285
5623
4906
5529
3188
5674
2848
1388
2609
224
979
4638
6913
485
196
2930
4029
6658
2844
6817
573
657
6120
603
7474
300
5543
1595
5725
2223
6626
1893
84
2544
7156
7958
7296
7668
7630
3214
7976
4791
132
510
7240
5273
2433
3466
7360
1785
112
5323
5724
2738
7066
5141
166
3071
1993
8228
6811
1985
5399
2216
6443
5706
3288
6357
8035
114
590
373
976
826
526
7908
1923
1421
7366
4549
1062
6290
6671
7693
1778
6311
6664
1123
1020
7624
7813
235
2875
3682
1981
885
6903
2184
2103
3503
3844
6349
2700
5085
5540
2955
3827
7775
1532
4989
7362
6138
4164
7623
896
334
4713
1565
3582
7903
3044
6381
2090
914
574
4747
5169
5599
3201
3006
4030
7063
2393
4104
1166
5932
1891
3838
1669
6525
7153
470
500
4108
7644
6354
14
2819
1288
4324
6828
5549
6608
7914
4168
6327
4454
1858
7657
1909
1815
1363
3191
3148
1543
2252
7909
1796
5103
67
3300
6363
4143
3861
6538
3882
1594
4691
6916
2830
1276
5329
602
3000
8097
2035
5998
858
2380
6734
1798
4981
1809
5238
601
2852
3086
5729
6858
2148
1192
6084
94
5727
1201
7166
1593
190
3346
6845
7221
5439
7065
38
2356
1722
5747
200
2748
1345
343
1180
6494
7876
4992
1956
6818
6776
7430
7047
5811
3477
58
6007
3957
1225
7822
1190
193
3943
7680
8141
7099
3554
3940
1187
2206
6790
5374
6058
8098
7824
4125
730
4666
1991
4510
4123
5494
2503
445
3479
8092
3436
8062
3024
3392
6691
2578
7387
4997
4201
1075
1969
6305
4551
8022
4852
1912
5539
2335
2530
5475
5978
2063
3374
4520
7829
5570
4683
6186
2490
5604
5492
534
6827
5143
3338
2791
2309
4617
4466
1161
7567
6368
2051
7100
2529
5733
7030
3500
2838
3427
5210
7544
872
1738
6815
2741
7097
860
7977
1028
3859
3516
6163
7864
2246
6680
863
29
3247
7749
5214
6078
4493
6403
5814
7075
7201
4071
2687
4711
803
6473
7133
846
3124
995
1226
3752
5903
3275
4810
7020
3711
4256
7868
108
460
4207
3004
2383
7102
7015
8196
943
4920
2208
8026
1513
6602
3215
4542
2478
1474
7212
7783
2498
7371
3386
5847
141
1485
5964
2727
3572
6926
6431
5764
6457
7528
1376
4034
1076
8170
3681
2558
6274
7774
1653
6452
859
2993
3334
4855
6555
6135
4092
2762
7515
267
2165
2445
3391
5075
3456
149
1733
2013
5905
5587
2870
5113
1904
6000
7699
262
1229
3896
8148
3788
1340
81
2889
1682
2949
1110
7503
8117
5363
932
1262
6871
7855
3913
7705
356
3639
3843
1250
623
5526
2319
3053
8086
6571
5894
7159
6322
1952
4728
1232
7187
880
6768
4788
5466
6810
7996
421
3928
8110
6603
1094
3420
2125
5845
7708
4364
1747
7537
7146
1003
5657
7219
4846
3116
2067
1506
7054
4400
5449
6418
2451
2752
5897
6065
222
7457
7678
6904
5678
1765
5226
6076
6591
2171
6070
6429
2906
579
3147
7348
5057
2962
7548
7179
8031
3916
4004
4766
4799
2765
6866
3370
5313
171
6860
4967
7155
6703
5637
4984
3342
6864
2325
2043
3851
6633
1814
7447
4204
6939
4051
2627
156
3359
5315
7437
472
1525
3551
2634
3722
3157
7747
3717
4543
7404
3198
138
469
1711
1518
6053
3115
376
4943
2753
2052
4490
7494
2300
5404
1544
1939
3636
1104
4166
798
3518
3313
8011
3444
5209
7872
5749
6679
7092
2158
4047
1700
6566
6661
1441
557
7797
6300
1310
1371
4127
317
6965
4769
3455
7378
6024
110
1401
3091
8131
5838
1587
5851
7274
648
1162
7072
2405
3935
5228
7599
3207
7679
901
6685
7439
7413
1598
5594
4225
1095
7501
4355
1813
4986
778
2699
3307
1077
5063
4923
1156
5976
6399
1017
1023
5922
2283
2833
6045
6941
4503
2604
2076
7489
719
5730
584
2904
1585
428
6390
708
49
5239
7874
7650
7710
871
5956
585
540
6518
635
2622
2790
4835
5679
1781
2524
3704
2036
6219
7265
354
5181
797
7375
1629
696
5819
6279
4699
7217
180
3875
1260
1647
5385
6136
6480
7554
2442
4933
4419
3801
5422
0
3236
2162
4134
4621
2628
4941
2324
31
1924
6233
1937
39
965
5426
2353
7664
5221
4922
6091
6647
456
1400
6513
6383
4593
1128
1638
649
6384
2780
4557
4496
865
4044
8083
7954
113
319
7936
2082
5347
4924
5711
57
335
2923
3985
5739
5433
6215
2260
3010
1295
1446
7672
3929
7523
7483
1170
5756
6946
2516
2467
6009
7700
1033
1762
1665
4337
4732
126
4571
835
6498
1808
2610
7498
1012
4250
7309
127
7635
7227
7220
3524
4690
5928
1440
5457
7497
3880
4937
4522
523
4261
2495
636
313
4739
1678
4424
1253
1658
3373
1332
6099
2301
7266
3954
6842
4458
2138
6051
6875
683
181
7116
763
358
2705
6262
2407
5428
7625
2789
991
5953
6012
3890
1701
2475
1055
1614
1611
7646
5267
827
2901
2985
2515
960
5513
4709
6232
2404
1906
389
2098
5990
1366
4515
2264
3552
3486
7189
6924
514
6330
2430
5734
1636
2299
4547
5030
1882
6140
491
6376
7974
2440
7535
829
2183
3932
7062
1197
3163
1059
4468
2580
5192
4537
2984
2147
766
891
1279
1399
6028
2219
5927
3324
2630
2566
5933
522
4375
7324
395
684
5572
3952
1084
6393
1391
7690
3937
2258
4212
1534
1264
2826
3545
3987
75
792
2493
7347
6915
7185
4860
6318
7683
5548
7223
3507
4592
5853
7532
240
7545
700
5393
1050
5995
6001
6324
4663
7057
4061
1821
7949
5690
5748
7480
7452
4323
3825
1449
895
3266
8076
2059
438
6396
1702
762
3969
7461
7466
6415
2952
1577
410
5090
768
4475
4623
8085
6468
3235
447
3700
6112
5611
4414
4682
6657
5358
7482
6731
7351
294
599
4308
7733
1955
3482
4610
6461
1432
7441
7506
3468
3254
3560
5096
6056
4347
3835
5188
2689
2094
2656
6836
5668
6337
3178
850
1522
451
6008
7163
833
4559
5535
6793
361
2903
5863
982
371
1150
2281
3996
8126
5591
187
2672
4128
2189
6947
7589
482
1666
4035
5926
4478
825
4003
4091
283
3007
4462
106
861
807
3422
3238
5163
4985
6155
5153
1894
5579
7455
790
5256
7582
1419
3809
6130
5333
501
4594
6265
4473
1896
6699
6972
7101
6169
4437
5028
288
4756
2363
2943
1109
7087
7398
1444
3703
716
133
5381
2167
3597
4340
7607
5222
1935
5047
1847
86
675
5356
2462
4642
5985
1272
2419
2767
793
906
6532
6395
2914
5672
1644
3506
3047
5380
1120
4331
6606
2443
2824
1878
5686
4608
1592
8184
2590
6404
5627
7653
201
4735
3540
5202
5304
2556
1729
7745
5272
7920
8108
1982
6366
1968
949
7492
2768
7636
7050
2712
4640
805
7979
5217
4370
5180
8114
6326
7735
4273
287
5503
4904
5974
6996
6093
5340
2885
7803
250
941
5716
3904
1683
5546
4575
1319
2851
5472
1547
4516
5305
5013
6869
3085
4384
1945
3155
3569
4633
6255
758
5251
2483
543
6499
291
2000
1016
7459
1561
1502
5286
413
3887
1263
2086
2360
2998
2472
2916
3964
6089
4146
7913
5692
6256
1261
1619
6634
2403
876
857
5705
2287
754
5373
1365
4771
1727
7562
7750
5653
244
5069
5986
1302
1241
4000
7425
1221
7427
2384
1479
1395
4705
136
6004
948
3864
3746
6693
1298
990
3656
7218
5673
279
8238
6534
4641
4381
6978
1256
4678
6047
5401
5541
956
3312
4477
7793
1353
6807
5971
881
3671
7451
3657
1877
5949
1233
5151
546
6954
2881
3394
1113
2302
192
6199
3340
2995
1531
1450
6161
2002
1390
5937
1884
2412
5343
2012
506
4118
3673
4282
4561
7816
589
8186
7887
3862
6854
2631
5051
6533
7365
6197
1942
5445
923
6760
7758
1043
5131
8144
1243
1101
9
1086
5664
3371
4464
7626
8188
2929
3609
1605
6971
6257
6127
8042
713
5072
7310
3663
5566
1443
1420
2130
5164
7157
1826
2815
7870
7805
1886
2787
6211
7860
7531
4823
4657
7965
5387
3659
4558
4450
8072
6770
3675
471
3818
83
972
7229
1073
5807
350
4159
7064
7431
6997
4307
3038
6684
3766
7541
347
4865
3011
2229
3814
1031
1959
2549
82
994
2927
7638
2173
1863
3511
1072
1249
6870
1574
3830
5129
2567
144
3561
5777
6511
4567
2992
4354
4018
442
5886
5532
4858
2270
4581
1622
1179
3579
551
2421
2897
1794
6312
5440
3323
1540
930
2938
1168
7388
5246
4303
8111
4058
2655
4420
2159
7852
1688
6883
7182
3218
5802
947
3512
1430
2016
3484
2459
5898
3110
2017
3143
950
3872
4356
4460
3600
3017
5049
3633
7305
2388
2279
1383
254
8084
7172
3363
147
2422
1477
2981
4775
4147
724
6108
1423
723
6738
3868
3873
4278
7795
4513
2203
2866
1064
5177
7422
1165
2535
6187
3588
2564
1054
746
1163
3762
2218
3100
3351
2602
1346
3366
986
794
2078
5901
761
3237
5175
1569
1195
4540
3702
5948
6329
418
8178
4210
7981
2883
1897
1761
2436
2698
1943
3251
1424
1998
6158
7261
6881
7499
1609
6952
2701
2286
4595
2288
5253
7892
3146
4724
87
7900
6049
2194
1476
3837
2970
1438
6179
2003
4687
4152
4211
1876
3413
7382
7937
7393
4234
7401
6708
6937
5482
6131
3936
5144
4411
2614
6553
816
5089
2485
631
7546
5203
4343
6988
4389
3180
2482
732
6595
4193
5773
4751
1852
5032
3795
3848
7742
4894
6590
6261
2004
605
4083
4242
3841
3622
4321
4603
5837
1354
5052
5681
431
2120
7912
6162
8193
8190
1836
1634
4577
8113
236
3067
5502
4161
7594
615
5487
1901
128
6202
7610
5701
6035
920
7354
5810
5259
4562
3919
4289
6732
963
5061
588
592
2083
4418
5035
4500
1926
892
1932
1462
151
3557
7776
6804
3015
3013
2980
7190
4429
6784
3608
5025
2936
6705
7685
4280
498
3816
6505
5277
2618
5290
6694
4504
2808
3807
7071
2337
6598
2843
1616
4247
7477
5172
6339
5941
6882
8207
419
1566
3280
8180
384
7364
2215
5878
2675
3743
2238
3761
5908
3470
2253
1741
1743
6636
6296
7023
7963
7681
4697
5873
4843
6408
7124
2492
686
7596
7922
251
5342
2447
1674
7011
1646
1639
3874
5370
7021
7138
7137
7024
1630
7027
6991
1628
1624
5455
5375
7010
5366
1654
7143
1468
1672
5454
6998
1469
5450
1472
7147
1660
5446
1473
6462
944
2676
2682
939
6203
935
6200
945
2691
2704
2711
6181
2714
925
2722
6173
2697
7530
2674
2671
6237
969
968
967
7511
2637
2638
2639
2640
6235
2644
2647
2654
6225
2658
6224
6216
922
6243
2730
918
2823
6095
884
2828
2829
879
2839
887
2841
6079
2849
6067
2862
2864
869
6061
875
2820
6100
2795
7550
2734
2740
2745
911
910
2751
6153
904
6151
2760
2769
2772
7563
2784
6125
6122
919
867
973
4613
817
7613
823
2621
7603
831
2620
2612
837
2607
2597
844
845
2588
2581
2579
2573
2543
2545
2547
6251
2552
6248
813
6246
2560
2568
855
854
7587
7588
6244
811
809
7621
2887
2895
5944
5943
7654
7655
2886
5942
2910
7660
2912
2913
5934
7666
2909
2537
777
7643
7622
6038
800
799
6018
6017
5961
5989
5982
5980
7637
5977
5967
780
5988
2933
6263
2521
6397
6398
2364
6406
2354
2352
2351
2348
2347
2345
3158
7703
5909
5911
5913
7698
7696
712
7689
7675
735
7669
743
5906
747
2519
2486
2474
2473
2469
2461
2452
2450
2444
6294
6295
2437
2525
5882
695
694
5790
5794
658
661
5818
5821
2975
2972
2969
2966
671
5828
2961
2958
676
2956
678
5834
2940
2935
5852
5857
5862
7712
7711
5867
5871
2429
655
6304
2425
2225
6485
6486
6490
2204
2202
2197
6497
2192
6500
2186
2182
2228
2178
6522
2160
2153
2152
6535
2132
2257
5746
5753
7781
7780
5765
5768
5771
597
598
600
7771
608
613
618
619
641
7736
2426
2414
2410
2408
5742
7787
578
3012
3096
7812
3095
5652
5659
5663
3081
7804
559
560
2394
562
3059
3051
5693
5700
3034
5702
3021
572
3014
7792
3069
3097
2381
6316
6549
6550
2081
6551
6554
6560
2070
6563
2054
6575
2050
6576
2046
2040
6583
6586
6588
2021
2018
6599
6601
2084
2085
6546
2089
6321
2342
6331
2334
6334
7167
4738
3409
4140
7842
7007
7008
5317
3429
5301
520
4124
3447
5292
1431
4758
4759
529
3404
1486
493
492
3380
6970
473
7866
4156
4155
5349
478
7051
7862
4729
7858
4730
7856
1511
3390
490
6985
4153
5353
3453
533
7117
7118
3513
7121
4084
4786
3519
5241
4080
4079
5240
1337
5236
3527
4792
1331
4795
7115
3510
5254
4779
537
3462
4112
1407
5276
1403
547
3473
7818
3476
3481
1386
4101
3489
3493
3496
3498
5621
1740
331
5112
7982
327
5110
7985
1721
321
1720
7989
3621
1713
314
3635
3637
6783
307
3647
3649
3650
5077
301
6759
8004
3577
1748
6715
6721
5224
3478
363
1779
5195
5194
7959
5191
5187
352
6741
1766
7964
5171
3539
7969
5160
5159
5158
5138
7975
336
372
5076
1690
4977
8045
245
4972
8049
241
4970
3782
4966
6912
4964
4960
1560
1557
4957
1536
3799
3802
4944
1528
7484
4938
6948
6891
5066
4980
6886
6654
1907
7415
7409
1899
416
281
1887
6612
6615
6619
1857
1108
6884
6878
1842
1106
6650
1832
7941
4187
5470
4255
1591
1817
989
1103
468
7420
4511
1911
6888
4550
1142
130
1127
1975
8137
4021
1970
1967
137
1966
7896
3192
7263
1119
4479
1949
7435
5447
4483
4484
1929
7433
1925
1920
1919
7423
8010
1807
4248
5609
7346
5545
5538
1083
4064
261
1032
4217
437
3136
4068
4214
3135
1048
5516
5514
6800
7323
1078
7171
8025
1316
1313
1296
1294
269
270
1282
1327
3327
1259
1257
1207
7177
1185
1183
7199
7211
1265
3269
4677
3256
118
4436
4445
4447
6709
5583
5578
5507
6832
5480
6850
3105
3111
208
3144
3217
3239
3242
3245
1143
7247
1099
7302
7880
4851
4836
4827
4819
4803
4798
3850
3998
448
3992
461
464
3984
467
3981
3947
4685
3963
4880
105
398
3721
1022
1019
4576
5060
998
993
5050
7933
7931
7460
4936
7915
381
4122
980
985
3499
7342
3495
5054
7334
7329
3485
7355
1009
1027
7293
3450
3446
5101
5104
1063
3435
1066
1011
5039
5034
5031
3603
3595
866
4959
7449
7446
7444
7442
888
899
4982
907
4993
7411
7407
5004
933
934
7392
3529
7372
7252
7463
5126
1116
1289
5293
7068
1293
5300
3229
7059
7058
1303
5291
5307
1315
5314
7039
1325
7035
3206
7031
5326
3196
5308
1286
5288
5283
5152
3376
1144
1158
7160
3315
3309
3305
3141
894
1699
531
7998
1712
2137
4939
5963
3575
1731
8125
4926
834
8118
1751
3828
4492
6627
2131
285
3883
2601
4054
5064
7789
2256
3454
3528
1625
5842
6718
3492
5958
5994
3514
7990
6427
820
3618
259
3689
8044
4790
7639
4829
3740
3736
4463
4815
7612
4451
8057
688
687
2172
215
5751
3750
3753
2742
4167
8015
6209
7716
1773
4882
786
7538
172
4096
4857
5780
6508
5767
642
6228
741
2915
3419
4802
2920
2557
2565
6781
7850
426
6791
5872
3901
7232
5904
7943
4274
7127
6995
6373
1214
2277
7110
4015
8215
3677
1772
6580
3695
3683
663
549
6501
7732
660
2616
3786
3792
2611
3797
530
4684
3808
2599
2598
5816
674
4669
505
7785
5826
4706
4707
7726
3774
5736
7642
2679
6565
3690
6557
1800
1801
2668
5762
3734
3735
3776
7686
2641
1839
7704
3757
5827
582
4718
4717
7718
569
6507
2684
2645
6455
2271
2570
6367
2006
1735
5258
3728
2825
5754
2175
4509
4371
1990
2108
7947
2434
4486
2917
7656
3965
2007
6346
4183
2794
1723
1719
645
1597
7271
1056
2613
4154
2514
5067
5079
2500
2143
6052
4612
463
1463
2894
3822
3820
996
5833
5900
2939
3907
7543
1504
7397
102
4312
2960
6378
2199
1908
3645
1677
4057
1208
6725
5391
6303
2056
17
6656
4879
726
7560
2227
6678
1632
1216
6969
1642
2733
205
5626
5983
5682
2027
6023
2057
3993
6743
4099
6611
7945
5530
4363
8074
6805
843
4639
1500
4049
4643
2318
4645
2832
8068
5917
6819
7806
4598
3407
7820
202
4591
452
1456
6852
4026
432
8050
5552
8067
4934
6297
2102
6589
7495
6585
1258
6241
139
2779
4085
1739
2092
4329
6772
5568
5563
1526
5561
5560
6039
160
4063
6789
1515
2805
2806
1512
2068
176
6298
415
8043
6407
7916
5441
1384
4817
5432
4427
5970
4430
5969
2378
276
1941
2921
5965
4440
1755
721
4103
1562
7386
4006
4845
1867
382
3066
3156
4116
1375
2424
7004
8040
4245
3646
3259
3610
3260
524
5991
5201
7652
1571
4267
5279
8152
6258
1651
2441
3035
1546
366
6250
873
2030
7894
707
120
5166
6735
167
1554
3176
4990
4031
2731
680
3225
2642
7259
4097
60
232
7574
7130
3103
634
7373
1131
5376
3113
7119
330
2134
3112
3886
753
6425
32
5248
5026
3109
5629
6529
304
6677
2402
4396
6943
6712
1961
5717
92
6092
3643
8161
6309
2899
6313
1963
4402
5614
5955
1617
5257
7510
6435
4223
7944
5619
3629
6221
1612
3627
4887
6436
6438
6594
8157
7568
4243
7583
4526
6953
4290
5596
4292
5721
3189
4893
2214
2986
4519
5959
5715
6632
5602
4011
1752
2982
2031
4305
6934
6747
1671
4246
1977
1177
1693
66
7518
8016
37
16
8213
3072
33
7519
4856
3075
6156
3846
2907
8039
2746
6182
3080
22
4174
4177
20
5234
6744
5383
1603
5115
3037
4197
2142
987
5231
6638
3465
7516
2156
7904
4348
1239
4842
2758
6286
6291
1718
2747
2251
1710
6351
1805
6319
255
6206
3738
789
6150
6196
5640
5444
6720
299
6205
6724
5
6204
8209
8009
6887
3616
3926
221
