4664
1662
1349
3881
1837
4026
5895
884
5305
4500
4460
641
2660
4704
125
4940
3578
3425
1739
4353
5493
5277
1159
2285
463
3218
834
3183
4487
4798
2846
24
2934
1965
1511
2593
4219
3821
3205
1089
2390
5611
4409
4931
2214
487
2957
3219
5465
5379
4941
1289
4237
3383
2134
5639
695
3102
977
3807
1651
4846
2728
2652
4655
4731
40
521
539
2250
4339
2283
892
4569
3707
5662
4827
4333
1553
5280
2878
4552
3485
1509
5676
5429
1879
1850
920
1494
5239
5476
5663
5424
96
2628
2603
3825
182
3163
3434
406
2744
5418
329
473
1533
3799
866
2143
2342
3891
405
1743
3541
5432
3201
5226
5373
4823
458
607
3945
5776
3029
1412
4403
4809
2021
1158
2636
4639
2627
2807
666
5331
2983
110
3441
4996
2363
1446
224
3327
3899
5577
215
5457
3739
2795
885
3206
3179
5477
5911
5953
5495
5917
5923
5943
5913
5925
5946
2181
601
551
1989
482
4507
927
3788
4508
914
2219
3199
2792
2053
1531
506
465
4549
4729
1063
208
935
4047
3317
2969
4310
2128
1090
640
4726
1135
2446
4647
1398
2399
994
437
1534
4397
5678
5704
2201
5289
177
59
2433
2844
4033
5743
4288
1201
4705
4556
2578
1498
713
5116
4256
475
2371
4108
4546
5768
1065
740
408
4794
2125
3949
203
4119
2209
480
4676
5698
3753
264
3559
2226
3936
4690
3803
1692
3469
3192
774
298
1523
5228
3050
5910
2814
4410
1741
275
749
4562
4570
381
5235
5154
5644
2453
2476
1097
173
2261
5585
5301
2466
289
984
3673
2220
4328
586
1703
5246
1627
3827
5084
2681
5050
5142
5641
1422
5926
3908
87
4226
1920
5152
140
2526
582
3956
1911
997
415
1712
5699
959
2436
3371
1052
1493
4616
1022
5110
335
360
5106
3300
3162
5032
4174
401
865
2791
4662
2758
5036
5575
247
991
4516
3158
789
612
3280
5433
3113
2516
966
5593
3785
1007
1973
1071
1056
3640
2154
2247
2827
1687
1211
4857
4606
1685
3131
1601
3746
3915
5524
592
2552
5038
5428
2233
742
5376
2208
4814
4548
5514
2904
2612
5339
2657
519
1620
356
4868
2514
4866
2072
5212
1877
3952
4494
1779
5487
1345
3347
2522
1898
1038
4657
2640
3880
4213
1039
3895
1247
66
4423
5207
3053
2218
652
4831
3172
3786
1539
2993
5843
284
2170
3623
2431
4272
4102
2483
5864
600
2833
505
2724
5448
5010
3840
3435
5020
4350
5188
1491
5442
1996
3202
1780
2784
4776
1955
5680
2013
2689
734
355
2607
2923
2491
5073
3136
881
1184
1767
2606
2424
2326
3076
4298
448
2961
2888
1689
3247
4177
2922
4660
3043
3095
2463
1102
2919
3531
4807
439
1344
585
4689
1301
4693
5439
2646
1536
2074
2811
1775
1571
1032
1376
1550
3587
3773
5002
976
4652
3318
853
1050
1657
1367
191
60
2464
2290
4932
5416
2307
1530
590
2547
2477
4364
867
1098
3040
2924
2553
5496
3139
5642
165
4909
2369
5023
3396
3586
702
2977
4611
1366
840
1266
3410
3446
2583
4412
1458
4384
1200
2327
4485
291
5560
2413
292
1170
2005
620
726
3303
1694
4421
1276
2015
5766
1962
833
4212
4847
847
715
1263
863
1760
5112
1872
5559
3920
756
5054
1538
15
1681
887
4189
2948
2817
3937
141
2046
4079
2207
4244
4345
3780
1331
3909
4985
795
4621
3533
147
2110
4975
2813
5829
5557
4121
1435
1472
4160
5210
4586
2691
4354
3209
5659
804
1454
2204
792
2503
4281
3906
1069
1742
5220
5170
4097
1480
5381
1648
1991
2864
5193
4318
5270
1626
1330
5775
5849
3497
2868
2035
5255
1388
57
2136
143
999
890
2545
3278
631
2910
2721
3188
4366
2087
4753
1520
562
5888
5744
2595
5539
1314
2773
5851
5475
2858
574
4720
84
5040
369
2881
4341
2376
2049
206
1496
3776
4419
1586
1271
414
3615
882
5753
764
3870
1334
4417
2050
2631
4101
4711
2333
1109
4308
893
1017
3296
2883
5099
2990
2918
3861
307
5104
738
591
407
5507
971
1502
2396
183
5944
2078
1606
2971
1409
4294
1419
2587
517
5510
3384
793
3331
1859
5684
1893
282
4641
4216
5204
950
1976
5105
1805
3817
5403
3625
5349
1615
4994
662
361
1844
5867
4993
5396
3639
3244
1696
661
5137
3981
1164
160
3620
2723
3067
536
2546
2359
1112
855
5051
440
2633
3008
4917
3147
3528
2156
1921
337
3286
484
4215
1190
3285
2782
2532
623
2862
5724
1172
1547
2525
2127
271
4881
242
5177
455
2559
4709
262
5058
375
4739
1043
5515
4003
135
4547
1464
2624
2886
1342
5175
3
2223
642
4707
2710
4565
2637
1250
1642
573
33
735
2270
1145
178
131
424
2992
1295
5741
5845
1777
1838
5215
2818
2959
1471
2600
5705
5315
378
3946
3837
4112
5321
1787
5378
1104
644
3397
1752
3024
2560
1156
3564
4946
3758
2513
3149
2936
4687
3214
4439
1165
5473
4844
2119
3999
1776
876
5596
5603
4430
5118
5872
5229
2987
5323
4282
5141
5717
5853
260
913
2902
2917
2058
4259
1452
1770
3691
2177
690
5165
250
4498
2799
2382
31
2317
483
3508
138
2750
4658
4236
2211
3195
5714
2549
4876
2441
5391
745
2239
1734
304
3688
118
5640
3334
4804
3903
1569
1701
5568
2059
1020
2232
611
3252
2774
5411
4408
770
2042
2231
3704
4650
4144
3575
5471
1151
429
5156
1565
3420
5889
3629
5361
1882
5422
5824
1062
778
1774
4106
4227
3795
438
3801
1332
2508
126
2120
3914
1611
3175
4914
3260
4201
3464
36
5728
4096
4
190
241
645
5578
3681
1925
5747
1101
5334
1321
5348
5751
1246
343
2370
2485
798
3748
2047
2954
2509
1087
2257
28
2149
5646
5217
3326
5938
2843
2667
2324
4971
4008
5150
2400
3190
3084
2438
5581
4685
3362
5627
3256
2146
2871
4299
4659
3898
3853
2116
4925
227
5909
3734
791
3307
3993
5332
658
5928
507
1847
1319
3146
2632
3081
5132
5359
3072
3148
2426
1359
4736
3556
5341
1060
605
2715
2419
3056
2861
821
4348
2529
5244
2659
5127
5812
3466
4090
2392
1796
2695
4209
4240
2007
4319
2981
3487
1405
2092
811
5225
3261
4502
5030
5191
3171
3169
5687
5208
434
4596
974
5901
553
5320
2442
649
1256
5420
320
2527
3481
3426
1964
4344
1629
4359
1407
3436
5873
1139
5274
4085
1427
5241
1450
5893
5811
1192
4000
1826
248
1946
5114
5883
3976
5126
1483
1747
3609
788
4422
870
2775
3087
2338
3134
333
3129
3127
4865
5201
1716
2649
1210
2921
338
4482
4484
2330
5734
5224
1141
3467
382
5716
1766
1793
1095
417
2678
1808
4462
3507
4879
3447
1363
1362
5089
1587
5094
4401
5103
1322
4296
1315
5844
1619
4922
199
4918
210
211
3545
2408
239
244
1259
5158
1228
3590
1686
5881
1226
116
610
2253
4692
5401
4684
5296
629
2217
1451
5905
5673
3644
1467
3890
5919
2037
5543
2963
5647
1917
525
4452
4759
4752
948
3284
3808
2850
4046
3276
5360
2829
1869
498
3824
1382
4127
1387
2372
2790
132
4321
4320
3865
2312
736
2563
2169
2542
1492
2582
13
710
716
1771
1804
1803
4738
4744
1786
1784
4747
4749
4750
3542
1761
1758
4769
1753
1751
4773
1740
4780
1738
4782
1733
4783
4788
4790
1721
4733
1717
4732
1815
1880
1878
4694
1868
1867
1861
1858
1857
1853
1852
1849
1848
1845
1840
4716
4717
4718
1832
1831
1829
1827
1825
1824
4722
1817
1810
1885
1711
1708
3501
2709
4830
4829
5352
5353
5354
3818
4065
3061
2707
858
857
2706
3812
1643
3819
1638
1637
5335
888
4837
1630
883
1631
1632
5342
879
5343
877
1633
4832
1635
1636
1647
3810
5362
5363
1667
1668
4812
826
1673
824
3080
2694
3082
5383
1675
5385
1680
3085
4078
1666
1622
831
5374
4824
3809
761
905
904
5308
2486
4166
897
906
4168
5314
2978
4636
2980
4634
4170
5313
5304
5303
910
929
928
2966
926
5294
2967
2490
5297
5298
919
2489
916
915
5299
2970
5322
5291
5324
5329
4615
3013
3014
836
4178
4613
842
4609
2461
3021
3779
4182
3025
3777
3019
3011
3010
845
4631
5333
2991
3889
4071
5464
5463
694
3702
1563
1562
4068
2575
3044
5453
5452
688
2581
1543
3710
1542
5446
3712
1537
4059
3033
1532
3714
722
4840
1544
1568
685
684
2554
654
656
3071
1594
3685
3068
4799
3686
3687
5482
4081
1591
2556
2561
1582
672
3694
2564
1580
1579
2567
1573
3698
4815
5468
1570
3030
3386
5123
2738
1123
2735
1125
5115
1133
1138
5109
2727
1142
1144
3901
5100
2740
2718
5096
1162
5083
5082
5080
3916
5078
3918
1182
1183
3919
1185
1188
3921
3905
2697
5130
1100
2786
2785
1029
1033
1035
5183
1041
1044
3866
3867
3868
5167
1057
1061
5134
3873
5155
2759
3876
5149
1080
1081
1083
1085
3852
747
4225
757
2908
2906
4223
4222
4541
2229
2900
2898
4544
773
2892
3717
784
2884
794
3725
2879
802
2240
805
746
2873
744
4536
2205
2206
3664
3667
4239
2950
4521
5435
2935
5425
4526
4229
5417
5415
4228
4533
5410
5409
5408
731
733
737
5402
5399
810
2869
4557
5257
5253
2274
933
1658
4042
4850
472
3543
4040
5599
1404
4043
5597
1403
4853
5594
1401
4854
4858
485
478
2434
3540
4044
446
4053
2415
1430
452
1420
4841
466
2423
4843
3537
3538
460
461
4045
5608
456
1391
3551
1390
1346
523
4009
3003
1338
3571
1336
1348
1335
533
4902
4903
2472
537
5551
4907
3573
5566
4454
4280
4471
3480
2602
5651
3477
2596
389
1501
3855
5661
3472
4285
402
379
377
376
4464
5666
5668
370
2279
365
1488
3463
3461
1487
5682
3470
351
1019
5643
970
2065
4117
1526
1522
5159
3832
3499
5622
433
990
992
3496
1508
428
426
2617
4480
1001
420
1003
4107
5636
2609
2608
2267
1912
5626
2027
2026
4257
4490
2306
5005
3454
5003
2994
5001
5014
5000
2308
2310
2010
3443
3440
4025
2006
4990
3432
4024
2314
4264
3932
5015
4501
493
3523
3521
5052
1383
2286
1086
5046
5572
5573
5574
2029
5583
1705
2044
2295
1709
2296
4247
2297
2299
2300
5022
4504
5584
5549
4981
4456
1202
265
1609
5262
5278
5282
5290
2655
2656
2661
3654
3749
3647
3626
648
646
3610
2762
3601
602
3589
3636
3754
5221
5206
2389
2394
2395
2404
3883
5061
5064
5069
1016
2493
2512
2520
956
951
943
939
938
5198
3774
3581
3580
3579
2812
3366
268
5736
3361
254
253
5763
228
3337
225
222
3335
3329
4957
185
4450
4453
5800
3305
2538
3306
2187
181
2183
3313
2178
4582
2168
4314
1892
4313
2138
4324
167
4440
5821
1243
114
3111
4871
5855
124
3267
3099
1268
136
3272
3094
1274
1282
5831
4337
155
5826
4438
2137
4122
4125
3369
4173
542
4649
1961
5504
5506
1610
1970
2907
4560
1604
1603
1602
3986
2385
2384
2962
4938
2366
2358
2387
1650
1656
4965
3245
4357
3221
5915
3951
3374
293
4923
1440
4677
4129
1469
2081
4617
3985
4578
4916
3974
4566
312
1928
1927
1926
3132
4407
5707
35
5942
5927
3165
4386
2091
4597
2236
963
5394
5393
4232
2662
5390
637
364
363
362
2665
5389
349
1545
1292
3438
1697
1864
5658
5615
5430
2471
830
89
3682
4061
818
2111
4734
4796
1006
4974
3394
4701
5292
1213
1354
4020
4890
4543
1161
1874
868
3227
1595
1167
2284
1598
5139
5949
5018
5057
3872
5634
353
5045
345
2336
1028
1009
5041
2329
1575
3869
3800
3804
2412
5135
2831
918
2409
921
2406
462
4075
4772
5173
3217
524
103
3675
3031
95
3055
2259
3983
80
5614
1669
4063
2700
1351
3026
5834
1836
2932
5272
571
1821
1819
3591
5809
3599
159
4791
3357
2343
1794
3711
3933
634
5591
5582
4292
4896
1410
5567
421
816
4124
548
5254
450
3791
2894
1518
5692
3346
449
775
5145
3964
4249
3475
1111
1252
1757
2151
1107
4089
2776
2778
594
565
391
3513
2293
82
5312
3732
801
5326
3121
1655
785
3722
5234
2457
2465
2445
5268
5179
2488
3683
3737
5283
3677
2501
718
3672
709
2515
2517
697
686
2530
2480
732
839
3744
2264
1002
2273
2276
2288
975
3864
3859
945
944
3842
5860
776
4217
1737
4937
1998
5406
3931
2806
530
2000
3706
2142
1396
5878
72
2040
2757
5897
2752
2243
3380
1115
2221
1846
1797
216
2913
1180
3271
5172
862
2896
4269
4629
1546
3790
269
4080
4787
2172
1755
144
1456
1234
3789
979
2195
717
418
1312
5485
2062
949
1310
3597
4838
1128
621
4012
2024
5157
502
1251
5721
1798
5723
1971
3930
3954
3494
1788
1153
3263
2167
1785
5202
1802
3274
1254
4572
1833
4762
4625
1415
2139
4958
2642
255
2145
5702
4771
5706
3941
1439
2057
4775
4966
4571
1155
1058
5462
5178
3224
5004
2345
522
4861
2349
180
1506
526
5793
5794
2927
5797
168
4093
1381
4819
4183
3775
309
4667
5009
5513
3365
5761
74
3120
2780
4825
303
1554
5370
2038
1982
4283
3442
5604
3972
5771
1835
2435
5190
4936
3886
2763
5806
5635
3630
5196
2764
3733
1357
5835
2019
3627
1327
3210
1231
106
4086
5404
5862
5016
1513
1122
4580
3633
4131
4153
5544
1374
4402
1118
4404
5447
2391
2685
1795
4740
561
3643
1091
2238
3042
2711
2693
4735
334
4741
1866
1841
3375
2722
5613
4435
324
2690
383
1881
3392
4147
1241
4142
1891
1894
3406
5550
1222
4785
4159
4192
1306
3332
3170
4554
4316
1713
3203
1719
1722
5774
5773
1736
3229
3237
221
2816
1371
1772
4643
2798
4665
4675
412
2768
4969
4220
4691
2739
3560
2736
5347
302
2972
3994
5413
5624
4921
1070
545
4493
5128
2192
3926
903
4365
5251
139
917
1465
720
1008
2347
4589
700
2130
1706
675
2835
3106
891
2985
1277
4468
469
2544
841
1130
2548
1900
14
1204
1937
2598
2996
2523
520
4001
4461
2671
2672
4869
4476
3566
3568
5366
4998
2070
614
3584
3912
2104
931
1677
3164
674
3565
2129
1649
5828
3126
5841
5093
5848
875
5852
98
3093
4524
4387
4388
3142
5121
2767
5386
2590
2584
4851
5526
1136
2580
2579
4833
2570
4056
4048
1948
2541
4683
3457
3465
4919
1218
5426
5423
3969
5669
4199
3530
4205
558
388
2952
593
2945
2197
1084
2746
431
3414
58
3049
3051
4530
4392
894
2484
4330
2322
667
4367
850
3823
1855
4492
1557
954
5216
5189
5182
1887
4457
4270
2997
4444
4441
1896
3740
570
2588
1564
