0.70141343
0.57420495
0.55300353
0.53533569
0.52650177
0.51501767
0.50706714
0.49734982
0.48409894
0.47261484
0.46289753
0.45759717
0.44787986
0.43992933
0.43992933
0.43109541
0.40194346
0.38515901
0.38074205
0.37367491
0.35335689
0.34805654
0.34452297
0.33745583
0.32243816
0.31448763
0.29505300
0.28091873
0.27208481
0.26148410
0.25441696
0.24293286
0.23233216
0.21731449
0.20318021
0.20318021
0.19434629
0.15282686
0.14310954
0.13692580
0.11219081
0.11219081
0.09982332
0.09982332
0.09363958
0.06802120
0.06802120
0.06802120
0.06802120
0.02385159
0.02385159
0.01943463
0.01943463
0.01943463
0.01943463
0.01943463
0.01943463
0.01943463
0.01943463
0.01943463
0.01943463
0.01943463
0.01943463
0.01943463
0.01943463
0.01943463
0.01590106
0.01590106
0.01590106
0.01590106
0.01060071
0.01060071
0.01060071
0.01060071
0.01060071
0.01060071
0.01060071
0.01060071
0.00971731
0.00971731
0.00971731
0.00971731
0.00971731
0.00971731
0.00971731
0.00706714
0.00706714
0.00706714
0.00706714
0.00530035
0.00530035
0.00530035
0.00530035
0.00530035
0.00530035
0.00530035
0.00530035
0.00530035
0.00530035
0.00530035
0.00530035
0.00530035
0.00530035
0.00530035
0.00530035
0.00530035
0.00530035
0.00530035
0.00530035
0.00530035
0.00530035
0.00353357
0.00353357
0.00353357
0.00353357
0.00353357
0.00353357
0.00353357
0.00353357
0.00353357
0.00353357
0.00353357
0.00353357
0.00353357
0.00353357
0.00353357
0.00353357
0.00353357
0.00353357
0.00353357
0.00353357
0.00353357
0.00353357
0.00353357
0.00353357
0.00353357
0.00353357
0.00353357
0.00353357
0.00353357
0.00265018
0.00265018
0.00265018
0.00265018
0.00265018
0.00265018
0.00265018
0.00265018
0.00265018
0.00265018
0.00265018
0.00265018
0.00265018
0.00265018
0.00265018
0.00265018
0.00265018
0.00265018
0.00265018
0.00265018
0.00265018
0.00265018
0.00265018
0.00265018
0.00265018
0.00265018
0.00265018
0.00265018
0.00265018
0.00265018
0.00265018
0.00265018
0.00265018
0.00265018
0.00265018
0.00265018
0.00265018
0.00265018
0.00265018
0.00265018
0.00265018
0.00265018
0.00265018
0.00265018
0.00265018
0.00265018
0.00265018
0.00265018
0.00265018
0.00265018
0.00265018
0.00265018
0.00265018
0.00265018
0.00265018
0.00265018
0.00265018
0.00265018
0.00265018
0.00265018
0.00265018
0.00265018
0.00265018
0.00265018
0.00265018
0.00265018
0.00265018
0.00265018
0.00265018
0.00265018
0.00265018
0.00265018
0.00265018
0.00265018
0.00265018
0.00265018
0.00265018
0.00265018
0.00265018
0.00265018
0.00265018
0.00265018
0.00265018
0.00265018
0.00265018
0.00265018
0.00265018
0.00265018
0.00265018
0.00265018
0.00265018
0.00265018
0.00265018
0.00265018
0.00265018
0.00265018
0.00265018
0.00265018
0.00265018
0.00265018
0.00265018
0.00265018
0.00265018
0.00265018
0.00265018
0.00265018
0.00265018
0.00265018
0.00265018
0.00265018
0.00265018
0.00265018
0.00265018
0.00265018
0.00265018
0.00265018
0.00265018
0.00265018
0.00265018
0.00265018
0.00265018
0.00265018
0.00265018
0.00265018
0.00265018
0.00265018
0.00265018
0.00265018
0.00265018
0.00265018
0.00265018
0.00265018
0.00265018
0.00265018
0.00265018
0.00265018
0.00265018
0.00265018
0.00265018
0.00265018
0.00265018
0.00265018
0.00265018
0.00265018
0.00265018
0.00265018
0.00265018
0.00265018
0.00265018
0.00265018
0.00265018
0.00265018
0.00265018
0.00265018
0.00265018
0.00265018
0.00265018
0.00265018
0.00265018
0.00265018
0.00265018
0.00265018
0.00265018
0.00265018
0.00265018
0.00265018
0.00265018
0.00265018
0.00265018
0.00265018
0.00265018
0.00265018
0.00265018
0.00265018
0.00265018
0.00265018
0.00265018
0.00265018
0.00265018
0.00265018
0.00265018
0.00265018
0.00265018
0.00265018
0.00265018
0.00265018
0.00265018
0.00265018
0.00265018
0.00265018
0.00265018
0.00265018
0.00265018
0.00265018
0.00265018
0.00265018
0.00265018
0.00265018
0.00265018
0.00265018
0.00265018
0.00265018
0.00265018
0.00265018
0.00265018
0.00265018
0.00265018
0.00265018
0.00265018
0.00265018
0.00265018
0.00265018
0.00265018
0.00265018
0.00265018
0.00265018
0.00265018
0.00265018
0.00265018
0.00265018
0.00265018
0.00265018
0.00265018
0.00265018
0.00265018
0.00265018
0.00265018
0.00265018
0.00265018
0.00265018
0.00265018
0.00265018
0.00265018
0.00265018
0.00265018
0.00265018
0.00265018
0.00265018
0.00265018
0.00265018
0.00265018
0.00265018
0.00265018
0.00265018
0.00265018
0.00265018
0.00265018
0.00265018
0.00265018
0.00265018
0.00265018
0.00265018
0.00265018
0.00265018
0.00265018
0.00265018
0.00265018
0.00265018
0.00265018
0.00265018
0.00265018
0.00265018
0.00265018
0.00265018
0.00265018
0.00265018
0.00265018
0.00265018
0.00265018
0.00265018
0.00265018
0.00265018
0.00265018
0.00265018
0.00265018
0.00265018
0.00265018
0.00265018
0.00265018
0.00265018
0.00265018
0.00265018
0.00265018
0.00265018
0.00265018
0.00265018
0.00265018
0.00265018
0.00265018
0.00265018
0.00265018
0.00265018
0.00265018
0.00265018
0.00265018
0.00265018
0.00265018
0.00265018
0.00265018
0.00176678
0.00176678
0.00176678
0.00176678
0.00176678
0.00176678
0.00088339
0.00088339
0.00088339
0.00088339
0.00088339
0.00088339
0.00088339
0.00088339
0.00088339
0.00088339
0.00088339
0.00088339
0.00088339
0.00088339
0.00088339
0.00088339
0.00088339
0.00088339
0.00088339
0.00088339
0.00088339
0.00088339
0.00088339
0.00088339
0.00088339
0.00088339
0.00088339
0.00088339
0.00088339
0.00088339
0.00088339
0.00088339
0.00088339
0.00088339
0.00088339
0.00088339
0.00088339
0.00088339
0.00088339
0.00088339
0.00088339
0.00088339
0.00088339
0.00088339
0.00088339
0.00088339
0.00088339
0.00088339
0.00088339
0.00088339
0.00088339
0.00088339
0.00088339
0.00088339
0.00088339
0.00088339
0.00088339
0.00088339
0.00088339
0.00088339
0.00088339
0.00088339
0.00088339
0.00088339
0.00088339
0.00088339
0.00088339
0.00088339
0.00088339
0.00088339
0.00088339
0.00088339
0.00088339
0.00088339
0.00088339
0.00088339
0.00088339
0.00088339
0.00088339
0.00088339
0.00088339
0.00088339
0.00088339
0.00088339
0.00088339
0.00088339
0.00088339
0.00088339
0.00088339
0.00088339
0.00088339
0.00088339
0.00088339
0.00088339
0.00088339
0.00088339
0.00088339
0.00088339
0.00088339
0.00088339
0.00088339
0.00088339
0.00088339
0.00088339
0.00088339
0.00088339
0.00088339
0.00088339
0.00088339
0.00088339
0.00088339
0.00088339
0.00088339
0.00088339
0.00088339
0.00088339
0.00088339
0.00088339
0.00088339
0.00088339
0.00088339
0.00088339
0.00088339
0.00088339
0.00088339
0.00088339
0.00088339
0.00088339
0.00088339
0.00088339
0.00088339
0.00088339
0.00088339
0.00088339
0.00088339
0.00088339
0.00088339
0.00088339
0.00088339
0.00088339
0.00088339
0.00088339
0.00088339
0.00088339
0.00088339
0.00088339
0.00088339
0.00088339
0.00088339
0.00088339
0.00088339
0.00088339
0.00088339
0.00088339
0.00088339
0.00088339
0.00088339
0.00088339
0.00088339
0.00088339
0.00088339
0.00088339
0.00088339
0.00088339
0.00088339
0.00088339
0.00088339
0.00088339
0.00088339
0.00088339
0.00088339
0.00088339
0.00088339
0.00088339
0.00088339
0.00088339
0.00088339
0.00088339
0.00088339
0.00088339
0.00088339
0.00088339
0.00088339
0.00088339
0.00088339
0.00088339
0.00088339
0.00088339
0.00088339
0.00088339
0.00088339
0.00088339
0.00088339
0.00088339
0.00088339
0.00088339
0.00088339
0.00088339
0.00088339
0.00088339
0.00088339
0.00088339
0.00088339
0.00088339
0.00088339
0.00088339
0.00088339
0.00088339
0.00088339
0.00088339
0.00088339
0.00088339
0.00088339
0.00088339
0.00088339
0.00088339
0.00088339
0.00088339
0.00088339
0.00088339
0.00088339
0.00088339
0.00088339
0.00088339
0.00088339
0.00088339
0.00088339
0.00088339
0.00088339
0.00088339
0.00088339
0.00088339
0.00088339
0.00088339
0.00088339
0.00088339
0.00088339
0.00088339
0.00088339
0.00088339
0.00088339
0.00088339
0.00088339
0.00088339
0.00088339
0.00088339
0.00088339
0.00088339
0.00088339
0.00088339
0.00088339
0.00088339
0.00088339
0.00088339
0.00088339
0.00088339
0.00088339
0.00088339
0.00088339
0.00088339
0.00088339
0.00088339
0.00088339
0.00088339
0.00088339
0.00088339
0.00088339
0.00088339
0.00088339
0.00088339
0.00088339
0.00088339
0.00088339
0.00088339
0.00088339
0.00088339
0.00088339
0.00088339
0.00088339
0.00088339
0.00088339
0.00088339
0.00088339
0.00088339
0.00088339
0.00088339
0.00088339
0.00088339
0.00088339
0.00088339
0.00088339
0.00088339
0.00088339
0.00088339
0.00088339
0.00088339
0.00088339
0.00088339
0.00088339
0.00088339
0.00088339
0.00088339
0.00088339
0.00088339
0.00088339
0.00088339
0.00088339
0.00088339
0.00088339
0.00088339
0.00088339
0.00088339
0.00088339
0.00088339
0.00088339
0.00088339
0.00088339
0.00088339
0.00088339
0.00088339
0.00088339
0.00088339
0.00088339
0.00088339
0.00088339
0.00088339
0.00088339
0.00088339
0.00088339
0.00088339
0.00088339
0.00088339
0.00088339
0.00088339
0.00088339
0.00088339
0.00088339
0.00088339
0.00088339
0.00088339
0.00088339
0.00088339
0.00088339
0.00088339
0.00088339
0.00088339
0.00088339
0.00088339
0.00088339
0.00088339
0.00088339
0.00088339
0.00088339
0.00088339
0.00088339
0.00088339
0.00088339
0.00088339
0.00088339
0.00088339
0.00088339
0.00088339
0.00088339
0.00088339
0.00088339
0.00088339
0.00088339
0.00088339
0.00088339
0.00088339
0.00088339
0.00088339
0.00088339
0.00088339
0.00088339
0.00088339
0.00088339
0.00088339
0.00088339
0.00088339
0.00088339
0.00088339
0.00088339
0.00088339
0.00088339
0.00088339
0.00088339
0.00088339
0.00088339
0.00088339
0.00088339
0.00088339
0.00088339
0.00088339
0.00088339
0.00088339
0.00088339
0.00088339
0.00088339
0.00088339
0.00088339
0.00088339
0.00088339
0.00088339
0.00088339
0.00088339
0.00088339
0.00088339
0.00088339
0.00088339
0.00088339
0.00088339
0.00088339
0.00088339
0.00088339
0.00088339
0.00088339
0.00088339
0.00088339
0.00088339
0.00088339
0.00088339
0.00088339
0.00088339
0.00088339
0.00088339
0.00088339
0.00088339
0.00088339
0.00088339
0.00088339
0.00088339
0.00088339
0.00088339
0.00088339
0.00088339
0.00088339
0.00088339
0.00088339
0.00088339
0.00088339
0.00088339
0.00088339
0.00088339
0.00088339
0.00088339
0.00088339
0.00088339
0.00088339
0.00088339
0.00088339
0.00088339
0.00088339
0.00088339
0.00088339
0.00088339
0.00088339
0.00088339
0.00088339
0.00088339
0.00088339
0.00088339
0.00088339
0.00088339
0.00088339
0.00088339
0.00088339
0.00088339
0.00088339
0.00088339
0.00088339
0.00088339
0.00088339
0.00088339
0.00088339
0.00088339
0.00088339
0.00088339
0.00088339
0.00088339
0.00088339
0.00088339
0.00088339
0.00088339
0.00088339
0.00088339
0.00088339
0.00088339
0.00088339
0.00088339
0.00088339
0.00088339
0.00088339
0.00088339
0.00088339
0.00088339
0.00088339
0.00088339
0.00088339
0.00088339
0.00088339
0.00088339
0.00088339
0.00088339
0.00088339
0.00088339
0.00088339
0.00088339
0.00088339
0.00088339
0.00088339
0.00088339
0.00088339
0.00088339
0.00088339
0.00088339
0.00088339
0.00088339
0.00088339
0.00088339
0.00088339
0.00088339
0.00088339
0.00088339
0.00088339
0.00088339
0.00088339
0.00088339
0.00088339
0.00088339
0.00088339
0.00088339
0.00088339
0.00088339
0.00088339
0.00088339
0.00088339
0.00088339
0.00088339
0.00088339
0.00088339
0.00088339
0.00088339
0.00088339
0.00088339
0.00088339
0.00088339
0.00088339
0.00088339
0.00088339
0.00088339
0.00088339
0.00088339
0.00088339
0.00088339
0.00088339
0.00088339
0.00088339
0.00088339
0.00088339
0.00088339
0.00088339
0.00088339
0.00088339
0.00088339
0.00088339
0.00088339
0.00088339
0.00088339
0.00088339
0.00088339
0.00088339
0.00088339
0.00088339
0.00088339
0.00088339
0.00088339
0.00088339
0.00088339
0.00088339
0.00088339
0.00088339
0.00088339
0.00088339
0.00088339
0.00088339
0.00088339
0.00088339
0.00088339
0.00088339
0.00088339
0.00088339
0.00088339
0.00088339
0.00088339
0.00088339
0.00088339
0.00088339
0.00088339
0.00088339
0.00088339
0.00088339
0.00088339
0.00088339
0.00088339
0.00088339
0.00088339
0.00088339
0.00088339
0.00088339
0.00088339
0.00088339
0.00088339
0.00088339
0.00088339
0.00088339
0.00088339
0.00088339
0.00088339
0.00088339
0.00088339
0.00088339
0.00088339
0.00088339
0.00088339
0.00088339
0.00088339
0.00088339
0.00088339
0.00088339
0.00088339
0.00088339
0.00088339
0.00088339
0.00088339
0.00088339
0.00088339
0.00088339
0.00088339
0.00088339
0.00088339
0.00088339
0.00088339
0.00088339
0.00088339
0.00088339
0.00088339
0.00088339
0.00088339
0.00088339
0.00088339
0.00088339
0.00088339
0.00088339
0.00088339
0.00088339
0.00088339
0.00088339
0.00088339
0.00088339
0.00088339
0.00088339
0.00088339
0.00088339
0.00088339
0.00088339
0.00088339
0.00088339
0.00088339
0.00088339
0.00088339
0.00088339
0.00088339
0.00088339
0.00088339
0.00088339
0.00088339
0.00088339
0.00088339
0.00088339
0.00088339
0.00088339
0.00088339
0.00088339
0.00088339
0.00088339
0.00088339
