0.85172872
0.81449468
0.79388298
0.77792553
0.76196809
0.73736702
0.71742021
0.70212766
0.68683511
0.67353723
0.66622340
0.65558511
0.65159574
0.64627660
0.64029255
0.63297872
0.62433511
0.61835106
0.60904255
0.60372340
0.60039894
0.59441489
0.58311170
0.58111702
0.57446809
0.56781915
0.56715426
0.55984043
0.55452128
0.54853723
0.54454787
0.53989362
0.53590426
0.52593085
0.52593085
0.52460106
0.52061170
0.51728723
0.51462766
0.51130319
0.50731383
0.50465426
0.50066489
0.49734043
0.49202128
0.48869681
0.48603723
0.48204787
0.47739362
0.47539894
0.46941489
0.46875000
0.46609043
0.46343085
0.46077128
0.45744681
0.45079787
0.44680851
0.44015957
0.43617021
0.43351064
0.42619681
0.41888298
0.41090426
0.40625000
0.40226064
0.39893617
0.39694149
0.39095745
0.38962766
0.38497340
0.37101064
0.36502660
0.35904255
0.35438830
0.34574468
0.34109043
0.34042553
0.33178191
0.32579787
0.31914894
0.31648936
0.31183511
0.30851064
0.30053191
0.29720745
0.29321809
0.29188830
0.28789894
0.28590426
0.27925532
0.27260638
0.26728723
0.26329787
0.25997340
0.18882979
0.17619681
0.12632979
0.11901596
0.08444149
0.08444149
0.07513298
0.06781915
0.06781915
0.06781915
0.06781915
0.06781915
0.04255319
0.04255319
0.03723404
0.03125000
0.03125000
0.03125000
0.03125000
0.03125000
0.03125000
0.03125000
0.02393617
0.02393617
0.02393617
0.02393617
0.02393617
0.02393617
0.02393617
0.02260638
0.02260638
0.02260638
0.01728723
0.01728723
0.01396277
0.01396277
0.01396277
0.01396277
0.01063830
0.01063830
0.01063830
0.01063830
0.01063830
0.01063830
0.01063830
0.01063830
0.01063830
0.01063830
0.01063830
0.01063830
0.01063830
0.01063830
0.01063830
0.01063830
0.01063830
0.01063830
0.00797872
0.00797872
0.00797872
0.00797872
0.00797872
0.00797872
0.00598404
0.00598404
0.00598404
0.00598404
0.00598404
0.00598404
0.00598404
0.00598404
0.00598404
0.00598404
0.00598404
0.00465426
0.00465426
0.00465426
0.00465426
0.00465426
0.00465426
0.00465426
0.00465426
0.00465426
0.00465426
0.00465426
0.00465426
0.00465426
0.00465426
0.00465426
0.00465426
0.00465426
0.00465426
0.00465426
0.00465426
0.00465426
0.00465426
0.00465426
0.00465426
0.00465426
0.00398936
0.00265957
0.00265957
0.00265957
0.00265957
0.00265957
0.00265957
0.00265957
0.00265957
0.00265957
0.00265957
0.00265957
0.00265957
0.00265957
0.00265957
0.00265957
0.00265957
0.00265957
0.00265957
0.00265957
0.00265957
0.00265957
0.00265957
0.00265957
0.00265957
0.00265957
0.00265957
0.00265957
0.00265957
0.00265957
0.00265957
0.00199468
0.00199468
0.00199468
0.00199468
0.00199468
0.00199468
0.00199468
0.00199468
0.00199468
0.00199468
0.00199468
0.00199468
0.00199468
0.00199468
0.00199468
0.00199468
0.00199468
0.00199468
0.00199468
0.00199468
0.00199468
0.00199468
0.00199468
0.00199468
0.00199468
0.00199468
0.00199468
0.00199468
0.00199468
0.00199468
0.00199468
0.00199468
0.00199468
0.00199468
0.00199468
0.00199468
0.00199468
0.00199468
0.00199468
0.00199468
0.00199468
0.00199468
0.00199468
0.00199468
0.00199468
0.00199468
0.00199468
0.00199468
0.00199468
0.00199468
0.00199468
0.00199468
0.00199468
0.00199468
0.00199468
0.00199468
0.00199468
0.00199468
0.00199468
0.00199468
0.00199468
0.00199468
0.00199468
0.00199468
0.00199468
0.00199468
0.00199468
0.00199468
0.00199468
0.00199468
0.00199468
0.00199468
0.00199468
0.00199468
0.00199468
0.00199468
0.00199468
0.00199468
0.00199468
0.00199468
0.00199468
0.00199468
0.00199468
0.00199468
0.00199468
0.00199468
0.00199468
0.00199468
0.00199468
0.00199468
0.00199468
0.00199468
0.00199468
0.00199468
0.00199468
0.00199468
0.00199468
0.00199468
0.00199468
0.00199468
0.00199468
0.00199468
0.00199468
0.00199468
0.00199468
0.00199468
0.00199468
0.00199468
0.00199468
0.00199468
0.00199468
0.00199468
0.00199468
0.00199468
0.00199468
0.00199468
0.00199468
0.00199468
0.00199468
0.00199468
0.00199468
0.00199468
0.00199468
0.00199468
0.00199468
0.00199468
0.00199468
0.00199468
0.00199468
0.00199468
0.00199468
0.00199468
0.00199468
0.00199468
0.00199468
0.00199468
0.00199468
0.00199468
0.00199468
0.00199468
0.00199468
0.00199468
0.00199468
0.00199468
0.00199468
0.00199468
0.00199468
0.00199468
0.00199468
0.00199468
0.00199468
0.00199468
0.00199468
0.00199468
0.00199468
0.00199468
0.00199468
0.00199468
0.00199468
0.00199468
0.00199468
0.00199468
0.00199468
0.00199468
0.00199468
0.00199468
0.00199468
0.00199468
0.00199468
0.00199468
0.00199468
0.00199468
0.00199468
0.00199468
0.00199468
0.00199468
0.00199468
0.00199468
0.00199468
0.00199468
0.00199468
0.00199468
0.00199468
0.00199468
0.00199468
0.00199468
0.00199468
0.00199468
0.00199468
0.00199468
0.00199468
0.00199468
0.00199468
0.00199468
0.00199468
0.00199468
0.00199468
0.00199468
0.00199468
0.00199468
0.00199468
0.00199468
0.00199468
0.00199468
0.00199468
0.00199468
0.00199468
0.00199468
0.00199468
0.00199468
0.00199468
0.00199468
0.00199468
0.00199468
0.00199468
0.00199468
0.00199468
0.00199468
0.00199468
0.00199468
0.00199468
0.00199468
0.00199468
0.00199468
0.00199468
0.00199468
0.00199468
0.00199468
0.00199468
0.00199468
0.00199468
0.00199468
0.00199468
0.00199468
0.00199468
0.00199468
0.00199468
0.00199468
0.00199468
0.00199468
0.00199468
0.00199468
0.00199468
0.00199468
0.00199468
0.00199468
0.00199468
0.00199468
0.00199468
0.00199468
0.00199468
0.00199468
0.00199468
0.00199468
0.00199468
0.00199468
0.00199468
0.00199468
0.00199468
0.00199468
0.00199468
0.00199468
0.00199468
0.00199468
0.00199468
0.00199468
0.00199468
0.00199468
0.00199468
0.00199468
0.00199468
0.00199468
0.00199468
0.00199468
0.00199468
0.00199468
0.00199468
0.00199468
0.00199468
0.00199468
0.00199468
0.00199468
0.00199468
0.00199468
0.00199468
0.00199468
0.00199468
0.00199468
0.00199468
0.00199468
0.00199468
0.00199468
0.00199468
0.00199468
0.00199468
0.00199468
0.00199468
0.00199468
0.00199468
0.00199468
0.00199468
0.00199468
0.00199468
0.00199468
0.00199468
0.00199468
0.00199468
0.00199468
0.00199468
0.00199468
0.00199468
0.00199468
0.00199468
0.00199468
0.00199468
0.00199468
0.00199468
0.00199468
0.00199468
0.00199468
0.00199468
0.00199468
0.00199468
0.00199468
0.00199468
0.00199468
0.00199468
0.00199468
0.00199468
0.00199468
0.00199468
0.00199468
0.00199468
0.00199468
0.00199468
0.00199468
0.00199468
0.00199468
0.00199468
0.00199468
0.00199468
0.00199468
0.00199468
0.00199468
0.00199468
0.00199468
0.00199468
0.00199468
0.00199468
0.00199468
0.00199468
0.00199468
0.00199468
0.00199468
0.00199468
0.00199468
0.00199468
0.00199468
0.00199468
0.00199468
0.00199468
0.00199468
0.00199468
0.00199468
0.00199468
0.00199468
0.00199468
0.00199468
0.00199468
0.00199468
0.00199468
0.00199468
0.00199468
0.00199468
0.00199468
0.00132979
0.00132979
0.00066489
0.00066489
0.00066489
0.00066489
0.00066489
0.00066489
0.00066489
0.00066489
0.00066489
0.00066489
0.00066489
0.00066489
0.00066489
0.00066489
0.00066489
0.00066489
0.00066489
0.00066489
0.00066489
0.00066489
0.00066489
0.00066489
0.00066489
0.00066489
0.00066489
0.00066489
0.00066489
0.00066489
0.00066489
0.00066489
0.00066489
0.00066489
0.00066489
0.00066489
0.00066489
0.00066489
0.00066489
0.00066489
0.00066489
0.00066489
0.00066489
0.00066489
0.00066489
0.00066489
0.00066489
0.00066489
0.00066489
0.00066489
0.00066489
0.00066489
0.00066489
0.00066489
0.00066489
0.00066489
0.00066489
0.00066489
0.00066489
0.00066489
0.00066489
0.00066489
0.00066489
0.00066489
0.00066489
0.00066489
0.00066489
0.00066489
0.00066489
0.00066489
0.00066489
0.00066489
0.00066489
0.00066489
0.00066489
0.00066489
0.00066489
0.00066489
0.00066489
0.00066489
0.00066489
0.00066489
0.00066489
0.00066489
0.00066489
0.00066489
0.00066489
0.00066489
0.00066489
0.00066489
0.00066489
0.00066489
0.00066489
0.00066489
0.00066489
0.00066489
0.00066489
0.00066489
0.00066489
0.00066489
0.00066489
0.00066489
0.00066489
0.00066489
0.00066489
0.00066489
0.00066489
0.00066489
0.00066489
0.00066489
0.00066489
0.00066489
0.00066489
0.00066489
0.00066489
0.00066489
0.00066489
0.00066489
0.00066489
0.00066489
0.00066489
0.00066489
0.00066489
0.00066489
0.00066489
0.00066489
0.00066489
0.00066489
0.00066489
0.00066489
0.00066489
0.00066489
0.00066489
0.00066489
0.00066489
0.00066489
0.00066489
0.00066489
0.00066489
0.00066489
0.00066489
0.00066489
0.00066489
0.00066489
0.00066489
0.00066489
0.00066489
0.00066489
0.00066489
0.00066489
0.00066489
0.00066489
0.00066489
0.00066489
0.00066489
0.00066489
0.00066489
0.00066489
0.00066489
0.00066489
0.00066489
0.00066489
0.00066489
0.00066489
0.00066489
0.00066489
0.00066489
0.00066489
0.00066489
0.00066489
0.00066489
0.00066489
0.00066489
0.00066489
0.00066489
0.00066489
0.00066489
0.00066489
0.00066489
0.00066489
0.00066489
0.00066489
0.00066489
0.00066489
0.00066489
0.00066489
0.00066489
0.00066489
0.00066489
0.00066489
0.00066489
0.00066489
0.00066489
0.00066489
0.00066489
0.00066489
0.00066489
0.00066489
0.00066489
0.00066489
0.00066489
0.00066489
0.00066489
0.00066489
0.00066489
0.00066489
0.00066489
0.00066489
0.00066489
0.00066489
0.00066489
0.00066489
0.00066489
0.00066489
0.00066489
0.00066489
0.00066489
0.00066489
0.00066489
0.00066489
0.00066489
0.00066489
0.00066489
0.00066489
0.00066489
0.00066489
0.00066489
0.00066489
0.00066489
0.00066489
0.00066489
0.00066489
0.00066489
0.00066489
0.00066489
0.00066489
0.00066489
0.00066489
0.00066489
0.00066489
0.00066489
0.00066489
0.00066489
0.00066489
0.00066489
0.00066489
0.00066489
0.00066489
0.00066489
0.00066489
0.00066489
0.00066489
0.00066489
0.00066489
0.00066489
0.00066489
0.00066489
0.00066489
0.00066489
0.00066489
0.00066489
0.00066489
0.00066489
0.00066489
0.00066489
0.00066489
0.00066489
0.00066489
0.00066489
0.00066489
0.00066489
0.00066489
0.00066489
0.00066489
0.00066489
0.00066489
0.00066489
0.00066489
0.00066489
0.00066489
0.00066489
0.00066489
0.00066489
0.00066489
0.00066489
0.00066489
0.00066489
0.00066489
0.00066489
0.00066489
0.00066489
0.00066489
0.00066489
0.00066489
0.00066489
0.00066489
0.00066489
0.00066489
0.00066489
0.00066489
0.00066489
0.00066489
0.00066489
0.00066489
0.00066489
0.00066489
0.00066489
0.00066489
0.00066489
0.00066489
0.00066489
0.00066489
0.00066489
0.00066489
0.00066489
0.00066489
0.00066489
0.00066489
0.00066489
0.00066489
0.00066489
0.00066489
0.00066489
0.00066489
0.00066489
0.00066489
0.00066489
0.00066489
0.00066489
0.00066489
0.00066489
0.00066489
0.00066489
0.00066489
0.00066489
0.00066489
0.00066489
0.00066489
0.00066489
0.00066489
0.00066489
0.00066489
0.00066489
0.00066489
0.00066489
0.00066489
0.00066489
0.00066489
0.00066489
0.00066489
0.00066489
0.00066489
0.00066489
0.00066489
0.00066489
0.00066489
0.00066489
0.00066489
0.00066489
0.00066489
0.00066489
0.00066489
0.00066489
0.00066489
0.00066489
0.00066489
0.00066489
0.00066489
0.00066489
0.00066489
0.00066489
0.00066489
0.00066489
0.00066489
0.00066489
0.00066489
0.00066489
0.00066489
0.00066489
0.00066489
0.00066489
0.00066489
0.00066489
0.00066489
0.00066489
0.00066489
0.00066489
0.00066489
0.00066489
0.00066489
0.00066489
0.00066489
0.00066489
0.00066489
0.00066489
0.00066489
0.00066489
0.00066489
0.00066489
0.00066489
0.00066489
0.00066489
0.00066489
0.00066489
0.00066489
0.00066489
0.00066489
0.00066489
0.00066489
0.00066489
0.00066489
0.00066489
0.00066489
0.00066489
0.00066489
0.00066489
0.00066489
0.00066489
0.00066489
0.00066489
0.00066489
0.00066489
0.00066489
0.00066489
0.00066489
0.00066489
0.00066489
0.00066489
0.00066489
0.00066489
0.00066489
0.00066489
0.00066489
0.00066489
0.00066489
0.00066489
0.00066489
0.00066489
0.00066489
0.00066489
0.00066489
0.00066489
0.00066489
0.00066489
0.00066489
0.00066489
0.00066489
0.00066489
0.00066489
0.00066489
0.00066489
0.00066489
0.00066489
0.00066489
0.00066489
0.00066489
0.00066489
0.00066489
0.00066489
0.00066489
0.00066489
0.00066489
0.00066489
0.00066489
0.00066489
0.00066489
0.00066489
0.00066489
0.00066489
0.00066489
0.00066489
0.00066489
0.00066489
0.00066489
0.00066489
0.00066489
0.00066489
0.00066489
0.00066489
0.00066489
0.00066489
0.00066489
0.00066489
0.00066489
0.00066489
0.00066489
0.00066489
0.00066489
0.00066489
0.00066489
0.00066489
0.00066489
0.00066489
0.00066489
0.00066489
0.00066489
0.00066489
0.00066489
0.00066489
0.00066489
0.00066489
0.00066489
0.00066489
0.00066489
0.00066489
0.00066489
0.00066489
0.00066489
0.00066489
0.00066489
0.00066489
0.00066489
0.00066489
0.00066489
0.00066489
0.00066489
0.00066489
0.00066489
0.00066489
0.00066489
0.00066489
0.00066489
0.00066489
0.00066489
0.00066489
0.00066489
0.00066489
0.00066489
0.00066489
0.00066489
0.00066489
0.00066489
0.00066489
0.00066489
0.00066489
0.00066489
0.00066489
0.00066489
0.00066489
0.00066489
0.00066489
0.00066489
0.00066489
0.00066489
0.00066489
0.00066489
0.00066489
0.00066489
0.00066489
0.00066489
0.00066489
0.00066489
0.00066489
0.00066489
0.00066489
0.00066489
0.00066489
0.00066489
0.00066489
0.00066489
0.00066489
0.00066489
0.00066489
0.00066489
0.00066489
0.00066489
0.00066489
0.00066489
0.00066489
0.00066489
0.00066489
0.00066489
0.00066489
0.00066489
0.00066489
0.00066489
0.00066489
0.00066489
0.00066489
0.00066489
0.00066489
0.00066489
0.00066489
0.00066489
0.00066489
0.00066489
0.00066489
0.00066489
0.00066489
0.00066489
0.00066489
0.00066489
0.00066489
0.00066489
0.00066489
0.00066489
0.00066489
0.00066489
0.00066489
0.00066489
0.00066489
0.00066489
0.00066489
0.00066489
0.00066489
0.00066489
0.00066489
0.00066489
0.00066489
0.00066489
0.00066489
0.00066489
0.00066489
0.00066489
0.00066489
0.00066489
0.00066489
0.00066489
0.00066489
0.00066489
0.00066489
0.00066489
0.00066489
0.00066489
0.00066489
0.00066489
0.00066489
0.00066489
0.00066489
0.00066489
0.00066489
0.00066489
0.00066489
0.00066489
0.00066489
0.00066489
0.00066489
0.00066489
0.00066489
0.00066489
0.00066489
0.00066489
0.00066489
0.00066489
0.00066489
0.00066489
0.00066489
0.00066489
0.00066489
0.00066489
0.00066489
0.00066489
0.00066489
0.00066489
0.00066489
0.00066489
0.00066489
0.00066489
0.00066489
0.00066489
0.00066489
0.00066489
0.00066489
0.00066489
0.00066489
0.00066489
0.00066489
0.00066489
0.00066489
0.00066489
0.00066489
0.00066489
0.00066489
0.00066489
0.00066489
0.00066489
0.00066489
0.00066489
0.00066489
0.00066489
0.00066489
0.00066489
0.00066489
0.00066489
0.00066489
0.00066489
0.00066489
0.00066489
0.00066489
0.00066489
0.00066489
0.00066489
0.00066489
0.00066489
0.00066489
0.00066489
0.00066489
0.00066489
0.00066489
0.00066489
0.00066489
0.00066489
0.00066489
0.00066489
0.00066489
0.00066489
0.00066489
0.00066489
0.00066489
0.00066489
0.00066489
0.00066489
0.00066489
0.00066489
0.00066489
0.00066489
0.00066489
0.00066489
0.00066489
0.00066489
0.00066489
0.00066489
0.00066489
0.00066489
0.00066489
0.00066489
0.00066489
0.00066489
0.00066489
0.00066489
0.00066489
0.00066489
0.00066489
0.00066489
0.00066489
0.00066489
0.00066489
0.00066489
0.00066489
0.00066489
0.00066489
0.00066489
0.00066489
0.00066489
0.00066489
0.00066489
0.00066489
0.00066489
0.00066489
0.00066489
0.00066489
0.00066489
0.00066489
0.00066489
0.00066489
0.00066489
0.00066489
0.00066489
0.00066489
0.00066489
0.00066489
0.00066489
0.00066489
0.00066489
0.00066489
0.00066489
0.00066489
0.00066489
0.00066489
0.00066489
0.00066489
0.00066489
0.00066489
0.00066489
0.00066489
0.00066489
0.00066489
0.00066489
0.00066489
0.00066489
0.00066489
0.00066489
0.00066489
0.00066489
0.00066489
0.00066489
0.00066489
0.00066489
0.00066489
0.00066489
0.00066489
0.00066489
0.00066489
0.00066489
0.00066489
0.00066489
0.00066489
0.00066489
0.00066489
0.00066489
0.00066489
0.00066489
0.00066489
0.00066489
0.00066489
0.00066489
0.00066489
0.00066489
0.00066489
0.00066489
0.00066489
0.00066489
0.00066489
0.00066489
0.00066489
0.00066489
0.00066489
0.00066489
0.00066489
0.00066489
0.00066489
0.00066489
0.00066489
0.00066489
0.00066489
0.00066489
0.00066489
0.00066489
0.00066489
0.00066489
0.00066489
0.00066489
0.00066489
0.00066489
0.00066489
0.00066489
0.00066489
0.00066489
0.00066489
0.00066489
0.00066489
0.00066489
0.00066489
0.00066489
0.00066489
0.00066489
0.00066489
0.00066489
0.00066489
0.00066489
0.00066489
0.00066489
0.00066489
0.00066489
0.00066489
0.00066489
0.00066489
0.00066489
0.00066489
0.00066489
0.00066489
0.00066489
0.00066489
0.00066489
0.00066489
0.00066489
0.00066489
0.00066489
0.00066489
0.00066489
0.00066489
0.00066489
0.00066489
0.00066489
0.00066489
0.00066489
0.00066489
0.00066489
0.00066489
0.00066489
0.00066489
0.00066489
0.00066489
0.00066489
0.00066489
0.00066489
0.00066489
0.00066489
0.00066489
0.00066489
0.00066489
0.00066489
0.00066489
0.00066489
0.00066489
0.00066489
0.00066489
0.00066489
0.00066489
0.00066489
0.00066489
0.00066489
0.00066489
0.00066489
0.00066489
