1.00000000
0.99111645
0.98343337
0.98055222
0.97118848
0.96686675
0.96158463
0.95702281
0.94621849
0.93781513
0.93133253
0.92629052
0.92148860
0.91620648
0.91188475
0.90564226
0.90084034
0.89699880
0.89099640
0.88619448
0.88115246
0.87731092
0.87322929
0.87010804
0.86482593
0.86098439
0.85666267
0.85282113
0.84729892
0.84225690
0.83841537
0.83265306
0.82713085
0.82328932
0.82088836
0.81824730
0.81488595
0.81176471
0.80816327
0.80288115
0.79807923
0.79519808
0.79111645
0.78583433
0.78343337
0.78103241
0.77839136
0.77575030
0.77286915
0.76950780
0.76710684
0.76374550
0.76206483
0.75750300
0.75462185
0.75174070
0.74981993
0.74837935
0.74621849
0.74381753
0.74189676
0.73997599
0.73733493
0.73613445
0.73421369
0.73253301
0.72965186
0.72797119
0.72701080
0.72557023
0.72364946
0.72124850
0.72028812
0.71932773
0.71764706
0.71572629
0.71428571
0.71236495
0.71020408
0.70972389
0.70732293
0.70612245
0.70444178
0.70228091
0.69987995
0.69795918
0.69651861
0.69435774
0.69291717
0.69075630
0.68931573
0.68739496
0.68619448
0.68451381
0.68403361
0.68163265
0.68067227
0.67851140
0.67683073
0.67563025
0.67515006
0.67322929
0.67298920
0.67154862
0.67034814
0.66938776
0.66818727
0.66626651
0.66290516
0.66098439
0.66002401
0.65930372
0.65762305
0.65618247
0.65474190
0.65402161
0.65042017
0.64921969
0.64849940
0.64801921
0.64729892
0.64585834
0.64513806
0.64345738
0.64249700
0.64201681
0.64129652
0.63961585
0.63865546
0.63649460
0.63553421
0.63385354
0.63313325
0.63241297
0.63025210
0.62977191
0.62785114
0.62689076
0.62665066
0.62472989
0.62232893
0.62184874
0.61944778
0.61752701
0.61632653
0.61560624
0.61488595
0.61416567
0.61392557
0.61344538
0.61104442
0.60984394
0.60912365
0.60864346
0.60768307
0.60576230
0.60360144
0.60072029
0.59903962
0.59807923
0.59687875
0.59495798
0.59399760
0.59279712
0.59183673
0.59039616
0.58895558
0.58727491
0.58655462
0.58487395
0.58391357
0.58031212
0.57887155
0.57839136
0.57791116
0.57671068
0.57551020
0.57430972
0.57142857
0.56902761
0.56758703
0.56710684
0.56614646
0.56542617
0.56374550
0.56302521
0.56158463
0.56014406
0.55798319
0.55582233
0.55366146
0.55294118
0.55150060
0.55078031
0.55030012
0.54909964
0.54885954
0.54861945
0.54789916
0.54693878
0.54621849
0.54357743
0.54165666
0.54141657
0.54069628
0.53973589
0.53805522
0.53733493
0.53613445
0.53469388
0.53397359
0.53085234
0.52917167
0.52725090
0.52533013
0.52388956
0.52220888
0.52172869
0.52148860
0.52124850
0.52100840
0.52076831
0.51932773
0.51812725
0.51740696
0.51308523
0.51140456
0.51020408
0.50948379
0.50876351
0.50804322
0.50564226
0.50204082
0.49915966
0.49819928
0.49723890
0.49627851
0.49531813
0.49387755
0.49195678
0.49099640
0.48931573
0.48691477
0.48523409
0.48307323
0.48283313
0.48211285
0.48139256
0.48067227
0.47899160
0.47827131
0.47563025
0.47490996
0.47202881
0.47082833
0.46986795
0.46866747
0.46746699
0.46578631
0.46458583
0.46266507
0.46242497
0.46146459
0.46074430
0.45930372
0.45882353
0.45762305
0.45714286
0.45522209
0.45498199
0.45354142
0.45306122
0.45210084
0.45018007
0.44873950
0.44729892
0.44633854
0.44609844
0.44417767
0.44369748
0.44201681
0.44129652
0.43961585
0.43673469
0.43601441
0.43505402
0.43313325
0.43241297
0.42905162
0.42881152
0.42833133
0.42496999
0.42328932
0.42232893
0.41992797
0.41776711
0.41560624
0.41128451
0.40840336
0.40648259
0.40528211
0.40504202
0.40384154
0.40312125
0.40264106
0.40240096
0.40168067
0.40120048
0.40000000
0.39879952
0.39831933
0.39735894
0.39567827
0.39471789
0.39279712
0.39111645
0.39015606
0.38919568
0.38823529
0.38679472
0.38535414
0.38175270
0.38127251
0.38103241
0.37935174
0.36614646
0.36542617
0.36422569
0.36278511
0.36158463
0.36134454
0.36038415
0.35966387
0.35846339
0.35510204
0.35102041
0.35006002
0.34645858
0.34237695
0.34045618
0.33709484
0.33493397
0.33493397
0.33301321
0.33205282
0.33061224
0.32773109
0.32028812
0.31836735
0.31596639
0.31548619
0.31308523
0.31260504
0.31140456
0.31092437
0.31068427
0.30876351
0.30684274
0.30492197
0.30396158
0.30324130
0.30108043
0.29867947
0.29747899
0.29267707
0.29051621
0.28019208
0.27947179
0.27875150
0.27779112
0.27466987
0.27226891
0.27226891
0.27226891
0.27226891
0.26962785
0.26866747
0.26482593
0.26386555
0.26386555
0.26362545
0.26362545
0.26026411
0.26026411
0.25834334
0.25714286
0.25378151
0.25138055
0.24849940
0.24753902
0.24753902
0.24633854
0.24345738
0.24105642
0.23985594
0.23817527
0.23649460
0.23241297
0.23097239
0.23025210
0.22665066
0.22665066
0.22545018
0.22304922
0.22040816
0.21848739
0.21632653
0.21200480
0.19735894
0.19591837
0.18727491
0.18631453
0.18631453
0.18319328
0.18319328
0.18319328
0.18247299
0.18007203
0.17911164
0.17767107
0.17623049
0.17623049
0.17527011
0.17310924
0.16974790
0.16758703
0.16614646
0.16518607
0.16518607
0.16398559
0.16398559
0.16086435
0.15990396
0.15942377
0.14837935
0.14237695
0.14213685
0.14213685
0.14213685
0.13253301
0.13253301
0.09747899
0.09747899
0.09699880
0.09075630
0.05954382
0.05114046
0.05114046
0.05114046
0.05114046
0.05114046
0.04585834
0.04585834
0.03337335
0.03337335
0.03337335
0.03337335
0.03193277
0.03193277
0.03193277
0.03193277
0.03193277
0.02905162
0.02905162
0.02905162
0.02905162
0.02785114
0.02785114
0.02785114
0.02785114
0.02785114
0.02785114
0.02785114
0.02785114
0.02785114
0.02785114
0.02785114
0.02785114
0.02785114
0.02785114
0.02785114
0.02593037
0.02593037
0.02593037
0.02593037
0.02593037
0.02593037
0.02280912
0.02280912
0.01464586
0.01104442
0.01104442
0.01104442
0.01104442
0.01104442
0.01104442
0.01104442
0.01104442
0.01104442
0.01104442
0.01056423
0.01056423
0.01056423
0.01056423
0.01056423
0.01056423
0.01056423
0.01056423
0.01056423
0.01056423
0.01056423
0.01056423
0.01056423
0.01056423
0.01056423
0.01056423
0.01056423
0.01056423
0.01056423
0.01056423
0.01056423
0.01056423
0.01056423
0.01056423
0.01056423
0.01056423
0.01056423
0.01056423
0.01056423
0.01056423
0.01056423
0.01056423
0.01056423
0.01056423
0.01056423
0.01056423
0.01056423
0.01056423
0.01056423
0.01056423
0.01056423
0.01056423
0.01056423
0.01056423
0.01056423
0.01056423
0.01056423
0.01056423
0.01056423
0.01056423
0.01056423
0.01056423
0.01056423
0.01056423
0.00960384
0.00960384
0.00960384
0.00960384
0.00960384
0.00624250
0.00624250
0.00624250
0.00624250
0.00624250
0.00624250
0.00624250
0.00336134
0.00336134
0.00336134
0.00336134
0.00336134
0.00336134
0.00336134
0.00336134
0.00336134
0.00336134
0.00336134
0.00336134
0.00336134
0.00336134
0.00336134
0.00336134
0.00336134
0.00336134
0.00336134
0.00336134
0.00336134
0.00336134
0.00336134
0.00336134
0.00336134
0.00336134
0.00336134
0.00336134
0.00336134
0.00336134
0.00336134
0.00336134
0.00336134
0.00336134
0.00336134
0.00336134
0.00336134
0.00336134
0.00336134
0.00216086
0.00216086
0.00216086
0.00216086
0.00216086
0.00216086
0.00216086
0.00216086
0.00216086
0.00216086
0.00216086
0.00216086
0.00216086
0.00216086
0.00216086
0.00216086
0.00192077
0.00192077
0.00192077
0.00192077
0.00192077
0.00192077
0.00192077
0.00192077
0.00192077
0.00192077
0.00192077
0.00192077
0.00192077
0.00192077
0.00192077
0.00192077
0.00192077
0.00192077
0.00192077
0.00192077
0.00192077
0.00192077
0.00192077
0.00168067
0.00168067
0.00168067
0.00168067
0.00168067
0.00168067
0.00168067
0.00168067
0.00168067
0.00168067
0.00168067
0.00168067
0.00168067
0.00168067
0.00168067
0.00168067
0.00168067
0.00168067
0.00168067
0.00168067
0.00168067
0.00168067
0.00168067
0.00168067
0.00168067
0.00168067
0.00168067
0.00168067
0.00168067
0.00168067
0.00168067
0.00168067
0.00168067
0.00168067
0.00168067
0.00168067
0.00168067
0.00168067
0.00168067
0.00168067
0.00168067
0.00168067
0.00168067
0.00168067
0.00168067
0.00168067
0.00168067
0.00168067
0.00168067
0.00168067
0.00168067
0.00168067
0.00168067
0.00168067
0.00168067
0.00168067
0.00168067
0.00168067
0.00168067
0.00168067
0.00168067
0.00168067
0.00168067
0.00168067
0.00168067
0.00168067
0.00168067
0.00168067
0.00096038
0.00096038
0.00096038
0.00096038
0.00096038
0.00096038
0.00096038
0.00096038
0.00096038
0.00096038
0.00096038
0.00096038
0.00096038
0.00096038
0.00096038
0.00096038
0.00096038
0.00096038
0.00096038
0.00096038
0.00096038
0.00096038
0.00096038
0.00096038
0.00096038
0.00096038
0.00096038
0.00096038
0.00096038
0.00096038
0.00096038
0.00096038
0.00096038
0.00096038
0.00096038
0.00096038
0.00096038
0.00096038
0.00096038
0.00096038
0.00096038
0.00096038
0.00096038
0.00096038
0.00096038
0.00096038
0.00096038
0.00096038
0.00096038
0.00096038
0.00096038
0.00096038
0.00096038
0.00096038
0.00096038
0.00096038
0.00096038
0.00096038
0.00096038
0.00096038
0.00096038
0.00096038
0.00096038
0.00096038
0.00096038
0.00096038
0.00096038
0.00096038
0.00072029
0.00072029
0.00072029
0.00072029
0.00072029
0.00072029
0.00072029
0.00072029
0.00072029
0.00072029
0.00072029
0.00072029
0.00072029
0.00072029
0.00072029
0.00072029
0.00072029
0.00072029
0.00072029
0.00072029
0.00072029
0.00072029
0.00072029
0.00072029
0.00072029
0.00072029
0.00072029
0.00072029
0.00072029
0.00072029
0.00072029
0.00072029
0.00072029
0.00072029
0.00072029
0.00072029
0.00072029
0.00072029
0.00072029
0.00072029
0.00072029
0.00072029
0.00072029
0.00072029
0.00072029
0.00072029
0.00072029
0.00072029
0.00072029
0.00072029
0.00072029
0.00072029
0.00072029
0.00072029
0.00072029
0.00072029
0.00072029
0.00072029
0.00072029
0.00072029
0.00072029
0.00072029
0.00072029
0.00072029
0.00072029
0.00072029
0.00072029
0.00072029
0.00072029
0.00072029
0.00072029
0.00072029
0.00072029
0.00072029
0.00072029
0.00072029
0.00072029
0.00072029
0.00072029
0.00072029
0.00072029
0.00072029
0.00072029
0.00072029
0.00072029
0.00072029
0.00072029
0.00072029
0.00072029
0.00072029
0.00072029
0.00072029
0.00072029
0.00072029
0.00072029
0.00072029
0.00072029
0.00072029
0.00072029
0.00072029
0.00072029
0.00072029
0.00072029
0.00072029
0.00072029
0.00072029
0.00072029
0.00072029
0.00072029
0.00072029
0.00072029
0.00072029
0.00072029
0.00072029
0.00072029
0.00072029
0.00072029
0.00072029
0.00072029
0.00072029
0.00072029
0.00072029
0.00072029
0.00072029
0.00072029
0.00072029
0.00072029
0.00072029
0.00072029
0.00072029
0.00072029
0.00072029
0.00072029
0.00072029
0.00072029
0.00072029
0.00072029
0.00072029
0.00072029
0.00072029
0.00072029
0.00072029
0.00072029
0.00072029
0.00072029
0.00072029
0.00072029
0.00072029
0.00072029
0.00072029
0.00072029
0.00072029
0.00072029
0.00072029
0.00072029
0.00072029
0.00072029
0.00072029
0.00072029
0.00072029
0.00072029
0.00072029
0.00072029
0.00072029
0.00072029
0.00072029
0.00072029
0.00072029
0.00072029
0.00072029
0.00072029
0.00072029
0.00072029
0.00072029
0.00072029
0.00072029
0.00072029
0.00072029
0.00072029
0.00072029
0.00072029
0.00072029
0.00072029
0.00072029
0.00072029
0.00072029
0.00072029
0.00072029
0.00072029
0.00072029
0.00072029
0.00072029
0.00072029
0.00072029
0.00072029
0.00072029
0.00072029
0.00072029
0.00072029
0.00072029
0.00072029
0.00072029
0.00072029
0.00072029
0.00072029
0.00072029
0.00072029
0.00072029
0.00072029
0.00072029
0.00072029
0.00072029
0.00072029
0.00072029
0.00072029
0.00072029
0.00072029
0.00072029
0.00072029
0.00072029
0.00072029
0.00072029
0.00072029
0.00072029
0.00072029
0.00072029
0.00072029
0.00072029
0.00072029
0.00072029
0.00072029
0.00072029
0.00072029
0.00072029
0.00072029
0.00072029
0.00072029
0.00072029
0.00072029
0.00072029
0.00072029
0.00072029
0.00072029
0.00072029
0.00072029
0.00072029
0.00072029
0.00072029
0.00072029
0.00072029
0.00072029
0.00072029
0.00072029
0.00072029
0.00072029
0.00072029
0.00072029
0.00072029
0.00072029
0.00072029
0.00072029
0.00072029
0.00072029
0.00072029
0.00072029
0.00072029
0.00072029
0.00072029
0.00072029
0.00072029
0.00072029
0.00072029
0.00072029
0.00072029
0.00072029
0.00072029
0.00072029
0.00072029
0.00072029
0.00072029
0.00072029
0.00072029
0.00072029
0.00072029
0.00072029
0.00072029
0.00072029
0.00072029
0.00072029
0.00072029
0.00072029
0.00072029
0.00072029
0.00072029
0.00072029
0.00072029
0.00072029
0.00072029
0.00072029
0.00072029
0.00072029
0.00072029
0.00072029
0.00072029
0.00072029
0.00072029
0.00072029
0.00072029
0.00072029
0.00072029
0.00072029
0.00072029
0.00072029
0.00072029
0.00072029
0.00072029
0.00072029
0.00072029
0.00072029
0.00072029
0.00072029
0.00072029
0.00072029
0.00072029
0.00072029
0.00072029
0.00072029
0.00072029
0.00072029
0.00072029
0.00072029
0.00072029
0.00072029
0.00072029
0.00072029
0.00072029
0.00072029
0.00072029
0.00072029
0.00072029
0.00072029
0.00072029
0.00072029
0.00072029
0.00072029
0.00072029
0.00072029
0.00072029
0.00072029
0.00072029
0.00072029
0.00072029
0.00072029
0.00072029
0.00072029
0.00072029
0.00072029
0.00072029
0.00072029
0.00072029
0.00072029
0.00072029
0.00072029
0.00072029
0.00072029
0.00072029
0.00072029
0.00072029
0.00072029
0.00072029
0.00072029
0.00072029
0.00072029
0.00072029
0.00072029
0.00072029
0.00072029
0.00072029
0.00072029
0.00072029
0.00072029
0.00072029
0.00072029
0.00072029
0.00072029
0.00072029
0.00072029
0.00072029
0.00072029
0.00072029
0.00072029
0.00072029
0.00072029
0.00072029
0.00072029
0.00072029
0.00072029
0.00072029
0.00072029
0.00072029
0.00072029
0.00072029
0.00072029
0.00072029
0.00072029
0.00072029
0.00072029
0.00072029
0.00072029
0.00072029
0.00072029
0.00072029
0.00072029
0.00072029
0.00072029
0.00072029
0.00072029
0.00072029
0.00072029
0.00072029
0.00072029
0.00072029
0.00072029
0.00072029
0.00072029
0.00072029
0.00072029
0.00072029
0.00072029
0.00072029
0.00072029
0.00072029
0.00072029
0.00072029
0.00072029
0.00072029
0.00072029
0.00072029
0.00072029
0.00072029
0.00072029
0.00072029
0.00072029
0.00072029
0.00072029
0.00072029
0.00072029
0.00072029
0.00072029
0.00072029
0.00072029
0.00072029
0.00072029
0.00072029
0.00072029
0.00072029
0.00072029
0.00072029
0.00072029
0.00072029
0.00072029
0.00072029
0.00072029
0.00072029
0.00072029
0.00072029
0.00072029
0.00072029
0.00072029
0.00072029
0.00072029
0.00072029
0.00072029
0.00072029
0.00072029
0.00072029
0.00072029
0.00072029
0.00072029
0.00072029
0.00072029
0.00072029
0.00072029
0.00072029
0.00072029
0.00072029
0.00072029
0.00072029
0.00072029
0.00072029
0.00072029
0.00072029
0.00072029
0.00072029
0.00072029
0.00072029
0.00072029
0.00072029
0.00072029
0.00072029
0.00072029
0.00072029
0.00072029
0.00072029
0.00072029
0.00072029
0.00072029
0.00072029
0.00072029
0.00072029
0.00072029
0.00072029
0.00072029
0.00072029
0.00072029
0.00072029
0.00072029
0.00072029
0.00072029
0.00072029
0.00072029
0.00072029
0.00072029
0.00072029
0.00072029
0.00072029
0.00072029
0.00072029
0.00072029
0.00072029
0.00072029
0.00072029
0.00072029
0.00072029
0.00072029
0.00072029
0.00072029
0.00072029
0.00072029
0.00072029
0.00072029
0.00072029
0.00072029
0.00072029
0.00072029
0.00072029
0.00072029
0.00072029
0.00072029
0.00072029
0.00072029
0.00072029
0.00072029
0.00072029
0.00072029
0.00072029
0.00072029
0.00072029
0.00072029
0.00072029
0.00072029
0.00072029
0.00072029
0.00072029
0.00072029
0.00072029
0.00072029
0.00072029
0.00072029
0.00072029
0.00072029
0.00072029
0.00072029
0.00072029
0.00072029
0.00072029
0.00072029
0.00072029
0.00072029
0.00072029
0.00072029
0.00072029
0.00072029
0.00072029
0.00072029
0.00072029
0.00072029
0.00072029
0.00072029
0.00072029
0.00072029
0.00072029
0.00072029
0.00072029
0.00072029
0.00072029
0.00072029
0.00072029
0.00072029
0.00072029
0.00072029
0.00072029
0.00072029
0.00072029
0.00072029
0.00072029
0.00072029
0.00072029
0.00072029
0.00072029
0.00072029
0.00072029
0.00072029
0.00072029
0.00072029
0.00072029
0.00072029
0.00072029
0.00072029
0.00072029
0.00072029
0.00072029
0.00072029
0.00072029
0.00072029
0.00072029
0.00072029
0.00072029
0.00072029
0.00072029
0.00072029
0.00072029
0.00072029
0.00072029
0.00072029
0.00072029
0.00072029
0.00072029
0.00072029
0.00072029
0.00072029
0.00072029
0.00072029
0.00072029
0.00072029
0.00072029
0.00072029
0.00072029
0.00072029
0.00072029
0.00072029
0.00072029
0.00072029
0.00072029
0.00072029
0.00048019
0.00048019
0.00048019
0.00024010
0.00024010
0.00024010
0.00024010
0.00024010
0.00024010
0.00024010
0.00024010
0.00024010
0.00024010
0.00024010
0.00024010
0.00024010
0.00024010
0.00024010
0.00024010
0.00024010
0.00024010
0.00024010
0.00024010
0.00024010
0.00024010
0.00024010
0.00024010
0.00024010
0.00024010
0.00024010
0.00024010
0.00024010
0.00024010
0.00024010
0.00024010
0.00024010
0.00024010
0.00024010
0.00024010
0.00024010
0.00024010
0.00024010
0.00024010
0.00024010
0.00024010
0.00024010
0.00024010
0.00024010
0.00024010
0.00024010
0.00024010
0.00024010
0.00024010
0.00024010
0.00024010
0.00024010
0.00024010
0.00024010
0.00024010
0.00024010
0.00024010
0.00024010
0.00024010
0.00024010
0.00024010
0.00024010
0.00024010
0.00024010
0.00024010
0.00024010
0.00024010
0.00024010
0.00024010
0.00024010
0.00024010
0.00024010
0.00024010
0.00024010
0.00024010
0.00024010
0.00024010
0.00024010
0.00024010
0.00024010
0.00024010
0.00024010
0.00024010
0.00024010
0.00024010
0.00024010
0.00024010
0.00024010
0.00024010
0.00024010
0.00024010
0.00024010
0.00024010
0.00024010
0.00024010
0.00024010
0.00024010
0.00024010
0.00024010
0.00024010
0.00024010
0.00024010
0.00024010
0.00024010
0.00024010
0.00024010
0.00024010
0.00024010
0.00024010
0.00024010
0.00024010
0.00024010
0.00024010
0.00024010
0.00024010
0.00024010
0.00024010
0.00024010
0.00024010
0.00024010
0.00024010
0.00024010
0.00024010
0.00024010
0.00024010
0.00024010
0.00024010
0.00024010
0.00024010
0.00024010
0.00024010
0.00024010
0.00024010
0.00024010
0.00024010
0.00024010
0.00024010
0.00024010
0.00024010
0.00024010
0.00024010
0.00024010
0.00024010
0.00024010
0.00024010
0.00024010
0.00024010
0.00024010
0.00024010
0.00024010
0.00024010
0.00024010
0.00024010
0.00024010
0.00024010
0.00024010
0.00024010
0.00024010
0.00024010
0.00024010
0.00024010
0.00024010
0.00024010
0.00024010
0.00024010
0.00024010
0.00024010
0.00024010
0.00024010
0.00024010
0.00024010
0.00024010
0.00024010
0.00024010
0.00024010
0.00024010
0.00024010
0.00024010
0.00024010
0.00024010
0.00024010
0.00024010
0.00024010
0.00024010
0.00024010
0.00024010
0.00024010
0.00024010
0.00024010
0.00024010
0.00024010
0.00024010
0.00024010
0.00024010
0.00024010
0.00024010
0.00024010
0.00024010
0.00024010
0.00024010
0.00024010
0.00024010
0.00024010
0.00024010
0.00024010
0.00024010
0.00024010
0.00024010
0.00024010
0.00024010
0.00024010
0.00024010
0.00024010
0.00024010
0.00024010
0.00024010
0.00024010
0.00024010
0.00024010
0.00024010
0.00024010
0.00024010
0.00024010
0.00024010
0.00024010
0.00024010
0.00024010
0.00024010
0.00024010
0.00024010
0.00024010
0.00024010
0.00024010
0.00024010
0.00024010
0.00024010
0.00024010
0.00024010
0.00024010
0.00024010
0.00024010
0.00024010
0.00024010
0.00024010
0.00024010
0.00024010
0.00024010
0.00024010
0.00024010
0.00024010
0.00024010
0.00024010
0.00024010
0.00024010
0.00024010
0.00024010
0.00024010
0.00024010
0.00024010
0.00024010
0.00024010
0.00024010
0.00024010
0.00024010
0.00024010
0.00024010
0.00024010
0.00024010
0.00024010
0.00024010
0.00024010
0.00024010
0.00024010
0.00024010
0.00024010
0.00024010
0.00024010
0.00024010
0.00024010
0.00024010
0.00024010
0.00024010
0.00024010
0.00024010
0.00024010
0.00024010
0.00024010
0.00024010
0.00024010
0.00024010
0.00024010
0.00024010
0.00024010
0.00024010
0.00024010
0.00024010
0.00024010
0.00024010
0.00024010
0.00024010
0.00024010
0.00024010
0.00024010
0.00024010
0.00024010
0.00024010
0.00024010
0.00024010
0.00024010
0.00024010
0.00024010
0.00024010
0.00024010
0.00024010
0.00024010
0.00024010
0.00024010
0.00024010
0.00024010
0.00024010
0.00024010
0.00024010
0.00024010
0.00024010
0.00024010
0.00024010
0.00024010
0.00024010
0.00024010
0.00024010
0.00024010
0.00024010
0.00024010
0.00024010
0.00024010
0.00024010
0.00024010
0.00024010
0.00024010
0.00024010
0.00024010
0.00024010
0.00024010
0.00024010
0.00024010
0.00024010
0.00024010
0.00024010
0.00024010
0.00024010
0.00024010
0.00024010
0.00024010
0.00024010
0.00024010
0.00024010
0.00024010
0.00024010
0.00024010
0.00024010
0.00024010
0.00024010
0.00024010
0.00024010
0.00024010
0.00024010
0.00024010
0.00024010
0.00024010
0.00024010
0.00024010
0.00024010
0.00024010
0.00024010
0.00024010
0.00024010
0.00024010
0.00024010
0.00024010
0.00024010
0.00024010
0.00024010
0.00024010
0.00024010
0.00024010
0.00024010
0.00024010
0.00024010
0.00024010
0.00024010
0.00024010
0.00024010
0.00024010
0.00024010
0.00024010
0.00024010
0.00024010
0.00024010
0.00024010
0.00024010
0.00024010
0.00024010
0.00024010
0.00024010
0.00024010
0.00024010
0.00024010
0.00024010
0.00024010
0.00024010
0.00024010
0.00024010
0.00024010
0.00024010
0.00024010
0.00024010
0.00024010
0.00024010
0.00024010
0.00024010
0.00024010
0.00024010
0.00024010
0.00024010
0.00024010
0.00024010
0.00024010
0.00024010
0.00024010
0.00024010
0.00024010
0.00024010
0.00024010
0.00024010
0.00024010
0.00024010
0.00024010
0.00024010
0.00024010
0.00024010
0.00024010
0.00024010
0.00024010
0.00024010
0.00024010
0.00024010
0.00024010
0.00024010
0.00024010
0.00024010
0.00024010
0.00024010
0.00024010
0.00024010
0.00024010
0.00024010
0.00024010
0.00024010
0.00024010
0.00024010
0.00024010
0.00024010
0.00024010
0.00024010
0.00024010
0.00024010
0.00024010
0.00024010
0.00024010
0.00024010
0.00024010
0.00024010
0.00024010
0.00024010
0.00024010
0.00024010
0.00024010
0.00024010
0.00024010
0.00024010
0.00024010
0.00024010
0.00024010
0.00024010
0.00024010
0.00024010
0.00024010
0.00024010
0.00024010
0.00024010
0.00024010
0.00024010
0.00024010
0.00024010
0.00024010
0.00024010
0.00024010
0.00024010
0.00024010
0.00024010
0.00024010
0.00024010
0.00024010
0.00024010
0.00024010
0.00024010
0.00024010
0.00024010
0.00024010
0.00024010
0.00024010
0.00024010
0.00024010
0.00024010
0.00024010
0.00024010
0.00024010
0.00024010
0.00024010
0.00024010
0.00024010
0.00024010
0.00024010
0.00024010
0.00024010
0.00024010
0.00024010
0.00024010
0.00024010
0.00024010
0.00024010
0.00024010
0.00024010
0.00024010
0.00024010
0.00024010
0.00024010
0.00024010
0.00024010
0.00024010
0.00024010
0.00024010
0.00024010
0.00024010
0.00024010
0.00024010
0.00024010
0.00024010
0.00024010
0.00024010
0.00024010
0.00024010
0.00024010
0.00024010
0.00024010
0.00024010
0.00024010
0.00024010
0.00024010
0.00024010
0.00024010
0.00024010
0.00024010
0.00024010
0.00024010
0.00024010
0.00024010
0.00024010
0.00024010
0.00024010
0.00024010
0.00024010
0.00024010
0.00024010
0.00024010
0.00024010
0.00024010
0.00024010
0.00024010
0.00024010
0.00024010
0.00024010
0.00024010
0.00024010
0.00024010
0.00024010
0.00024010
0.00024010
0.00024010
0.00024010
0.00024010
0.00024010
0.00024010
0.00024010
0.00024010
0.00024010
0.00024010
0.00024010
0.00024010
0.00024010
0.00024010
0.00024010
0.00024010
0.00024010
0.00024010
0.00024010
0.00024010
0.00024010
0.00024010
0.00024010
0.00024010
0.00024010
0.00024010
0.00024010
0.00024010
0.00024010
0.00024010
0.00024010
0.00024010
0.00024010
0.00024010
0.00024010
0.00024010
0.00024010
0.00024010
0.00024010
0.00024010
0.00024010
0.00024010
0.00024010
0.00024010
0.00024010
0.00024010
0.00024010
0.00024010
0.00024010
0.00024010
0.00024010
0.00024010
0.00024010
0.00024010
0.00024010
0.00024010
0.00024010
0.00024010
0.00024010
0.00024010
0.00024010
0.00024010
0.00024010
0.00024010
0.00024010
0.00024010
0.00024010
0.00024010
0.00024010
0.00024010
0.00024010
0.00024010
0.00024010
0.00024010
0.00024010
0.00024010
0.00024010
0.00024010
0.00024010
0.00024010
0.00024010
0.00024010
0.00024010
0.00024010
0.00024010
0.00024010
0.00024010
0.00024010
0.00024010
0.00024010
0.00024010
0.00024010
0.00024010
0.00024010
0.00024010
0.00024010
0.00024010
0.00024010
0.00024010
0.00024010
0.00024010
0.00024010
0.00024010
0.00024010
0.00024010
0.00024010
0.00024010
0.00024010
0.00024010
0.00024010
0.00024010
0.00024010
0.00024010
0.00024010
0.00024010
0.00024010
0.00024010
0.00024010
0.00024010
0.00024010
0.00024010
0.00024010
0.00024010
0.00024010
0.00024010
0.00024010
0.00024010
0.00024010
0.00024010
0.00024010
0.00024010
0.00024010
0.00024010
0.00024010
0.00024010
0.00024010
0.00024010
0.00024010
0.00024010
0.00024010
0.00024010
0.00024010
0.00024010
0.00024010
0.00024010
0.00024010
0.00024010
0.00024010
0.00024010
0.00024010
0.00024010
0.00024010
0.00024010
0.00024010
0.00024010
0.00024010
0.00024010
0.00024010
0.00024010
0.00024010
0.00024010
0.00024010
0.00024010
0.00024010
0.00024010
0.00024010
0.00024010
0.00024010
0.00024010
0.00024010
0.00024010
0.00024010
0.00024010
0.00024010
0.00024010
0.00024010
0.00024010
0.00024010
0.00024010
0.00024010
0.00024010
0.00024010
0.00024010
0.00024010
0.00024010
0.00024010
0.00024010
0.00024010
0.00024010
0.00024010
0.00024010
0.00024010
0.00024010
0.00024010
0.00024010
0.00024010
0.00024010
0.00024010
0.00024010
0.00024010
0.00024010
0.00024010
0.00024010
0.00024010
0.00024010
0.00024010
0.00024010
0.00024010
0.00024010
0.00024010
0.00024010
0.00024010
0.00024010
0.00024010
0.00024010
0.00024010
0.00024010
0.00024010
0.00024010
0.00024010
0.00024010
0.00024010
0.00024010
0.00024010
0.00024010
0.00024010
0.00024010
0.00024010
0.00024010
0.00024010
0.00024010
0.00024010
0.00024010
0.00024010
0.00024010
0.00024010
0.00024010
0.00024010
0.00024010
0.00024010
0.00024010
0.00024010
0.00024010
0.00024010
0.00024010
0.00024010
0.00024010
0.00024010
0.00024010
0.00024010
0.00024010
0.00024010
0.00024010
0.00024010
0.00024010
0.00024010
0.00024010
0.00024010
0.00024010
0.00024010
0.00024010
0.00024010
0.00024010
0.00024010
0.00024010
0.00024010
0.00024010
0.00024010
0.00024010
0.00024010
0.00024010
0.00024010
0.00024010
0.00024010
0.00024010
0.00024010
0.00024010
0.00024010
0.00024010
0.00024010
0.00024010
0.00024010
0.00024010
0.00024010
0.00024010
0.00024010
0.00024010
0.00024010
0.00024010
0.00024010
0.00024010
0.00024010
0.00024010
0.00024010
0.00024010
0.00024010
0.00024010
0.00024010
0.00024010
0.00024010
0.00024010
0.00024010
0.00024010
0.00024010
0.00024010
0.00024010
0.00024010
0.00024010
0.00024010
0.00024010
0.00024010
0.00024010
0.00024010
0.00024010
0.00024010
0.00024010
0.00024010
0.00024010
0.00024010
0.00024010
0.00024010
0.00024010
0.00024010
0.00024010
0.00024010
0.00024010
0.00024010
0.00024010
0.00024010
0.00024010
0.00024010
0.00024010
0.00024010
0.00024010
0.00024010
0.00024010
0.00024010
0.00024010
0.00024010
0.00024010
0.00024010
0.00024010
0.00024010
0.00024010
0.00024010
0.00024010
0.00024010
0.00024010
0.00024010
0.00024010
0.00024010
0.00024010
0.00024010
0.00024010
0.00024010
0.00024010
0.00024010
0.00024010
0.00024010
0.00024010
0.00024010
0.00024010
0.00024010
0.00024010
0.00024010
0.00024010
0.00024010
0.00024010
0.00024010
0.00024010
0.00024010
0.00024010
0.00024010
0.00024010
0.00024010
0.00024010
0.00024010
0.00024010
0.00024010
0.00024010
0.00024010
0.00024010
0.00024010
0.00024010
0.00024010
0.00024010
0.00024010
0.00024010
0.00024010
0.00024010
0.00024010
0.00024010
0.00024010
0.00024010
0.00024010
0.00024010
0.00024010
0.00024010
0.00024010
0.00024010
0.00024010
0.00024010
0.00024010
0.00024010
0.00024010
0.00024010
0.00024010
0.00024010
0.00024010
0.00024010
0.00024010
0.00024010
0.00024010
0.00024010
0.00024010
0.00024010
0.00024010
0.00024010
0.00024010
0.00024010
0.00024010
0.00024010
0.00024010
0.00024010
0.00024010
0.00024010
0.00024010
0.00024010
0.00024010
0.00024010
0.00024010
0.00024010
0.00024010
0.00024010
0.00024010
0.00024010
0.00024010
0.00024010
0.00024010
0.00024010
0.00024010
0.00024010
0.00024010
0.00024010
0.00024010
0.00024010
0.00024010
0.00024010
0.00024010
0.00024010
0.00024010
0.00024010
0.00024010
0.00024010
0.00024010
0.00024010
0.00024010
0.00024010
0.00024010
0.00024010
0.00024010
0.00024010
0.00024010
0.00024010
0.00024010
0.00024010
0.00024010
0.00024010
0.00024010
0.00024010
0.00024010
0.00024010
0.00024010
0.00024010
0.00024010
0.00024010
0.00024010
0.00024010
0.00024010
0.00024010
0.00024010
0.00024010
0.00024010
0.00024010
0.00024010
0.00024010
0.00024010
0.00024010
0.00024010
0.00024010
0.00024010
0.00024010
0.00024010
0.00024010
0.00024010
0.00024010
0.00024010
0.00024010
0.00024010
0.00024010
0.00024010
0.00024010
0.00024010
0.00024010
0.00024010
0.00024010
0.00024010
0.00024010
0.00024010
0.00024010
0.00024010
0.00024010
0.00024010
0.00024010
0.00024010
0.00024010
0.00024010
0.00024010
0.00024010
0.00024010
0.00024010
0.00024010
0.00024010
0.00024010
0.00024010
0.00024010
0.00024010
0.00024010
0.00024010
0.00024010
0.00024010
0.00024010
0.00024010
0.00024010
0.00024010
0.00024010
0.00024010
0.00024010
0.00024010
0.00024010
0.00024010
0.00024010
0.00024010
0.00024010
0.00024010
0.00024010
0.00024010
0.00024010
0.00024010
0.00024010
0.00024010
0.00024010
0.00024010
0.00024010
0.00024010
0.00024010
0.00024010
0.00024010
0.00024010
0.00024010
0.00024010
0.00024010
0.00024010
0.00024010
0.00024010
0.00024010
0.00024010
0.00024010
0.00024010
0.00024010
0.00024010
0.00024010
0.00024010
0.00024010
0.00024010
0.00024010
0.00024010
0.00024010
0.00024010
0.00024010
0.00024010
0.00024010
0.00024010
0.00024010
0.00024010
0.00024010
0.00024010
0.00024010
0.00024010
0.00024010
0.00024010
0.00024010
0.00024010
0.00024010
0.00024010
0.00024010
0.00024010
0.00024010
0.00024010
0.00024010
0.00024010
0.00024010
0.00024010
0.00024010
0.00024010
0.00024010
0.00024010
0.00024010
0.00024010
0.00024010
0.00024010
0.00024010
0.00024010
0.00024010
0.00024010
0.00024010
0.00024010
0.00024010
0.00024010
0.00024010
0.00024010
0.00024010
0.00024010
0.00024010
0.00024010
0.00024010
0.00024010
0.00024010
0.00024010
0.00024010
0.00024010
0.00024010
0.00024010
0.00024010
0.00024010
0.00024010
0.00024010
0.00024010
0.00024010
0.00024010
0.00024010
0.00024010
0.00024010
0.00024010
0.00024010
0.00024010
0.00024010
0.00024010
0.00024010
0.00024010
0.00024010
0.00024010
0.00024010
0.00024010
0.00024010
0.00024010
0.00024010
0.00024010
0.00024010
0.00024010
0.00024010
0.00024010
0.00024010
0.00024010
0.00024010
0.00024010
0.00024010
0.00024010
0.00024010
0.00024010
0.00024010
0.00024010
0.00024010
0.00024010
0.00024010
0.00024010
0.00024010
0.00024010
0.00024010
0.00024010
0.00024010
0.00024010
0.00024010
0.00024010
0.00024010
0.00024010
0.00024010
0.00024010
0.00024010
0.00024010
0.00024010
0.00024010
0.00024010
0.00024010
0.00024010
0.00024010
0.00024010
0.00024010
0.00024010
0.00024010
0.00024010
0.00024010
0.00024010
0.00024010
0.00024010
0.00024010
0.00024010
0.00024010
0.00024010
0.00024010
0.00024010
0.00024010
0.00024010
0.00024010
0.00024010
0.00024010
0.00024010
0.00024010
0.00024010
0.00024010
0.00024010
0.00024010
0.00024010
0.00024010
0.00024010
0.00024010
0.00024010
0.00024010
0.00024010
0.00024010
0.00024010
0.00024010
0.00024010
0.00024010
0.00024010
0.00024010
0.00024010
0.00024010
0.00024010
0.00024010
0.00024010
0.00024010
0.00024010
0.00024010
0.00024010
0.00024010
0.00024010
0.00024010
0.00024010
0.00024010
0.00024010
0.00024010
0.00024010
0.00024010
0.00024010
0.00024010
0.00024010
0.00024010
0.00024010
0.00024010
0.00024010
0.00024010
0.00024010
0.00024010
0.00024010
0.00024010
0.00024010
0.00024010
0.00024010
0.00024010
0.00024010
0.00024010
0.00024010
0.00024010
0.00024010
0.00024010
0.00024010
0.00024010
0.00024010
0.00024010
0.00024010
0.00024010
0.00024010
0.00024010
0.00024010
0.00024010
0.00024010
0.00024010
0.00024010
0.00024010
0.00024010
0.00024010
0.00024010
0.00024010
0.00024010
0.00024010
0.00024010
0.00024010
0.00024010
0.00024010
0.00024010
0.00024010
0.00024010
0.00024010
0.00024010
0.00024010
0.00024010
0.00024010
0.00024010
0.00024010
0.00024010
0.00024010
0.00024010
0.00024010
0.00024010
0.00024010
0.00024010
0.00024010
0.00024010
0.00024010
0.00024010
0.00024010
0.00024010
0.00024010
0.00024010
0.00024010
0.00024010
0.00024010
0.00024010
0.00024010
0.00024010
0.00024010
0.00024010
0.00024010
0.00024010
0.00024010
0.00024010
0.00024010
0.00024010
0.00024010
0.00024010
0.00024010
0.00024010
0.00024010
0.00024010
0.00024010
0.00024010
0.00024010
0.00024010
0.00024010
0.00024010
0.00024010
0.00024010
0.00024010
0.00024010
0.00024010
0.00024010
0.00024010
0.00024010
0.00024010
0.00024010
0.00024010
0.00024010
0.00024010
0.00024010
0.00024010
0.00024010
0.00024010
0.00024010
0.00024010
0.00024010
0.00024010
0.00024010
0.00024010
0.00024010
0.00024010
0.00024010
0.00024010
0.00024010
0.00024010
0.00024010
0.00024010
0.00024010
0.00024010
0.00024010
0.00024010
0.00024010
0.00024010
0.00024010
0.00024010
0.00024010
0.00024010
0.00024010
0.00024010
0.00024010
0.00024010
0.00024010
0.00024010
0.00024010
0.00024010
0.00024010
0.00024010
0.00024010
0.00024010
0.00024010
0.00024010
0.00024010
0.00024010
0.00024010
0.00024010
0.00024010
0.00024010
0.00024010
0.00024010
0.00024010
0.00024010
0.00024010
0.00024010
0.00024010
0.00024010
0.00024010
0.00024010
0.00024010
0.00024010
0.00024010
0.00024010
0.00024010
0.00024010
0.00024010
0.00024010
0.00024010
0.00024010
0.00024010
0.00024010
0.00024010
0.00024010
0.00024010
0.00024010
0.00024010
0.00024010
0.00024010
0.00024010
0.00024010
0.00024010
0.00024010
0.00024010
0.00024010
0.00024010
0.00024010
0.00024010
0.00024010
0.00024010
0.00024010
0.00024010
0.00024010
0.00024010
0.00024010
0.00024010
0.00024010
0.00024010
0.00024010
0.00024010
0.00024010
0.00024010
0.00024010
0.00024010
0.00024010
0.00024010
0.00024010
0.00024010
0.00024010
0.00024010
0.00024010
0.00024010
0.00024010
0.00024010
0.00024010
0.00024010
0.00024010
0.00024010
0.00024010
0.00024010
0.00024010
0.00024010
0.00024010
0.00024010
0.00024010
0.00024010
0.00024010
0.00024010
0.00024010
0.00024010
0.00024010
0.00024010
0.00024010
0.00024010
0.00024010
0.00024010
0.00024010
0.00024010
0.00024010
0.00024010
0.00024010
0.00024010
0.00024010
0.00024010
0.00024010
0.00024010
0.00024010
0.00024010
0.00024010
0.00024010
0.00024010
0.00024010
0.00024010
0.00024010
0.00024010
0.00024010
0.00024010
0.00024010
0.00024010
0.00024010
0.00024010
0.00024010
0.00024010
0.00024010
0.00024010
0.00024010
0.00024010
0.00024010
0.00024010
0.00024010
0.00024010
0.00024010
0.00024010
0.00024010
0.00024010
0.00024010
0.00024010
0.00024010
0.00024010
0.00024010
0.00024010
0.00024010
0.00024010
0.00024010
0.00024010
0.00024010
0.00024010
0.00024010
0.00024010
0.00024010
0.00024010
0.00024010
0.00024010
0.00024010
0.00024010
0.00024010
0.00024010
0.00024010
0.00024010
0.00024010
0.00024010
0.00024010
0.00024010
0.00024010
0.00024010
0.00024010
0.00024010
0.00024010
0.00024010
0.00024010
0.00024010
0.00024010
0.00024010
0.00024010
0.00024010
0.00024010
0.00024010
0.00024010
0.00024010
0.00024010
0.00024010
0.00024010
0.00024010
0.00024010
0.00024010
0.00024010
0.00024010
0.00024010
0.00024010
0.00024010
0.00024010
0.00024010
0.00024010
0.00024010
0.00024010
0.00024010
0.00024010
0.00024010
0.00024010
0.00024010
0.00024010
0.00024010
0.00024010
0.00024010
0.00024010
0.00024010
0.00024010
0.00024010
0.00024010
0.00024010
0.00024010
0.00024010
0.00024010
0.00024010
0.00024010
0.00024010
0.00024010
0.00024010
0.00024010
0.00024010
0.00024010
0.00024010
0.00024010
0.00024010
0.00024010
0.00024010
0.00024010
0.00024010
0.00024010
0.00024010
0.00024010
0.00024010
0.00024010
0.00024010
0.00024010
0.00024010
0.00024010
0.00024010
0.00024010
0.00024010
0.00024010
0.00024010
0.00024010
0.00024010
0.00024010
0.00024010
0.00024010
0.00024010
0.00024010
0.00024010
0.00024010
0.00024010
0.00024010
0.00024010
0.00024010
0.00024010
0.00024010
0.00024010
0.00024010
0.00024010
0.00024010
0.00024010
0.00024010
0.00024010
0.00024010
0.00024010
0.00024010
0.00024010
0.00024010
0.00024010
0.00024010
0.00024010
0.00024010
0.00024010
0.00024010
0.00024010
0.00024010
0.00024010
0.00024010
0.00024010
0.00024010
0.00024010
0.00024010
0.00024010
0.00024010
0.00024010
0.00024010
0.00024010
0.00024010
0.00024010
0.00024010
0.00024010
0.00024010
0.00024010
0.00024010
0.00024010
0.00024010
0.00024010
0.00024010
0.00024010
0.00024010
0.00024010
0.00024010
0.00024010
0.00024010
0.00024010
0.00024010
0.00024010
0.00024010
0.00024010
0.00024010
0.00024010
0.00024010
0.00024010
0.00024010
0.00024010
0.00024010
0.00024010
0.00024010
0.00024010
0.00024010
0.00024010
0.00024010
0.00024010
0.00024010
0.00024010
0.00024010
0.00024010
0.00024010
0.00024010
0.00024010
0.00024010
0.00024010
0.00024010
0.00024010
0.00024010
0.00024010
0.00024010
0.00024010
0.00024010
0.00024010
0.00024010
0.00024010
0.00024010
0.00024010
0.00024010
0.00024010
0.00024010
0.00024010
0.00024010
0.00024010
0.00024010
0.00024010
0.00024010
0.00024010
0.00024010
0.00024010
0.00024010
0.00024010
0.00024010
0.00024010
0.00024010
0.00024010
0.00024010
0.00024010
0.00024010
0.00024010
0.00024010
0.00024010
0.00024010
0.00024010
0.00024010
0.00024010
0.00024010
0.00024010
0.00024010
0.00024010
0.00024010
0.00024010
0.00024010
0.00024010
0.00024010
0.00024010
0.00024010
0.00024010
0.00024010
0.00024010
0.00024010
0.00024010
0.00024010
0.00024010
0.00024010
0.00024010
0.00024010
0.00024010
0.00024010
0.00024010
0.00024010
0.00024010
0.00024010
0.00024010
0.00024010
0.00024010
0.00024010
0.00024010
0.00024010
0.00024010
0.00024010
0.00024010
0.00024010
0.00024010
0.00024010
0.00024010
0.00024010
0.00024010
0.00024010
0.00024010
0.00024010
0.00024010
0.00024010
0.00024010
0.00024010
0.00024010
0.00024010
0.00024010
0.00024010
0.00024010
0.00024010
0.00024010
0.00024010
0.00024010
0.00024010
0.00024010
0.00024010
0.00024010
0.00024010
0.00024010
0.00024010
0.00024010
0.00024010
0.00024010
0.00024010
0.00024010
0.00024010
0.00024010
0.00024010
0.00024010
0.00024010
0.00024010
0.00024010
0.00024010
0.00024010
0.00024010
0.00024010
0.00024010
0.00024010
0.00024010
0.00024010
0.00024010
0.00024010
0.00024010
0.00024010
0.00024010
0.00024010
0.00024010
0.00024010
0.00024010
0.00024010
0.00024010
0.00024010
0.00024010
0.00024010
0.00024010
0.00024010
0.00024010
0.00024010
0.00024010
0.00024010
0.00024010
0.00024010
0.00024010
0.00024010
0.00024010
0.00024010
0.00024010
0.00024010
0.00024010
0.00024010
0.00024010
0.00024010
0.00024010
0.00024010
0.00024010
0.00024010
0.00024010
0.00024010
0.00024010
0.00024010
0.00024010
0.00024010
0.00024010
0.00024010
0.00024010
0.00024010
0.00024010
0.00024010
0.00024010
0.00024010
0.00024010
0.00024010
0.00024010
0.00024010
0.00024010
0.00024010
0.00024010
0.00024010
0.00024010
0.00024010
0.00024010
0.00024010
0.00024010
0.00024010
0.00024010
0.00024010
0.00024010
0.00024010
0.00024010
0.00024010
0.00024010
0.00024010
0.00024010
0.00024010
0.00024010
0.00024010
0.00024010
0.00024010
0.00024010
0.00024010
0.00024010
0.00024010
0.00024010
0.00024010
0.00024010
0.00024010
0.00024010
0.00024010
0.00024010
0.00024010
0.00024010
0.00024010
0.00024010
0.00024010
0.00024010
0.00024010
0.00024010
0.00024010
0.00024010
0.00024010
0.00024010
0.00024010
0.00024010
0.00024010
0.00024010
0.00024010
0.00024010
0.00024010
0.00024010
0.00024010
0.00024010
0.00024010
0.00024010
0.00024010
0.00024010
0.00024010
0.00024010
0.00024010
0.00024010
0.00024010
0.00024010
0.00024010
0.00024010
0.00024010
0.00024010
0.00024010
0.00024010
0.00024010
0.00024010
0.00024010
0.00024010
0.00024010
0.00024010
0.00024010
0.00024010
0.00024010
0.00024010
0.00024010
0.00024010
0.00024010
0.00024010
0.00024010
0.00024010
0.00024010
0.00024010
0.00024010
0.00024010
0.00024010
0.00024010
0.00024010
0.00024010
0.00024010
0.00024010
0.00024010
0.00024010
0.00024010
0.00024010
0.00024010
0.00024010
0.00024010
0.00024010
0.00024010
0.00024010
0.00024010
0.00024010
0.00024010
0.00024010
0.00024010
0.00024010
0.00024010
0.00024010
0.00024010
0.00024010
0.00024010
0.00024010
0.00024010
0.00024010
0.00024010
0.00024010
0.00024010
0.00024010
0.00024010
0.00024010
0.00024010
0.00024010
0.00024010
0.00024010
0.00024010
0.00024010
0.00024010
0.00024010
0.00024010
0.00024010
0.00024010
0.00024010
0.00024010
0.00024010
0.00024010
0.00024010
0.00024010
0.00024010
0.00024010
0.00024010
0.00024010
0.00024010
0.00024010
0.00024010
0.00024010
0.00024010
0.00024010
0.00024010
0.00024010
0.00024010
0.00024010
0.00024010
0.00024010
0.00024010
0.00024010
0.00024010
0.00024010
0.00024010
0.00024010
0.00024010
0.00024010
0.00024010
0.00024010
0.00024010
0.00024010
0.00024010
0.00024010
0.00024010
0.00024010
0.00024010
0.00024010
0.00024010
0.00024010
0.00024010
0.00024010
0.00024010
0.00024010
0.00024010
0.00024010
0.00024010
0.00024010
0.00024010
0.00024010
0.00024010
0.00024010
0.00024010
0.00024010
0.00024010
0.00024010
0.00024010
0.00024010
0.00024010
0.00024010
0.00024010
0.00024010
0.00024010
0.00024010
0.00024010
0.00024010
0.00024010
0.00024010
0.00024010
0.00024010
0.00024010
0.00024010
0.00024010
0.00024010
0.00024010
0.00024010
0.00024010
0.00024010
0.00024010
0.00024010
0.00024010
0.00024010
0.00024010
0.00024010
0.00024010
0.00024010
0.00024010
0.00024010
0.00024010
0.00024010
0.00024010
0.00024010
0.00024010
0.00024010
0.00024010
0.00024010
0.00024010
0.00024010
0.00024010
0.00024010
0.00024010
0.00024010
0.00024010
0.00024010
0.00024010
0.00024010
0.00024010
0.00024010
0.00024010
0.00024010
0.00024010
0.00024010
0.00024010
0.00024010
0.00024010
0.00024010
0.00024010
0.00024010
0.00024010
0.00024010
0.00024010
0.00024010
0.00024010
0.00024010
0.00024010
0.00024010
0.00024010
0.00024010
0.00024010
0.00024010
0.00024010
0.00024010
0.00024010
0.00024010
0.00024010
0.00024010
0.00024010
0.00024010
0.00024010
0.00024010
0.00024010
0.00024010
0.00024010
0.00024010
0.00024010
0.00024010
0.00024010
0.00024010
0.00024010
0.00024010
0.00024010
0.00024010
0.00024010
0.00024010
0.00024010
0.00024010
0.00024010
0.00024010
0.00024010
0.00024010
0.00024010
0.00024010
0.00024010
0.00024010
0.00024010
0.00024010
0.00024010
0.00024010
0.00024010
0.00024010
0.00024010
0.00024010
0.00024010
0.00024010
0.00024010
0.00024010
0.00024010
0.00024010
0.00024010
0.00024010
0.00024010
0.00024010
0.00024010
0.00024010
0.00024010
0.00024010
0.00024010
0.00024010
0.00024010
0.00024010
0.00024010
0.00024010
0.00024010
0.00024010
0.00024010
0.00024010
0.00024010
0.00024010
0.00024010
0.00024010
0.00024010
0.00024010
0.00024010
0.00024010
0.00024010
0.00024010
0.00024010
0.00024010
0.00024010
0.00024010
0.00024010
0.00024010
0.00024010
0.00024010
0.00024010
0.00024010
0.00024010
0.00024010
0.00024010
0.00024010
0.00024010
0.00024010
0.00024010
0.00024010
0.00024010
0.00024010
0.00024010
0.00024010
0.00024010
0.00024010
0.00024010
0.00024010
0.00024010
0.00024010
0.00024010
0.00024010
0.00024010
0.00024010
0.00024010
0.00024010
0.00024010
0.00024010
0.00024010
0.00024010
0.00024010
0.00024010
0.00024010
0.00024010
0.00024010
0.00024010
0.00024010
0.00024010
0.00024010
0.00024010
0.00024010
0.00024010
0.00024010
0.00024010
0.00024010
0.00024010
0.00024010
0.00024010
0.00024010
0.00024010
0.00024010
0.00024010
0.00024010
0.00024010
0.00024010
0.00024010
0.00024010
0.00024010
0.00024010
0.00024010
0.00024010
0.00024010
0.00024010
0.00024010
0.00024010
0.00024010
0.00024010
0.00024010
0.00024010
0.00024010
0.00024010
0.00024010
0.00024010
0.00024010
0.00024010
0.00024010
0.00024010
0.00024010
0.00024010
0.00024010
0.00024010
0.00024010
0.00024010
0.00024010
0.00024010
0.00024010
0.00024010
0.00024010
0.00024010
0.00024010
0.00024010
0.00024010
0.00024010
0.00024010
0.00024010
0.00024010
0.00024010
0.00024010
0.00024010
0.00024010
0.00024010
0.00024010
0.00024010
0.00024010
0.00024010
0.00024010
0.00024010
0.00024010
0.00024010
0.00024010
0.00024010
0.00024010
0.00024010
0.00024010
0.00024010
0.00024010
0.00024010
0.00024010
0.00024010
0.00024010
0.00024010
0.00024010
0.00024010
0.00024010
0.00024010
0.00024010
0.00024010
0.00024010
0.00024010
0.00024010
0.00024010
0.00024010
0.00024010
0.00024010
0.00024010
0.00024010
0.00024010
0.00024010
0.00024010
0.00024010
0.00024010
0.00024010
0.00024010
0.00024010
0.00024010
0.00024010
0.00024010
0.00024010
0.00024010
0.00024010
0.00024010
0.00024010
0.00024010
0.00024010
0.00024010
0.00024010
0.00024010
0.00024010
0.00024010
0.00024010
0.00024010
0.00024010
0.00024010
0.00024010
0.00024010
0.00024010
0.00024010
0.00024010
0.00024010
0.00024010
0.00024010
0.00024010
0.00024010
0.00024010
0.00024010
0.00024010
0.00024010
0.00024010
0.00024010
0.00024010
0.00024010
0.00024010
0.00024010
0.00024010
0.00024010
0.00024010
0.00024010
0.00024010
0.00024010
0.00024010
0.00024010
0.00024010
0.00024010
0.00024010
0.00024010
0.00024010
0.00024010
0.00024010
0.00024010
0.00024010
0.00024010
0.00024010
0.00024010
0.00024010
0.00024010
0.00024010
0.00024010
0.00024010
0.00024010
0.00024010
0.00024010
0.00024010
0.00024010
0.00024010
0.00024010
0.00024010
0.00024010
0.00024010
0.00024010
0.00024010
0.00024010
0.00024010
0.00024010
0.00024010
0.00024010
0.00024010
0.00024010
0.00024010
0.00024010
0.00024010
0.00024010
0.00024010
0.00024010
0.00024010
0.00024010
0.00024010
0.00024010
0.00024010
0.00024010
0.00024010
0.00024010
0.00024010
0.00024010
0.00024010
0.00024010
0.00024010
0.00024010
0.00024010
0.00024010
0.00024010
0.00024010
0.00024010
0.00024010
0.00024010
0.00024010
0.00024010
0.00024010
0.00024010
0.00024010
0.00024010
0.00024010
0.00024010
0.00024010
0.00024010
0.00024010
0.00024010
0.00024010
0.00024010
0.00024010
0.00024010
0.00024010
0.00024010
0.00024010
0.00024010
0.00024010
0.00024010
0.00024010
0.00024010
0.00024010
0.00024010
0.00024010
0.00024010
0.00024010
0.00024010
0.00024010
0.00024010
0.00024010
0.00024010
0.00024010
0.00024010
0.00024010
0.00024010
0.00024010
0.00024010
0.00024010
0.00024010
0.00024010
0.00024010
0.00024010
0.00024010
0.00024010
0.00024010
0.00024010
0.00024010
0.00024010
0.00024010
0.00024010
0.00024010
0.00024010
0.00024010
0.00024010
0.00024010
0.00024010
0.00024010
0.00024010
0.00024010
0.00024010
0.00024010
0.00024010
0.00024010
0.00024010
0.00024010
0.00024010
0.00024010
0.00024010
0.00024010
0.00024010
0.00024010
0.00024010
0.00024010
0.00024010
0.00024010
0.00024010
0.00024010
0.00024010
0.00024010
0.00024010
0.00024010
0.00024010
0.00024010
0.00024010
0.00024010
0.00024010
0.00024010
0.00024010
0.00024010
0.00024010
0.00024010
0.00024010
0.00024010
0.00024010
0.00024010
0.00024010
0.00024010
0.00024010
0.00024010
0.00024010
0.00024010
0.00024010
0.00024010
0.00024010
0.00024010
0.00024010
0.00024010
0.00024010
0.00024010
0.00024010
0.00024010
0.00024010
