0.98835658
0.98556701
0.98010916
0.96810188
0.96543360
0.96337174
0.96046089
0.95864160
0.95742874
0.95524560
0.95330503
0.95257732
0.95051546
0.94893875
0.94724075
0.94481504
0.94178290
0.94069133
0.93887204
0.93693147
0.93583990
0.93438448
0.93256519
0.93110976
0.92941176
0.92807762
0.92686477
0.92589448
0.92468163
0.92371134
0.92249848
0.92116434
0.92007277
0.91922377
0.91776834
0.91679806
0.91594906
0.91473620
0.91412978
0.91303820
0.91218921
0.91134021
0.90952092
0.90879321
0.90830807
0.90709521
0.90624621
0.90527592
0.90406307
0.90333535
0.90224378
0.90175864
0.90163736
0.90018193
0.89872650
0.89812007
0.89739236
0.89654336
0.89545179
0.89448150
0.89399636
0.89278351
0.89193451
0.89132808
0.89084294
0.88950879
0.88841722
0.88781079
0.88684051
0.88611280
0.88562765
0.88453608
0.88344451
0.88295937
0.88223166
0.88114008
0.88077623
0.87992723
0.87956337
0.87895694
0.87798666
0.87750152
0.87701637
0.87640995
0.87519709
0.87434809
0.87362038
0.87289266
0.87204366
0.87155852
0.87107338
0.87034566
0.86986052
0.86889024
0.86828381
0.86743481
0.86694967
0.86634324
0.86561552
0.86488781
0.86428138
0.86355367
0.86294724
0.86246210
0.86221953
0.86161310
0.86100667
0.86076410
0.86040024
0.86015767
0.85979381
0.85894482
0.85821710
0.85773196
0.85736810
0.85688296
0.85651910
0.85603396
0.85567010
0.85494239
0.85421468
0.85397210
0.85372953
0.85336568
0.85300182
0.85275925
0.85215282
0.85130382
0.85057611
0.84996968
0.84948454
0.84912068
0.84899939
0.84863554
0.84790782
0.84778654
0.84742268
0.84633111
0.84608854
0.84596725
0.84536082
0.84487568
0.84451183
0.84378411
0.84366283
0.84317768
0.84293511
0.84257126
0.84208611
0.84160097
0.84135840
0.84050940
0.84014554
0.83966040
0.83941783
0.83869012
0.83844754
0.83771983
0.83711340
0.83674955
0.83638569
0.83626440
0.83541540
0.83456640
0.83420255
0.83335355
0.83298969
0.83262583
0.83226198
0.83141298
0.83092784
0.83056398
0.83020012
0.82971498
0.82959369
0.82910855
0.82886598
0.82850212
0.82838084
0.82813827
0.82753184
0.82668284
0.82656155
0.82607641
0.82595512
0.82534870
0.82474227
0.82352941
0.82268041
0.82255913
0.82183141
0.82158884
0.82098241
0.82086113
0.82073984
0.82049727
0.82013341
0.81989084
0.81976956
0.81904184
0.81710127
0.81661613
0.81613099
0.81564585
0.81552456
0.81528199
0.81503942
0.81467556
0.81431170
0.81334142
0.81309885
0.81261371
0.81237113
0.81224985
0.81188599
0.81140085
0.81067314
0.81043056
0.81018799
0.80982414
0.80933899
0.80885385
0.80848999
0.80812614
0.80788357
0.80654942
0.80618557
0.80557914
0.80509400
0.80473014
0.80424500
0.80327471
0.80266828
0.80230443
0.80218314
0.80194057
0.80157671
0.80109157
0.80084900
0.80072771
0.80036386
0.79975743
0.79951486
0.79890843
0.79818072
0.79805943
0.79769557
0.79696786
0.79636143
0.79587629
0.79563372
0.79442086
0.79405700
0.79320800
0.79296543
0.79235901
0.79163129
0.79102486
0.79053972
0.79017586
0.78993329
0.78969072
0.78920558
0.78847787
0.78823529
0.78799272
0.78762887
0.78702244
0.78665858
0.78580958
0.78556701
0.78544572
0.78496058
0.78423287
0.78399030
0.78350515
0.78277744
0.78217101
0.78192844
0.78168587
0.78107944
0.78083687
0.78035173
0.77974530
0.77950273
0.77877502
0.77841116
0.77792602
0.77744087
0.77731959
0.77707702
0.77683445
0.77647059
0.77622802
0.77610673
0.77574287
0.77537902
0.77513645
0.77465130
0.77416616
0.77380230
0.77343845
0.77283202
0.77234688
0.77198302
0.77149788
0.77125531
0.77089145
0.77040631
0.77004245
0.76919345
0.76882959
0.76822317
0.76798059
0.76761674
0.76737417
0.76713159
0.76701031
0.76652517
0.76628260
0.76591874
0.76555488
0.76519102
0.76482717
0.76446331
0.76434203
0.76409945
0.76349303
0.76312917
0.76276531
0.76228017
0.76191631
0.76130988
0.76094603
0.76070346
0.76021831
0.75973317
0.75888417
0.75864160
0.75852032
0.75815646
0.75755003
0.75657975
0.75633717
0.75609460
0.75585203
0.75560946
0.75536689
0.75524560
0.75488175
0.75476046
0.75415403
0.75294118
0.75233475
0.75197089
0.75172832
0.75160703
0.75148575
0.75136446
0.75124318
0.75075804
0.75063675
0.75039418
0.75003032
0.74966646
0.74942389
0.74918132
0.74857489
0.74845361
0.74796847
0.74760461
0.74639175
0.74602790
0.74566404
0.74530018
0.74517890
0.74481504
0.74469375
0.74420861
0.74384475
0.74311704
0.74287447
0.74226804
0.74202547
0.74166161
0.74129776
0.74032747
0.73996361
0.73972104
0.73959976
0.73899333
0.73862947
0.73850819
0.73814433
0.73778047
0.73729533
0.73668890
0.73644633
0.73632505
0.73608247
0.73571862
0.73523347
0.73486962
0.73474833
0.73426319
0.73402062
0.73389933
0.73353548
0.73329290
0.73317162
0.73305033
0.73220133
0.73208005
0.73135233
0.73098848
0.73038205
0.72989691
0.72904791
0.72892662
0.72856277
0.72832019
0.72795634
0.72771377
0.72734991
0.72686477
0.72650091
0.72613705
0.72565191
0.72540934
0.72504548
0.72480291
0.72419648
0.72346877
0.72298363
0.72274106
0.72237720
0.72201334
0.72189206
0.72128563
0.72092177
0.72067920
0.72043663
0.71995149
0.71983020
0.71970891
0.71934506
0.71922377
0.71910249
0.71873863
0.71825349
0.71801092
0.71704063
0.71679806
0.71643420
0.71607035
0.71594906
0.71534263
0.71510006
0.71497878
0.71437235
0.71364463
0.71328078
0.71315949
0.71291692
0.71255306
0.71231049
0.71194663
0.71121892
0.71097635
0.71085506
0.71073378
0.71036992
0.71024864
0.71012735
0.70976349
0.70964221
0.70952092
0.70939964
0.70879321
0.70855064
0.70830807
0.70794421
0.70770164
0.70758035
0.70745907
0.70733778
0.70612492
0.70588235
0.70551850
0.70479078
0.70454821
0.70418435
0.70382050
0.70357793
0.70321407
0.70285021
0.70272893
0.70236507
0.70212250
0.70187993
0.70151607
0.70078836
0.70030321
0.70006064
0.69957550
0.69933293
0.69884779
0.69836264
0.69751364
0.69714979
0.69654336
0.69581565
0.69508793
0.69460279
0.69387508
0.69326865
0.69290479
0.69254093
0.69217708
0.69205579
0.69181322
0.69157065
0.69108551
0.69096422
0.69084294
0.69072165
0.69023651
0.68975136
0.68963008
0.68938751
0.68890237
0.68878108
0.68805337
0.68756822
0.68720437
0.68623408
0.68574894
0.68562765
0.68502122
0.68489994
0.68441480
0.68332323
0.68271680
0.68247423
0.68211037
0.68162523
0.68150394
0.68101880
0.68077623
0.68029109
0.67980594
0.67944209
0.67907823
0.67883566
0.67871437
0.67822923
0.67810794
0.67786537
0.67762280
0.67701637
0.67677380
0.67640995
0.67580352
0.67556095
0.67519709
0.67483323
0.67471195
0.67446938
0.67422680
0.67398423
0.67349909
0.67301395
0.67289266
0.67277138
0.67252881
0.67180109
0.67131595
0.67095209
0.67046695
0.67022438
0.66973924
0.66925409
0.66889024
0.66876895
0.66816252
0.66804124
0.66767738
0.66719224
0.66646452
0.66622195
0.66573681
0.66537295
0.66525167
0.66488781
0.66464524
0.66403881
0.66355367
0.66318981
0.66294724
0.66282596
0.66234081
0.66197696
0.66076410
0.66064281
0.66040024
0.66003639
0.65991510
0.65979381
0.65967253
0.65955124
0.65942996
0.65906610
0.65882353
0.65858096
0.65785324
0.65773196
0.65748939
0.65736810
0.65724682
0.65688296
0.65627653
0.65603396
0.65579139
0.65554882
0.65542753
0.65494239
0.65457853
0.65421468
0.65372953
0.65348696
0.65251668
0.65239539
0.65227411
0.65154639
0.65142511
0.65106125
0.65081868
0.65069739
0.65045482
0.65033354
0.64972711
0.64960582
0.64948454
0.64924196
0.64912068
0.64887811
0.64863554
0.64742268
0.64705882
0.64657368
0.64633111
0.64584597
0.64511825
0.64499697
0.64475440
0.64451183
0.64426925
0.64390540
0.64354154
0.64281383
0.64220740
0.64184354
0.64123711
0.64099454
0.64063069
0.64002426
0.63978169
0.63966040
0.63953911
0.63905397
0.63893269
0.63856883
0.63759854
0.63747726
0.63711340
0.63674955
0.63662826
0.63638569
0.63626440
0.63602183
0.63541540
0.63529412
0.63480898
0.63456640
0.63432383
0.63420255
0.63408126
0.63383869
0.63323226
0.63286841
0.63262583
0.63250455
0.63177683
0.63165555
0.63153426
0.63129169
0.63056398
0.63032141
0.62995755
0.62947241
0.62922984
0.62898727
0.62862341
0.62813827
0.62753184
0.62741055
0.62716798
0.62631898
0.62619770
0.62607641
0.62595512
0.62534870
0.62498484
0.62437841
0.62413584
0.62401455
0.62365070
0.62280170
0.62219527
0.62183141
0.62146756
0.62073984
0.62049727
0.62025470
0.62013341
0.61952699
0.61916313
0.61904184
0.61892056
0.61879927
0.61867799
0.61819284
0.61770770
0.61722256
0.61685870
0.61600970
0.61588842
0.61540327
0.61516070
0.61431170
0.61370528
0.61358399
0.61273499
0.61212856
0.61188599
0.61176471
0.61103699
0.61055185
0.61030928
0.60982414
0.60958156
0.60946028
0.60909642
0.60897514
0.60848999
0.60836871
0.60800485
0.60679200
0.60667071
0.60630685
0.60594300
0.60582171
0.60557914
0.60485143
0.60412371
0.60363857
0.60327471
0.60303214
0.60266828
0.60242571
0.60230443
0.60206186
0.60145543
0.60109157
0.60048514
0.60000000
0.59951486
0.59915100
0.59902971
0.59878714
0.59854457
0.59781686
0.59745300
0.59672529
0.59624015
0.59587629
0.59514857
0.59466343
0.59429958
0.59417829
0.59393572
0.59381443
0.59369315
0.59320800
0.59284415
0.59272286
0.59260158
0.59175258
0.59066101
0.59053972
0.59029715
0.58993329
0.58956944
0.58896301
0.58884172
0.58872044
0.58799272
0.58738629
0.58690115
0.58665858
0.58641601
0.58544572
0.58411158
0.58326258
0.58289873
0.58265616
0.58204973
0.58192844
0.58168587
0.58132201
0.58071559
0.58035173
0.57998787
0.57974530
0.57901759
0.57889630
0.57841116
0.57792602
0.57780473
0.57768344
0.57731959
0.57683445
0.57634930
0.57610673
0.57562159
0.57465130
0.57428745
0.57416616
0.57404488
0.57380230
0.57355973
0.57343845
0.57331716
0.57271073
0.57258945
0.57186173
0.57113402
0.57089145
0.57064888
0.57016374
0.57004245
0.56919345
0.56895088
0.56846574
0.56737417
0.56713159
0.56676774
0.56604002
0.56567617
0.56555488
0.56519102
0.56506974
0.56482717
0.56434203
0.56422074
0.56361431
0.56288660
0.56155246
0.56106731
0.56094603
0.56058217
0.56046089
0.56033960
0.55985446
0.55973317
0.55949060
0.55924803
0.55888417
0.55815646
0.55803517
0.55767132
0.55730746
0.55670103
0.55609460
0.55597332
0.55560946
0.55524560
0.55500303
0.55439660
0.55415403
0.55342632
0.55318375
0.55269861
0.55245603
0.55221346
0.55160703
0.55136446
0.55112189
0.55063675
0.54978775
0.54930261
0.54869618
0.54845361
0.54833232
0.54821104
0.54772589
0.54736204
0.54724075
0.54687690
0.54675561
0.54627047
0.54578532
0.54542147
0.54530018
0.54481504
0.54445118
0.54420861
0.54384475
0.54372347
0.54348090
0.54335961
0.54275318
0.54226804
0.54202547
0.54154033
0.54129776
0.54093390
0.54057004
0.54044876
0.53935719
0.53923590
0.53862947
0.53802304
0.53753790
0.53717404
0.53705276
0.53668890
0.53632505
0.53583990
0.53535476
0.53511219
0.53499090
0.53474833
0.53462705
0.53450576
0.53389933
0.53365676
0.53244391
0.53208005
0.53183748
0.53110976
0.53086719
0.53062462
0.53026076
0.52965434
0.52929048
0.52916919
0.52880534
0.52868405
0.52844148
0.52807762
0.52783505
0.52710734
0.52698605
0.52650091
0.52625834
0.52553062
0.52528805
0.52468163
0.52456034
0.52431777
0.52419648
0.52383263
0.52346877
0.52310491
0.52237720
0.52189206
0.52164948
0.52140691
0.52092177
0.52067920
0.52019406
0.51958763
0.51922377
0.51910249
0.51885992
0.51873863
0.51861734
0.51825349
0.51788963
0.51740449
0.51691935
0.51667677
0.51594906
0.51522135
0.51461492
0.51425106
0.51376592
0.51364463
0.51352335
0.51267435
0.51231049
0.51182535
0.51170406
0.51097635
0.50952092
0.50891449
0.50855064
0.50830807
0.50770164
0.50648878
0.50612492
0.50527592
0.50466950
0.50418435
0.50357793
0.50345664
0.50297150
0.50248636
0.50236507
0.50212250
0.50200121
0.50151607
0.50115221
0.50103093
0.50066707
0.49993936
0.49981807
0.49933293
0.49909036
0.49896907
0.49872650
0.49727107
0.49702850
0.49654336
0.49630079
0.49593693
0.49569436
0.49508793
0.49448150
0.49423893
0.49338993
0.49326865
0.49314736
0.49266222
0.49181322
0.49144936
0.49072165
0.49011522
0.48975136
0.48963008
0.48914494
0.48890237
0.48841722
0.48817465
0.48671922
0.48635537
0.48502122
0.48392965
0.48356580
0.48320194
0.48295937
0.48259551
0.48223166
0.48198908
0.48186780
0.48126137
0.48101880
0.48077623
0.47992723
0.47919951
0.47907823
0.47883566
0.47859309
0.47798666
0.47677380
0.47628866
0.47568223
0.47519709
0.47446938
0.47434809
0.47398423
0.47362038
0.47337780
0.47265009
0.47204366
0.47119466
0.47083081
0.47034566
0.46998181
0.46925409
0.46889024
0.46864767
0.46816252
0.46791995
0.46743481
0.46731352
0.46622195
0.46573681
0.46549424
0.46440267
0.46343238
0.46318981
0.46221953
0.46197696
0.46149181
0.46100667
0.46064281
0.46015767
0.45991510
0.45942996
0.45930867
0.45882353
0.45845967
0.45821710
0.45773196
0.45712553
0.45688296
0.45615525
0.45554882
0.45530625
0.45494239
0.45457853
0.45445725
0.45409339
0.45385082
0.45348696
0.45288053
0.45275925
0.45215282
0.45191025
0.45178896
0.45154639
0.45118253
0.45106125
0.45093996
0.45081868
0.45069739
0.45057611
0.44984839
0.44972711
0.44960582
0.44815039
0.44633111
0.44572468
0.44487568
0.44475440
0.44305640
0.44220740
0.44172226
0.44160097
0.44111583
0.44038811
0.43990297
0.43905397
0.43869012
0.43820497
0.43747726
0.43699212
0.43650697
0.43614312
0.43529412
0.43480898
0.43432383
0.43274712
0.43117041
0.43056398
0.42995755
0.42983626
0.42947241
0.42922984
0.42886598
0.42850212
0.42789569
0.42753184
0.42680412
0.42644027
0.42571255
0.42498484
0.42474227
0.42449970
0.42389327
0.42328684
0.42304427
0.42255913
0.42195270
0.42171013
0.42110370
0.42061856
0.41964827
0.41928441
0.41879927
0.41867799
0.41831413
0.41782899
0.41746513
0.41649485
0.41600970
0.41576713
0.41540327
0.41491813
0.41419042
0.41394785
0.41382656
0.41358399
0.41334142
0.41309885
0.41285628
0.41249242
0.41200728
0.41176471
0.41127956
0.41115828
0.41091571
0.41055185
0.41030928
0.40994542
0.40921771
0.40909642
0.40739842
0.40727714
0.40642814
0.40533657
0.40400243
0.40315343
0.40133414
0.40060643
0.40000000
0.39939357
0.39830200
0.39769557
0.39636143
0.39587629
0.39551243
0.39490600
0.39442086
0.39417829
0.39332929
0.39296543
0.39248029
0.39199515
0.39078229
0.39017586
0.39005458
0.38908429
0.38835658
0.38750758
0.38665858
0.38568830
0.38508187
0.38447544
0.38386901
0.38277744
0.38192844
0.38144330
0.38095816
0.37998787
0.37938144
0.37889630
0.37828987
0.37707702
0.37659187
0.37610673
0.37550030
0.37513645
0.37477259
0.37416616
0.37355973
0.37307459
0.37283202
0.37258945
0.37210431
0.37174045
0.37161916
0.37101273
0.37028502
0.37004245
0.36895088
0.36834445
0.36785931
0.36773802
0.36749545
0.36688902
0.36652517
0.36506974
0.36458460
0.36409945
0.36373560
0.36288660
0.36264403
0.36215888
0.36191631
0.36167374
0.36155246
0.36118860
0.36094603
0.35936931
0.35900546
0.35827774
0.35767132
0.35755003
0.35730746
0.35706489
0.35682232
0.35633717
0.35597332
0.35476046
0.35439660
0.35391146
0.35366889
0.35354760
0.35342632
0.35306246
0.35257732
0.35245603
0.35209218
0.35136446
0.35027289
0.34942389
0.34881747
0.34796847
0.34699818
0.34614918
0.34566404
0.34481504
0.34408733
0.34360218
0.34311704
0.34263190
0.34214676
0.34154033
0.34105518
0.34093390
0.34069133
0.34020619
0.33972104
0.33935719
0.33887204
0.33826562
0.33705276
0.33656762
0.33632505
0.33474833
0.33426319
0.33414190
0.33353548
0.33280776
0.33208005
0.33159491
0.33013948
0.32965434
0.32953305
0.32832019
0.32807762
0.32807762
0.32722862
0.32650091
0.32383263
0.32359005
0.32274106
0.32201334
0.32140691
0.32116434
0.32043663
0.32019406
0.31995149
0.31970891
0.31910249
0.31861734
0.31813220
0.31764706
0.31728320
0.31679806
0.31400849
0.31279563
0.31061249
0.31012735
0.30952092
0.30927835
0.30867192
0.30818678
0.30806549
0.30709521
0.30685264
0.30648878
0.30624621
0.30551850
0.30527592
0.30503335
0.30479078
0.30454821
0.30369921
0.30163736
0.30030321
0.29969679
0.29933293
0.29848393
0.29775622
0.29751364
0.29739236
0.29690722
0.29654336
0.29642207
0.29630079
0.29581565
0.29557307
0.29557307
0.29436022
0.29399636
0.29338993
0.29302608
0.29266222
0.29241965
0.29229836
0.29169193
0.28963008
0.28902365
0.28817465
0.28781079
0.28781079
0.28781079
0.28744694
0.28732565
0.28611280
0.28562765
0.28441480
0.28392965
0.28344451
0.28259551
0.28174651
0.27956337
0.27907823
0.27859309
0.27847180
0.27810794
0.27798666
0.27786537
0.27677380
0.27616737
0.27568223
0.27556095
0.27422680
0.27155852
0.27107338
0.26901152
0.26804124
0.26755609
0.26525167
0.25918739
0.25858096
0.25797453
0.25700424
0.25409339
0.25372953
0.25191025
0.24924196
0.24887811
0.24778654
0.24536082
0.24305640
0.24293511
0.24208611
0.24135840
0.24087326
0.24063069
0.23917526
0.23881140
0.23856883
0.23177683
0.23080655
0.22437841
0.22389327
0.22316555
0.22195270
0.22195270
0.22086113
0.22073984
0.22037599
0.21964827
0.21916313
0.21819284
0.21770770
0.21697999
0.21491813
0.21491813
0.21309885
0.20885385
0.20582171
0.20557914
0.20436628
0.20303214
0.20133414
0.20084900
0.19975743
0.19417829
0.19393572
0.19284415
0.19284415
0.19284415
0.19223772
0.18896301
0.18872044
0.18593087
0.18568830
0.18544572
0.18544572
0.18544572
0.18447544
0.18374773
0.18204973
0.18204973
0.18168587
0.17986659
0.17926016
0.17853244
0.17707702
0.17671316
0.17550030
0.17246816
0.17161916
0.17004245
0.16967859
0.16931474
0.16931474
0.16931474
0.16846574
0.16846574
0.16773802
0.16773802
0.16725288
0.16628260
0.16458460
0.16409945
0.16106731
0.16058217
0.16058217
0.16058217
0.16009703
0.15512432
0.15451789
0.15451789
0.15451789
0.15391146
0.15391146
0.15391146
0.15391146
0.15391146
0.15306246
0.15233475
0.15160703
0.14990904
0.14918132
0.14627047
0.14627047
0.14481504
0.14420861
0.14420861
0.14420861
0.14420861
0.14323833
0.14178290
0.13365676
0.13365676
0.13268648
0.11497878
0.10685264
0.09229836
0.08878108
0.08878108
0.08878108
0.08574894
0.08526380
0.08526380
0.08489994
0.08489994
0.07580352
0.07580352
0.07580352
0.06949666
0.06949666
0.05748939
0.05142511
0.05142511
0.05142511
0.04693754
0.04693754
0.04693754
0.04693754
0.04693754
0.04693754
0.04244997
0.02377198
0.01249242
0.01249242
0.01249242
0.01249242
0.01249242
0.01249242
0.01249242
0.01249242
0.01249242
0.01249242
0.01249242
0.01249242
0.01249242
0.01249242
0.01249242
0.01249242
0.01249242
0.01249242
0.01249242
0.01249242
0.01249242
0.01249242
0.01249242
0.01249242
0.01249242
0.01249242
0.01249242
0.01249242
0.01249242
0.01249242
0.01249242
0.01249242
0.01249242
0.01249242
0.01249242
0.01249242
0.01249242
0.01249242
0.01249242
0.01249242
0.01249242
0.01249242
0.01249242
0.01249242
0.01249242
0.01249242
0.01249242
0.01249242
0.01249242
0.01164342
0.01164342
0.01164342
0.00873257
0.00873257
0.00873257
0.00873257
0.00873257
0.00873257
0.00873257
0.00873257
0.00873257
0.00873257
0.00873257
0.00691328
0.00691328
0.00691328
0.00691328
0.00691328
0.00691328
0.00691328
0.00691328
0.00691328
0.00691328
0.00691328
0.00691328
0.00691328
0.00691328
0.00691328
0.00691328
0.00691328
0.00691328
0.00691328
0.00691328
0.00691328
0.00691328
0.00691328
0.00691328
0.00691328
0.00691328
0.00691328
0.00691328
0.00691328
0.00691328
0.00691328
0.00691328
0.00691328
0.00691328
0.00691328
0.00691328
0.00691328
0.00691328
0.00691328
0.00691328
0.00691328
0.00691328
0.00691328
0.00691328
0.00691328
0.00691328
0.00691328
0.00691328
0.00691328
0.00691328
0.00691328
0.00691328
0.00691328
0.00691328
0.00691328
0.00691328
0.00691328
0.00691328
0.00691328
0.00691328
0.00691328
0.00691328
0.00691328
0.00691328
0.00691328
0.00691328
0.00691328
0.00691328
0.00691328
0.00691328
0.00691328
0.00691328
0.00691328
0.00691328
0.00691328
0.00691328
0.00691328
0.00691328
0.00691328
0.00691328
0.00691328
0.00691328
0.00691328
0.00691328
0.00691328
0.00691328
0.00691328
0.00691328
0.00691328
0.00691328
0.00691328
0.00691328
0.00691328
0.00691328
0.00691328
0.00691328
0.00691328
0.00545785
0.00278957
0.00278957
0.00278957
0.00278957
0.00278957
0.00278957
0.00278957
0.00278957
0.00278957
0.00278957
0.00278957
0.00278957
0.00278957
0.00278957
0.00278957
0.00278957
0.00278957
0.00278957
0.00278957
0.00278957
0.00278957
0.00278957
0.00278957
0.00169800
0.00169800
0.00169800
0.00169800
0.00169800
0.00169800
0.00169800
0.00169800
0.00169800
0.00169800
0.00169800
0.00169800
0.00169800
0.00169800
0.00169800
0.00169800
0.00169800
0.00169800
0.00169800
0.00169800
0.00169800
0.00169800
0.00169800
0.00169800
0.00169800
0.00169800
0.00169800
0.00169800
0.00169800
0.00169800
0.00157671
0.00157671
0.00157671
0.00157671
0.00157671
0.00157671
0.00157671
0.00157671
0.00157671
0.00157671
0.00157671
0.00157671
0.00157671
0.00157671
0.00157671
0.00157671
0.00157671
0.00157671
0.00157671
0.00157671
0.00157671
0.00157671
0.00157671
0.00157671
0.00157671
0.00157671
0.00157671
0.00157671
0.00157671
0.00157671
0.00157671
0.00157671
0.00157671
0.00157671
0.00157671
0.00157671
0.00157671
0.00121286
0.00121286
0.00121286
0.00121286
0.00121286
0.00121286
0.00121286
0.00121286
0.00121286
0.00121286
0.00121286
0.00121286
0.00121286
0.00121286
0.00121286
0.00121286
0.00109157
0.00109157
0.00109157
0.00109157
0.00109157
0.00109157
0.00109157
0.00097029
0.00097029
0.00097029
0.00097029
0.00097029
0.00097029
0.00097029
0.00097029
0.00097029
0.00097029
0.00097029
0.00097029
0.00097029
0.00097029
0.00097029
0.00097029
0.00097029
0.00097029
0.00097029
0.00097029
0.00097029
0.00097029
0.00097029
0.00097029
0.00097029
0.00097029
0.00097029
0.00097029
0.00097029
0.00097029
0.00097029
0.00097029
0.00097029
0.00097029
0.00097029
0.00097029
0.00097029
0.00097029
0.00097029
0.00097029
0.00097029
0.00097029
0.00097029
0.00097029
0.00097029
0.00097029
0.00097029
0.00097029
0.00097029
0.00097029
0.00097029
0.00097029
0.00097029
0.00097029
0.00097029
0.00097029
0.00097029
0.00097029
0.00097029
0.00097029
0.00097029
0.00097029
0.00097029
0.00097029
0.00097029
0.00097029
0.00097029
0.00097029
0.00097029
0.00097029
0.00097029
0.00097029
0.00097029
0.00097029
0.00097029
0.00097029
0.00097029
0.00097029
0.00097029
0.00097029
0.00097029
0.00097029
0.00097029
0.00097029
0.00097029
0.00097029
0.00097029
0.00097029
0.00097029
0.00097029
0.00097029
0.00097029
0.00097029
0.00097029
0.00097029
0.00097029
0.00097029
0.00097029
0.00097029
0.00097029
0.00097029
0.00097029
0.00097029
0.00097029
0.00097029
0.00097029
0.00097029
0.00097029
0.00097029
0.00097029
0.00097029
0.00097029
0.00097029
0.00097029
0.00097029
0.00097029
0.00097029
0.00097029
0.00097029
0.00097029
0.00097029
0.00097029
0.00097029
0.00097029
0.00097029
0.00097029
0.00097029
0.00097029
0.00097029
0.00097029
0.00097029
0.00097029
0.00097029
0.00097029
0.00097029
0.00097029
0.00097029
0.00097029
0.00097029
0.00097029
0.00097029
0.00097029
0.00097029
0.00097029
0.00097029
0.00097029
0.00097029
0.00097029
0.00097029
0.00097029
0.00097029
0.00097029
0.00097029
0.00097029
0.00097029
0.00097029
0.00097029
0.00097029
0.00097029
0.00097029
0.00097029
0.00097029
0.00097029
0.00097029
0.00097029
0.00097029
0.00097029
0.00097029
0.00097029
0.00097029
0.00097029
0.00097029
0.00097029
0.00097029
0.00097029
0.00097029
0.00097029
0.00097029
0.00097029
0.00097029
0.00097029
0.00097029
0.00097029
0.00097029
0.00097029
0.00097029
0.00097029
0.00097029
0.00097029
0.00097029
0.00097029
0.00097029
0.00097029
0.00097029
0.00072771
0.00072771
0.00072771
0.00072771
0.00072771
0.00060643
0.00060643
0.00060643
0.00048514
0.00048514
0.00048514
0.00048514
0.00048514
0.00048514
0.00048514
0.00048514
0.00048514
0.00048514
0.00048514
0.00048514
0.00048514
0.00048514
0.00048514
0.00048514
0.00048514
0.00048514
0.00048514
0.00048514
0.00048514
0.00048514
0.00048514
0.00048514
0.00048514
0.00048514
0.00048514
0.00048514
0.00048514
0.00048514
0.00048514
0.00048514
0.00048514
0.00048514
0.00048514
0.00048514
0.00048514
0.00048514
0.00048514
0.00048514
0.00048514
0.00048514
0.00048514
0.00048514
0.00048514
0.00048514
0.00048514
0.00048514
0.00048514
0.00048514
0.00048514
0.00048514
0.00048514
0.00048514
0.00048514
0.00048514
0.00048514
0.00048514
0.00048514
0.00048514
0.00048514
0.00048514
0.00048514
0.00048514
0.00048514
0.00048514
0.00048514
0.00048514
0.00048514
0.00048514
0.00048514
0.00048514
0.00048514
0.00048514
0.00048514
0.00048514
0.00048514
0.00048514
0.00048514
0.00048514
0.00048514
0.00048514
0.00048514
0.00048514
0.00048514
0.00048514
0.00048514
0.00048514
0.00048514
0.00048514
0.00048514
0.00048514
0.00048514
0.00048514
0.00048514
0.00048514
0.00048514
0.00048514
0.00048514
0.00048514
0.00048514
0.00048514
0.00048514
0.00048514
0.00036386
0.00036386
0.00036386
0.00036386
0.00036386
0.00036386
0.00036386
0.00036386
0.00036386
0.00036386
0.00036386
0.00036386
0.00036386
0.00036386
0.00036386
0.00036386
0.00036386
0.00036386
0.00036386
0.00036386
0.00036386
0.00036386
0.00036386
0.00036386
0.00036386
0.00036386
0.00036386
0.00036386
0.00036386
0.00036386
0.00036386
0.00036386
0.00036386
0.00036386
0.00036386
0.00036386
0.00036386
0.00036386
0.00036386
0.00036386
0.00036386
0.00036386
0.00036386
0.00036386
0.00036386
0.00036386
0.00036386
0.00036386
0.00036386
0.00036386
0.00036386
0.00036386
0.00036386
0.00036386
0.00036386
0.00036386
0.00036386
0.00036386
0.00036386
0.00036386
0.00036386
0.00036386
0.00036386
0.00036386
0.00036386
0.00036386
0.00036386
0.00036386
0.00036386
0.00036386
0.00036386
0.00036386
0.00036386
0.00036386
0.00036386
0.00036386
0.00036386
0.00036386
0.00036386
0.00036386
0.00036386
0.00036386
0.00036386
0.00036386
0.00036386
0.00036386
0.00036386
0.00036386
0.00036386
0.00036386
0.00036386
0.00036386
0.00036386
0.00036386
0.00036386
0.00036386
0.00036386
0.00036386
0.00036386
0.00036386
0.00036386
0.00036386
0.00036386
0.00036386
0.00036386
0.00036386
0.00036386
0.00036386
0.00036386
0.00036386
0.00036386
0.00036386
0.00036386
0.00036386
0.00036386
0.00036386
0.00036386
0.00036386
0.00036386
0.00036386
0.00036386
0.00036386
0.00036386
0.00036386
0.00036386
0.00036386
0.00036386
0.00036386
0.00036386
0.00036386
0.00036386
0.00036386
0.00036386
0.00036386
0.00036386
0.00036386
0.00036386
0.00036386
0.00036386
0.00036386
0.00036386
0.00036386
0.00036386
0.00036386
0.00036386
0.00036386
0.00036386
0.00036386
0.00036386
0.00036386
0.00036386
0.00036386
0.00036386
0.00036386
0.00036386
0.00036386
0.00036386
0.00036386
0.00036386
0.00036386
0.00036386
0.00036386
0.00036386
0.00036386
0.00036386
0.00036386
0.00036386
0.00036386
0.00036386
0.00036386
0.00036386
0.00036386
0.00036386
0.00036386
0.00036386
0.00036386
0.00036386
0.00036386
0.00036386
0.00036386
0.00036386
0.00036386
0.00036386
0.00036386
0.00036386
0.00036386
0.00036386
0.00036386
0.00036386
0.00036386
0.00036386
0.00036386
0.00036386
0.00036386
0.00036386
0.00036386
0.00036386
0.00036386
0.00036386
0.00036386
0.00036386
0.00036386
0.00036386
0.00036386
0.00036386
0.00036386
0.00036386
0.00036386
0.00036386
0.00036386
0.00036386
0.00036386
0.00036386
0.00036386
0.00036386
0.00036386
0.00036386
0.00036386
0.00036386
0.00036386
0.00036386
0.00036386
0.00036386
0.00036386
0.00036386
0.00036386
0.00036386
0.00036386
0.00036386
0.00036386
0.00036386
0.00036386
0.00036386
0.00036386
0.00036386
0.00036386
0.00036386
0.00036386
0.00036386
0.00036386
0.00036386
0.00036386
0.00036386
0.00036386
0.00036386
0.00036386
0.00036386
0.00036386
0.00036386
0.00036386
0.00036386
0.00036386
0.00036386
0.00036386
0.00036386
0.00036386
0.00036386
0.00036386
0.00036386
0.00036386
0.00036386
0.00036386
0.00036386
0.00036386
0.00036386
0.00036386
0.00036386
0.00036386
0.00036386
0.00036386
0.00036386
0.00036386
0.00036386
0.00036386
0.00036386
0.00036386
0.00036386
0.00036386
0.00036386
0.00036386
0.00036386
0.00036386
0.00036386
0.00036386
0.00036386
0.00036386
0.00036386
0.00036386
0.00036386
0.00036386
0.00036386
0.00036386
0.00036386
0.00036386
0.00036386
0.00036386
0.00036386
0.00036386
0.00036386
0.00036386
0.00036386
0.00036386
0.00036386
0.00036386
0.00036386
0.00036386
0.00036386
0.00036386
0.00036386
0.00036386
0.00036386
0.00036386
0.00036386
0.00036386
0.00036386
0.00036386
0.00036386
0.00036386
0.00036386
0.00036386
0.00036386
0.00036386
0.00036386
0.00036386
0.00036386
0.00036386
0.00036386
0.00036386
0.00036386
0.00036386
0.00036386
0.00036386
0.00036386
0.00036386
0.00036386
0.00036386
0.00036386
0.00036386
0.00036386
0.00036386
0.00036386
0.00036386
0.00036386
0.00036386
0.00036386
0.00036386
0.00036386
0.00036386
0.00036386
0.00036386
0.00036386
0.00036386
0.00036386
0.00036386
0.00036386
0.00036386
0.00036386
0.00036386
0.00036386
0.00036386
0.00036386
0.00036386
0.00036386
0.00036386
0.00036386
0.00036386
0.00036386
0.00036386
0.00036386
0.00036386
0.00036386
0.00036386
0.00036386
0.00036386
0.00036386
0.00036386
0.00036386
0.00036386
0.00036386
0.00036386
0.00036386
0.00036386
0.00036386
0.00036386
0.00036386
0.00036386
0.00036386
0.00036386
0.00036386
0.00036386
0.00036386
0.00036386
0.00036386
0.00036386
0.00036386
0.00036386
0.00036386
0.00036386
0.00036386
0.00036386
0.00036386
0.00036386
0.00036386
0.00036386
0.00036386
0.00036386
0.00036386
0.00036386
0.00036386
0.00036386
0.00036386
0.00036386
0.00036386
0.00036386
0.00036386
0.00036386
0.00036386
0.00036386
0.00036386
0.00036386
0.00036386
0.00036386
0.00036386
0.00036386
0.00036386
0.00036386
0.00036386
0.00036386
0.00036386
0.00036386
0.00036386
0.00036386
0.00036386
0.00036386
0.00036386
0.00036386
0.00036386
0.00036386
0.00036386
0.00036386
0.00036386
0.00036386
0.00036386
0.00036386
0.00036386
0.00036386
0.00036386
0.00036386
0.00036386
0.00036386
0.00036386
0.00036386
0.00036386
0.00036386
0.00036386
0.00036386
0.00036386
0.00036386
0.00036386
0.00036386
0.00036386
0.00036386
0.00036386
0.00036386
0.00036386
0.00036386
0.00036386
0.00036386
0.00036386
0.00036386
0.00036386
0.00036386
0.00036386
0.00036386
0.00036386
0.00036386
0.00036386
0.00036386
0.00036386
0.00036386
0.00036386
0.00036386
0.00036386
0.00036386
0.00036386
0.00036386
0.00036386
0.00036386
0.00036386
0.00036386
0.00036386
0.00036386
0.00036386
0.00036386
0.00036386
0.00036386
0.00036386
0.00036386
0.00036386
0.00036386
0.00036386
0.00036386
0.00036386
0.00036386
0.00036386
0.00036386
0.00036386
0.00036386
0.00036386
0.00036386
0.00036386
0.00036386
0.00036386
0.00036386
0.00036386
0.00036386
0.00036386
0.00036386
0.00036386
0.00036386
0.00036386
0.00036386
0.00036386
0.00036386
0.00036386
0.00036386
0.00036386
0.00036386
0.00036386
0.00036386
0.00036386
0.00036386
0.00036386
0.00036386
0.00036386
0.00036386
0.00036386
0.00036386
0.00036386
0.00036386
0.00036386
0.00036386
0.00036386
0.00036386
0.00036386
0.00036386
0.00036386
0.00036386
0.00036386
0.00036386
0.00036386
0.00036386
0.00036386
0.00036386
0.00036386
0.00036386
0.00036386
0.00036386
0.00036386
0.00036386
0.00036386
0.00036386
0.00036386
0.00036386
0.00036386
0.00036386
0.00036386
0.00036386
0.00036386
0.00036386
0.00036386
0.00036386
0.00036386
0.00036386
0.00036386
0.00036386
0.00036386
0.00036386
0.00036386
0.00036386
0.00036386
0.00036386
0.00036386
0.00036386
0.00036386
0.00036386
0.00036386
0.00036386
0.00036386
0.00036386
0.00036386
0.00036386
0.00036386
0.00036386
0.00036386
0.00036386
0.00036386
0.00036386
0.00036386
0.00036386
0.00036386
0.00036386
0.00036386
0.00036386
0.00036386
0.00036386
0.00036386
0.00036386
0.00036386
0.00036386
0.00036386
0.00036386
0.00036386
0.00036386
0.00036386
0.00036386
0.00036386
0.00036386
0.00036386
0.00036386
0.00036386
0.00036386
0.00036386
0.00036386
0.00036386
0.00036386
0.00036386
0.00036386
0.00036386
0.00036386
0.00036386
0.00036386
0.00036386
0.00036386
0.00036386
0.00036386
0.00036386
0.00036386
0.00036386
0.00036386
0.00036386
0.00036386
0.00036386
0.00036386
0.00036386
0.00036386
0.00036386
0.00036386
0.00036386
0.00036386
0.00036386
0.00036386
0.00036386
0.00036386
0.00036386
0.00036386
0.00036386
0.00036386
0.00036386
0.00036386
0.00036386
0.00036386
0.00036386
0.00036386
0.00036386
0.00036386
0.00036386
0.00036386
0.00036386
0.00036386
0.00036386
0.00036386
0.00036386
0.00036386
0.00036386
0.00036386
0.00036386
0.00036386
0.00036386
0.00036386
0.00036386
0.00036386
0.00036386
0.00036386
0.00036386
0.00036386
0.00036386
0.00036386
0.00036386
0.00036386
0.00036386
0.00036386
0.00036386
0.00036386
0.00036386
0.00036386
0.00036386
0.00036386
0.00036386
0.00036386
0.00036386
0.00036386
0.00036386
0.00036386
0.00036386
0.00036386
0.00036386
0.00036386
0.00036386
0.00036386
0.00036386
0.00036386
0.00036386
0.00036386
0.00036386
0.00036386
0.00036386
0.00036386
0.00036386
0.00036386
0.00036386
0.00036386
0.00036386
0.00036386
0.00036386
0.00036386
0.00036386
0.00036386
0.00036386
0.00036386
0.00036386
0.00036386
0.00036386
0.00036386
0.00036386
0.00036386
0.00036386
0.00036386
0.00036386
0.00036386
0.00036386
0.00036386
0.00036386
0.00036386
0.00036386
0.00036386
0.00036386
0.00036386
0.00036386
0.00036386
0.00036386
0.00036386
0.00036386
0.00036386
0.00036386
0.00036386
0.00036386
0.00036386
0.00036386
0.00036386
0.00036386
0.00036386
0.00036386
0.00036386
0.00036386
0.00036386
0.00036386
0.00036386
0.00036386
0.00036386
0.00036386
0.00036386
0.00036386
0.00036386
0.00036386
0.00036386
0.00036386
0.00036386
0.00036386
0.00036386
0.00036386
0.00036386
0.00036386
0.00036386
0.00036386
0.00036386
0.00036386
0.00036386
0.00036386
0.00036386
0.00036386
0.00036386
0.00036386
0.00036386
0.00036386
0.00036386
0.00036386
0.00036386
0.00036386
0.00036386
0.00036386
0.00036386
0.00036386
0.00036386
0.00036386
0.00036386
0.00036386
0.00036386
0.00036386
0.00036386
0.00036386
0.00036386
0.00036386
0.00036386
0.00036386
0.00036386
0.00036386
0.00036386
0.00036386
0.00036386
0.00036386
0.00036386
0.00036386
0.00036386
0.00036386
0.00036386
0.00036386
0.00036386
0.00036386
0.00036386
0.00036386
0.00036386
0.00036386
0.00036386
0.00036386
0.00036386
0.00036386
0.00036386
0.00036386
0.00036386
0.00036386
0.00036386
0.00036386
0.00036386
0.00036386
0.00036386
0.00036386
0.00036386
0.00036386
0.00036386
0.00036386
0.00036386
0.00036386
0.00036386
0.00036386
0.00036386
0.00036386
0.00036386
0.00036386
0.00036386
0.00036386
0.00036386
0.00036386
0.00036386
0.00036386
0.00036386
0.00036386
0.00036386
0.00036386
0.00036386
0.00036386
0.00036386
0.00036386
0.00036386
0.00036386
0.00036386
0.00036386
0.00036386
0.00036386
0.00036386
0.00036386
0.00036386
0.00036386
0.00036386
0.00036386
0.00036386
0.00036386
0.00036386
0.00036386
0.00036386
0.00036386
0.00036386
0.00036386
0.00036386
0.00036386
0.00036386
0.00036386
0.00036386
0.00036386
0.00036386
0.00036386
0.00036386
0.00036386
0.00036386
0.00036386
0.00036386
0.00036386
0.00036386
0.00036386
0.00036386
0.00036386
0.00036386
0.00036386
0.00036386
0.00036386
0.00036386
0.00036386
0.00036386
0.00036386
0.00036386
0.00036386
0.00036386
0.00036386
0.00036386
0.00036386
0.00036386
0.00036386
0.00036386
0.00036386
0.00036386
0.00036386
0.00036386
0.00036386
0.00036386
0.00036386
0.00036386
0.00036386
0.00036386
0.00036386
0.00036386
0.00036386
0.00036386
0.00036386
0.00036386
0.00036386
0.00036386
0.00036386
0.00036386
0.00036386
0.00036386
0.00036386
0.00036386
0.00036386
0.00036386
0.00036386
0.00036386
0.00036386
0.00036386
0.00036386
0.00036386
0.00036386
0.00036386
0.00036386
0.00036386
0.00036386
0.00036386
0.00036386
0.00036386
0.00036386
0.00036386
0.00036386
0.00036386
0.00036386
0.00036386
0.00036386
0.00036386
0.00036386
0.00036386
0.00036386
0.00036386
0.00036386
0.00036386
0.00036386
0.00036386
0.00036386
0.00036386
0.00036386
0.00036386
0.00036386
0.00036386
0.00036386
0.00036386
0.00036386
0.00036386
0.00036386
0.00036386
0.00036386
0.00036386
0.00036386
0.00036386
0.00036386
0.00036386
0.00036386
0.00036386
0.00036386
0.00036386
0.00036386
0.00036386
0.00036386
0.00036386
0.00036386
0.00036386
0.00036386
0.00036386
0.00036386
0.00036386
0.00036386
0.00036386
0.00036386
0.00036386
0.00036386
0.00036386
0.00036386
0.00036386
0.00036386
0.00036386
0.00036386
0.00036386
0.00036386
0.00036386
0.00036386
0.00036386
0.00036386
0.00036386
0.00036386
0.00036386
0.00036386
0.00036386
0.00036386
0.00036386
0.00036386
0.00036386
0.00036386
0.00036386
0.00036386
0.00036386
0.00036386
0.00036386
0.00036386
0.00036386
0.00036386
0.00036386
0.00036386
0.00036386
0.00036386
0.00036386
0.00036386
0.00036386
0.00036386
0.00036386
0.00036386
0.00036386
0.00036386
0.00036386
0.00036386
0.00036386
0.00036386
0.00036386
0.00036386
0.00036386
0.00036386
0.00036386
0.00036386
0.00036386
0.00036386
0.00036386
0.00036386
0.00036386
0.00036386
0.00036386
0.00036386
0.00036386
0.00036386
0.00036386
0.00036386
0.00036386
0.00036386
0.00036386
0.00036386
0.00036386
0.00036386
0.00036386
0.00036386
0.00036386
0.00036386
0.00036386
0.00036386
0.00036386
0.00036386
0.00036386
0.00036386
0.00036386
0.00036386
0.00036386
0.00036386
0.00036386
0.00036386
0.00036386
0.00036386
0.00036386
0.00036386
0.00036386
0.00036386
0.00036386
0.00036386
0.00036386
0.00036386
0.00036386
0.00036386
0.00036386
0.00036386
0.00036386
0.00036386
0.00036386
0.00036386
0.00036386
0.00036386
0.00036386
0.00036386
0.00036386
0.00036386
0.00036386
0.00036386
0.00036386
0.00036386
0.00036386
0.00036386
0.00036386
0.00036386
0.00036386
0.00036386
0.00036386
0.00036386
0.00036386
0.00036386
0.00036386
0.00036386
0.00036386
0.00036386
0.00036386
0.00036386
0.00036386
0.00036386
0.00036386
0.00036386
0.00036386
0.00036386
0.00036386
0.00036386
0.00036386
0.00036386
0.00036386
0.00036386
0.00036386
0.00036386
0.00036386
0.00036386
0.00036386
0.00036386
0.00036386
0.00036386
0.00036386
0.00036386
0.00036386
0.00036386
0.00036386
0.00036386
0.00036386
0.00036386
0.00036386
0.00036386
0.00036386
0.00036386
0.00036386
0.00036386
0.00036386
0.00036386
0.00036386
0.00036386
0.00036386
0.00036386
0.00036386
0.00036386
0.00036386
0.00036386
0.00036386
0.00036386
0.00036386
0.00036386
0.00036386
0.00036386
0.00036386
0.00036386
0.00036386
0.00036386
0.00036386
0.00036386
0.00036386
0.00036386
0.00036386
0.00036386
0.00036386
0.00036386
0.00036386
0.00036386
0.00036386
0.00036386
0.00036386
0.00036386
0.00036386
0.00036386
0.00036386
0.00036386
0.00036386
0.00036386
0.00036386
0.00036386
0.00036386
0.00036386
0.00036386
0.00036386
0.00036386
0.00036386
0.00036386
0.00036386
0.00036386
0.00036386
0.00036386
0.00036386
0.00036386
0.00036386
0.00036386
0.00036386
0.00036386
0.00036386
0.00036386
0.00036386
0.00036386
0.00036386
0.00036386
0.00036386
0.00036386
0.00036386
0.00036386
0.00036386
0.00036386
0.00036386
0.00036386
0.00036386
0.00036386
0.00036386
0.00036386
0.00036386
0.00036386
0.00036386
0.00036386
0.00036386
0.00036386
0.00036386
0.00036386
0.00036386
0.00036386
0.00036386
0.00036386
0.00036386
0.00036386
0.00036386
0.00036386
0.00036386
0.00036386
0.00036386
0.00036386
0.00036386
0.00036386
0.00036386
0.00036386
0.00036386
0.00036386
0.00036386
0.00036386
0.00036386
0.00036386
0.00036386
0.00036386
0.00036386
0.00036386
0.00036386
0.00036386
0.00036386
0.00036386
0.00036386
0.00036386
0.00036386
0.00036386
0.00036386
0.00036386
0.00036386
0.00036386
0.00036386
0.00036386
0.00036386
0.00036386
0.00036386
0.00036386
0.00036386
0.00036386
0.00036386
0.00036386
0.00024257
0.00024257
0.00012129
0.00012129
0.00012129
0.00012129
0.00012129
0.00012129
0.00012129
0.00012129
0.00012129
0.00012129
0.00012129
0.00012129
0.00012129
0.00012129
0.00012129
0.00012129
0.00012129
0.00012129
0.00012129
0.00012129
0.00012129
0.00012129
0.00012129
0.00012129
0.00012129
0.00012129
0.00012129
0.00012129
0.00012129
0.00012129
0.00012129
0.00012129
0.00012129
0.00012129
0.00012129
0.00012129
0.00012129
0.00012129
0.00012129
0.00012129
0.00012129
0.00012129
0.00012129
0.00012129
0.00012129
0.00012129
0.00012129
0.00012129
0.00012129
0.00012129
0.00012129
0.00012129
0.00012129
0.00012129
0.00012129
0.00012129
0.00012129
0.00012129
0.00012129
0.00012129
0.00012129
0.00012129
0.00012129
0.00012129
0.00012129
0.00012129
0.00012129
0.00012129
0.00012129
0.00012129
0.00012129
0.00012129
0.00012129
0.00012129
0.00012129
0.00012129
0.00012129
0.00012129
0.00012129
0.00012129
0.00012129
0.00012129
0.00012129
0.00012129
0.00012129
0.00012129
0.00012129
0.00012129
0.00012129
0.00012129
0.00012129
0.00012129
0.00012129
0.00012129
0.00012129
0.00012129
0.00012129
0.00012129
0.00012129
0.00012129
0.00012129
0.00012129
0.00012129
0.00012129
0.00012129
0.00012129
0.00012129
0.00012129
0.00012129
0.00012129
0.00012129
0.00012129
0.00012129
0.00012129
0.00012129
0.00012129
0.00012129
0.00012129
0.00012129
0.00012129
0.00012129
0.00012129
0.00012129
0.00012129
0.00012129
0.00012129
0.00012129
0.00012129
0.00012129
0.00012129
0.00012129
0.00012129
0.00012129
0.00012129
0.00012129
0.00012129
0.00012129
0.00012129
0.00012129
0.00012129
0.00012129
0.00012129
0.00012129
0.00012129
0.00012129
0.00012129
0.00012129
0.00012129
0.00012129
0.00012129
0.00012129
0.00012129
0.00012129
0.00012129
0.00012129
0.00012129
0.00012129
0.00012129
0.00012129
0.00012129
0.00012129
0.00012129
0.00012129
0.00012129
0.00012129
0.00012129
0.00012129
0.00012129
0.00012129
0.00012129
0.00012129
0.00012129
0.00012129
0.00012129
0.00012129
0.00012129
0.00012129
0.00012129
0.00012129
0.00012129
0.00012129
0.00012129
0.00012129
0.00012129
0.00012129
0.00012129
0.00012129
0.00012129
0.00012129
0.00012129
0.00012129
0.00012129
0.00012129
0.00012129
0.00012129
0.00012129
0.00012129
0.00012129
0.00012129
0.00012129
0.00012129
0.00012129
0.00012129
0.00012129
0.00012129
0.00012129
0.00012129
0.00012129
0.00012129
0.00012129
0.00012129
0.00012129
0.00012129
0.00012129
0.00012129
0.00012129
0.00012129
0.00012129
0.00012129
0.00012129
0.00012129
0.00012129
0.00012129
0.00012129
0.00012129
0.00012129
0.00012129
0.00012129
0.00012129
0.00012129
0.00012129
0.00012129
0.00012129
0.00012129
0.00012129
0.00012129
0.00012129
0.00012129
0.00012129
0.00012129
0.00012129
0.00012129
0.00012129
0.00012129
0.00012129
0.00012129
0.00012129
0.00012129
0.00012129
0.00012129
0.00012129
0.00012129
0.00012129
0.00012129
0.00012129
0.00012129
0.00012129
0.00012129
0.00012129
0.00012129
0.00012129
0.00012129
0.00012129
0.00012129
0.00012129
0.00012129
0.00012129
0.00012129
0.00012129
0.00012129
0.00012129
0.00012129
0.00012129
0.00012129
0.00012129
0.00012129
0.00012129
0.00012129
0.00012129
0.00012129
0.00012129
0.00012129
0.00012129
0.00012129
0.00012129
0.00012129
0.00012129
0.00012129
0.00012129
0.00012129
0.00012129
0.00012129
0.00012129
0.00012129
0.00012129
0.00012129
0.00012129
0.00012129
0.00012129
0.00012129
0.00012129
0.00012129
0.00012129
0.00012129
0.00012129
0.00012129
0.00012129
0.00012129
0.00012129
0.00012129
0.00012129
0.00012129
0.00012129
0.00012129
0.00012129
0.00012129
0.00012129
0.00012129
0.00012129
0.00012129
0.00012129
0.00012129
0.00012129
0.00012129
0.00012129
0.00012129
0.00012129
0.00012129
0.00012129
0.00012129
0.00012129
0.00012129
0.00012129
0.00012129
0.00012129
0.00012129
0.00012129
0.00012129
0.00012129
0.00012129
0.00012129
0.00012129
0.00012129
0.00012129
0.00012129
0.00012129
0.00012129
0.00012129
0.00012129
0.00012129
0.00012129
0.00012129
0.00012129
0.00012129
0.00012129
0.00012129
0.00012129
0.00012129
0.00012129
0.00012129
0.00012129
0.00012129
0.00012129
0.00012129
0.00012129
0.00012129
0.00012129
0.00012129
0.00012129
0.00012129
0.00012129
0.00012129
0.00012129
0.00012129
0.00012129
0.00012129
0.00012129
0.00012129
0.00012129
0.00012129
0.00012129
0.00012129
0.00012129
0.00012129
0.00012129
0.00012129
0.00012129
0.00012129
0.00012129
0.00012129
0.00012129
0.00012129
0.00012129
0.00012129
0.00012129
0.00012129
0.00012129
0.00012129
0.00012129
0.00012129
0.00012129
0.00012129
0.00012129
0.00012129
0.00012129
0.00012129
0.00012129
0.00012129
0.00012129
0.00012129
0.00012129
0.00012129
0.00012129
0.00012129
0.00012129
0.00012129
0.00012129
0.00012129
0.00012129
0.00012129
0.00012129
0.00012129
0.00012129
0.00012129
0.00012129
0.00012129
0.00012129
0.00012129
0.00012129
0.00012129
0.00012129
0.00012129
0.00012129
0.00012129
0.00012129
0.00012129
0.00012129
0.00012129
0.00012129
0.00012129
0.00012129
0.00012129
0.00012129
0.00012129
0.00012129
0.00012129
0.00012129
0.00012129
0.00012129
0.00012129
0.00012129
0.00012129
0.00012129
0.00012129
0.00012129
0.00012129
0.00012129
0.00012129
0.00012129
0.00012129
0.00012129
0.00012129
0.00012129
0.00012129
0.00012129
0.00012129
0.00012129
0.00012129
0.00012129
0.00012129
0.00012129
0.00012129
0.00012129
0.00012129
0.00012129
0.00012129
0.00012129
0.00012129
0.00012129
0.00012129
0.00012129
0.00012129
0.00012129
0.00012129
0.00012129
0.00012129
0.00012129
0.00012129
0.00012129
0.00012129
0.00012129
0.00012129
0.00012129
0.00012129
0.00012129
0.00012129
0.00012129
0.00012129
0.00012129
0.00012129
0.00012129
0.00012129
0.00012129
0.00012129
0.00012129
0.00012129
0.00012129
0.00012129
0.00012129
0.00012129
0.00012129
0.00012129
0.00012129
0.00012129
0.00012129
0.00012129
0.00012129
0.00012129
0.00012129
0.00012129
0.00012129
0.00012129
0.00012129
0.00012129
0.00012129
0.00012129
0.00012129
0.00012129
0.00012129
0.00012129
0.00012129
0.00012129
0.00012129
0.00012129
0.00012129
0.00012129
0.00012129
0.00012129
0.00012129
0.00012129
0.00012129
0.00012129
0.00012129
0.00012129
0.00012129
0.00012129
0.00012129
0.00012129
0.00012129
0.00012129
0.00012129
0.00012129
0.00012129
0.00012129
0.00012129
0.00012129
0.00012129
0.00012129
0.00012129
0.00012129
0.00012129
0.00012129
0.00012129
0.00012129
0.00012129
0.00012129
0.00012129
0.00012129
0.00012129
0.00012129
0.00012129
0.00012129
0.00012129
0.00012129
0.00012129
0.00012129
0.00012129
0.00012129
0.00012129
0.00012129
0.00012129
0.00012129
0.00012129
0.00012129
0.00012129
0.00012129
0.00012129
0.00012129
0.00012129
0.00012129
0.00012129
0.00012129
0.00012129
0.00012129
0.00012129
0.00012129
0.00012129
0.00012129
0.00012129
0.00012129
0.00012129
0.00012129
0.00012129
0.00012129
0.00012129
0.00012129
0.00012129
0.00012129
0.00012129
0.00012129
0.00012129
0.00012129
0.00012129
0.00012129
0.00012129
0.00012129
0.00012129
0.00012129
0.00012129
0.00012129
0.00012129
0.00012129
0.00012129
0.00012129
0.00012129
0.00012129
0.00012129
0.00012129
0.00012129
0.00012129
0.00012129
0.00012129
0.00012129
0.00012129
0.00012129
0.00012129
0.00012129
0.00012129
0.00012129
0.00012129
0.00012129
0.00012129
0.00012129
0.00012129
0.00012129
0.00012129
0.00012129
0.00012129
0.00012129
0.00012129
0.00012129
0.00012129
0.00012129
0.00012129
0.00012129
0.00012129
0.00012129
0.00012129
0.00012129
0.00012129
0.00012129
0.00012129
0.00012129
0.00012129
0.00012129
0.00012129
0.00012129
0.00012129
0.00012129
0.00012129
0.00012129
0.00012129
0.00012129
0.00012129
0.00012129
0.00012129
0.00012129
0.00012129
0.00012129
0.00012129
0.00012129
0.00012129
0.00012129
0.00012129
0.00012129
0.00012129
0.00012129
0.00012129
0.00012129
0.00012129
0.00012129
0.00012129
0.00012129
0.00012129
0.00012129
0.00012129
0.00012129
0.00012129
0.00012129
0.00012129
0.00012129
0.00012129
0.00012129
0.00012129
0.00012129
0.00012129
0.00012129
0.00012129
0.00012129
0.00012129
0.00012129
0.00012129
0.00012129
0.00012129
0.00012129
0.00012129
0.00012129
0.00012129
0.00012129
0.00012129
0.00012129
0.00012129
0.00012129
0.00012129
0.00012129
0.00012129
0.00012129
0.00012129
0.00012129
0.00012129
0.00012129
0.00012129
0.00012129
0.00012129
0.00012129
0.00012129
0.00012129
0.00012129
0.00012129
0.00012129
0.00012129
0.00012129
0.00012129
0.00012129
0.00012129
0.00012129
0.00012129
0.00012129
0.00012129
0.00012129
0.00012129
0.00012129
0.00012129
0.00012129
0.00012129
0.00012129
0.00012129
0.00012129
0.00012129
0.00012129
0.00012129
0.00012129
0.00012129
0.00012129
0.00012129
0.00012129
0.00012129
0.00012129
0.00012129
0.00012129
0.00012129
0.00012129
0.00012129
0.00012129
0.00012129
0.00012129
0.00012129
0.00012129
0.00012129
0.00012129
0.00012129
0.00012129
0.00012129
0.00012129
0.00012129
0.00012129
0.00012129
0.00012129
0.00012129
0.00012129
0.00012129
0.00012129
0.00012129
0.00012129
0.00012129
0.00012129
0.00012129
0.00012129
0.00012129
0.00012129
0.00012129
0.00012129
0.00012129
0.00012129
0.00012129
0.00012129
0.00012129
0.00012129
0.00012129
0.00012129
0.00012129
0.00012129
0.00012129
0.00012129
0.00012129
0.00012129
0.00012129
0.00012129
0.00012129
0.00012129
0.00012129
0.00012129
0.00012129
0.00012129
0.00012129
0.00012129
0.00012129
0.00012129
0.00012129
0.00012129
0.00012129
0.00012129
0.00012129
0.00012129
0.00012129
0.00012129
0.00012129
0.00012129
0.00012129
0.00012129
0.00012129
0.00012129
0.00012129
0.00012129
0.00012129
0.00012129
0.00012129
0.00012129
0.00012129
0.00012129
0.00012129
0.00012129
0.00012129
0.00012129
0.00012129
0.00012129
0.00012129
0.00012129
0.00012129
0.00012129
0.00012129
0.00012129
0.00012129
0.00012129
0.00012129
0.00012129
0.00012129
0.00012129
0.00012129
0.00012129
0.00012129
0.00012129
0.00012129
0.00012129
0.00012129
0.00012129
0.00012129
0.00012129
0.00012129
0.00012129
0.00012129
0.00012129
0.00012129
0.00012129
0.00012129
0.00012129
0.00012129
0.00012129
0.00012129
0.00012129
0.00012129
0.00012129
0.00012129
0.00012129
0.00012129
0.00012129
0.00012129
0.00012129
0.00012129
0.00012129
0.00012129
0.00012129
0.00012129
0.00012129
0.00012129
0.00012129
0.00012129
0.00012129
0.00012129
0.00012129
0.00012129
0.00012129
0.00012129
0.00012129
0.00012129
0.00012129
0.00012129
0.00012129
0.00012129
0.00012129
0.00012129
0.00012129
0.00012129
0.00012129
0.00012129
0.00012129
0.00012129
0.00012129
0.00012129
0.00012129
0.00012129
0.00012129
0.00012129
0.00012129
0.00012129
0.00012129
0.00012129
0.00012129
0.00012129
0.00012129
0.00012129
0.00012129
0.00012129
0.00012129
0.00012129
0.00012129
0.00012129
0.00012129
0.00012129
0.00012129
0.00012129
0.00012129
0.00012129
0.00012129
0.00012129
0.00012129
0.00012129
0.00012129
0.00012129
0.00012129
0.00012129
0.00012129
0.00012129
0.00012129
0.00012129
0.00012129
0.00012129
0.00012129
0.00012129
0.00012129
0.00012129
0.00012129
0.00012129
0.00012129
0.00012129
0.00012129
0.00012129
0.00012129
0.00012129
0.00012129
0.00012129
0.00012129
0.00012129
0.00012129
0.00012129
0.00012129
0.00012129
0.00012129
0.00012129
0.00012129
0.00012129
0.00012129
0.00012129
0.00012129
0.00012129
0.00012129
0.00012129
0.00012129
0.00012129
0.00012129
0.00012129
0.00012129
0.00012129
0.00012129
0.00012129
0.00012129
0.00012129
0.00012129
0.00012129
0.00012129
0.00012129
0.00012129
0.00012129
0.00012129
0.00012129
0.00012129
0.00012129
0.00012129
0.00012129
0.00012129
0.00012129
0.00012129
0.00012129
0.00012129
0.00012129
0.00012129
0.00012129
0.00012129
0.00012129
0.00012129
0.00012129
0.00012129
0.00012129
0.00012129
0.00012129
0.00012129
0.00012129
0.00012129
0.00012129
0.00012129
0.00012129
0.00012129
0.00012129
0.00012129
0.00012129
0.00012129
0.00012129
0.00012129
0.00012129
0.00012129
0.00012129
0.00012129
0.00012129
0.00012129
0.00012129
0.00012129
0.00012129
0.00012129
0.00012129
0.00012129
0.00012129
0.00012129
0.00012129
0.00012129
0.00012129
0.00012129
0.00012129
0.00012129
0.00012129
0.00012129
0.00012129
0.00012129
0.00012129
0.00012129
0.00012129
0.00012129
0.00012129
0.00012129
0.00012129
0.00012129
0.00012129
0.00012129
0.00012129
0.00012129
0.00012129
0.00012129
0.00012129
0.00012129
0.00012129
0.00012129
0.00012129
0.00012129
0.00012129
0.00012129
0.00012129
0.00012129
0.00012129
0.00012129
0.00012129
0.00012129
0.00012129
0.00012129
0.00012129
0.00012129
0.00012129
0.00012129
0.00012129
0.00012129
0.00012129
0.00012129
0.00012129
0.00012129
0.00012129
0.00012129
0.00012129
0.00012129
0.00012129
0.00012129
0.00012129
0.00012129
0.00012129
0.00012129
0.00012129
0.00012129
0.00012129
0.00012129
0.00012129
0.00012129
0.00012129
0.00012129
0.00012129
0.00012129
0.00012129
0.00012129
0.00012129
0.00012129
0.00012129
0.00012129
0.00012129
0.00012129
0.00012129
0.00012129
0.00012129
0.00012129
0.00012129
0.00012129
0.00012129
0.00012129
0.00012129
0.00012129
0.00012129
0.00012129
0.00012129
0.00012129
0.00012129
0.00012129
0.00012129
0.00012129
0.00012129
0.00012129
0.00012129
0.00012129
0.00012129
0.00012129
0.00012129
0.00012129
0.00012129
0.00012129
0.00012129
0.00012129
0.00012129
0.00012129
0.00012129
0.00012129
0.00012129
0.00012129
0.00012129
0.00012129
0.00012129
0.00012129
0.00012129
0.00012129
0.00012129
0.00012129
0.00012129
0.00012129
0.00012129
0.00012129
0.00012129
0.00012129
0.00012129
0.00012129
0.00012129
0.00012129
0.00012129
0.00012129
0.00012129
0.00012129
0.00012129
0.00012129
0.00012129
0.00012129
0.00012129
0.00012129
0.00012129
0.00012129
0.00012129
0.00012129
0.00012129
0.00012129
0.00012129
0.00012129
0.00012129
0.00012129
0.00012129
0.00012129
0.00012129
0.00012129
0.00012129
0.00012129
0.00012129
0.00012129
0.00012129
0.00012129
0.00012129
0.00012129
0.00012129
0.00012129
0.00012129
0.00012129
0.00012129
0.00012129
0.00012129
0.00012129
0.00012129
0.00012129
0.00012129
0.00012129
0.00012129
0.00012129
0.00012129
0.00012129
0.00012129
0.00012129
0.00012129
0.00012129
0.00012129
0.00012129
0.00012129
0.00012129
0.00012129
0.00012129
0.00012129
0.00012129
0.00012129
0.00012129
0.00012129
0.00012129
0.00012129
0.00012129
0.00012129
0.00012129
0.00012129
0.00012129
0.00012129
0.00012129
0.00012129
0.00012129
0.00012129
0.00012129
0.00012129
0.00012129
0.00012129
0.00012129
0.00012129
0.00012129
0.00012129
0.00012129
0.00012129
0.00012129
0.00012129
0.00012129
0.00012129
0.00012129
0.00012129
0.00012129
0.00012129
0.00012129
0.00012129
0.00012129
0.00012129
0.00012129
0.00012129
0.00012129
0.00012129
0.00012129
0.00012129
0.00012129
0.00012129
0.00012129
0.00012129
0.00012129
0.00012129
0.00012129
0.00012129
0.00012129
0.00012129
0.00012129
0.00012129
0.00012129
0.00012129
0.00012129
0.00012129
0.00012129
0.00012129
0.00012129
0.00012129
0.00012129
0.00012129
0.00012129
0.00012129
0.00012129
0.00012129
0.00012129
0.00012129
0.00012129
0.00012129
0.00012129
0.00012129
0.00012129
0.00012129
0.00012129
0.00012129
0.00012129
0.00012129
0.00012129
0.00012129
0.00012129
0.00012129
0.00012129
0.00012129
0.00012129
0.00012129
0.00012129
0.00012129
0.00012129
0.00012129
0.00012129
0.00012129
0.00012129
0.00012129
0.00012129
0.00012129
0.00012129
0.00012129
0.00012129
0.00012129
0.00012129
0.00012129
0.00012129
0.00012129
0.00012129
0.00012129
0.00012129
0.00012129
0.00012129
0.00012129
0.00012129
0.00012129
0.00012129
0.00012129
0.00012129
0.00012129
0.00012129
0.00012129
0.00012129
0.00012129
0.00012129
0.00012129
0.00012129
0.00012129
0.00012129
0.00012129
0.00012129
0.00012129
0.00012129
0.00012129
0.00012129
0.00012129
0.00012129
0.00012129
0.00012129
0.00012129
0.00012129
0.00012129
0.00012129
0.00012129
0.00012129
0.00012129
0.00012129
0.00012129
0.00012129
0.00012129
0.00012129
0.00012129
0.00012129
0.00012129
0.00012129
0.00012129
0.00012129
0.00012129
0.00012129
0.00012129
0.00012129
0.00012129
0.00012129
0.00012129
0.00012129
0.00012129
0.00012129
0.00012129
0.00012129
0.00012129
0.00012129
0.00012129
0.00012129
0.00012129
0.00012129
0.00012129
0.00012129
0.00012129
0.00012129
0.00012129
0.00012129
0.00012129
0.00012129
0.00012129
0.00012129
0.00012129
0.00012129
0.00012129
0.00012129
0.00012129
0.00012129
0.00012129
0.00012129
0.00012129
0.00012129
0.00012129
0.00012129
0.00012129
0.00012129
0.00012129
0.00012129
0.00012129
0.00012129
0.00012129
0.00012129
0.00012129
0.00012129
0.00012129
0.00012129
0.00012129
0.00012129
0.00012129
0.00012129
0.00012129
0.00012129
0.00012129
0.00012129
0.00012129
0.00012129
0.00012129
0.00012129
0.00012129
0.00012129
0.00012129
0.00012129
0.00012129
0.00012129
0.00012129
0.00012129
0.00012129
0.00012129
0.00012129
0.00012129
0.00012129
0.00012129
0.00012129
0.00012129
0.00012129
0.00012129
0.00012129
0.00012129
0.00012129
0.00012129
0.00012129
0.00012129
0.00012129
0.00012129
0.00012129
0.00012129
0.00012129
0.00012129
0.00012129
0.00012129
0.00012129
0.00012129
0.00012129
0.00012129
0.00012129
0.00012129
0.00012129
0.00012129
0.00012129
0.00012129
0.00012129
0.00012129
0.00012129
0.00012129
0.00012129
0.00012129
0.00012129
0.00012129
0.00012129
0.00012129
0.00012129
0.00012129
0.00012129
0.00012129
0.00012129
0.00012129
0.00012129
0.00012129
0.00012129
0.00012129
0.00012129
0.00012129
0.00012129
0.00012129
0.00012129
0.00012129
0.00012129
0.00012129
0.00012129
0.00012129
0.00012129
0.00012129
0.00012129
0.00012129
0.00012129
0.00012129
0.00012129
0.00012129
0.00012129
0.00012129
0.00012129
0.00012129
0.00012129
0.00012129
0.00012129
0.00012129
0.00012129
0.00012129
0.00012129
0.00012129
0.00012129
0.00012129
0.00012129
0.00012129
0.00012129
0.00012129
0.00012129
0.00012129
0.00012129
0.00012129
0.00012129
0.00012129
0.00012129
0.00012129
0.00012129
0.00012129
0.00012129
0.00012129
0.00012129
0.00012129
0.00012129
0.00012129
0.00012129
0.00012129
0.00012129
0.00012129
0.00012129
0.00012129
0.00012129
0.00012129
0.00012129
0.00012129
0.00012129
0.00012129
0.00012129
0.00012129
0.00012129
0.00012129
0.00012129
0.00012129
0.00012129
0.00012129
0.00012129
0.00012129
0.00012129
0.00012129
0.00012129
0.00012129
0.00012129
0.00012129
0.00012129
0.00012129
0.00012129
0.00012129
0.00012129
0.00012129
0.00012129
0.00012129
0.00012129
0.00012129
0.00012129
0.00012129
0.00012129
0.00012129
0.00012129
0.00012129
0.00012129
0.00012129
0.00012129
0.00012129
0.00012129
0.00012129
0.00012129
0.00012129
0.00012129
0.00012129
0.00012129
0.00012129
0.00012129
0.00012129
0.00012129
0.00012129
0.00012129
0.00012129
0.00012129
0.00012129
0.00012129
0.00012129
0.00012129
0.00012129
0.00012129
0.00012129
0.00012129
0.00012129
0.00012129
0.00012129
0.00012129
0.00012129
0.00012129
0.00012129
0.00012129
0.00012129
0.00012129
0.00012129
0.00012129
0.00012129
0.00012129
0.00012129
0.00012129
0.00012129
0.00012129
0.00012129
0.00012129
0.00012129
0.00012129
0.00012129
0.00012129
0.00012129
0.00012129
0.00012129
0.00012129
0.00012129
0.00012129
0.00012129
0.00012129
0.00012129
0.00012129
0.00012129
0.00012129
0.00012129
0.00012129
0.00012129
0.00012129
0.00012129
0.00012129
0.00012129
0.00012129
0.00012129
0.00012129
0.00012129
0.00012129
0.00012129
0.00012129
0.00012129
0.00012129
0.00012129
0.00012129
0.00012129
0.00012129
0.00012129
0.00012129
0.00012129
0.00012129
0.00012129
0.00012129
0.00012129
0.00012129
0.00012129
0.00012129
0.00012129
0.00012129
0.00012129
0.00012129
0.00012129
0.00012129
0.00012129
0.00012129
0.00012129
0.00012129
0.00012129
0.00012129
0.00012129
0.00012129
0.00012129
0.00012129
0.00012129
0.00012129
0.00012129
0.00012129
0.00012129
0.00012129
0.00012129
0.00012129
0.00012129
0.00012129
0.00012129
0.00012129
0.00012129
0.00012129
0.00012129
0.00012129
0.00012129
0.00012129
0.00012129
0.00012129
0.00012129
0.00012129
0.00012129
0.00012129
0.00012129
0.00012129
0.00012129
0.00012129
0.00012129
0.00012129
0.00012129
0.00012129
0.00012129
0.00012129
0.00012129
0.00012129
0.00012129
0.00012129
0.00012129
0.00012129
0.00012129
0.00012129
0.00012129
0.00012129
0.00012129
0.00012129
0.00012129
0.00012129
0.00012129
0.00012129
0.00012129
0.00012129
0.00012129
0.00012129
0.00012129
0.00012129
0.00012129
0.00012129
0.00012129
0.00012129
0.00012129
0.00012129
0.00012129
0.00012129
0.00012129
0.00012129
0.00012129
0.00012129
0.00012129
0.00012129
0.00012129
0.00012129
0.00012129
0.00012129
0.00012129
0.00012129
0.00012129
0.00012129
0.00012129
0.00012129
0.00012129
0.00012129
0.00012129
0.00012129
0.00012129
0.00012129
0.00012129
0.00012129
0.00012129
0.00012129
0.00012129
0.00012129
0.00012129
0.00012129
0.00012129
0.00012129
0.00012129
0.00012129
0.00012129
0.00012129
0.00012129
0.00012129
0.00012129
0.00012129
0.00012129
0.00012129
0.00012129
0.00012129
0.00012129
0.00012129
0.00012129
0.00012129
0.00012129
0.00012129
0.00012129
0.00012129
0.00012129
0.00012129
0.00012129
0.00012129
0.00012129
0.00012129
0.00012129
0.00012129
0.00012129
0.00012129
0.00012129
0.00012129
0.00012129
0.00012129
0.00012129
0.00012129
0.00012129
0.00012129
0.00012129
0.00012129
0.00012129
0.00012129
0.00012129
0.00012129
0.00012129
0.00012129
0.00012129
0.00012129
0.00012129
0.00012129
0.00012129
0.00012129
0.00012129
0.00012129
0.00012129
0.00012129
0.00012129
0.00012129
0.00012129
0.00012129
0.00012129
0.00012129
0.00012129
0.00012129
0.00012129
0.00012129
0.00012129
0.00012129
0.00012129
0.00012129
0.00012129
0.00012129
0.00012129
0.00012129
0.00012129
0.00012129
0.00012129
0.00012129
0.00012129
0.00012129
0.00012129
0.00012129
0.00012129
0.00012129
0.00012129
0.00012129
0.00012129
0.00012129
0.00012129
0.00012129
0.00012129
0.00012129
0.00012129
0.00012129
0.00012129
0.00012129
0.00012129
0.00012129
0.00012129
0.00012129
0.00012129
0.00012129
0.00012129
0.00012129
0.00012129
0.00012129
0.00012129
0.00012129
0.00012129
0.00012129
0.00012129
0.00012129
0.00012129
0.00012129
0.00012129
0.00012129
0.00012129
0.00012129
0.00012129
0.00012129
0.00012129
0.00012129
0.00012129
0.00012129
0.00012129
0.00012129
0.00012129
0.00012129
0.00012129
0.00012129
0.00012129
0.00012129
0.00012129
0.00012129
0.00012129
0.00012129
0.00012129
0.00012129
0.00012129
0.00012129
0.00012129
0.00012129
0.00012129
0.00012129
0.00012129
0.00012129
0.00012129
0.00012129
0.00012129
0.00012129
0.00012129
0.00012129
0.00012129
0.00012129
0.00012129
0.00012129
0.00012129
0.00012129
0.00012129
0.00012129
0.00012129
0.00012129
0.00012129
0.00012129
0.00012129
0.00012129
0.00012129
0.00012129
0.00012129
0.00012129
0.00012129
0.00012129
0.00012129
0.00012129
0.00012129
0.00012129
0.00012129
0.00012129
0.00012129
0.00012129
0.00012129
0.00012129
0.00012129
0.00012129
0.00012129
0.00012129
0.00012129
0.00012129
0.00012129
0.00012129
0.00012129
0.00012129
0.00012129
0.00012129
0.00012129
0.00012129
0.00012129
0.00012129
0.00012129
0.00012129
0.00012129
0.00012129
0.00012129
0.00012129
0.00012129
0.00012129
0.00012129
0.00012129
0.00012129
0.00012129
0.00012129
0.00012129
0.00012129
0.00012129
0.00012129
0.00012129
0.00012129
0.00012129
0.00012129
0.00012129
0.00012129
0.00012129
0.00012129
0.00012129
0.00012129
0.00012129
0.00012129
0.00012129
0.00012129
0.00012129
0.00012129
0.00012129
0.00012129
0.00012129
0.00012129
0.00012129
0.00012129
0.00012129
0.00012129
0.00012129
0.00012129
0.00012129
0.00012129
0.00012129
0.00012129
0.00012129
0.00012129
0.00012129
0.00012129
0.00012129
0.00012129
0.00012129
0.00012129
0.00012129
0.00012129
0.00012129
0.00012129
0.00012129
0.00012129
0.00012129
0.00012129
0.00012129
0.00012129
0.00012129
0.00012129
0.00012129
0.00012129
0.00012129
0.00012129
0.00012129
0.00012129
0.00012129
0.00012129
0.00012129
0.00012129
0.00012129
0.00012129
0.00012129
0.00012129
0.00012129
0.00012129
0.00012129
0.00012129
0.00012129
0.00012129
0.00012129
0.00012129
0.00012129
0.00012129
0.00012129
0.00012129
0.00012129
0.00012129
0.00012129
0.00012129
0.00012129
0.00012129
0.00012129
0.00012129
0.00012129
0.00012129
0.00012129
0.00012129
0.00012129
0.00012129
0.00012129
0.00012129
0.00012129
0.00012129
0.00012129
0.00012129
0.00012129
0.00012129
0.00012129
0.00012129
0.00012129
0.00012129
0.00012129
0.00012129
0.00012129
0.00012129
0.00012129
0.00012129
0.00012129
0.00012129
0.00012129
0.00012129
0.00012129
0.00012129
0.00012129
0.00012129
0.00012129
0.00012129
0.00012129
0.00012129
0.00012129
0.00012129
0.00012129
0.00012129
0.00012129
0.00012129
0.00012129
0.00012129
0.00012129
0.00012129
0.00012129
0.00012129
0.00012129
0.00012129
0.00012129
0.00012129
0.00012129
0.00012129
0.00012129
0.00012129
0.00012129
0.00012129
0.00012129
0.00012129
0.00012129
0.00012129
0.00012129
0.00012129
0.00012129
0.00012129
0.00012129
0.00012129
0.00012129
0.00012129
0.00012129
0.00012129
0.00012129
0.00012129
0.00012129
0.00012129
0.00012129
0.00012129
0.00012129
0.00012129
0.00012129
0.00012129
0.00012129
0.00012129
0.00012129
0.00012129
0.00012129
0.00012129
0.00012129
0.00012129
0.00012129
0.00012129
0.00012129
0.00012129
0.00012129
0.00012129
0.00012129
0.00012129
0.00012129
0.00012129
0.00012129
0.00012129
0.00012129
0.00012129
0.00012129
0.00012129
0.00012129
0.00012129
0.00012129
0.00012129
0.00012129
0.00012129
0.00012129
0.00012129
0.00012129
0.00012129
0.00012129
0.00012129
0.00012129
0.00012129
0.00012129
0.00012129
0.00012129
0.00012129
0.00012129
0.00012129
0.00012129
0.00012129
0.00012129
0.00012129
0.00012129
0.00012129
0.00012129
0.00012129
0.00012129
0.00012129
0.00012129
0.00012129
0.00012129
0.00012129
0.00012129
0.00012129
0.00012129
0.00012129
0.00012129
0.00012129
0.00012129
0.00012129
0.00012129
0.00012129
0.00012129
0.00012129
0.00012129
0.00012129
0.00012129
0.00012129
0.00012129
0.00012129
0.00012129
0.00012129
0.00012129
0.00012129
0.00012129
0.00012129
0.00012129
0.00012129
0.00012129
0.00012129
0.00012129
0.00012129
0.00012129
0.00012129
0.00012129
0.00012129
0.00012129
0.00012129
0.00012129
0.00012129
0.00012129
0.00012129
0.00012129
0.00012129
0.00012129
0.00012129
0.00012129
0.00012129
0.00012129
0.00012129
0.00012129
0.00012129
0.00012129
0.00012129
0.00012129
0.00012129
0.00012129
0.00012129
0.00012129
0.00012129
0.00012129
0.00012129
0.00012129
0.00012129
0.00012129
0.00012129
0.00012129
0.00012129
0.00012129
0.00012129
0.00012129
0.00012129
0.00012129
0.00012129
0.00012129
0.00012129
0.00012129
0.00012129
0.00012129
0.00012129
0.00012129
0.00012129
0.00012129
0.00012129
0.00012129
0.00012129
0.00012129
0.00012129
0.00012129
0.00012129
0.00012129
0.00012129
0.00012129
0.00012129
0.00012129
0.00012129
0.00012129
0.00012129
0.00012129
0.00012129
0.00012129
0.00012129
0.00012129
0.00012129
0.00012129
0.00012129
0.00012129
0.00012129
0.00012129
0.00012129
0.00012129
0.00012129
0.00012129
0.00012129
0.00012129
0.00012129
0.00012129
0.00012129
0.00012129
0.00012129
0.00012129
0.00012129
0.00012129
0.00012129
0.00012129
0.00012129
0.00012129
0.00012129
0.00012129
0.00012129
0.00012129
0.00012129
0.00012129
0.00012129
0.00012129
0.00012129
0.00012129
0.00012129
0.00012129
0.00012129
0.00012129
0.00012129
0.00012129
0.00012129
0.00012129
0.00012129
0.00012129
0.00012129
0.00012129
0.00012129
0.00012129
0.00012129
0.00012129
0.00012129
0.00012129
0.00012129
0.00012129
0.00012129
0.00012129
0.00012129
0.00012129
0.00012129
0.00012129
0.00012129
0.00012129
0.00012129
0.00012129
0.00012129
0.00012129
0.00012129
0.00012129
0.00012129
0.00012129
0.00012129
0.00012129
0.00012129
0.00012129
0.00012129
0.00012129
0.00012129
0.00012129
0.00012129
0.00012129
0.00012129
0.00012129
0.00012129
0.00012129
0.00012129
0.00012129
0.00012129
0.00012129
0.00012129
0.00012129
0.00012129
0.00012129
0.00012129
0.00012129
0.00012129
0.00012129
0.00012129
0.00012129
0.00012129
0.00012129
0.00012129
0.00012129
0.00012129
0.00012129
0.00012129
0.00012129
0.00012129
0.00012129
0.00012129
0.00012129
0.00012129
0.00012129
0.00012129
0.00012129
0.00012129
0.00012129
0.00012129
0.00012129
0.00012129
0.00012129
0.00012129
0.00012129
0.00012129
0.00012129
0.00012129
0.00012129
0.00012129
0.00012129
0.00012129
0.00012129
0.00012129
0.00012129
0.00012129
0.00012129
0.00012129
0.00012129
0.00012129
0.00012129
0.00012129
0.00012129
0.00012129
0.00012129
0.00012129
0.00012129
0.00012129
0.00012129
0.00012129
0.00012129
0.00012129
0.00012129
0.00012129
0.00012129
0.00012129
0.00012129
0.00012129
0.00012129
0.00012129
0.00012129
0.00012129
0.00012129
0.00012129
0.00012129
0.00012129
0.00012129
0.00012129
0.00012129
0.00012129
0.00012129
0.00012129
0.00012129
0.00012129
0.00012129
0.00012129
0.00012129
0.00012129
0.00012129
0.00012129
0.00012129
0.00012129
0.00012129
0.00012129
0.00012129
0.00012129
0.00012129
0.00012129
0.00012129
0.00012129
0.00012129
0.00012129
0.00012129
0.00012129
0.00012129
0.00012129
0.00012129
0.00012129
0.00012129
0.00012129
0.00012129
0.00012129
0.00012129
0.00012129
0.00012129
0.00012129
0.00012129
0.00012129
0.00012129
0.00012129
0.00012129
0.00012129
0.00012129
0.00012129
0.00012129
0.00012129
0.00012129
0.00012129
0.00012129
0.00012129
0.00012129
0.00012129
0.00012129
0.00012129
0.00012129
0.00012129
0.00012129
0.00012129
0.00012129
0.00012129
0.00012129
0.00012129
0.00012129
0.00012129
0.00012129
0.00012129
0.00012129
0.00012129
0.00012129
0.00012129
0.00012129
0.00012129
0.00012129
0.00012129
0.00012129
0.00012129
0.00012129
0.00012129
0.00012129
0.00012129
0.00012129
0.00012129
0.00012129
0.00012129
0.00012129
0.00012129
0.00012129
0.00012129
0.00012129
0.00012129
0.00012129
0.00012129
0.00012129
0.00012129
0.00012129
0.00012129
0.00012129
0.00012129
0.00012129
0.00012129
0.00012129
0.00012129
0.00012129
0.00012129
0.00012129
0.00012129
0.00012129
0.00012129
0.00012129
0.00012129
0.00012129
0.00012129
0.00012129
0.00012129
0.00012129
0.00012129
0.00012129
0.00012129
0.00012129
0.00012129
0.00012129
0.00012129
0.00012129
0.00012129
0.00012129
0.00012129
0.00012129
0.00012129
0.00012129
0.00012129
0.00012129
0.00012129
0.00012129
0.00012129
0.00012129
0.00012129
0.00012129
0.00012129
0.00012129
0.00012129
0.00012129
0.00012129
0.00012129
0.00012129
0.00012129
0.00012129
0.00012129
0.00012129
0.00012129
0.00012129
0.00012129
0.00012129
0.00012129
0.00012129
0.00012129
0.00012129
0.00012129
0.00012129
0.00012129
0.00012129
0.00012129
0.00012129
0.00012129
0.00012129
0.00012129
0.00012129
0.00012129
0.00012129
0.00012129
0.00012129
0.00012129
0.00012129
0.00012129
0.00012129
0.00012129
0.00012129
0.00012129
0.00012129
0.00012129
0.00012129
0.00012129
0.00012129
0.00012129
0.00012129
0.00012129
0.00012129
0.00012129
0.00012129
0.00012129
0.00012129
0.00012129
0.00012129
0.00012129
0.00012129
0.00012129
0.00012129
0.00012129
0.00012129
0.00012129
0.00012129
0.00012129
0.00012129
0.00012129
0.00012129
0.00012129
0.00012129
0.00012129
0.00012129
0.00012129
0.00012129
0.00012129
0.00012129
0.00012129
0.00012129
0.00012129
0.00012129
0.00012129
0.00012129
0.00012129
0.00012129
0.00012129
0.00012129
0.00012129
0.00012129
0.00012129
0.00012129
0.00012129
0.00012129
0.00012129
0.00012129
0.00012129
0.00012129
0.00012129
0.00012129
0.00012129
0.00012129
0.00012129
0.00012129
0.00012129
0.00012129
0.00012129
0.00012129
0.00012129
0.00012129
0.00012129
0.00012129
0.00012129
0.00012129
0.00012129
0.00012129
0.00012129
0.00012129
0.00012129
0.00012129
0.00012129
0.00012129
0.00012129
0.00012129
0.00012129
0.00012129
0.00012129
0.00012129
0.00012129
0.00012129
0.00012129
0.00012129
0.00012129
0.00012129
0.00012129
0.00012129
0.00012129
0.00012129
0.00012129
0.00012129
0.00012129
0.00012129
0.00012129
0.00012129
0.00012129
0.00012129
0.00012129
0.00012129
0.00012129
0.00012129
0.00012129
0.00012129
0.00012129
0.00012129
0.00012129
0.00012129
0.00012129
0.00012129
0.00012129
0.00012129
0.00012129
0.00012129
0.00012129
0.00012129
0.00012129
0.00012129
0.00012129
0.00012129
0.00012129
0.00012129
0.00012129
0.00012129
0.00012129
0.00012129
0.00012129
0.00012129
0.00012129
0.00012129
0.00012129
0.00012129
0.00012129
0.00012129
0.00012129
0.00012129
0.00012129
0.00012129
0.00012129
0.00012129
0.00012129
0.00012129
0.00012129
0.00012129
0.00012129
0.00012129
0.00012129
0.00012129
0.00012129
0.00012129
0.00012129
0.00012129
0.00012129
0.00012129
0.00012129
0.00012129
0.00012129
0.00012129
0.00012129
0.00012129
0.00012129
0.00012129
0.00012129
0.00012129
0.00012129
0.00012129
0.00012129
0.00012129
0.00012129
0.00012129
0.00012129
0.00012129
0.00012129
0.00012129
0.00012129
0.00012129
0.00012129
0.00012129
0.00012129
0.00012129
0.00012129
0.00012129
0.00012129
0.00012129
0.00012129
0.00012129
0.00012129
0.00012129
0.00012129
0.00012129
0.00012129
0.00012129
0.00012129
0.00012129
0.00012129
0.00012129
0.00012129
0.00012129
0.00012129
0.00012129
0.00012129
0.00012129
0.00012129
0.00012129
0.00012129
0.00012129
0.00012129
0.00012129
0.00012129
0.00012129
0.00012129
0.00012129
0.00012129
0.00012129
0.00012129
0.00012129
0.00012129
0.00012129
0.00012129
0.00012129
0.00012129
0.00012129
0.00012129
0.00012129
0.00012129
0.00012129
0.00012129
0.00012129
0.00012129
0.00012129
0.00012129
0.00012129
0.00012129
0.00012129
0.00012129
0.00012129
0.00012129
0.00012129
0.00012129
0.00012129
0.00012129
0.00012129
0.00012129
0.00012129
0.00012129
0.00012129
0.00012129
0.00012129
0.00012129
0.00012129
0.00012129
0.00012129
0.00012129
0.00012129
0.00012129
0.00012129
0.00012129
0.00012129
0.00012129
0.00012129
0.00012129
0.00012129
0.00012129
0.00012129
0.00012129
0.00012129
0.00012129
0.00012129
0.00012129
0.00012129
0.00012129
0.00012129
0.00012129
0.00012129
0.00012129
0.00012129
0.00012129
0.00012129
0.00012129
0.00012129
0.00012129
0.00012129
0.00012129
0.00012129
0.00012129
0.00012129
0.00012129
0.00012129
0.00012129
0.00012129
0.00012129
0.00012129
0.00012129
0.00012129
0.00012129
0.00012129
0.00012129
0.00012129
0.00012129
0.00012129
0.00012129
0.00012129
0.00012129
0.00012129
0.00012129
0.00012129
0.00012129
0.00012129
0.00012129
0.00012129
0.00012129
0.00012129
0.00012129
0.00012129
0.00012129
0.00012129
0.00012129
0.00012129
0.00012129
0.00012129
0.00012129
0.00012129
0.00012129
0.00012129
0.00012129
0.00012129
0.00012129
0.00012129
0.00012129
0.00012129
0.00012129
0.00012129
0.00012129
0.00012129
0.00012129
0.00012129
0.00012129
0.00012129
0.00012129
0.00012129
0.00012129
0.00012129
0.00012129
0.00012129
0.00012129
0.00012129
0.00012129
0.00012129
0.00012129
0.00012129
0.00012129
0.00012129
0.00012129
0.00012129
0.00012129
0.00012129
0.00012129
0.00012129
0.00012129
0.00012129
0.00012129
0.00012129
0.00012129
0.00012129
0.00012129
0.00012129
0.00012129
0.00012129
0.00012129
0.00012129
0.00012129
0.00012129
0.00012129
0.00012129
0.00012129
0.00012129
0.00012129
0.00012129
0.00012129
0.00012129
0.00012129
0.00012129
0.00012129
0.00012129
0.00012129
0.00012129
0.00012129
0.00012129
0.00012129
0.00012129
0.00012129
0.00012129
0.00012129
0.00012129
0.00012129
0.00012129
0.00012129
0.00012129
0.00012129
0.00012129
0.00012129
0.00012129
0.00012129
0.00012129
0.00012129
0.00012129
0.00012129
0.00012129
0.00012129
0.00012129
0.00012129
0.00012129
0.00012129
0.00012129
0.00012129
0.00012129
0.00012129
0.00012129
0.00012129
0.00012129
0.00012129
0.00012129
0.00012129
0.00012129
0.00012129
0.00012129
0.00012129
0.00012129
0.00012129
0.00012129
0.00012129
0.00012129
0.00012129
0.00012129
0.00012129
0.00012129
0.00012129
0.00012129
0.00012129
0.00012129
0.00012129
0.00012129
0.00012129
0.00012129
0.00012129
0.00012129
0.00012129
0.00012129
0.00012129
0.00012129
0.00012129
0.00012129
0.00012129
0.00012129
0.00012129
0.00012129
0.00012129
0.00012129
0.00012129
0.00012129
0.00012129
0.00012129
0.00012129
0.00012129
0.00012129
0.00012129
0.00012129
0.00012129
0.00012129
0.00012129
0.00012129
0.00012129
0.00012129
0.00012129
0.00012129
0.00012129
0.00012129
0.00012129
0.00012129
0.00012129
0.00012129
0.00012129
0.00012129
0.00012129
0.00012129
0.00012129
0.00012129
0.00012129
0.00012129
0.00012129
0.00012129
0.00012129
0.00012129
0.00012129
0.00012129
0.00012129
0.00012129
0.00012129
0.00012129
0.00012129
0.00012129
0.00012129
0.00012129
0.00012129
0.00012129
0.00012129
0.00012129
0.00012129
0.00012129
0.00012129
0.00012129
0.00012129
0.00012129
0.00012129
0.00012129
0.00012129
0.00012129
0.00012129
0.00012129
0.00012129
0.00012129
0.00012129
0.00012129
0.00012129
0.00012129
0.00012129
0.00012129
0.00012129
0.00012129
0.00012129
0.00012129
0.00012129
0.00012129
0.00012129
0.00012129
0.00012129
0.00012129
0.00012129
0.00012129
0.00012129
0.00012129
0.00012129
0.00012129
0.00012129
0.00012129
0.00012129
0.00012129
0.00012129
0.00012129
0.00012129
0.00012129
0.00012129
0.00012129
0.00012129
0.00012129
0.00012129
0.00012129
0.00012129
0.00012129
0.00012129
0.00012129
0.00012129
0.00012129
0.00012129
0.00012129
0.00012129
0.00012129
0.00012129
0.00012129
0.00012129
0.00012129
0.00012129
0.00012129
0.00012129
0.00012129
0.00012129
0.00012129
0.00012129
0.00012129
0.00012129
0.00012129
0.00012129
0.00012129
0.00012129
0.00012129
0.00012129
0.00012129
0.00012129
0.00012129
0.00012129
0.00012129
0.00012129
0.00012129
0.00012129
0.00012129
0.00012129
0.00012129
0.00012129
0.00012129
0.00012129
0.00012129
0.00012129
0.00012129
0.00012129
0.00012129
0.00012129
0.00012129
0.00012129
0.00012129
0.00012129
0.00012129
0.00012129
0.00012129
0.00012129
0.00012129
0.00012129
0.00012129
0.00012129
0.00012129
0.00012129
0.00012129
0.00012129
0.00012129
0.00012129
0.00012129
0.00012129
0.00012129
0.00012129
0.00012129
0.00012129
0.00012129
0.00012129
0.00012129
0.00012129
0.00012129
0.00012129
0.00012129
0.00012129
0.00012129
0.00012129
0.00012129
0.00012129
0.00012129
0.00012129
0.00012129
0.00012129
0.00012129
0.00012129
0.00012129
0.00012129
0.00012129
0.00012129
0.00012129
0.00012129
0.00012129
0.00012129
0.00012129
0.00012129
0.00012129
0.00012129
0.00012129
0.00012129
0.00012129
0.00012129
0.00012129
0.00012129
0.00012129
0.00012129
0.00012129
0.00012129
0.00012129
0.00012129
0.00012129
0.00012129
0.00012129
0.00012129
0.00012129
0.00012129
0.00012129
0.00012129
0.00012129
0.00012129
0.00012129
0.00012129
0.00012129
0.00012129
0.00012129
0.00012129
0.00012129
0.00012129
0.00012129
0.00012129
0.00012129
0.00012129
0.00012129
0.00012129
0.00012129
0.00012129
0.00012129
0.00012129
0.00012129
0.00012129
0.00012129
0.00012129
0.00012129
0.00012129
0.00012129
0.00012129
0.00012129
0.00012129
0.00012129
0.00012129
0.00012129
0.00012129
0.00012129
0.00012129
0.00012129
0.00012129
0.00012129
0.00012129
0.00012129
0.00012129
0.00012129
0.00012129
0.00012129
0.00012129
0.00012129
0.00012129
0.00012129
0.00012129
0.00012129
0.00012129
0.00012129
0.00012129
0.00012129
0.00012129
0.00012129
0.00012129
0.00012129
0.00012129
0.00012129
0.00012129
0.00012129
0.00012129
0.00012129
0.00012129
0.00012129
0.00012129
0.00012129
0.00012129
0.00012129
0.00012129
0.00012129
0.00012129
0.00012129
0.00012129
0.00012129
0.00012129
0.00012129
0.00012129
0.00012129
0.00012129
0.00012129
0.00012129
0.00012129
0.00012129
0.00012129
0.00012129
0.00012129
0.00012129
0.00012129
0.00012129
0.00012129
0.00012129
0.00012129
0.00012129
0.00012129
0.00012129
0.00012129
0.00012129
0.00012129
0.00012129
0.00012129
0.00012129
0.00012129
0.00012129
0.00012129
0.00012129
0.00012129
0.00012129
0.00012129
0.00012129
0.00012129
0.00012129
0.00012129
0.00012129
0.00012129
0.00012129
0.00012129
0.00012129
0.00012129
0.00012129
0.00012129
0.00012129
0.00012129
0.00012129
0.00012129
0.00012129
0.00012129
0.00012129
0.00012129
0.00012129
0.00012129
0.00012129
0.00012129
0.00012129
0.00012129
0.00012129
0.00012129
0.00012129
0.00012129
0.00012129
0.00012129
0.00012129
0.00012129
0.00012129
0.00012129
0.00012129
0.00012129
0.00012129
0.00012129
0.00012129
0.00012129
0.00012129
0.00012129
0.00012129
0.00012129
0.00012129
0.00012129
0.00012129
0.00012129
0.00012129
0.00012129
0.00012129
0.00012129
0.00012129
0.00012129
0.00012129
0.00012129
0.00012129
0.00012129
0.00012129
0.00012129
0.00012129
0.00012129
0.00012129
0.00012129
0.00012129
0.00012129
0.00012129
0.00012129
0.00012129
0.00012129
0.00012129
0.00012129
0.00012129
0.00012129
0.00012129
0.00012129
0.00012129
0.00012129
0.00012129
0.00012129
0.00012129
0.00012129
0.00012129
0.00012129
0.00012129
0.00012129
0.00012129
0.00012129
0.00012129
0.00012129
0.00012129
0.00012129
0.00012129
0.00012129
0.00012129
0.00012129
0.00012129
0.00012129
0.00012129
0.00012129
0.00012129
0.00012129
0.00012129
0.00012129
0.00012129
0.00012129
0.00012129
0.00012129
0.00012129
0.00012129
0.00012129
0.00012129
0.00012129
0.00012129
0.00012129
0.00012129
0.00012129
0.00012129
0.00012129
0.00012129
0.00012129
0.00012129
0.00012129
0.00012129
0.00012129
0.00012129
0.00012129
0.00012129
0.00012129
0.00012129
0.00012129
0.00012129
0.00012129
0.00012129
0.00012129
0.00012129
0.00012129
0.00012129
0.00012129
0.00012129
0.00012129
0.00012129
0.00012129
0.00012129
0.00012129
0.00012129
0.00012129
0.00012129
0.00012129
0.00012129
0.00012129
0.00012129
0.00012129
0.00012129
0.00012129
0.00012129
0.00012129
0.00012129
0.00012129
0.00012129
0.00012129
0.00012129
0.00012129
0.00012129
0.00012129
0.00012129
0.00012129
0.00012129
0.00012129
0.00012129
0.00012129
0.00012129
0.00012129
0.00012129
0.00012129
0.00012129
0.00012129
0.00012129
0.00012129
0.00012129
0.00012129
0.00012129
0.00012129
0.00012129
0.00012129
0.00012129
0.00012129
0.00012129
0.00012129
0.00012129
0.00012129
0.00012129
0.00012129
0.00012129
0.00012129
0.00012129
0.00012129
0.00012129
0.00012129
0.00012129
0.00012129
0.00012129
0.00012129
0.00012129
0.00012129
0.00012129
0.00012129
0.00012129
0.00012129
0.00012129
0.00012129
0.00012129
0.00012129
0.00012129
0.00012129
0.00012129
0.00012129
0.00012129
0.00012129
0.00012129
0.00012129
0.00012129
0.00012129
0.00012129
0.00012129
0.00012129
0.00012129
0.00012129
0.00012129
0.00012129
0.00012129
0.00012129
0.00012129
0.00012129
0.00012129
0.00012129
0.00012129
0.00012129
0.00012129
0.00012129
0.00012129
0.00012129
0.00012129
0.00012129
0.00012129
0.00012129
0.00012129
0.00012129
0.00012129
0.00012129
0.00012129
0.00012129
0.00012129
0.00012129
0.00012129
0.00012129
0.00012129
0.00012129
0.00012129
0.00012129
0.00012129
0.00012129
0.00012129
0.00012129
0.00012129
0.00012129
0.00012129
0.00012129
0.00012129
0.00012129
0.00012129
0.00012129
0.00012129
0.00012129
0.00012129
0.00012129
0.00012129
0.00012129
0.00012129
0.00012129
0.00012129
0.00012129
0.00012129
0.00012129
0.00012129
0.00012129
0.00012129
0.00012129
0.00012129
0.00012129
0.00012129
0.00012129
0.00012129
0.00012129
0.00012129
0.00012129
0.00012129
0.00012129
0.00012129
0.00012129
0.00012129
0.00012129
0.00012129
0.00012129
0.00012129
0.00012129
0.00012129
0.00012129
0.00012129
0.00012129
0.00012129
0.00012129
0.00012129
0.00012129
0.00012129
0.00012129
0.00012129
0.00012129
0.00012129
0.00012129
0.00012129
0.00012129
0.00012129
0.00012129
0.00012129
0.00012129
0.00012129
0.00012129
0.00012129
0.00012129
0.00012129
0.00012129
0.00012129
0.00012129
0.00012129
0.00012129
0.00012129
0.00012129
0.00012129
0.00012129
0.00012129
0.00012129
0.00012129
0.00012129
0.00012129
0.00012129
0.00012129
0.00012129
0.00012129
0.00012129
0.00012129
0.00012129
0.00012129
0.00012129
0.00012129
0.00012129
0.00012129
0.00012129
0.00012129
0.00012129
0.00012129
0.00012129
0.00012129
0.00012129
0.00012129
0.00012129
0.00012129
0.00012129
0.00012129
0.00012129
0.00012129
0.00012129
0.00012129
0.00012129
0.00012129
0.00012129
0.00012129
0.00012129
0.00012129
0.00012129
0.00012129
0.00012129
0.00012129
0.00012129
0.00012129
0.00012129
0.00012129
0.00012129
0.00012129
0.00012129
0.00012129
0.00012129
0.00012129
0.00012129
0.00012129
0.00012129
0.00012129
0.00012129
0.00012129
0.00012129
0.00012129
0.00012129
0.00012129
0.00012129
0.00012129
0.00012129
0.00012129
0.00012129
0.00012129
0.00012129
0.00012129
0.00012129
0.00012129
0.00012129
0.00012129
0.00012129
0.00012129
0.00012129
0.00012129
0.00012129
0.00012129
0.00012129
0.00012129
0.00012129
0.00012129
0.00012129
0.00012129
0.00012129
0.00012129
0.00012129
0.00012129
0.00012129
0.00012129
0.00012129
0.00012129
0.00012129
0.00012129
0.00012129
0.00012129
0.00012129
0.00012129
0.00012129
0.00012129
0.00012129
0.00012129
0.00012129
0.00012129
0.00012129
0.00012129
0.00012129
0.00012129
0.00012129
0.00012129
0.00012129
0.00012129
0.00012129
0.00012129
0.00012129
0.00012129
0.00012129
0.00012129
0.00012129
0.00012129
0.00012129
0.00012129
0.00012129
0.00012129
0.00012129
0.00012129
0.00012129
0.00012129
0.00012129
0.00012129
0.00012129
0.00012129
0.00012129
0.00012129
0.00012129
0.00012129
0.00012129
0.00012129
0.00012129
0.00012129
0.00012129
0.00012129
0.00012129
0.00012129
0.00012129
0.00012129
0.00012129
0.00012129
0.00012129
0.00012129
0.00012129
0.00012129
0.00012129
0.00012129
0.00012129
0.00012129
0.00012129
0.00012129
0.00012129
0.00012129
0.00012129
0.00012129
0.00012129
0.00012129
0.00012129
0.00012129
0.00012129
0.00012129
0.00012129
0.00012129
0.00012129
0.00012129
0.00012129
0.00012129
0.00012129
0.00012129
0.00012129
0.00012129
0.00012129
0.00012129
0.00012129
0.00012129
0.00012129
0.00012129
0.00012129
0.00012129
0.00012129
0.00012129
0.00012129
0.00012129
0.00012129
0.00012129
0.00012129
0.00012129
0.00012129
0.00012129
0.00012129
0.00012129
0.00012129
0.00012129
0.00012129
0.00012129
0.00012129
0.00012129
0.00012129
0.00012129
0.00012129
0.00012129
0.00012129
0.00012129
0.00012129
0.00012129
0.00012129
0.00012129
0.00012129
0.00012129
0.00012129
0.00012129
0.00012129
0.00012129
0.00012129
0.00012129
0.00012129
0.00012129
0.00012129
0.00012129
0.00012129
0.00012129
0.00012129
0.00012129
0.00012129
0.00012129
0.00012129
0.00012129
0.00012129
0.00012129
0.00012129
0.00012129
0.00012129
0.00012129
0.00012129
0.00012129
0.00012129
0.00012129
0.00012129
0.00012129
0.00012129
0.00012129
0.00012129
0.00012129
0.00012129
0.00012129
0.00012129
0.00012129
0.00012129
0.00012129
0.00012129
0.00012129
0.00012129
0.00012129
0.00012129
0.00012129
0.00012129
0.00012129
0.00012129
0.00012129
0.00012129
0.00012129
0.00012129
0.00012129
0.00012129
0.00012129
0.00012129
0.00012129
0.00012129
0.00012129
0.00012129
0.00012129
0.00012129
0.00012129
0.00012129
0.00012129
0.00012129
0.00012129
0.00012129
0.00012129
0.00012129
0.00012129
0.00012129
0.00012129
0.00012129
0.00012129
0.00012129
0.00012129
0.00012129
0.00012129
0.00012129
0.00012129
0.00012129
0.00012129
0.00012129
0.00012129
0.00012129
0.00012129
0.00012129
0.00012129
0.00012129
0.00012129
0.00012129
0.00012129
0.00012129
0.00012129
0.00012129
0.00012129
0.00012129
0.00012129
0.00012129
0.00012129
0.00012129
0.00012129
0.00012129
0.00012129
0.00012129
0.00012129
0.00012129
0.00012129
0.00012129
0.00012129
0.00012129
0.00012129
0.00012129
0.00012129
0.00012129
0.00012129
0.00012129
0.00012129
0.00012129
0.00012129
0.00012129
0.00012129
0.00012129
0.00012129
0.00012129
0.00012129
0.00012129
0.00012129
0.00012129
0.00012129
0.00012129
0.00012129
0.00012129
0.00012129
0.00012129
0.00012129
0.00012129
0.00012129
0.00012129
0.00012129
0.00012129
0.00012129
0.00012129
0.00012129
0.00012129
0.00012129
0.00012129
0.00012129
0.00012129
0.00012129
0.00012129
0.00012129
0.00012129
0.00012129
0.00012129
0.00012129
0.00012129
0.00012129
0.00012129
0.00012129
0.00012129
0.00012129
0.00012129
0.00012129
0.00012129
0.00012129
0.00012129
0.00012129
0.00012129
0.00012129
0.00012129
0.00012129
0.00012129
0.00012129
0.00012129
0.00012129
0.00012129
0.00012129
0.00012129
0.00012129
0.00012129
0.00012129
0.00012129
0.00012129
0.00012129
0.00012129
0.00012129
0.00012129
0.00012129
0.00012129
0.00012129
0.00012129
0.00012129
0.00012129
0.00012129
0.00012129
0.00012129
0.00012129
0.00012129
0.00012129
0.00012129
0.00012129
0.00012129
0.00012129
0.00012129
0.00012129
0.00012129
0.00012129
0.00012129
0.00012129
0.00012129
0.00012129
0.00012129
0.00012129
0.00012129
0.00012129
0.00012129
0.00012129
0.00012129
0.00012129
0.00012129
0.00012129
0.00012129
0.00012129
0.00012129
0.00012129
0.00012129
0.00012129
0.00012129
0.00012129
0.00012129
0.00012129
0.00012129
0.00012129
0.00012129
0.00012129
0.00012129
0.00012129
0.00012129
0.00012129
0.00012129
0.00012129
0.00012129
0.00012129
0.00012129
0.00012129
0.00012129
0.00012129
0.00012129
0.00012129
0.00012129
0.00012129
0.00012129
0.00012129
0.00012129
0.00012129
0.00012129
0.00012129
0.00012129
0.00012129
0.00012129
0.00012129
0.00012129
0.00012129
0.00012129
0.00012129
0.00012129
0.00012129
0.00012129
0.00012129
0.00012129
0.00012129
0.00012129
0.00012129
0.00012129
0.00012129
0.00012129
0.00012129
0.00012129
0.00012129
0.00012129
0.00012129
0.00012129
0.00012129
0.00012129
0.00012129
0.00012129
0.00012129
0.00012129
0.00012129
0.00012129
0.00012129
0.00012129
0.00012129
0.00012129
0.00012129
0.00012129
0.00012129
0.00012129
0.00012129
0.00012129
0.00012129
0.00012129
0.00012129
0.00012129
0.00012129
0.00012129
0.00012129
0.00012129
0.00012129
0.00012129
0.00012129
0.00012129
0.00012129
0.00012129
0.00012129
0.00012129
0.00012129
0.00012129
0.00012129
0.00012129
0.00012129
0.00012129
0.00012129
0.00012129
0.00012129
0.00012129
0.00012129
0.00012129
0.00012129
0.00012129
0.00012129
0.00012129
0.00012129
0.00012129
0.00012129
0.00012129
0.00012129
0.00012129
0.00012129
0.00012129
0.00012129
0.00012129
0.00012129
0.00012129
0.00012129
0.00012129
0.00012129
0.00012129
0.00012129
0.00012129
0.00012129
0.00012129
0.00012129
0.00012129
0.00012129
0.00012129
0.00012129
0.00012129
0.00012129
0.00012129
0.00012129
0.00012129
0.00012129
0.00012129
0.00012129
0.00012129
0.00012129
0.00012129
0.00012129
0.00012129
0.00012129
0.00012129
0.00012129
0.00012129
0.00012129
0.00012129
0.00012129
0.00012129
0.00012129
0.00012129
0.00012129
0.00012129
0.00012129
0.00012129
0.00012129
0.00012129
0.00012129
0.00012129
0.00012129
0.00012129
0.00012129
0.00012129
0.00012129
0.00012129
0.00012129
0.00012129
0.00012129
0.00012129
0.00012129
0.00012129
0.00012129
0.00012129
0.00012129
0.00012129
0.00012129
0.00012129
0.00012129
0.00012129
0.00012129
0.00012129
0.00012129
0.00012129
0.00012129
0.00012129
0.00012129
0.00012129
0.00012129
0.00012129
0.00012129
0.00012129
0.00012129
0.00012129
0.00012129
0.00012129
0.00012129
0.00012129
0.00012129
0.00012129
0.00012129
0.00012129
0.00012129
0.00012129
0.00012129
0.00012129
0.00012129
0.00012129
0.00012129
0.00012129
0.00012129
0.00012129
0.00012129
0.00012129
0.00012129
0.00012129
0.00012129
0.00012129
0.00012129
0.00012129
0.00012129
0.00012129
0.00012129
0.00012129
0.00012129
0.00012129
0.00012129
0.00012129
0.00012129
0.00012129
0.00012129
0.00012129
0.00012129
0.00012129
0.00012129
0.00012129
0.00012129
0.00012129
0.00012129
0.00012129
0.00012129
0.00012129
0.00012129
0.00012129
0.00012129
0.00012129
0.00012129
0.00012129
0.00012129
0.00012129
0.00012129
0.00012129
0.00012129
0.00012129
0.00012129
0.00012129
0.00012129
0.00012129
0.00012129
0.00012129
0.00012129
0.00012129
0.00012129
0.00012129
0.00012129
0.00012129
0.00012129
0.00012129
0.00012129
0.00012129
0.00012129
0.00012129
0.00012129
0.00012129
0.00012129
0.00012129
0.00012129
0.00012129
0.00012129
0.00012129
0.00012129
0.00012129
0.00012129
0.00012129
0.00012129
0.00012129
0.00012129
0.00012129
0.00012129
0.00012129
0.00012129
0.00012129
0.00012129
0.00012129
0.00012129
0.00012129
0.00012129
0.00012129
0.00012129
0.00012129
0.00012129
0.00012129
0.00012129
0.00012129
0.00012129
0.00012129
0.00012129
0.00012129
0.00012129
0.00012129
0.00012129
0.00012129
0.00012129
0.00012129
0.00012129
0.00012129
0.00012129
0.00012129
0.00012129
0.00012129
0.00012129
0.00012129
0.00012129
0.00012129
0.00012129
0.00012129
0.00012129
0.00012129
0.00012129
0.00012129
0.00012129
0.00012129
0.00012129
0.00012129
0.00012129
0.00012129
0.00012129
0.00012129
0.00012129
0.00012129
0.00012129
0.00012129
0.00012129
0.00012129
0.00012129
0.00012129
0.00012129
0.00012129
0.00012129
0.00012129
0.00012129
0.00012129
0.00012129
0.00012129
0.00012129
0.00012129
0.00012129
0.00012129
0.00012129
0.00012129
0.00012129
0.00012129
0.00012129
0.00012129
0.00012129
0.00012129
0.00012129
0.00012129
0.00012129
0.00012129
0.00012129
0.00012129
0.00012129
0.00012129
0.00012129
0.00012129
0.00012129
0.00012129
0.00012129
0.00012129
0.00012129
0.00012129
0.00012129
0.00012129
0.00012129
0.00012129
0.00012129
0.00012129
0.00012129
0.00012129
0.00012129
0.00012129
0.00012129
0.00012129
0.00012129
0.00012129
0.00012129
0.00012129
0.00012129
0.00012129
0.00012129
0.00012129
0.00012129
0.00012129
0.00012129
0.00012129
0.00012129
0.00012129
0.00012129
0.00012129
0.00012129
0.00012129
0.00012129
0.00012129
0.00012129
0.00012129
0.00012129
0.00012129
0.00012129
0.00012129
0.00012129
0.00012129
0.00012129
0.00012129
0.00012129
0.00012129
0.00012129
0.00012129
0.00012129
0.00012129
0.00012129
0.00012129
0.00012129
0.00012129
0.00012129
0.00012129
0.00012129
0.00012129
0.00012129
0.00012129
0.00012129
0.00012129
0.00012129
0.00012129
