0.99183223
0.98796909
0.98498896
0.98068433
0.96865342
0.96644592
0.96434879
0.96269316
0.96114790
0.95894040
0.95607064
0.95419426
0.95209713
0.95022075
0.94900662
0.94713024
0.94569536
0.94403974
0.94271523
0.94094923
0.93907285
0.93741722
0.93653422
0.93498896
0.93410596
0.93289183
0.93178808
0.93024283
0.92814570
0.92682119
0.92549669
0.92428256
0.92306843
0.92196468
0.92041943
0.91920530
0.91788079
0.91644592
0.91512141
0.91390728
0.91291391
0.91169978
0.91158940
0.90927152
0.90805740
0.90640177
0.90474614
0.90364238
0.90264901
0.90154525
0.90033113
0.89955850
0.89856512
0.89790287
0.89690949
0.89602649
0.89492274
0.89426049
0.89315673
0.89227373
0.89128035
0.89072848
0.89006623
0.88907285
0.88807947
0.88741722
0.88675497
0.88598234
0.88543046
0.88487859
0.88443709
0.88344371
0.88256071
0.88178808
0.88101545
0.88057395
0.87980132
0.87958057
0.87913907
0.87880795
0.87792494
0.87726269
0.87682119
0.87604857
0.87549669
0.87450331
0.87362031
0.87339956
0.87273731
0.87185430
0.87064018
0.86975717
0.86909492
0.86810155
0.86754967
0.86688742
0.86622517
0.86578366
0.86501104
0.86423841
0.86302428
0.86192053
0.86136865
0.86103753
0.86092715
0.86048565
0.85993377
0.85927152
0.85860927
0.85838852
0.85794702
0.85750552
0.85717439
0.85662252
0.85629139
0.85573951
0.85496689
0.85441501
0.85364238
0.85331126
0.85198675
0.85099338
0.85011038
0.84944812
0.84900662
0.84845475
0.84801325
0.84757174
0.84724062
0.84657837
0.84580574
0.84547461
0.84492274
0.84459161
0.84381898
0.84326711
0.84293598
0.84249448
0.84183223
0.84150110
0.84128035
0.84094923
0.84050773
0.83984547
0.83951435
0.83918322
0.83863135
0.83807947
0.83741722
0.83697572
0.83664459
0.83598234
0.83576159
0.83520971
0.83498896
0.83443709
0.83377483
0.83344371
0.83300221
0.83222958
0.83178808
0.83167770
0.83123620
0.83090508
0.83057395
0.83024283
0.83002208
0.82969095
0.82924945
0.82902870
0.82869757
0.82825607
0.82781457
0.82726269
0.82704194
0.82626932
0.82571744
0.82560706
0.82549669
0.82384106
0.82306843
0.82174393
0.82130243
0.82086093
0.82064018
0.81997792
0.81931567
0.81865342
0.81788079
0.81754967
0.81666667
0.81633554
0.81622517
0.81567329
0.81556291
0.81534216
0.81512141
0.81445916
0.81379691
0.81368653
0.81280353
0.81258278
0.81236203
0.81192053
0.81158940
0.81125828
0.81114790
0.81081678
0.81070640
0.81048565
0.81004415
0.80971302
0.80916115
0.80894040
0.80827815
0.80772627
0.80728477
0.80717439
0.80662252
0.80651214
0.80596026
0.80573951
0.80540839
0.80507726
0.80474614
0.80441501
0.80419426
0.80342163
0.80309051
0.80298013
0.80220751
0.80165563
0.80121413
0.80066225
0.80033113
0.79944812
0.79933775
0.79900662
0.79878587
0.79823400
0.79812362
0.79779249
0.79757174
0.79724062
0.79690949
0.79635762
0.79591611
0.79580574
0.79569536
0.79514349
0.79448124
0.79381898
0.79359823
0.79315673
0.79260486
0.79183223
0.79116998
0.79006623
0.78973510
0.78940397
0.78929360
0.78896247
0.78874172
0.78830022
0.78785872
0.78763797
0.78741722
0.78675497
0.78653422
0.78642384
0.78520971
0.78443709
0.78388521
0.78344371
0.78311258
0.78256071
0.78189845
0.78134658
0.78090508
0.78057395
0.78035320
0.78024283
0.77947020
0.77869757
0.77792494
0.77748344
0.77726269
0.77682119
0.77637969
0.77593819
0.77571744
0.77538631
0.77483444
0.77450331
0.77428256
0.77417219
0.77373068
0.77328918
0.77306843
0.77273731
0.77251656
0.77218543
0.77174393
0.77152318
0.77097130
0.77064018
0.77019868
0.76986755
0.76942605
0.76920530
0.76909492
0.76898455
0.76832230
0.76766004
0.76754967
0.76743929
0.76710817
0.76688742
0.76655629
0.76622517
0.76600442
0.76578366
0.76534216
0.76523179
0.76490066
0.76479029
0.76423841
0.76401766
0.76346578
0.76313466
0.76258278
0.76225166
0.76214128
0.76192053
0.76169978
0.76147903
0.76125828
0.76048565
0.76015453
0.75993377
0.75982340
0.75960265
0.75927152
0.75883002
0.75860927
0.75838852
0.75805740
0.75717439
0.75695364
0.75684327
0.75651214
0.75629139
0.75607064
0.75562914
0.75474614
0.75441501
0.75430464
0.75419426
0.75375276
0.75353201
0.75298013
0.75242826
0.75209713
0.75176600
0.75099338
0.75033113
0.75011038
0.74933775
0.74900662
0.74856512
0.74834437
0.74801325
0.74757174
0.74690949
0.74668874
0.74624724
0.74591611
0.74536424
0.74492274
0.74448124
0.74392936
0.74381898
0.74326711
0.74282561
0.74205298
0.74183223
0.74139073
0.74128035
0.74116998
0.74105960
0.74094923
0.74061810
0.74017660
0.73984547
0.73962472
0.73929360
0.73907285
0.73874172
0.73774834
0.73730684
0.73675497
0.73642384
0.73609272
0.73587196
0.73576159
0.73543046
0.73388521
0.73355408
0.73333333
0.73311258
0.73289183
0.73267108
0.73245033
0.73211921
0.73156733
0.73134658
0.73101545
0.73079470
0.73057395
0.73024283
0.73002208
0.72969095
0.72947020
0.72913907
0.72891832
0.72858720
0.72847682
0.72803532
0.72770419
0.72726269
0.72704194
0.72637969
0.72626932
0.72582781
0.72560706
0.72516556
0.72505519
0.72494481
0.72472406
0.72450331
0.72395143
0.72350993
0.72339956
0.72295806
0.72273731
0.72251656
0.72218543
0.72196468
0.72174393
0.72152318
0.72141280
0.72119205
0.72075055
0.72041943
0.72008830
0.71997792
0.71964680
0.71931567
0.71898455
0.71865342
0.71821192
0.71766004
0.71754967
0.71677704
0.71633554
0.71611479
0.71523179
0.71467991
0.71423841
0.71390728
0.71368653
0.71357616
0.71324503
0.71291391
0.71269316
0.71225166
0.71214128
0.71203091
0.71192053
0.71147903
0.71125828
0.71092715
0.71048565
0.71004415
0.70971302
0.70960265
0.70949227
0.70927152
0.70905077
0.70860927
0.70827815
0.70783664
0.70772627
0.70750552
0.70739514
0.70706402
0.70662252
0.70596026
0.70573951
0.70551876
0.70496689
0.70474614
0.70452539
0.70419426
0.70386313
0.70375276
0.70342163
0.70298013
0.70220751
0.70198675
0.70154525
0.70132450
0.70110375
0.70077263
0.70033113
0.70022075
0.69988962
0.69955850
0.69911700
0.69900662
0.69889625
0.69867550
0.69845475
0.69801325
0.69779249
0.69713024
0.69701987
0.69646799
0.69602649
0.69591611
0.69569536
0.69536424
0.69503311
0.69459161
0.69437086
0.69426049
0.69415011
0.69403974
0.69392936
0.69348786
0.69337748
0.69304636
0.69249448
0.69238411
0.69216336
0.69128035
0.69116998
0.69105960
0.69083885
0.69061810
0.69017660
0.68984547
0.68951435
0.68896247
0.68874172
0.68818985
0.68763797
0.68719647
0.68653422
0.68631347
0.68587196
0.68576159
0.68520971
0.68443709
0.68421634
0.68399558
0.68366446
0.68344371
0.68333333
0.68311258
0.68300221
0.68289183
0.68267108
0.68233996
0.68222958
0.68156733
0.68090508
0.68079470
0.68035320
0.68024283
0.68002208
0.67969095
0.67958057
0.67947020
0.67935982
0.67902870
0.67880795
0.67858720
0.67814570
0.67781457
0.67770419
0.67748344
0.67715232
0.67704194
0.67649007
0.67615894
0.67582781
0.67549669
0.67494481
0.67350993
0.67306843
0.67284768
0.67251656
0.67229581
0.67185430
0.67152318
0.67119205
0.67086093
0.67064018
0.66997792
0.66953642
0.66920530
0.66909492
0.66832230
0.66788079
0.66754967
0.66743929
0.66655629
0.66644592
0.66633554
0.66622517
0.66600442
0.66567329
0.66545254
0.66501104
0.66456954
0.66445916
0.66401766
0.66346578
0.66291391
0.66258278
0.66247241
0.66147903
0.66114790
0.66103753
0.66059603
0.66048565
0.66015453
0.66004415
0.65960265
0.65927152
0.65905077
0.65894040
0.65871965
0.65816777
0.65805740
0.65761589
0.65750552
0.65706402
0.65662252
0.65651214
0.65618102
0.65607064
0.65573951
0.65518764
0.65496689
0.65485651
0.65419426
0.65386313
0.65364238
0.65342163
0.65286976
0.65242826
0.65176600
0.65165563
0.65143488
0.65088300
0.65066225
0.65022075
0.64988962
0.64977925
0.64944812
0.64889625
0.64878587
0.64856512
0.64834437
0.64757174
0.64724062
0.64713024
0.64701987
0.64668874
0.64657837
0.64646799
0.64635762
0.64591611
0.64580574
0.64536424
0.64503311
0.64448124
0.64426049
0.64392936
0.64359823
0.64315673
0.64304636
0.64271523
0.64183223
0.64172185
0.64105960
0.64094923
0.64083885
0.64072848
0.64061810
0.64050773
0.64028698
0.64006623
0.63995585
0.63918322
0.63896247
0.63863135
0.63807947
0.63785872
0.63752759
0.63708609
0.63675497
0.63653422
0.63631347
0.63620309
0.63554084
0.63543046
0.63509934
0.63498896
0.63432671
0.63388521
0.63355408
0.63333333
0.63289183
0.63233996
0.63189845
0.63167770
0.63145695
0.63123620
0.63101545
0.63068433
0.63057395
0.63035320
0.63013245
0.62991170
0.62947020
0.62935982
0.62891832
0.62858720
0.62825607
0.62814570
0.62748344
0.62704194
0.62693157
0.62637969
0.62626932
0.62604857
0.62582781
0.62549669
0.62527594
0.62472406
0.62461369
0.62417219
0.62373068
0.62339956
0.62317881
0.62284768
0.62262693
0.62229581
0.62207506
0.62185430
0.62174393
0.62108168
0.62075055
0.62041943
0.62008830
0.61986755
0.61975717
0.61964680
0.61920530
0.61843267
0.61799117
0.61788079
0.61766004
0.61754967
0.61710817
0.61688742
0.61644592
0.61622517
0.61611479
0.61567329
0.61556291
0.61523179
0.61501104
0.61490066
0.61467991
0.61456954
0.61434879
0.61423841
0.61412804
0.61401766
0.61335541
0.61313466
0.61302428
0.61269316
0.61247241
0.61225166
0.61214128
0.61147903
0.61103753
0.61070640
0.61059603
0.61026490
0.61004415
0.60971302
0.60916115
0.60905077
0.60883002
0.60871965
0.60860927
0.60816777
0.60750552
0.60695364
0.60662252
0.60640177
0.60618102
0.60573951
0.60562914
0.60529801
0.60474614
0.60452539
0.60397351
0.60375276
0.60342163
0.60331126
0.60309051
0.60264901
0.60242826
0.60220751
0.60187638
0.60165563
0.60121413
0.60077263
0.60000000
0.59977925
0.59955850
0.59911700
0.59812362
0.59735099
0.59713024
0.59690949
0.59657837
0.59635762
0.59613687
0.59591611
0.59569536
0.59492274
0.59470199
0.59426049
0.59392936
0.59326711
0.59260486
0.59249448
0.59216336
0.59161148
0.59139073
0.59083885
0.59039735
0.59006623
0.58984547
0.58951435
0.58896247
0.58852097
0.58841060
0.58818985
0.58807947
0.58796909
0.58785872
0.58774834
0.58741722
0.58719647
0.58697572
0.58675497
0.58664459
0.58609272
0.58576159
0.58532009
0.58432671
0.58377483
0.58311258
0.58256071
0.58211921
0.58178808
0.58145695
0.58068433
0.58035320
0.57969095
0.57869757
0.57836645
0.57825607
0.57814570
0.57715232
0.57682119
0.57671082
0.57637969
0.57615894
0.57593819
0.57582781
0.57549669
0.57527594
0.57483444
0.57472406
0.57450331
0.57406181
0.57395143
0.57295806
0.57240618
0.57218543
0.57207506
0.57196468
0.57130243
0.57108168
0.57052980
0.57019868
0.56964680
0.56942605
0.56920530
0.56876380
0.56865342
0.56854305
0.56832230
0.56710817
0.56677704
0.56655629
0.56644592
0.56611479
0.56589404
0.56545254
0.56501104
0.56456954
0.56423841
0.56401766
0.56379691
0.56368653
0.56313466
0.56280353
0.56225166
0.56136865
0.56081678
0.56070640
0.56048565
0.56037528
0.55993377
0.55982340
0.55960265
0.55949227
0.55938190
0.55894040
0.55805740
0.55783664
0.55695364
0.55673289
0.55640177
0.55518764
0.55485651
0.55474614
0.55452539
0.55397351
0.55386313
0.55320088
0.55264901
0.55242826
0.55187638
0.55176600
0.55132450
0.55110375
0.55088300
0.55066225
0.55044150
0.54977925
0.54944812
0.54911700
0.54878587
0.54856512
0.54834437
0.54801325
0.54779249
0.54746137
0.54735099
0.54713024
0.54690949
0.54657837
0.54635762
0.54613687
0.54602649
0.54591611
0.54569536
0.54558499
0.54536424
0.54503311
0.54492274
0.54459161
0.54381898
0.54370861
0.54359823
0.54315673
0.54271523
0.54249448
0.54238411
0.54216336
0.54183223
0.54150110
0.54139073
0.54128035
0.54061810
0.54039735
0.54028698
0.54017660
0.53951435
0.53940397
0.53885210
0.53852097
0.53830022
0.53796909
0.53774834
0.53752759
0.53719647
0.53686534
0.53664459
0.53642384
0.53620309
0.53609272
0.53554084
0.53532009
0.53487859
0.53476821
0.53465784
0.53410596
0.53355408
0.53289183
0.53256071
0.53211921
0.53167770
0.53156733
0.53145695
0.53112583
0.53057395
0.53035320
0.52991170
0.52980132
0.52958057
0.52902870
0.52836645
0.52781457
0.52748344
0.52704194
0.52682119
0.52649007
0.52615894
0.52593819
0.52571744
0.52549669
0.52472406
0.52461369
0.52406181
0.52362031
0.52317881
0.52295806
0.52273731
0.52240618
0.52174393
0.52152318
0.52130243
0.52075055
0.52064018
0.51997792
0.51975717
0.51942605
0.51810155
0.51788079
0.51732892
0.51699779
0.51633554
0.51622517
0.51589404
0.51512141
0.51490066
0.51412804
0.51379691
0.51324503
0.51302428
0.51269316
0.51225166
0.51214128
0.51136865
0.51114790
0.51059603
0.51026490
0.50971302
0.50883002
0.50871965
0.50783664
0.50739514
0.50684327
0.50662252
0.50629139
0.50596026
0.50584989
0.50485651
0.50463576
0.50430464
0.50364238
0.50353201
0.50342163
0.50309051
0.50286976
0.50209713
0.50198675
0.50165563
0.50143488
0.50110375
0.50088300
0.50077263
0.50066225
0.50033113
0.49988962
0.49856512
0.49801325
0.49768212
0.49757174
0.49746137
0.49713024
0.49701987
0.49690949
0.49624724
0.49602649
0.49558499
0.49525386
0.49514349
0.49503311
0.49470199
0.49459161
0.49448124
0.49437086
0.49392936
0.49337748
0.49293598
0.49260486
0.49205298
0.49139073
0.49128035
0.49083885
0.49072848
0.49017660
0.48962472
0.48929360
0.48874172
0.48830022
0.48796909
0.48774834
0.48752759
0.48708609
0.48642384
0.48631347
0.48576159
0.48498896
0.48443709
0.48410596
0.48388521
0.48377483
0.48344371
0.48311258
0.48278146
0.48245033
0.48178808
0.48145695
0.48112583
0.48035320
0.47980132
0.47958057
0.47924945
0.47869757
0.47825607
0.47781457
0.47770419
0.47571744
0.47450331
0.47439294
0.47350993
0.47328918
0.47295806
0.47273731
0.47174393
0.47152318
0.47141280
0.47030905
0.47008830
0.46975717
0.46920530
0.46887417
0.46854305
0.46843267
0.46644592
0.46633554
0.46567329
0.46534216
0.46490066
0.46357616
0.46335541
0.46302428
0.46247241
0.46214128
0.46181015
0.46125828
0.46048565
0.46015453
0.45949227
0.45894040
0.45772627
0.45761589
0.45706402
0.45640177
0.45607064
0.45518764
0.45452539
0.45419426
0.45408389
0.45375276
0.45342163
0.45320088
0.45298013
0.45286976
0.45264901
0.45220751
0.45198675
0.45154525
0.45110375
0.45077263
0.45044150
0.45011038
0.44977925
0.44955850
0.44867550
0.44845475
0.44790287
0.44757174
0.44724062
0.44701987
0.44668874
0.44624724
0.44536424
0.44525386
0.44426049
0.44403974
0.44381898
0.44359823
0.44337748
0.44293598
0.44249448
0.44216336
0.44205298
0.44183223
0.44150110
0.44128035
0.44105960
0.44072848
0.44050773
0.44028698
0.43973510
0.43874172
0.43841060
0.43830022
0.43796909
0.43774834
0.43697572
0.43686534
0.43598234
0.43377483
0.43300221
0.43289183
0.43222958
0.43178808
0.43112583
0.42958057
0.42847682
0.42803532
0.42759382
0.42615894
0.42527594
0.42505519
0.42428256
0.42384106
0.42350993
0.42284768
0.42251656
0.42207506
0.42130243
0.42108168
0.42041943
0.41975717
0.41931567
0.41876380
0.41832230
0.41766004
0.41732892
0.41710817
0.41666667
0.41611479
0.41600442
0.41578366
0.41567329
0.41501104
0.41445916
0.41412804
0.41291391
0.41258278
0.41203091
0.41158940
0.41125828
0.41103753
0.41048565
0.41026490
0.40971302
0.40927152
0.40916115
0.40894040
0.40871965
0.40838852
0.40816777
0.40783664
0.40772627
0.40728477
0.40717439
0.40695364
0.40629139
0.40573951
0.40529801
0.40452539
0.40275938
0.40253863
0.40187638
0.40143488
0.40132450
0.40110375
0.40066225
0.40033113
0.40011038
0.39966887
0.39955850
0.39944812
0.39922737
0.39889625
0.39834437
0.39812362
0.39790287
0.39768212
0.39735099
0.39613687
0.39580574
0.39558499
0.39558499
0.39470199
0.39459161
0.39392936
0.39326711
0.39260486
0.39205298
0.39194260
0.39183223
0.39105960
0.39072848
0.39039735
0.38995585
0.38962472
0.38918322
0.38918322
0.38874172
0.38807947
0.38785872
0.38730684
0.38697572
0.38664459
0.38653422
0.38576159
0.38565121
0.38509934
0.38366446
0.38289183
0.38189845
0.38145695
0.38079470
0.38046358
0.38002208
0.37947020
0.37891832
0.37781457
0.37682119
0.37626932
0.37604857
0.37560706
0.37505519
0.37461369
0.37406181
0.37373068
0.37339956
0.37306843
0.37273731
0.37141280
0.37119205
0.36997792
0.36931567
0.36898455
0.36821192
0.36754967
0.36699779
0.36655629
0.36611479
0.36545254
0.36501104
0.36445916
0.36291391
0.36280353
0.36236203
0.36203091
0.36169978
0.36147903
0.36092715
0.36048565
0.35982340
0.35927152
0.35871965
0.35860927
0.35827815
0.35794702
0.35750552
0.35728477
0.35662252
0.35618102
0.35573951
0.35518764
0.35496689
0.35485651
0.35430464
0.35397351
0.35364238
0.35331126
0.35264901
0.35220751
0.35209713
0.35154525
0.35121413
0.35099338
0.35077263
0.35055188
0.35033113
0.35022075
0.34988962
0.34812362
0.34790287
0.34746137
0.34713024
0.34679912
0.34547461
0.34525386
0.34503311
0.34481236
0.34415011
0.34392936
0.34337748
0.34315673
0.34304636
0.34293598
0.34282561
0.34227373
0.34039735
0.33973510
0.33896247
0.33863135
0.33785872
0.33741722
0.33675497
0.33620309
0.33520971
0.33421634
0.33189845
0.33134658
0.32980132
0.32935982
0.32891832
0.32825607
0.32748344
0.32693157
0.32649007
0.32582781
0.32560706
0.32527594
0.32472406
0.32362031
0.32317881
0.32262693
0.32075055
0.31821192
0.31788079
0.31699779
0.31677704
0.31633554
0.31512141
0.31467991
0.31456954
0.31412804
0.31379691
0.31313466
0.31280353
0.31258278
0.31192053
0.31037528
0.31037528
0.31004415
0.30938190
0.30860927
0.30750552
0.30739514
0.30706402
0.30695364
0.30673289
0.30651214
0.30629139
0.30618102
0.30596026
0.30596026
0.30551876
0.30408389
0.30386313
0.30375276
0.30364238
0.30342163
0.30298013
0.30275938
0.30088300
0.29977925
0.29922737
0.29823400
0.29790287
0.29779249
0.29701987
0.29503311
0.29426049
0.29403974
0.29315673
0.29227373
0.29216336
0.29194260
0.29172185
0.29105960
0.29094923
0.29072848
0.29050773
0.29028698
0.28995585
0.28929360
0.28841060
0.28708609
0.28664459
0.28642384
0.28520971
0.28509934
0.28311258
0.28300221
0.28256071
0.28245033
0.28145695
0.28013245
0.27991170
0.27958057
0.27902870
0.27847682
0.27781457
0.27704194
0.27660044
0.27660044
0.27649007
0.27428256
0.27406181
0.27317881
0.27317881
0.27218543
0.26975717
0.26810155
0.26699779
0.26600442
0.26512141
0.26501104
0.26423841
0.26412804
0.26357616
0.26236203
0.26147903
0.26092715
0.25805740
0.25529801
0.25463576
0.25264901
0.25143488
0.24988962
0.24900662
0.24757174
0.24724062
0.24580574
0.24580574
0.24437086
0.24381898
0.24337748
0.24172185
0.24161148
0.24150110
0.24105960
0.24028698
0.24017660
0.23896247
0.23852097
0.23752759
0.23730684
0.23708609
0.23520971
0.23509934
0.23454746
0.23399558
0.23322296
0.23311258
0.23278146
0.23156733
0.23090508
0.23079470
0.22958057
0.22902870
0.22880795
0.22803532
0.22748344
0.22748344
0.22704194
0.22682119
0.22637969
0.22571744
0.22549669
0.22472406
0.22472406
0.22384106
0.22362031
0.22284768
0.21964680
0.21677704
0.21147903
0.21136865
0.21004415
0.20838852
0.20761589
0.20584989
0.20562914
0.20353201
0.20275938
0.20165563
0.20000000
0.19922737
0.19856512
0.19790287
0.19735099
0.19646799
0.19381898
0.19094923
0.19094923
0.18896247
0.18841060
0.18708609
0.18675497
0.18642384
0.18609272
0.18576159
0.18355408
0.18101545
0.18101545
0.18002208
0.17913907
0.17604857
0.17527594
0.17417219
0.16655629
0.15960265
0.15827815
0.15739514
0.15706402
0.15662252
0.15662252
0.15584989
0.15507726
0.15474614
0.15474614
0.15441501
0.15441501
0.15397351
0.15088300
0.14966887
0.14922737
0.14768212
0.14437086
0.14326711
0.14326711
0.13145695
0.13101545
0.12019868
0.11975717
0.11975717
0.11975717
0.11975717
0.11975717
0.11920530
0.11920530
0.11920530
0.11920530
0.11865342
0.11865342
0.11865342
0.11865342
0.11865342
0.11799117
0.11644592
0.11644592
0.11589404
0.11247241
0.11103753
0.11015453
0.11015453
0.10960265
0.10463576
0.10364238
0.10364238
0.09801325
0.08620309
0.08620309
0.08377483
0.08377483
0.08256071
0.07980132
0.07980132
0.07759382
0.07748344
0.07748344
0.07328918
0.07328918
0.07328918
0.06214128
0.06169978
0.06169978
0.06037528
0.05331126
0.05331126
0.05331126
0.04249448
0.02649007
0.02472406
0.02472406
0.02472406
0.02472406
0.02472406
0.02472406
0.02472406
0.02472406
0.02472406
0.02472406
0.01876380
0.01203091
0.01026490
0.01026490
0.01026490
0.01026490
0.01026490
0.01026490
0.01026490
0.01026490
0.01026490
0.01026490
0.01026490
0.01026490
0.01026490
0.01026490
0.01026490
0.01026490
0.01026490
0.00894040
0.00894040
0.00894040
0.00894040
0.00894040
0.00894040
0.00894040
0.00894040
0.00894040
0.00894040
0.00894040
0.00894040
0.00894040
0.00894040
0.00894040
0.00894040
0.00894040
0.00894040
0.00894040
0.00894040
0.00894040
0.00894040
0.00894040
0.00894040
0.00894040
0.00894040
0.00662252
0.00662252
0.00662252
0.00662252
0.00662252
0.00662252
0.00662252
0.00662252
0.00662252
0.00662252
0.00662252
0.00452539
0.00452539
0.00452539
0.00452539
0.00452539
0.00452539
0.00452539
0.00452539
0.00452539
0.00452539
0.00452539
0.00452539
0.00452539
0.00452539
0.00452539
0.00452539
0.00452539
0.00452539
0.00452539
0.00441501
0.00441501
0.00441501
0.00441501
0.00441501
0.00441501
0.00441501
0.00441501
0.00441501
0.00441501
0.00441501
0.00441501
0.00441501
0.00441501
0.00441501
0.00441501
0.00441501
0.00441501
0.00441501
0.00441501
0.00441501
0.00441501
0.00441501
0.00441501
0.00441501
0.00441501
0.00441501
0.00441501
0.00441501
0.00441501
0.00441501
0.00441501
0.00441501
0.00441501
0.00441501
0.00441501
0.00441501
0.00441501
0.00441501
0.00441501
0.00441501
0.00441501
0.00441501
0.00441501
0.00441501
0.00441501
0.00441501
0.00441501
0.00441501
0.00441501
0.00441501
0.00441501
0.00441501
0.00441501
0.00441501
0.00441501
0.00441501
0.00441501
0.00441501
0.00441501
0.00441501
0.00441501
0.00441501
0.00441501
0.00441501
0.00441501
0.00441501
0.00441501
0.00441501
0.00441501
0.00441501
0.00441501
0.00441501
0.00441501
0.00441501
0.00441501
0.00441501
0.00441501
0.00441501
0.00441501
0.00441501
0.00441501
0.00441501
0.00441501
0.00441501
0.00441501
0.00441501
0.00441501
0.00441501
0.00441501
0.00441501
0.00441501
0.00441501
0.00441501
0.00441501
0.00441501
0.00441501
0.00441501
0.00441501
0.00441501
0.00441501
0.00441501
0.00441501
0.00441501
0.00441501
0.00441501
0.00441501
0.00441501
0.00441501
0.00441501
0.00331126
0.00331126
0.00331126
0.00331126
0.00331126
0.00331126
0.00331126
0.00331126
0.00331126
0.00331126
0.00331126
0.00331126
0.00331126
0.00331126
0.00331126
0.00331126
0.00331126
0.00331126
0.00331126
0.00331126
0.00331126
0.00331126
0.00331126
0.00331126
0.00331126
0.00331126
0.00331126
0.00331126
0.00331126
0.00331126
0.00331126
0.00331126
0.00331126
0.00331126
0.00331126
0.00331126
0.00331126
0.00331126
0.00242826
0.00242826
0.00242826
0.00242826
0.00242826
0.00242826
0.00154525
0.00154525
0.00154525
0.00154525
0.00154525
0.00154525
0.00154525
0.00154525
0.00154525
0.00154525
0.00154525
0.00132450
0.00132450
0.00132450
0.00121413
0.00121413
0.00121413
0.00121413
0.00121413
0.00121413
0.00121413
0.00121413
0.00121413
0.00121413
0.00121413
0.00121413
0.00121413
0.00121413
0.00121413
0.00121413
0.00121413
0.00121413
0.00121413
0.00121413
0.00121413
0.00121413
0.00121413
0.00121413
0.00121413
0.00121413
0.00121413
0.00121413
0.00121413
0.00121413
0.00121413
0.00110375
0.00110375
0.00110375
0.00110375
0.00110375
0.00110375
0.00110375
0.00110375
0.00110375
0.00110375
0.00110375
0.00110375
0.00110375
0.00110375
0.00110375
0.00110375
0.00110375
0.00110375
0.00110375
0.00110375
0.00110375
0.00110375
0.00110375
0.00110375
0.00110375
0.00110375
0.00110375
0.00110375
0.00110375
0.00110375
0.00110375
0.00110375
0.00110375
0.00110375
0.00110375
0.00110375
0.00110375
0.00110375
0.00110375
0.00110375
0.00110375
0.00110375
0.00110375
0.00110375
0.00110375
0.00110375
0.00110375
0.00110375
0.00110375
0.00110375
0.00110375
0.00110375
0.00110375
0.00110375
0.00110375
0.00110375
0.00110375
0.00110375
0.00110375
0.00110375
0.00110375
0.00110375
0.00110375
0.00110375
0.00110375
0.00110375
0.00110375
0.00110375
0.00110375
0.00110375
0.00110375
0.00110375
0.00088300
0.00088300
0.00088300
0.00088300
0.00088300
0.00088300
0.00088300
0.00088300
0.00088300
0.00088300
0.00088300
0.00088300
0.00088300
0.00088300
0.00088300
0.00088300
0.00088300
0.00088300
0.00088300
0.00088300
0.00088300
0.00088300
0.00088300
0.00088300
0.00088300
0.00088300
0.00088300
0.00088300
0.00088300
0.00088300
0.00088300
0.00088300
0.00088300
0.00088300
0.00088300
0.00088300
0.00088300
0.00088300
0.00088300
0.00088300
0.00088300
0.00088300
0.00088300
0.00088300
0.00088300
0.00088300
0.00088300
0.00088300
0.00088300
0.00088300
0.00088300
0.00088300
0.00088300
0.00088300
0.00088300
0.00088300
0.00088300
0.00088300
0.00088300
0.00088300
0.00088300
0.00088300
0.00088300
0.00088300
0.00088300
0.00088300
0.00088300
0.00088300
0.00088300
0.00088300
0.00088300
0.00088300
0.00088300
0.00088300
0.00088300
0.00088300
0.00088300
0.00088300
0.00088300
0.00088300
0.00088300
0.00088300
0.00088300
0.00088300
0.00088300
0.00088300
0.00088300
0.00088300
0.00088300
0.00088300
0.00088300
0.00088300
0.00088300
0.00088300
0.00088300
0.00088300
0.00088300
0.00088300
0.00088300
0.00088300
0.00088300
0.00088300
0.00088300
0.00088300
0.00088300
0.00088300
0.00088300
0.00088300
0.00088300
0.00088300
0.00088300
0.00088300
0.00088300
0.00088300
0.00088300
0.00088300
0.00088300
0.00088300
0.00088300
0.00088300
0.00088300
0.00088300
0.00088300
0.00088300
0.00088300
0.00088300
0.00088300
0.00088300
0.00088300
0.00088300
0.00088300
0.00077263
0.00077263
0.00077263
0.00077263
0.00077263
0.00077263
0.00077263
0.00077263
0.00077263
0.00077263
0.00077263
0.00066225
0.00055188
0.00044150
0.00044150
0.00044150
0.00044150
0.00044150
0.00044150
0.00044150
0.00044150
0.00044150
0.00044150
0.00044150
0.00044150
0.00044150
0.00044150
0.00044150
0.00044150
0.00044150
0.00044150
0.00044150
0.00044150
0.00044150
0.00044150
0.00044150
0.00044150
0.00044150
0.00044150
0.00044150
0.00044150
0.00044150
0.00044150
0.00044150
0.00044150
0.00044150
0.00044150
0.00044150
0.00044150
0.00044150
0.00044150
0.00044150
0.00044150
0.00044150
0.00044150
0.00044150
0.00044150
0.00044150
0.00044150
0.00044150
0.00044150
0.00044150
0.00044150
0.00044150
0.00044150
0.00044150
0.00044150
0.00044150
0.00044150
0.00044150
0.00044150
0.00044150
0.00044150
0.00044150
0.00044150
0.00044150
0.00044150
0.00044150
0.00044150
0.00044150
0.00044150
0.00044150
0.00044150
0.00044150
0.00044150
0.00044150
0.00044150
0.00044150
0.00044150
0.00044150
0.00044150
0.00044150
0.00044150
0.00044150
0.00044150
0.00044150
0.00044150
0.00044150
0.00044150
0.00044150
0.00044150
0.00044150
0.00044150
0.00044150
0.00044150
0.00044150
0.00044150
0.00044150
0.00044150
0.00044150
0.00044150
0.00044150
0.00044150
0.00044150
0.00044150
0.00044150
0.00044150
0.00044150
0.00044150
0.00044150
0.00044150
0.00044150
0.00044150
0.00044150
0.00044150
0.00044150
0.00044150
0.00044150
0.00044150
0.00044150
0.00044150
0.00044150
0.00044150
0.00044150
0.00044150
0.00044150
0.00044150
0.00044150
0.00044150
0.00044150
0.00044150
0.00044150
0.00044150
0.00044150
0.00044150
0.00044150
0.00044150
0.00044150
0.00044150
0.00044150
0.00033113
0.00033113
0.00033113
0.00033113
0.00033113
0.00033113
0.00033113
0.00033113
0.00033113
0.00033113
0.00033113
0.00033113
0.00033113
0.00033113
0.00033113
0.00033113
0.00033113
0.00033113
0.00033113
0.00033113
0.00033113
0.00033113
0.00033113
0.00033113
0.00033113
0.00033113
0.00033113
0.00033113
0.00033113
0.00033113
0.00033113
0.00033113
0.00033113
0.00033113
0.00033113
0.00033113
0.00033113
0.00033113
0.00033113
0.00033113
0.00033113
0.00033113
0.00033113
0.00033113
0.00033113
0.00033113
0.00033113
0.00033113
0.00033113
0.00033113
0.00033113
0.00033113
0.00033113
0.00033113
0.00033113
0.00033113
0.00033113
0.00033113
0.00033113
0.00033113
0.00033113
0.00033113
0.00033113
0.00033113
0.00033113
0.00033113
0.00033113
0.00033113
0.00033113
0.00033113
0.00033113
0.00033113
0.00033113
0.00033113
0.00033113
0.00033113
0.00033113
0.00033113
0.00033113
0.00033113
0.00033113
0.00033113
0.00033113
0.00033113
0.00033113
0.00033113
0.00033113
0.00033113
0.00033113
0.00033113
0.00033113
0.00033113
0.00033113
0.00033113
0.00033113
0.00033113
0.00033113
0.00033113
0.00033113
0.00033113
0.00033113
0.00033113
0.00033113
0.00033113
0.00033113
0.00033113
0.00033113
0.00033113
0.00033113
0.00033113
0.00033113
0.00033113
0.00033113
0.00033113
0.00033113
0.00033113
0.00033113
0.00033113
0.00033113
0.00033113
0.00033113
0.00033113
0.00033113
0.00033113
0.00033113
0.00033113
0.00033113
0.00033113
0.00033113
0.00033113
0.00033113
0.00033113
0.00033113
0.00033113
0.00033113
0.00033113
0.00033113
0.00033113
0.00033113
0.00033113
0.00033113
0.00033113
0.00033113
0.00033113
0.00033113
0.00033113
0.00033113
0.00033113
0.00033113
0.00033113
0.00033113
0.00033113
0.00033113
0.00033113
0.00033113
0.00033113
0.00033113
0.00033113
0.00033113
0.00033113
0.00033113
0.00033113
0.00033113
0.00033113
0.00033113
0.00033113
0.00033113
0.00033113
0.00033113
0.00033113
0.00033113
0.00033113
0.00033113
0.00033113
0.00033113
0.00033113
0.00033113
0.00033113
0.00033113
0.00033113
0.00033113
0.00033113
0.00033113
0.00033113
0.00033113
0.00033113
0.00033113
0.00033113
0.00033113
0.00033113
0.00033113
0.00033113
0.00033113
0.00033113
0.00033113
0.00033113
0.00033113
0.00033113
0.00033113
0.00033113
0.00033113
0.00033113
0.00033113
0.00033113
0.00033113
0.00033113
0.00033113
0.00033113
0.00033113
0.00033113
0.00033113
0.00033113
0.00033113
0.00033113
0.00033113
0.00033113
0.00033113
0.00033113
0.00033113
0.00033113
0.00033113
0.00033113
0.00033113
0.00033113
0.00033113
0.00033113
0.00033113
0.00033113
0.00033113
0.00033113
0.00033113
0.00033113
0.00033113
0.00033113
0.00033113
0.00033113
0.00033113
0.00033113
0.00033113
0.00033113
0.00033113
0.00033113
0.00033113
0.00033113
0.00033113
0.00033113
0.00033113
0.00033113
0.00033113
0.00033113
0.00033113
0.00033113
0.00033113
0.00033113
0.00033113
0.00033113
0.00033113
0.00033113
0.00033113
0.00033113
0.00033113
0.00033113
0.00033113
0.00033113
0.00033113
0.00033113
0.00033113
0.00033113
0.00033113
0.00033113
0.00033113
0.00033113
0.00033113
0.00033113
0.00033113
0.00033113
0.00033113
0.00033113
0.00033113
0.00033113
0.00033113
0.00033113
0.00033113
0.00033113
0.00033113
0.00033113
0.00033113
0.00033113
0.00033113
0.00033113
0.00033113
0.00033113
0.00033113
0.00033113
0.00033113
0.00033113
0.00033113
0.00033113
0.00033113
0.00033113
0.00033113
0.00033113
0.00033113
0.00033113
0.00033113
0.00033113
0.00033113
0.00033113
0.00033113
0.00033113
0.00033113
0.00033113
0.00033113
0.00033113
0.00033113
0.00033113
0.00033113
0.00033113
0.00033113
0.00033113
0.00033113
0.00033113
0.00033113
0.00033113
0.00033113
0.00033113
0.00033113
0.00033113
0.00033113
0.00033113
0.00033113
0.00033113
0.00033113
0.00033113
0.00033113
0.00033113
0.00033113
0.00033113
0.00033113
0.00033113
0.00033113
0.00033113
0.00033113
0.00033113
0.00033113
0.00033113
0.00033113
0.00033113
0.00033113
0.00033113
0.00033113
0.00033113
0.00033113
0.00033113
0.00033113
0.00033113
0.00033113
0.00033113
0.00033113
0.00033113
0.00033113
0.00033113
0.00033113
0.00033113
0.00033113
0.00033113
0.00033113
0.00033113
0.00033113
0.00033113
0.00033113
0.00033113
0.00033113
0.00033113
0.00033113
0.00033113
0.00033113
0.00033113
0.00033113
0.00033113
0.00033113
0.00033113
0.00033113
0.00033113
0.00033113
0.00033113
0.00033113
0.00033113
0.00033113
0.00033113
0.00033113
0.00033113
0.00033113
0.00033113
0.00033113
0.00033113
0.00033113
0.00033113
0.00033113
0.00033113
0.00033113
0.00033113
0.00033113
0.00033113
0.00033113
0.00033113
0.00033113
0.00033113
0.00033113
0.00033113
0.00033113
0.00033113
0.00033113
0.00033113
0.00033113
0.00033113
0.00033113
0.00033113
0.00033113
0.00033113
0.00033113
0.00033113
0.00033113
0.00033113
0.00033113
0.00033113
0.00033113
0.00033113
0.00033113
0.00033113
0.00033113
0.00033113
0.00033113
0.00033113
0.00033113
0.00033113
0.00033113
0.00033113
0.00033113
0.00033113
0.00033113
0.00033113
0.00033113
0.00033113
0.00033113
0.00033113
0.00033113
0.00033113
0.00033113
0.00033113
0.00033113
0.00033113
0.00033113
0.00033113
0.00033113
0.00033113
0.00033113
0.00033113
0.00033113
0.00033113
0.00033113
0.00033113
0.00033113
0.00033113
0.00033113
0.00033113
0.00033113
0.00033113
0.00033113
0.00033113
0.00033113
0.00033113
0.00033113
0.00033113
0.00033113
0.00033113
0.00033113
0.00033113
0.00033113
0.00033113
0.00033113
0.00033113
0.00033113
0.00033113
0.00033113
0.00033113
0.00033113
0.00033113
0.00033113
0.00033113
0.00033113
0.00033113
0.00033113
0.00033113
0.00033113
0.00033113
0.00033113
0.00033113
0.00033113
0.00033113
0.00033113
0.00033113
0.00033113
0.00033113
0.00033113
0.00033113
0.00033113
0.00033113
0.00033113
0.00033113
0.00033113
0.00033113
0.00033113
0.00033113
0.00033113
0.00033113
0.00033113
0.00033113
0.00033113
0.00033113
0.00033113
0.00033113
0.00033113
0.00033113
0.00033113
0.00033113
0.00033113
0.00033113
0.00033113
0.00033113
0.00033113
0.00033113
0.00033113
0.00033113
0.00033113
0.00033113
0.00033113
0.00033113
0.00033113
0.00033113
0.00033113
0.00033113
0.00033113
0.00033113
0.00033113
0.00033113
0.00033113
0.00033113
0.00033113
0.00033113
0.00033113
0.00033113
0.00033113
0.00033113
0.00033113
0.00033113
0.00033113
0.00033113
0.00033113
0.00033113
0.00033113
0.00033113
0.00033113
0.00033113
0.00033113
0.00033113
0.00033113
0.00033113
0.00033113
0.00033113
0.00033113
0.00033113
0.00033113
0.00033113
0.00033113
0.00033113
0.00033113
0.00033113
0.00033113
0.00033113
0.00033113
0.00033113
0.00033113
0.00033113
0.00033113
0.00033113
0.00033113
0.00033113
0.00033113
0.00033113
0.00033113
0.00033113
0.00033113
0.00033113
0.00033113
0.00033113
0.00033113
0.00033113
0.00033113
0.00033113
0.00033113
0.00033113
0.00033113
0.00033113
0.00033113
0.00033113
0.00033113
0.00033113
0.00033113
0.00033113
0.00033113
0.00033113
0.00033113
0.00033113
0.00033113
0.00033113
0.00033113
0.00033113
0.00033113
0.00033113
0.00033113
0.00033113
0.00033113
0.00033113
0.00033113
0.00033113
0.00033113
0.00033113
0.00033113
0.00033113
0.00033113
0.00033113
0.00033113
0.00033113
0.00033113
0.00033113
0.00033113
0.00033113
0.00033113
0.00033113
0.00033113
0.00033113
0.00033113
0.00033113
0.00033113
0.00033113
0.00033113
0.00033113
0.00033113
0.00033113
0.00033113
0.00033113
0.00033113
0.00033113
0.00033113
0.00033113
0.00033113
0.00033113
0.00033113
0.00033113
0.00033113
0.00033113
0.00033113
0.00033113
0.00033113
0.00033113
0.00033113
0.00033113
0.00033113
0.00033113
0.00033113
0.00033113
0.00033113
0.00033113
0.00033113
0.00033113
0.00033113
0.00033113
0.00033113
0.00033113
0.00033113
0.00033113
0.00033113
0.00033113
0.00033113
0.00033113
0.00033113
0.00033113
0.00033113
0.00033113
0.00033113
0.00033113
0.00033113
0.00033113
0.00033113
0.00033113
0.00033113
0.00033113
0.00033113
0.00033113
0.00033113
0.00033113
0.00033113
0.00033113
0.00033113
0.00033113
0.00033113
0.00033113
0.00033113
0.00033113
0.00033113
0.00033113
0.00033113
0.00033113
0.00033113
0.00033113
0.00033113
0.00033113
0.00033113
0.00033113
0.00033113
0.00033113
0.00033113
0.00033113
0.00033113
0.00033113
0.00033113
0.00033113
0.00033113
0.00033113
0.00033113
0.00033113
0.00033113
0.00033113
0.00033113
0.00033113
0.00033113
0.00033113
0.00033113
0.00033113
0.00033113
0.00033113
0.00033113
0.00033113
0.00033113
0.00033113
0.00033113
0.00033113
0.00033113
0.00033113
0.00033113
0.00033113
0.00033113
0.00033113
0.00033113
0.00033113
0.00033113
0.00033113
0.00033113
0.00033113
0.00033113
0.00033113
0.00033113
0.00033113
0.00033113
0.00033113
0.00033113
0.00033113
0.00033113
0.00033113
0.00033113
0.00033113
0.00033113
0.00033113
0.00033113
0.00033113
0.00033113
0.00033113
0.00033113
0.00033113
0.00033113
0.00033113
0.00033113
0.00033113
0.00033113
0.00033113
0.00033113
0.00033113
0.00033113
0.00033113
0.00033113
0.00033113
0.00033113
0.00033113
0.00033113
0.00033113
0.00033113
0.00033113
0.00033113
0.00033113
0.00033113
0.00033113
0.00033113
0.00033113
0.00033113
0.00033113
0.00033113
0.00033113
0.00033113
0.00033113
0.00033113
0.00033113
0.00033113
0.00033113
0.00033113
0.00033113
0.00033113
0.00033113
0.00033113
0.00033113
0.00033113
0.00033113
0.00033113
0.00033113
0.00033113
0.00033113
0.00033113
0.00033113
0.00033113
0.00033113
0.00033113
0.00033113
0.00033113
0.00033113
0.00033113
0.00033113
0.00033113
0.00033113
0.00033113
0.00033113
0.00033113
0.00033113
0.00033113
0.00033113
0.00033113
0.00033113
0.00033113
0.00033113
0.00033113
0.00033113
0.00033113
0.00033113
0.00033113
0.00033113
0.00033113
0.00033113
0.00033113
0.00033113
0.00033113
0.00033113
0.00033113
0.00033113
0.00033113
0.00033113
0.00033113
0.00033113
0.00033113
0.00033113
0.00033113
0.00033113
0.00033113
0.00033113
0.00033113
0.00033113
0.00033113
0.00033113
0.00033113
0.00033113
0.00033113
0.00033113
0.00033113
0.00033113
0.00033113
0.00033113
0.00033113
0.00033113
0.00033113
0.00033113
0.00033113
0.00033113
0.00033113
0.00033113
0.00033113
0.00033113
0.00033113
0.00033113
0.00033113
0.00033113
0.00033113
0.00033113
0.00033113
0.00033113
0.00033113
0.00033113
0.00033113
0.00033113
0.00033113
0.00033113
0.00033113
0.00033113
0.00033113
0.00033113
0.00033113
0.00033113
0.00033113
0.00033113
0.00033113
0.00033113
0.00033113
0.00033113
0.00033113
0.00033113
0.00033113
0.00033113
0.00033113
0.00033113
0.00033113
0.00033113
0.00033113
0.00033113
0.00033113
0.00033113
0.00033113
0.00033113
0.00033113
0.00033113
0.00033113
0.00033113
0.00033113
0.00033113
0.00033113
0.00033113
0.00033113
0.00033113
0.00033113
0.00033113
0.00033113
0.00033113
0.00033113
0.00033113
0.00033113
0.00033113
0.00033113
0.00033113
0.00033113
0.00033113
0.00033113
0.00033113
0.00033113
0.00033113
0.00033113
0.00033113
0.00033113
0.00033113
0.00033113
0.00033113
0.00033113
0.00033113
0.00033113
0.00033113
0.00033113
0.00033113
0.00033113
0.00033113
0.00033113
0.00033113
0.00033113
0.00033113
0.00033113
0.00033113
0.00033113
0.00033113
0.00033113
0.00033113
0.00033113
0.00033113
0.00033113
0.00033113
0.00033113
0.00033113
0.00033113
0.00033113
0.00033113
0.00033113
0.00033113
0.00033113
0.00033113
0.00033113
0.00033113
0.00033113
0.00033113
0.00033113
0.00033113
0.00033113
0.00033113
0.00033113
0.00033113
0.00033113
0.00033113
0.00033113
0.00033113
0.00033113
0.00033113
0.00033113
0.00033113
0.00033113
0.00033113
0.00033113
0.00033113
0.00033113
0.00033113
0.00033113
0.00033113
0.00033113
0.00033113
0.00033113
0.00033113
0.00033113
0.00033113
0.00033113
0.00033113
0.00033113
0.00033113
0.00033113
0.00033113
0.00033113
0.00033113
0.00033113
0.00033113
0.00033113
0.00033113
0.00033113
0.00033113
0.00033113
0.00033113
0.00033113
0.00033113
0.00033113
0.00033113
0.00033113
0.00033113
0.00033113
0.00033113
0.00033113
0.00033113
0.00033113
0.00033113
0.00033113
0.00033113
0.00033113
0.00033113
0.00033113
0.00033113
0.00033113
0.00033113
0.00033113
0.00033113
0.00033113
0.00033113
0.00033113
0.00033113
0.00033113
0.00033113
0.00033113
0.00033113
0.00033113
0.00033113
0.00033113
0.00033113
0.00033113
0.00033113
0.00033113
0.00033113
0.00033113
0.00033113
0.00033113
0.00033113
0.00033113
0.00033113
0.00033113
0.00033113
0.00033113
0.00033113
0.00033113
0.00033113
0.00033113
0.00033113
0.00033113
0.00033113
0.00033113
0.00033113
0.00033113
0.00033113
0.00033113
0.00033113
0.00033113
0.00033113
0.00033113
0.00033113
0.00033113
0.00033113
0.00033113
0.00033113
0.00033113
0.00033113
0.00033113
0.00033113
0.00033113
0.00033113
0.00033113
0.00033113
0.00033113
0.00033113
0.00033113
0.00033113
0.00033113
0.00033113
0.00033113
0.00033113
0.00033113
0.00033113
0.00033113
0.00033113
0.00033113
0.00033113
0.00033113
0.00033113
0.00033113
0.00033113
0.00033113
0.00033113
0.00033113
0.00033113
0.00033113
0.00033113
0.00033113
0.00033113
0.00033113
0.00033113
0.00033113
0.00033113
0.00033113
0.00033113
0.00033113
0.00033113
0.00033113
0.00033113
0.00033113
0.00033113
0.00033113
0.00033113
0.00033113
0.00033113
0.00033113
0.00033113
0.00033113
0.00033113
0.00033113
0.00033113
0.00033113
0.00033113
0.00033113
0.00033113
0.00033113
0.00033113
0.00033113
0.00033113
0.00033113
0.00033113
0.00033113
0.00033113
0.00033113
0.00033113
0.00033113
0.00033113
0.00033113
0.00033113
0.00033113
0.00033113
0.00033113
0.00033113
0.00033113
0.00033113
0.00033113
0.00033113
0.00033113
0.00033113
0.00033113
0.00033113
0.00033113
0.00033113
0.00033113
0.00033113
0.00033113
0.00033113
0.00033113
0.00033113
0.00033113
0.00033113
0.00033113
0.00033113
0.00033113
0.00033113
0.00033113
0.00033113
0.00033113
0.00033113
0.00033113
0.00033113
0.00033113
0.00033113
0.00033113
0.00033113
0.00033113
0.00033113
0.00033113
0.00033113
0.00033113
0.00033113
0.00033113
0.00033113
0.00033113
0.00033113
0.00033113
0.00033113
0.00033113
0.00033113
0.00033113
0.00033113
0.00033113
0.00033113
0.00033113
0.00033113
0.00033113
0.00033113
0.00033113
0.00033113
0.00033113
0.00033113
0.00033113
0.00033113
0.00033113
0.00033113
0.00033113
0.00033113
0.00033113
0.00033113
0.00033113
0.00033113
0.00033113
0.00033113
0.00033113
0.00033113
0.00033113
0.00033113
0.00033113
0.00033113
0.00033113
0.00033113
0.00033113
0.00033113
0.00033113
0.00033113
0.00033113
0.00033113
0.00033113
0.00033113
0.00022075
0.00022075
0.00022075
0.00022075
0.00022075
0.00022075
0.00022075
0.00022075
0.00022075
0.00022075
0.00022075
0.00022075
0.00022075
0.00022075
0.00022075
0.00022075
0.00022075
0.00022075
0.00011038
0.00011038
0.00011038
0.00011038
0.00011038
0.00011038
0.00011038
0.00011038
0.00011038
0.00011038
0.00011038
0.00011038
0.00011038
0.00011038
0.00011038
0.00011038
0.00011038
0.00011038
0.00011038
0.00011038
0.00011038
0.00011038
0.00011038
0.00011038
0.00011038
0.00011038
0.00011038
0.00011038
0.00011038
0.00011038
0.00011038
0.00011038
0.00011038
0.00011038
0.00011038
0.00011038
0.00011038
0.00011038
0.00011038
0.00011038
0.00011038
0.00011038
0.00011038
0.00011038
0.00011038
0.00011038
0.00011038
0.00011038
0.00011038
0.00011038
0.00011038
0.00011038
0.00011038
0.00011038
0.00011038
0.00011038
0.00011038
0.00011038
0.00011038
0.00011038
0.00011038
0.00011038
0.00011038
0.00011038
0.00011038
0.00011038
0.00011038
0.00011038
0.00011038
0.00011038
0.00011038
0.00011038
0.00011038
0.00011038
0.00011038
0.00011038
0.00011038
0.00011038
0.00011038
0.00011038
0.00011038
0.00011038
0.00011038
0.00011038
0.00011038
0.00011038
0.00011038
0.00011038
0.00011038
0.00011038
0.00011038
0.00011038
0.00011038
0.00011038
0.00011038
0.00011038
0.00011038
0.00011038
0.00011038
0.00011038
0.00011038
0.00011038
0.00011038
0.00011038
0.00011038
0.00011038
0.00011038
0.00011038
0.00011038
0.00011038
0.00011038
0.00011038
0.00011038
0.00011038
0.00011038
0.00011038
0.00011038
0.00011038
0.00011038
0.00011038
0.00011038
0.00011038
0.00011038
0.00011038
0.00011038
0.00011038
0.00011038
0.00011038
0.00011038
0.00011038
0.00011038
0.00011038
0.00011038
0.00011038
0.00011038
0.00011038
0.00011038
0.00011038
0.00011038
0.00011038
0.00011038
0.00011038
0.00011038
0.00011038
0.00011038
0.00011038
0.00011038
0.00011038
0.00011038
0.00011038
0.00011038
0.00011038
0.00011038
0.00011038
0.00011038
0.00011038
0.00011038
0.00011038
0.00011038
0.00011038
0.00011038
0.00011038
0.00011038
0.00011038
0.00011038
0.00011038
0.00011038
0.00011038
0.00011038
0.00011038
0.00011038
0.00011038
0.00011038
0.00011038
0.00011038
0.00011038
0.00011038
0.00011038
0.00011038
0.00011038
0.00011038
0.00011038
0.00011038
0.00011038
0.00011038
0.00011038
0.00011038
0.00011038
0.00011038
0.00011038
0.00011038
0.00011038
0.00011038
0.00011038
0.00011038
0.00011038
0.00011038
0.00011038
0.00011038
0.00011038
0.00011038
0.00011038
0.00011038
0.00011038
0.00011038
0.00011038
0.00011038
0.00011038
0.00011038
0.00011038
0.00011038
0.00011038
0.00011038
0.00011038
0.00011038
0.00011038
0.00011038
0.00011038
0.00011038
0.00011038
0.00011038
0.00011038
0.00011038
0.00011038
0.00011038
0.00011038
0.00011038
0.00011038
0.00011038
0.00011038
0.00011038
0.00011038
0.00011038
0.00011038
0.00011038
0.00011038
0.00011038
0.00011038
0.00011038
0.00011038
0.00011038
0.00011038
0.00011038
0.00011038
0.00011038
0.00011038
0.00011038
0.00011038
0.00011038
0.00011038
0.00011038
0.00011038
0.00011038
0.00011038
0.00011038
0.00011038
0.00011038
0.00011038
0.00011038
0.00011038
0.00011038
0.00011038
0.00011038
0.00011038
0.00011038
0.00011038
0.00011038
0.00011038
0.00011038
0.00011038
0.00011038
0.00011038
0.00011038
0.00011038
0.00011038
0.00011038
0.00011038
0.00011038
0.00011038
0.00011038
0.00011038
0.00011038
0.00011038
0.00011038
0.00011038
0.00011038
0.00011038
0.00011038
0.00011038
0.00011038
0.00011038
0.00011038
0.00011038
0.00011038
0.00011038
0.00011038
0.00011038
0.00011038
0.00011038
0.00011038
0.00011038
0.00011038
0.00011038
0.00011038
0.00011038
0.00011038
0.00011038
0.00011038
0.00011038
0.00011038
0.00011038
0.00011038
0.00011038
0.00011038
0.00011038
0.00011038
0.00011038
0.00011038
0.00011038
0.00011038
0.00011038
0.00011038
0.00011038
0.00011038
0.00011038
0.00011038
0.00011038
0.00011038
0.00011038
0.00011038
0.00011038
0.00011038
0.00011038
0.00011038
0.00011038
0.00011038
0.00011038
0.00011038
0.00011038
0.00011038
0.00011038
0.00011038
0.00011038
0.00011038
0.00011038
0.00011038
0.00011038
0.00011038
0.00011038
0.00011038
0.00011038
0.00011038
0.00011038
0.00011038
0.00011038
0.00011038
0.00011038
0.00011038
0.00011038
0.00011038
0.00011038
0.00011038
0.00011038
0.00011038
0.00011038
0.00011038
0.00011038
0.00011038
0.00011038
0.00011038
0.00011038
0.00011038
0.00011038
0.00011038
0.00011038
0.00011038
0.00011038
0.00011038
0.00011038
0.00011038
0.00011038
0.00011038
0.00011038
0.00011038
0.00011038
0.00011038
0.00011038
0.00011038
0.00011038
0.00011038
0.00011038
0.00011038
0.00011038
0.00011038
0.00011038
0.00011038
0.00011038
0.00011038
0.00011038
0.00011038
0.00011038
0.00011038
0.00011038
0.00011038
0.00011038
0.00011038
0.00011038
0.00011038
0.00011038
0.00011038
0.00011038
0.00011038
0.00011038
0.00011038
0.00011038
0.00011038
0.00011038
0.00011038
0.00011038
0.00011038
0.00011038
0.00011038
0.00011038
0.00011038
0.00011038
0.00011038
0.00011038
0.00011038
0.00011038
0.00011038
0.00011038
0.00011038
0.00011038
0.00011038
0.00011038
0.00011038
0.00011038
0.00011038
0.00011038
0.00011038
0.00011038
0.00011038
0.00011038
0.00011038
0.00011038
0.00011038
0.00011038
0.00011038
0.00011038
0.00011038
0.00011038
0.00011038
0.00011038
0.00011038
0.00011038
0.00011038
0.00011038
0.00011038
0.00011038
0.00011038
0.00011038
0.00011038
0.00011038
0.00011038
0.00011038
0.00011038
0.00011038
0.00011038
0.00011038
0.00011038
0.00011038
0.00011038
0.00011038
0.00011038
0.00011038
0.00011038
0.00011038
0.00011038
0.00011038
0.00011038
0.00011038
0.00011038
0.00011038
0.00011038
0.00011038
0.00011038
0.00011038
0.00011038
0.00011038
0.00011038
0.00011038
0.00011038
0.00011038
0.00011038
0.00011038
0.00011038
0.00011038
0.00011038
0.00011038
0.00011038
0.00011038
0.00011038
0.00011038
0.00011038
0.00011038
0.00011038
0.00011038
0.00011038
0.00011038
0.00011038
0.00011038
0.00011038
0.00011038
0.00011038
0.00011038
0.00011038
0.00011038
0.00011038
0.00011038
0.00011038
0.00011038
0.00011038
0.00011038
0.00011038
0.00011038
0.00011038
0.00011038
0.00011038
0.00011038
0.00011038
0.00011038
0.00011038
0.00011038
0.00011038
0.00011038
0.00011038
0.00011038
0.00011038
0.00011038
0.00011038
0.00011038
0.00011038
0.00011038
0.00011038
0.00011038
0.00011038
0.00011038
0.00011038
0.00011038
0.00011038
0.00011038
0.00011038
0.00011038
0.00011038
0.00011038
0.00011038
0.00011038
0.00011038
0.00011038
0.00011038
0.00011038
0.00011038
0.00011038
0.00011038
0.00011038
0.00011038
0.00011038
0.00011038
0.00011038
0.00011038
0.00011038
0.00011038
0.00011038
0.00011038
0.00011038
0.00011038
0.00011038
0.00011038
0.00011038
0.00011038
0.00011038
0.00011038
0.00011038
0.00011038
0.00011038
0.00011038
0.00011038
0.00011038
0.00011038
0.00011038
0.00011038
0.00011038
0.00011038
0.00011038
0.00011038
0.00011038
0.00011038
0.00011038
0.00011038
0.00011038
0.00011038
0.00011038
0.00011038
0.00011038
0.00011038
0.00011038
0.00011038
0.00011038
0.00011038
0.00011038
0.00011038
0.00011038
0.00011038
0.00011038
0.00011038
0.00011038
0.00011038
0.00011038
0.00011038
0.00011038
0.00011038
0.00011038
0.00011038
0.00011038
0.00011038
0.00011038
0.00011038
0.00011038
0.00011038
0.00011038
0.00011038
0.00011038
0.00011038
0.00011038
0.00011038
0.00011038
0.00011038
0.00011038
0.00011038
0.00011038
0.00011038
0.00011038
0.00011038
0.00011038
0.00011038
0.00011038
0.00011038
0.00011038
0.00011038
0.00011038
0.00011038
0.00011038
0.00011038
0.00011038
0.00011038
0.00011038
0.00011038
0.00011038
0.00011038
0.00011038
0.00011038
0.00011038
0.00011038
0.00011038
0.00011038
0.00011038
0.00011038
0.00011038
0.00011038
0.00011038
0.00011038
0.00011038
0.00011038
0.00011038
0.00011038
0.00011038
0.00011038
0.00011038
0.00011038
0.00011038
0.00011038
0.00011038
0.00011038
0.00011038
0.00011038
0.00011038
0.00011038
0.00011038
0.00011038
0.00011038
0.00011038
0.00011038
0.00011038
0.00011038
0.00011038
0.00011038
0.00011038
0.00011038
0.00011038
0.00011038
0.00011038
0.00011038
0.00011038
0.00011038
0.00011038
0.00011038
0.00011038
0.00011038
0.00011038
0.00011038
0.00011038
0.00011038
0.00011038
0.00011038
0.00011038
0.00011038
0.00011038
0.00011038
0.00011038
0.00011038
0.00011038
0.00011038
0.00011038
0.00011038
0.00011038
0.00011038
0.00011038
0.00011038
0.00011038
0.00011038
0.00011038
0.00011038
0.00011038
0.00011038
0.00011038
0.00011038
0.00011038
0.00011038
0.00011038
0.00011038
0.00011038
0.00011038
0.00011038
0.00011038
0.00011038
0.00011038
0.00011038
0.00011038
0.00011038
0.00011038
0.00011038
0.00011038
0.00011038
0.00011038
0.00011038
0.00011038
0.00011038
0.00011038
0.00011038
0.00011038
0.00011038
0.00011038
0.00011038
0.00011038
0.00011038
0.00011038
0.00011038
0.00011038
0.00011038
0.00011038
0.00011038
0.00011038
0.00011038
0.00011038
0.00011038
0.00011038
0.00011038
0.00011038
0.00011038
0.00011038
0.00011038
0.00011038
0.00011038
0.00011038
0.00011038
0.00011038
0.00011038
0.00011038
0.00011038
0.00011038
0.00011038
0.00011038
0.00011038
0.00011038
0.00011038
0.00011038
0.00011038
0.00011038
0.00011038
0.00011038
0.00011038
0.00011038
0.00011038
0.00011038
0.00011038
0.00011038
0.00011038
0.00011038
0.00011038
0.00011038
0.00011038
0.00011038
0.00011038
0.00011038
0.00011038
0.00011038
0.00011038
0.00011038
0.00011038
0.00011038
0.00011038
0.00011038
0.00011038
0.00011038
0.00011038
0.00011038
0.00011038
0.00011038
0.00011038
0.00011038
0.00011038
0.00011038
0.00011038
0.00011038
0.00011038
0.00011038
0.00011038
0.00011038
0.00011038
0.00011038
0.00011038
0.00011038
0.00011038
0.00011038
0.00011038
0.00011038
0.00011038
0.00011038
0.00011038
0.00011038
0.00011038
0.00011038
0.00011038
0.00011038
0.00011038
0.00011038
0.00011038
0.00011038
0.00011038
0.00011038
0.00011038
0.00011038
0.00011038
0.00011038
0.00011038
0.00011038
0.00011038
0.00011038
0.00011038
0.00011038
0.00011038
0.00011038
0.00011038
0.00011038
0.00011038
0.00011038
0.00011038
0.00011038
0.00011038
0.00011038
0.00011038
0.00011038
0.00011038
0.00011038
0.00011038
0.00011038
0.00011038
0.00011038
0.00011038
0.00011038
0.00011038
0.00011038
0.00011038
0.00011038
0.00011038
0.00011038
0.00011038
0.00011038
0.00011038
0.00011038
0.00011038
0.00011038
0.00011038
0.00011038
0.00011038
0.00011038
0.00011038
0.00011038
0.00011038
0.00011038
0.00011038
0.00011038
0.00011038
0.00011038
0.00011038
0.00011038
0.00011038
0.00011038
0.00011038
0.00011038
0.00011038
0.00011038
0.00011038
0.00011038
0.00011038
0.00011038
0.00011038
0.00011038
0.00011038
0.00011038
0.00011038
0.00011038
0.00011038
0.00011038
0.00011038
0.00011038
0.00011038
0.00011038
0.00011038
0.00011038
0.00011038
0.00011038
0.00011038
0.00011038
0.00011038
0.00011038
0.00011038
0.00011038
0.00011038
0.00011038
0.00011038
0.00011038
0.00011038
0.00011038
0.00011038
0.00011038
0.00011038
0.00011038
0.00011038
0.00011038
0.00011038
0.00011038
0.00011038
0.00011038
0.00011038
0.00011038
0.00011038
0.00011038
0.00011038
0.00011038
0.00011038
0.00011038
0.00011038
0.00011038
0.00011038
0.00011038
0.00011038
0.00011038
0.00011038
0.00011038
0.00011038
0.00011038
0.00011038
0.00011038
0.00011038
0.00011038
0.00011038
0.00011038
0.00011038
0.00011038
0.00011038
0.00011038
0.00011038
0.00011038
0.00011038
0.00011038
0.00011038
0.00011038
0.00011038
0.00011038
0.00011038
0.00011038
0.00011038
0.00011038
0.00011038
0.00011038
0.00011038
0.00011038
0.00011038
0.00011038
0.00011038
0.00011038
0.00011038
0.00011038
0.00011038
0.00011038
0.00011038
0.00011038
0.00011038
0.00011038
0.00011038
0.00011038
0.00011038
0.00011038
0.00011038
0.00011038
0.00011038
0.00011038
0.00011038
0.00011038
0.00011038
0.00011038
0.00011038
0.00011038
0.00011038
0.00011038
0.00011038
0.00011038
0.00011038
0.00011038
0.00011038
0.00011038
0.00011038
0.00011038
0.00011038
0.00011038
0.00011038
0.00011038
0.00011038
0.00011038
0.00011038
0.00011038
0.00011038
0.00011038
0.00011038
0.00011038
0.00011038
0.00011038
0.00011038
0.00011038
0.00011038
0.00011038
0.00011038
0.00011038
0.00011038
0.00011038
0.00011038
0.00011038
0.00011038
0.00011038
0.00011038
0.00011038
0.00011038
0.00011038
0.00011038
0.00011038
0.00011038
0.00011038
0.00011038
0.00011038
0.00011038
0.00011038
0.00011038
0.00011038
0.00011038
0.00011038
0.00011038
0.00011038
0.00011038
0.00011038
0.00011038
0.00011038
0.00011038
0.00011038
0.00011038
0.00011038
0.00011038
0.00011038
0.00011038
0.00011038
0.00011038
0.00011038
0.00011038
0.00011038
0.00011038
0.00011038
0.00011038
0.00011038
0.00011038
0.00011038
0.00011038
0.00011038
0.00011038
0.00011038
0.00011038
0.00011038
0.00011038
0.00011038
0.00011038
0.00011038
0.00011038
0.00011038
0.00011038
0.00011038
0.00011038
0.00011038
0.00011038
0.00011038
0.00011038
0.00011038
0.00011038
0.00011038
0.00011038
0.00011038
0.00011038
0.00011038
0.00011038
0.00011038
0.00011038
0.00011038
0.00011038
0.00011038
0.00011038
0.00011038
0.00011038
0.00011038
0.00011038
0.00011038
0.00011038
0.00011038
0.00011038
0.00011038
0.00011038
0.00011038
0.00011038
0.00011038
0.00011038
0.00011038
0.00011038
0.00011038
0.00011038
0.00011038
0.00011038
0.00011038
0.00011038
0.00011038
0.00011038
0.00011038
0.00011038
0.00011038
0.00011038
0.00011038
0.00011038
0.00011038
0.00011038
0.00011038
0.00011038
0.00011038
0.00011038
0.00011038
0.00011038
0.00011038
0.00011038
0.00011038
0.00011038
0.00011038
0.00011038
0.00011038
0.00011038
0.00011038
0.00011038
0.00011038
0.00011038
0.00011038
0.00011038
0.00011038
0.00011038
0.00011038
0.00011038
0.00011038
0.00011038
0.00011038
0.00011038
0.00011038
0.00011038
0.00011038
0.00011038
0.00011038
0.00011038
0.00011038
0.00011038
0.00011038
0.00011038
0.00011038
0.00011038
0.00011038
0.00011038
0.00011038
0.00011038
0.00011038
0.00011038
0.00011038
0.00011038
0.00011038
0.00011038
0.00011038
0.00011038
0.00011038
0.00011038
0.00011038
0.00011038
0.00011038
0.00011038
0.00011038
0.00011038
0.00011038
0.00011038
0.00011038
0.00011038
0.00011038
0.00011038
0.00011038
0.00011038
0.00011038
0.00011038
0.00011038
0.00011038
0.00011038
0.00011038
0.00011038
0.00011038
0.00011038
0.00011038
0.00011038
0.00011038
0.00011038
0.00011038
0.00011038
0.00011038
0.00011038
0.00011038
0.00011038
0.00011038
0.00011038
0.00011038
0.00011038
0.00011038
0.00011038
0.00011038
0.00011038
0.00011038
0.00011038
0.00011038
0.00011038
0.00011038
0.00011038
0.00011038
0.00011038
0.00011038
0.00011038
0.00011038
0.00011038
0.00011038
0.00011038
0.00011038
0.00011038
0.00011038
0.00011038
0.00011038
0.00011038
0.00011038
0.00011038
0.00011038
0.00011038
0.00011038
0.00011038
0.00011038
0.00011038
0.00011038
0.00011038
0.00011038
0.00011038
0.00011038
0.00011038
0.00011038
0.00011038
0.00011038
0.00011038
0.00011038
0.00011038
0.00011038
0.00011038
0.00011038
0.00011038
0.00011038
0.00011038
0.00011038
0.00011038
0.00011038
0.00011038
0.00011038
0.00011038
0.00011038
0.00011038
0.00011038
0.00011038
0.00011038
0.00011038
0.00011038
0.00011038
0.00011038
0.00011038
0.00011038
0.00011038
0.00011038
0.00011038
0.00011038
0.00011038
0.00011038
0.00011038
0.00011038
0.00011038
0.00011038
0.00011038
0.00011038
0.00011038
0.00011038
0.00011038
0.00011038
0.00011038
0.00011038
0.00011038
0.00011038
0.00011038
0.00011038
0.00011038
0.00011038
0.00011038
0.00011038
0.00011038
0.00011038
0.00011038
0.00011038
0.00011038
0.00011038
0.00011038
0.00011038
0.00011038
0.00011038
0.00011038
0.00011038
0.00011038
0.00011038
0.00011038
0.00011038
0.00011038
0.00011038
0.00011038
0.00011038
0.00011038
0.00011038
0.00011038
0.00011038
0.00011038
0.00011038
0.00011038
0.00011038
0.00011038
0.00011038
0.00011038
0.00011038
0.00011038
0.00011038
0.00011038
0.00011038
0.00011038
0.00011038
0.00011038
0.00011038
0.00011038
0.00011038
0.00011038
0.00011038
0.00011038
0.00011038
0.00011038
0.00011038
0.00011038
0.00011038
0.00011038
0.00011038
0.00011038
0.00011038
0.00011038
0.00011038
0.00011038
0.00011038
0.00011038
0.00011038
0.00011038
0.00011038
0.00011038
0.00011038
0.00011038
0.00011038
0.00011038
0.00011038
0.00011038
0.00011038
0.00011038
0.00011038
0.00011038
0.00011038
0.00011038
0.00011038
0.00011038
0.00011038
0.00011038
0.00011038
0.00011038
0.00011038
0.00011038
0.00011038
0.00011038
0.00011038
0.00011038
0.00011038
0.00011038
0.00011038
0.00011038
0.00011038
0.00011038
0.00011038
0.00011038
0.00011038
0.00011038
0.00011038
0.00011038
0.00011038
0.00011038
0.00011038
0.00011038
0.00011038
0.00011038
0.00011038
0.00011038
0.00011038
0.00011038
0.00011038
0.00011038
0.00011038
0.00011038
0.00011038
0.00011038
0.00011038
0.00011038
0.00011038
0.00011038
0.00011038
0.00011038
0.00011038
0.00011038
0.00011038
0.00011038
0.00011038
0.00011038
0.00011038
0.00011038
0.00011038
0.00011038
0.00011038
0.00011038
0.00011038
0.00011038
0.00011038
0.00011038
0.00011038
0.00011038
0.00011038
0.00011038
0.00011038
0.00011038
0.00011038
0.00011038
0.00011038
0.00011038
0.00011038
0.00011038
0.00011038
0.00011038
0.00011038
0.00011038
0.00011038
0.00011038
0.00011038
0.00011038
0.00011038
0.00011038
0.00011038
0.00011038
0.00011038
0.00011038
0.00011038
0.00011038
0.00011038
0.00011038
0.00011038
0.00011038
0.00011038
0.00011038
0.00011038
0.00011038
0.00011038
0.00011038
0.00011038
0.00011038
0.00011038
0.00011038
0.00011038
0.00011038
0.00011038
0.00011038
0.00011038
0.00011038
0.00011038
0.00011038
0.00011038
0.00011038
0.00011038
0.00011038
0.00011038
0.00011038
0.00011038
0.00011038
0.00011038
0.00011038
0.00011038
0.00011038
0.00011038
0.00011038
0.00011038
0.00011038
0.00011038
0.00011038
0.00011038
0.00011038
0.00011038
0.00011038
0.00011038
0.00011038
0.00011038
0.00011038
0.00011038
0.00011038
0.00011038
0.00011038
0.00011038
0.00011038
0.00011038
0.00011038
0.00011038
0.00011038
0.00011038
0.00011038
0.00011038
0.00011038
0.00011038
0.00011038
0.00011038
0.00011038
0.00011038
0.00011038
0.00011038
0.00011038
0.00011038
0.00011038
0.00011038
0.00011038
0.00011038
0.00011038
0.00011038
0.00011038
0.00011038
0.00011038
0.00011038
0.00011038
0.00011038
0.00011038
0.00011038
0.00011038
0.00011038
0.00011038
0.00011038
0.00011038
0.00011038
0.00011038
0.00011038
0.00011038
0.00011038
0.00011038
0.00011038
0.00011038
0.00011038
0.00011038
0.00011038
0.00011038
0.00011038
0.00011038
0.00011038
0.00011038
0.00011038
0.00011038
0.00011038
0.00011038
0.00011038
0.00011038
0.00011038
0.00011038
0.00011038
0.00011038
0.00011038
0.00011038
0.00011038
0.00011038
0.00011038
0.00011038
0.00011038
0.00011038
0.00011038
0.00011038
0.00011038
0.00011038
0.00011038
0.00011038
0.00011038
0.00011038
0.00011038
0.00011038
0.00011038
0.00011038
0.00011038
0.00011038
0.00011038
0.00011038
0.00011038
0.00011038
0.00011038
0.00011038
0.00011038
0.00011038
0.00011038
0.00011038
0.00011038
0.00011038
0.00011038
0.00011038
0.00011038
0.00011038
0.00011038
0.00011038
0.00011038
0.00011038
0.00011038
0.00011038
0.00011038
0.00011038
0.00011038
0.00011038
0.00011038
0.00011038
0.00011038
0.00011038
0.00011038
0.00011038
0.00011038
0.00011038
0.00011038
0.00011038
0.00011038
0.00011038
0.00011038
0.00011038
0.00011038
0.00011038
0.00011038
0.00011038
0.00011038
0.00011038
0.00011038
0.00011038
0.00011038
0.00011038
0.00011038
0.00011038
0.00011038
0.00011038
0.00011038
0.00011038
0.00011038
0.00011038
0.00011038
0.00011038
0.00011038
0.00011038
0.00011038
0.00011038
0.00011038
0.00011038
0.00011038
0.00011038
0.00011038
0.00011038
0.00011038
0.00011038
0.00011038
0.00011038
0.00011038
0.00011038
0.00011038
0.00011038
0.00011038
0.00011038
0.00011038
0.00011038
0.00011038
0.00011038
0.00011038
0.00011038
0.00011038
0.00011038
0.00011038
0.00011038
0.00011038
0.00011038
0.00011038
0.00011038
0.00011038
0.00011038
0.00011038
0.00011038
0.00011038
0.00011038
0.00011038
0.00011038
0.00011038
0.00011038
0.00011038
0.00011038
0.00011038
0.00011038
0.00011038
0.00011038
0.00011038
0.00011038
0.00011038
0.00011038
0.00011038
0.00011038
0.00011038
0.00011038
0.00011038
0.00011038
0.00011038
0.00011038
0.00011038
0.00011038
0.00011038
0.00011038
0.00011038
0.00011038
0.00011038
0.00011038
0.00011038
0.00011038
0.00011038
0.00011038
0.00011038
0.00011038
0.00011038
0.00011038
0.00011038
0.00011038
0.00011038
0.00011038
0.00011038
0.00011038
0.00011038
0.00011038
0.00011038
0.00011038
0.00011038
0.00011038
0.00011038
0.00011038
0.00011038
0.00011038
0.00011038
0.00011038
0.00011038
0.00011038
0.00011038
0.00011038
0.00011038
0.00011038
0.00011038
0.00011038
0.00011038
0.00011038
0.00011038
0.00011038
0.00011038
0.00011038
0.00011038
0.00011038
0.00011038
0.00011038
0.00011038
0.00011038
0.00011038
0.00011038
0.00011038
0.00011038
0.00011038
0.00011038
0.00011038
0.00011038
0.00011038
0.00011038
0.00011038
0.00011038
0.00011038
0.00011038
0.00011038
0.00011038
0.00011038
0.00011038
0.00011038
0.00011038
0.00011038
0.00011038
0.00011038
0.00011038
0.00011038
0.00011038
0.00011038
0.00011038
0.00011038
0.00011038
0.00011038
0.00011038
0.00011038
0.00011038
0.00011038
0.00011038
0.00011038
0.00011038
0.00011038
0.00011038
0.00011038
0.00011038
0.00011038
0.00011038
0.00011038
0.00011038
0.00011038
0.00011038
0.00011038
0.00011038
0.00011038
0.00011038
0.00011038
0.00011038
0.00011038
0.00011038
0.00011038
0.00011038
0.00011038
0.00011038
0.00011038
0.00011038
0.00011038
0.00011038
0.00011038
0.00011038
0.00011038
0.00011038
0.00011038
0.00011038
0.00011038
0.00011038
0.00011038
0.00011038
0.00011038
0.00011038
0.00011038
0.00011038
0.00011038
0.00011038
0.00011038
0.00011038
0.00011038
0.00011038
0.00011038
0.00011038
0.00011038
0.00011038
0.00011038
0.00011038
0.00011038
0.00011038
0.00011038
0.00011038
0.00011038
0.00011038
0.00011038
0.00011038
0.00011038
0.00011038
0.00011038
0.00011038
0.00011038
0.00011038
0.00011038
0.00011038
0.00011038
0.00011038
0.00011038
0.00011038
0.00011038
0.00011038
0.00011038
0.00011038
0.00011038
0.00011038
0.00011038
0.00011038
0.00011038
0.00011038
0.00011038
0.00011038
0.00011038
0.00011038
0.00011038
0.00011038
0.00011038
0.00011038
0.00011038
0.00011038
0.00011038
0.00011038
0.00011038
0.00011038
0.00011038
0.00011038
0.00011038
0.00011038
0.00011038
0.00011038
0.00011038
0.00011038
0.00011038
0.00011038
0.00011038
0.00011038
0.00011038
0.00011038
0.00011038
0.00011038
0.00011038
0.00011038
0.00011038
0.00011038
0.00011038
0.00011038
0.00011038
0.00011038
0.00011038
0.00011038
0.00011038
0.00011038
0.00011038
0.00011038
0.00011038
0.00011038
0.00011038
0.00011038
0.00011038
0.00011038
0.00011038
0.00011038
0.00011038
0.00011038
0.00011038
0.00011038
0.00011038
0.00011038
0.00011038
0.00011038
0.00011038
0.00011038
0.00011038
0.00011038
0.00011038
0.00011038
0.00011038
0.00011038
0.00011038
0.00011038
0.00011038
0.00011038
0.00011038
0.00011038
0.00011038
0.00011038
0.00011038
0.00011038
0.00011038
0.00011038
0.00011038
0.00011038
0.00011038
0.00011038
0.00011038
0.00011038
0.00011038
0.00011038
0.00011038
0.00011038
0.00011038
0.00011038
0.00011038
0.00011038
0.00011038
0.00011038
0.00011038
0.00011038
0.00011038
0.00011038
0.00011038
0.00011038
0.00011038
0.00011038
0.00011038
0.00011038
0.00011038
0.00011038
0.00011038
0.00011038
0.00011038
0.00011038
0.00011038
0.00011038
0.00011038
0.00011038
0.00011038
0.00011038
0.00011038
0.00011038
0.00011038
0.00011038
0.00011038
0.00011038
0.00011038
0.00011038
0.00011038
0.00011038
0.00011038
0.00011038
0.00011038
0.00011038
0.00011038
0.00011038
0.00011038
0.00011038
0.00011038
0.00011038
0.00011038
0.00011038
0.00011038
0.00011038
0.00011038
0.00011038
0.00011038
0.00011038
0.00011038
0.00011038
0.00011038
0.00011038
0.00011038
0.00011038
0.00011038
0.00011038
0.00011038
0.00011038
0.00011038
0.00011038
0.00011038
0.00011038
0.00011038
0.00011038
0.00011038
0.00011038
0.00011038
0.00011038
0.00011038
0.00011038
0.00011038
0.00011038
0.00011038
0.00011038
0.00011038
0.00011038
0.00011038
0.00011038
0.00011038
0.00011038
0.00011038
0.00011038
0.00011038
0.00011038
0.00011038
0.00011038
0.00011038
0.00011038
0.00011038
0.00011038
0.00011038
0.00011038
0.00011038
0.00011038
0.00011038
0.00011038
0.00011038
0.00011038
0.00011038
0.00011038
0.00011038
0.00011038
0.00011038
0.00011038
0.00011038
0.00011038
0.00011038
0.00011038
0.00011038
0.00011038
0.00011038
0.00011038
0.00011038
0.00011038
0.00011038
0.00011038
0.00011038
0.00011038
0.00011038
0.00011038
0.00011038
0.00011038
0.00011038
0.00011038
0.00011038
0.00011038
0.00011038
0.00011038
0.00011038
0.00011038
0.00011038
0.00011038
0.00011038
0.00011038
0.00011038
0.00011038
0.00011038
0.00011038
0.00011038
0.00011038
0.00011038
0.00011038
0.00011038
0.00011038
0.00011038
0.00011038
0.00011038
0.00011038
0.00011038
0.00011038
0.00011038
0.00011038
0.00011038
0.00011038
0.00011038
0.00011038
0.00011038
0.00011038
0.00011038
0.00011038
0.00011038
0.00011038
0.00011038
0.00011038
0.00011038
0.00011038
0.00011038
0.00011038
0.00011038
0.00011038
0.00011038
0.00011038
0.00011038
0.00011038
0.00011038
0.00011038
0.00011038
0.00011038
0.00011038
0.00011038
0.00011038
0.00011038
0.00011038
0.00011038
0.00011038
0.00011038
0.00011038
0.00011038
0.00011038
0.00011038
0.00011038
0.00011038
0.00011038
0.00011038
0.00011038
0.00011038
0.00011038
0.00011038
0.00011038
0.00011038
0.00011038
0.00011038
0.00011038
0.00011038
0.00011038
0.00011038
0.00011038
0.00011038
0.00011038
0.00011038
0.00011038
0.00011038
0.00011038
0.00011038
0.00011038
0.00011038
0.00011038
0.00011038
0.00011038
0.00011038
0.00011038
0.00011038
0.00011038
0.00011038
0.00011038
0.00011038
0.00011038
0.00011038
0.00011038
0.00011038
0.00011038
0.00011038
0.00011038
0.00011038
0.00011038
0.00011038
0.00011038
0.00011038
0.00011038
0.00011038
0.00011038
0.00011038
0.00011038
0.00011038
0.00011038
0.00011038
0.00011038
0.00011038
0.00011038
0.00011038
0.00011038
0.00011038
0.00011038
0.00011038
0.00011038
0.00011038
0.00011038
0.00011038
0.00011038
0.00011038
0.00011038
0.00011038
0.00011038
0.00011038
0.00011038
0.00011038
0.00011038
0.00011038
0.00011038
0.00011038
0.00011038
0.00011038
0.00011038
0.00011038
0.00011038
0.00011038
0.00011038
0.00011038
0.00011038
0.00011038
0.00011038
0.00011038
0.00011038
0.00011038
0.00011038
0.00011038
0.00011038
0.00011038
0.00011038
0.00011038
0.00011038
0.00011038
0.00011038
0.00011038
0.00011038
0.00011038
0.00011038
0.00011038
0.00011038
0.00011038
0.00011038
0.00011038
0.00011038
0.00011038
0.00011038
0.00011038
0.00011038
0.00011038
0.00011038
0.00011038
0.00011038
0.00011038
0.00011038
0.00011038
0.00011038
0.00011038
0.00011038
0.00011038
0.00011038
0.00011038
0.00011038
0.00011038
0.00011038
0.00011038
0.00011038
0.00011038
0.00011038
0.00011038
0.00011038
0.00011038
0.00011038
0.00011038
0.00011038
0.00011038
0.00011038
0.00011038
0.00011038
0.00011038
0.00011038
0.00011038
0.00011038
0.00011038
0.00011038
0.00011038
0.00011038
0.00011038
0.00011038
0.00011038
0.00011038
0.00011038
0.00011038
0.00011038
0.00011038
0.00011038
0.00011038
0.00011038
0.00011038
0.00011038
0.00011038
0.00011038
0.00011038
0.00011038
0.00011038
0.00011038
0.00011038
0.00011038
0.00011038
0.00011038
0.00011038
0.00011038
0.00011038
0.00011038
0.00011038
0.00011038
0.00011038
0.00011038
0.00011038
0.00011038
0.00011038
0.00011038
0.00011038
0.00011038
0.00011038
0.00011038
0.00011038
0.00011038
0.00011038
0.00011038
0.00011038
0.00011038
0.00011038
0.00011038
0.00011038
0.00011038
0.00011038
0.00011038
0.00011038
0.00011038
0.00011038
0.00011038
0.00011038
0.00011038
0.00011038
0.00011038
0.00011038
0.00011038
0.00011038
0.00011038
0.00011038
0.00011038
0.00011038
0.00011038
0.00011038
0.00011038
0.00011038
0.00011038
0.00011038
0.00011038
0.00011038
0.00011038
0.00011038
0.00011038
0.00011038
0.00011038
0.00011038
0.00011038
0.00011038
0.00011038
0.00011038
0.00011038
0.00011038
0.00011038
0.00011038
0.00011038
0.00011038
0.00011038
0.00011038
0.00011038
0.00011038
0.00011038
0.00011038
0.00011038
0.00011038
0.00011038
0.00011038
0.00011038
0.00011038
0.00011038
0.00011038
0.00011038
0.00011038
0.00011038
0.00011038
0.00011038
0.00011038
0.00011038
0.00011038
0.00011038
0.00011038
0.00011038
0.00011038
0.00011038
0.00011038
0.00011038
0.00011038
0.00011038
0.00011038
0.00011038
0.00011038
0.00011038
0.00011038
0.00011038
0.00011038
0.00011038
0.00011038
0.00011038
0.00011038
0.00011038
0.00011038
0.00011038
0.00011038
0.00011038
0.00011038
0.00011038
0.00011038
0.00011038
0.00011038
0.00011038
0.00011038
0.00011038
0.00011038
0.00011038
0.00011038
0.00011038
0.00011038
0.00011038
0.00011038
0.00011038
0.00011038
0.00011038
0.00011038
0.00011038
0.00011038
0.00011038
0.00011038
0.00011038
0.00011038
0.00011038
0.00011038
0.00011038
0.00011038
0.00011038
0.00011038
0.00011038
0.00011038
0.00011038
0.00011038
0.00011038
0.00011038
0.00011038
0.00011038
0.00011038
0.00011038
0.00011038
0.00011038
0.00011038
0.00011038
0.00011038
0.00011038
0.00011038
0.00011038
0.00011038
0.00011038
0.00011038
0.00011038
0.00011038
0.00011038
0.00011038
0.00011038
0.00011038
0.00011038
0.00011038
0.00011038
0.00011038
0.00011038
0.00011038
0.00011038
0.00011038
0.00011038
0.00011038
0.00011038
0.00011038
0.00011038
0.00011038
0.00011038
0.00011038
0.00011038
0.00011038
0.00011038
0.00011038
0.00011038
0.00011038
0.00011038
0.00011038
0.00011038
0.00011038
0.00011038
0.00011038
0.00011038
0.00011038
0.00011038
0.00011038
0.00011038
0.00011038
0.00011038
0.00011038
0.00011038
0.00011038
0.00011038
0.00011038
0.00011038
0.00011038
0.00011038
0.00011038
0.00011038
0.00011038
0.00011038
0.00011038
0.00011038
0.00011038
0.00011038
0.00011038
0.00011038
0.00011038
0.00011038
0.00011038
0.00011038
0.00011038
0.00011038
0.00011038
0.00011038
0.00011038
0.00011038
0.00011038
0.00011038
0.00011038
0.00011038
0.00011038
0.00011038
0.00011038
0.00011038
0.00011038
0.00011038
0.00011038
0.00011038
0.00011038
0.00011038
0.00011038
0.00011038
0.00011038
0.00011038
0.00011038
0.00011038
0.00011038
0.00011038
0.00011038
0.00011038
0.00011038
0.00011038
0.00011038
0.00011038
0.00011038
0.00011038
0.00011038
0.00011038
0.00011038
0.00011038
0.00011038
0.00011038
0.00011038
0.00011038
0.00011038
0.00011038
0.00011038
0.00011038
0.00011038
0.00011038
0.00011038
0.00011038
0.00011038
0.00011038
0.00011038
0.00011038
0.00011038
0.00011038
0.00011038
0.00011038
0.00011038
0.00011038
0.00011038
0.00011038
0.00011038
0.00011038
0.00011038
0.00011038
0.00011038
0.00011038
0.00011038
0.00011038
0.00011038
0.00011038
0.00011038
0.00011038
0.00011038
0.00011038
0.00011038
0.00011038
0.00011038
0.00011038
0.00011038
0.00011038
0.00011038
0.00011038
0.00011038
0.00011038
0.00011038
0.00011038
0.00011038
0.00011038
0.00011038
0.00011038
0.00011038
0.00011038
0.00011038
0.00011038
0.00011038
0.00011038
0.00011038
0.00011038
0.00011038
0.00011038
0.00011038
0.00011038
0.00011038
0.00011038
0.00011038
0.00011038
0.00011038
0.00011038
0.00011038
0.00011038
0.00011038
0.00011038
0.00011038
0.00011038
0.00011038
0.00011038
0.00011038
0.00011038
0.00011038
0.00011038
0.00011038
0.00011038
0.00011038
0.00011038
0.00011038
0.00011038
0.00011038
0.00011038
0.00011038
0.00011038
0.00011038
0.00011038
0.00011038
0.00011038
0.00011038
0.00011038
0.00011038
0.00011038
0.00011038
0.00011038
0.00011038
0.00011038
0.00011038
0.00011038
0.00011038
0.00011038
0.00011038
0.00011038
0.00011038
0.00011038
0.00011038
0.00011038
0.00011038
0.00011038
0.00011038
0.00011038
0.00011038
0.00011038
0.00011038
0.00011038
0.00011038
0.00011038
0.00011038
0.00011038
0.00011038
0.00011038
0.00011038
0.00011038
0.00011038
0.00011038
0.00011038
0.00011038
0.00011038
0.00011038
0.00011038
0.00011038
0.00011038
0.00011038
0.00011038
0.00011038
0.00011038
0.00011038
0.00011038
0.00011038
0.00011038
0.00011038
0.00011038
0.00011038
0.00011038
0.00011038
0.00011038
0.00011038
0.00011038
0.00011038
0.00011038
0.00011038
0.00011038
0.00011038
0.00011038
0.00011038
0.00011038
0.00011038
0.00011038
0.00011038
0.00011038
0.00011038
0.00011038
0.00011038
0.00011038
0.00011038
0.00011038
0.00011038
0.00011038
0.00011038
0.00011038
0.00011038
0.00011038
0.00011038
0.00011038
0.00011038
0.00011038
0.00011038
0.00011038
0.00011038
0.00011038
0.00011038
0.00011038
0.00011038
0.00011038
0.00011038
0.00011038
0.00011038
0.00011038
0.00011038
0.00011038
0.00011038
0.00011038
0.00011038
0.00011038
0.00011038
0.00011038
0.00011038
0.00011038
0.00011038
0.00011038
0.00011038
0.00011038
0.00011038
0.00011038
0.00011038
0.00011038
0.00011038
0.00011038
0.00011038
0.00011038
0.00011038
0.00011038
0.00011038
0.00011038
0.00011038
0.00011038
0.00011038
0.00011038
0.00011038
0.00011038
0.00011038
0.00011038
0.00011038
0.00011038
0.00011038
0.00011038
0.00011038
0.00011038
0.00011038
0.00011038
0.00011038
0.00011038
0.00011038
0.00011038
0.00011038
0.00011038
0.00011038
0.00011038
0.00011038
0.00011038
0.00011038
0.00011038
0.00011038
0.00011038
0.00011038
0.00011038
0.00011038
0.00011038
0.00011038
0.00011038
0.00011038
0.00011038
0.00011038
0.00011038
0.00011038
0.00011038
0.00011038
0.00011038
0.00011038
0.00011038
0.00011038
0.00011038
0.00011038
0.00011038
0.00011038
0.00011038
0.00011038
0.00011038
0.00011038
0.00011038
0.00011038
0.00011038
0.00011038
0.00011038
0.00011038
0.00011038
0.00011038
0.00011038
0.00011038
0.00011038
0.00011038
0.00011038
0.00011038
0.00011038
0.00011038
0.00011038
0.00011038
0.00011038
0.00011038
0.00011038
0.00011038
0.00011038
0.00011038
0.00011038
0.00011038
0.00011038
0.00011038
0.00011038
0.00011038
0.00011038
0.00011038
0.00011038
0.00011038
0.00011038
0.00011038
0.00011038
0.00011038
0.00011038
0.00011038
0.00011038
0.00011038
0.00011038
0.00011038
0.00011038
0.00011038
0.00011038
0.00011038
0.00011038
0.00011038
0.00011038
0.00011038
0.00011038
0.00011038
0.00011038
0.00011038
0.00011038
0.00011038
0.00011038
0.00011038
0.00011038
0.00011038
0.00011038
0.00011038
0.00011038
0.00011038
0.00011038
0.00011038
0.00011038
0.00011038
0.00011038
0.00011038
0.00011038
0.00011038
0.00011038
0.00011038
0.00011038
0.00011038
0.00011038
0.00011038
0.00011038
0.00011038
0.00011038
0.00011038
0.00011038
0.00011038
0.00011038
0.00011038
0.00011038
0.00011038
0.00011038
0.00011038
0.00011038
0.00011038
0.00011038
0.00011038
0.00011038
0.00011038
0.00011038
0.00011038
0.00011038
0.00011038
0.00011038
0.00011038
0.00011038
0.00011038
0.00011038
0.00011038
0.00011038
0.00011038
0.00011038
0.00011038
0.00011038
0.00011038
0.00011038
0.00011038
0.00011038
0.00011038
0.00011038
0.00011038
0.00011038
0.00011038
0.00011038
0.00011038
0.00011038
0.00011038
0.00011038
0.00011038
0.00011038
0.00011038
0.00011038
0.00011038
0.00011038
0.00011038
0.00011038
0.00011038
0.00011038
0.00011038
0.00011038
0.00011038
0.00011038
0.00011038
0.00011038
0.00011038
0.00011038
0.00011038
0.00011038
0.00011038
0.00011038
0.00011038
0.00011038
0.00011038
0.00011038
0.00011038
0.00011038
0.00011038
0.00011038
0.00011038
0.00011038
0.00011038
0.00011038
0.00011038
0.00011038
0.00011038
0.00011038
0.00011038
0.00011038
0.00011038
0.00011038
0.00011038
0.00011038
0.00011038
0.00011038
0.00011038
0.00011038
0.00011038
0.00011038
0.00011038
0.00011038
0.00011038
0.00011038
0.00011038
0.00011038
0.00011038
0.00011038
0.00011038
0.00011038
0.00011038
0.00011038
0.00011038
0.00011038
0.00011038
0.00011038
0.00011038
0.00011038
0.00011038
0.00011038
0.00011038
0.00011038
0.00011038
0.00011038
0.00011038
0.00011038
0.00011038
0.00011038
0.00011038
0.00011038
0.00011038
0.00011038
0.00011038
0.00011038
0.00011038
0.00011038
0.00011038
0.00011038
0.00011038
0.00011038
0.00011038
0.00011038
0.00011038
0.00011038
0.00011038
0.00011038
0.00011038
0.00011038
0.00011038
0.00011038
0.00011038
0.00011038
0.00011038
0.00011038
0.00011038
0.00011038
0.00011038
0.00011038
0.00011038
0.00011038
0.00011038
0.00011038
0.00011038
0.00011038
0.00011038
0.00011038
0.00011038
0.00011038
0.00011038
0.00011038
0.00011038
0.00011038
0.00011038
0.00011038
0.00011038
0.00011038
0.00011038
0.00011038
0.00011038
0.00011038
0.00011038
0.00011038
0.00011038
0.00011038
0.00011038
0.00011038
0.00011038
0.00011038
0.00011038
0.00011038
0.00011038
0.00011038
0.00011038
0.00011038
0.00011038
0.00011038
0.00011038
0.00011038
0.00011038
0.00011038
0.00011038
0.00011038
0.00011038
0.00011038
0.00011038
0.00011038
0.00011038
0.00011038
0.00011038
0.00011038
0.00011038
0.00011038
0.00011038
0.00011038
0.00011038
0.00011038
0.00011038
0.00011038
0.00011038
0.00011038
0.00011038
0.00011038
0.00011038
0.00011038
0.00011038
0.00011038
0.00011038
0.00011038
0.00011038
0.00011038
0.00011038
0.00011038
0.00011038
0.00011038
0.00011038
0.00011038
0.00011038
0.00011038
0.00011038
0.00011038
0.00011038
0.00011038
0.00011038
0.00011038
0.00011038
0.00011038
0.00011038
0.00011038
0.00011038
0.00011038
0.00011038
0.00011038
0.00011038
0.00011038
0.00011038
0.00011038
0.00011038
0.00011038
0.00011038
0.00011038
0.00011038
0.00011038
0.00011038
0.00011038
0.00011038
0.00011038
0.00011038
0.00011038
0.00011038
0.00011038
0.00011038
0.00011038
0.00011038
0.00011038
0.00011038
0.00011038
0.00011038
0.00011038
0.00011038
0.00011038
0.00011038
0.00011038
0.00011038
0.00011038
0.00011038
0.00011038
0.00011038
0.00011038
0.00011038
0.00011038
0.00011038
0.00011038
0.00011038
0.00011038
0.00011038
0.00011038
0.00011038
0.00011038
0.00011038
0.00011038
0.00011038
0.00011038
0.00011038
0.00011038
0.00011038
0.00011038
0.00011038
0.00011038
0.00011038
0.00011038
0.00011038
0.00011038
0.00011038
0.00011038
0.00011038
0.00011038
0.00011038
0.00011038
0.00011038
0.00011038
0.00011038
0.00011038
0.00011038
0.00011038
0.00011038
0.00011038
0.00011038
0.00011038
0.00011038
0.00011038
0.00011038
0.00011038
0.00011038
0.00011038
0.00011038
0.00011038
0.00011038
0.00011038
0.00011038
0.00011038
0.00011038
0.00011038
0.00011038
0.00011038
0.00011038
0.00011038
0.00011038
0.00011038
0.00011038
0.00011038
0.00011038
0.00011038
0.00011038
0.00011038
0.00011038
0.00011038
0.00011038
0.00011038
0.00011038
0.00011038
0.00011038
0.00011038
0.00011038
0.00011038
0.00011038
0.00011038
0.00011038
0.00011038
0.00011038
0.00011038
0.00011038
0.00011038
0.00011038
0.00011038
0.00011038
0.00011038
0.00011038
0.00011038
0.00011038
0.00011038
0.00011038
0.00011038
0.00011038
0.00011038
0.00011038
0.00011038
0.00011038
0.00011038
0.00011038
0.00011038
0.00011038
0.00011038
0.00011038
0.00011038
0.00011038
0.00011038
0.00011038
0.00011038
0.00011038
0.00011038
0.00011038
0.00011038
0.00011038
0.00011038
0.00011038
0.00011038
0.00011038
0.00011038
0.00011038
0.00011038
0.00011038
0.00011038
0.00011038
0.00011038
0.00011038
0.00011038
0.00011038
0.00011038
0.00011038
0.00011038
0.00011038
0.00011038
0.00011038
0.00011038
0.00011038
0.00011038
0.00011038
0.00011038
0.00011038
0.00011038
0.00011038
0.00011038
0.00011038
0.00011038
0.00011038
0.00011038
0.00011038
0.00011038
0.00011038
0.00011038
0.00011038
0.00011038
0.00011038
0.00011038
0.00011038
0.00011038
0.00011038
0.00011038
0.00011038
0.00011038
0.00011038
0.00011038
0.00011038
0.00011038
0.00011038
0.00011038
0.00011038
0.00011038
0.00011038
0.00011038
0.00011038
0.00011038
0.00011038
0.00011038
0.00011038
0.00011038
0.00011038
0.00011038
0.00011038
0.00011038
0.00011038
0.00011038
0.00011038
0.00011038
0.00011038
0.00011038
0.00011038
0.00011038
0.00011038
0.00011038
0.00011038
0.00011038
0.00011038
0.00011038
0.00011038
0.00011038
0.00011038
0.00011038
0.00011038
0.00011038
0.00011038
0.00011038
0.00011038
0.00011038
0.00011038
0.00011038
0.00011038
0.00011038
0.00011038
0.00011038
0.00011038
0.00011038
0.00011038
0.00011038
0.00011038
0.00011038
0.00011038
0.00011038
0.00011038
0.00011038
0.00011038
0.00011038
0.00011038
0.00011038
0.00011038
0.00011038
0.00011038
0.00011038
0.00011038
0.00011038
0.00011038
0.00011038
0.00011038
0.00011038
0.00011038
0.00011038
0.00011038
0.00011038
0.00011038
0.00011038
0.00011038
0.00011038
0.00011038
0.00011038
0.00011038
0.00011038
0.00011038
0.00011038
0.00011038
0.00011038
0.00011038
0.00011038
0.00011038
0.00011038
0.00011038
0.00011038
0.00011038
0.00011038
0.00011038
0.00011038
0.00011038
0.00011038
0.00011038
0.00011038
0.00011038
0.00011038
0.00011038
0.00011038
0.00011038
0.00011038
0.00011038
0.00011038
0.00011038
0.00011038
0.00011038
0.00011038
0.00011038
0.00011038
0.00011038
0.00011038
0.00011038
0.00011038
0.00011038
0.00011038
0.00011038
0.00011038
0.00011038
0.00011038
0.00011038
0.00011038
0.00011038
0.00011038
0.00011038
0.00011038
0.00011038
0.00011038
0.00011038
0.00011038
0.00011038
0.00011038
0.00011038
0.00011038
0.00011038
0.00011038
0.00011038
0.00011038
0.00011038
0.00011038
0.00011038
0.00011038
0.00011038
0.00011038
0.00011038
0.00011038
0.00011038
0.00011038
0.00011038
0.00011038
0.00011038
0.00011038
0.00011038
0.00011038
0.00011038
0.00011038
0.00011038
0.00011038
0.00011038
0.00011038
0.00011038
0.00011038
0.00011038
0.00011038
0.00011038
0.00011038
0.00011038
0.00011038
0.00011038
0.00011038
0.00011038
0.00011038
0.00011038
0.00011038
0.00011038
0.00011038
0.00011038
0.00011038
0.00011038
0.00011038
0.00011038
0.00011038
0.00011038
0.00011038
0.00011038
0.00011038
0.00011038
0.00011038
0.00011038
0.00011038
0.00011038
0.00011038
0.00011038
0.00011038
0.00011038
0.00011038
0.00011038
0.00011038
0.00011038
0.00011038
0.00011038
0.00011038
0.00011038
0.00011038
0.00011038
0.00011038
0.00011038
0.00011038
0.00011038
0.00011038
0.00011038
0.00011038
0.00011038
0.00011038
0.00011038
0.00011038
0.00011038
0.00011038
0.00011038
0.00011038
0.00011038
0.00011038
0.00011038
0.00011038
0.00011038
0.00011038
0.00011038
0.00011038
0.00011038
0.00011038
0.00011038
0.00011038
0.00011038
0.00011038
0.00011038
0.00011038
0.00011038
0.00011038
0.00011038
0.00011038
0.00011038
0.00011038
0.00011038
0.00011038
0.00011038
0.00011038
0.00011038
0.00011038
0.00011038
0.00011038
0.00011038
0.00011038
0.00011038
0.00011038
0.00011038
0.00011038
0.00011038
0.00011038
0.00011038
0.00011038
0.00011038
0.00011038
0.00011038
0.00011038
0.00011038
0.00011038
0.00011038
0.00011038
0.00011038
0.00011038
0.00011038
0.00011038
0.00011038
0.00011038
0.00011038
0.00011038
0.00011038
0.00011038
0.00011038
0.00011038
0.00011038
0.00011038
0.00011038
0.00011038
0.00011038
0.00011038
0.00011038
0.00011038
0.00011038
0.00011038
0.00011038
0.00011038
0.00011038
0.00011038
0.00011038
0.00011038
0.00011038
0.00011038
0.00011038
0.00011038
0.00011038
0.00011038
0.00011038
0.00011038
0.00011038
0.00011038
0.00011038
0.00011038
0.00011038
0.00011038
0.00011038
0.00011038
0.00011038
0.00011038
0.00011038
0.00011038
0.00011038
0.00011038
0.00011038
0.00011038
0.00011038
0.00011038
0.00011038
0.00011038
0.00011038
0.00011038
0.00011038
0.00011038
0.00011038
0.00011038
0.00011038
0.00011038
0.00011038
0.00011038
0.00011038
0.00011038
0.00011038
0.00011038
0.00011038
0.00011038
0.00011038
0.00011038
0.00011038
0.00011038
0.00011038
0.00011038
0.00011038
0.00011038
0.00011038
0.00011038
0.00011038
0.00011038
0.00011038
0.00011038
0.00011038
0.00011038
0.00011038
0.00011038
0.00011038
0.00011038
0.00011038
0.00011038
0.00011038
0.00011038
0.00011038
0.00011038
0.00011038
0.00011038
0.00011038
0.00011038
0.00011038
0.00011038
0.00011038
0.00011038
0.00011038
0.00011038
0.00011038
0.00011038
0.00011038
0.00011038
0.00011038
0.00011038
0.00011038
0.00011038
0.00011038
0.00011038
0.00011038
0.00011038
0.00011038
0.00011038
0.00011038
0.00011038
0.00011038
0.00011038
0.00011038
0.00011038
0.00011038
0.00011038
0.00011038
0.00011038
0.00011038
0.00011038
0.00011038
0.00011038
0.00011038
0.00011038
0.00011038
0.00011038
0.00011038
0.00011038
0.00011038
0.00011038
0.00011038
0.00011038
0.00011038
0.00011038
0.00011038
0.00011038
0.00011038
0.00011038
0.00011038
0.00011038
0.00011038
0.00011038
0.00011038
0.00011038
0.00011038
0.00011038
0.00011038
0.00011038
0.00011038
0.00011038
0.00011038
0.00011038
0.00011038
0.00011038
0.00011038
0.00011038
0.00011038
0.00011038
0.00011038
0.00011038
0.00011038
0.00011038
0.00011038
0.00011038
0.00011038
0.00011038
0.00011038
0.00011038
0.00011038
0.00011038
0.00011038
0.00011038
0.00011038
0.00011038
0.00011038
0.00011038
0.00011038
0.00011038
0.00011038
0.00011038
0.00011038
0.00011038
0.00011038
0.00011038
0.00011038
0.00011038
0.00011038
0.00011038
0.00011038
0.00011038
0.00011038
0.00011038
0.00011038
0.00011038
0.00011038
0.00011038
0.00011038
0.00011038
0.00011038
0.00011038
0.00011038
0.00011038
0.00011038
0.00011038
0.00011038
0.00011038
0.00011038
0.00011038
0.00011038
0.00011038
0.00011038
0.00011038
0.00011038
0.00011038
0.00011038
0.00011038
0.00011038
0.00011038
0.00011038
0.00011038
0.00011038
0.00011038
0.00011038
0.00011038
0.00011038
0.00011038
0.00011038
0.00011038
0.00011038
0.00011038
0.00011038
0.00011038
0.00011038
0.00011038
0.00011038
0.00011038
0.00011038
0.00011038
0.00011038
0.00011038
0.00011038
0.00011038
0.00011038
0.00011038
0.00011038
0.00011038
0.00011038
0.00011038
0.00011038
0.00011038
0.00011038
0.00011038
0.00011038
0.00011038
0.00011038
0.00011038
0.00011038
0.00011038
0.00011038
0.00011038
0.00011038
0.00011038
0.00011038
0.00011038
0.00011038
0.00011038
0.00011038
0.00011038
0.00011038
0.00011038
0.00011038
0.00011038
0.00011038
0.00011038
0.00011038
0.00011038
0.00011038
0.00011038
0.00011038
0.00011038
0.00011038
0.00011038
0.00011038
0.00011038
0.00011038
0.00011038
0.00011038
0.00011038
0.00011038
0.00011038
0.00011038
0.00011038
0.00011038
0.00011038
0.00011038
0.00011038
0.00011038
0.00011038
0.00011038
0.00011038
0.00011038
0.00011038
0.00011038
0.00011038
0.00011038
0.00011038
0.00011038
0.00011038
0.00011038
0.00011038
0.00011038
0.00011038
0.00011038
0.00011038
0.00011038
0.00011038
0.00011038
0.00011038
0.00011038
0.00011038
0.00011038
0.00011038
0.00011038
0.00011038
0.00011038
0.00011038
0.00011038
0.00011038
0.00011038
0.00011038
0.00011038
0.00011038
0.00011038
0.00011038
0.00011038
0.00011038
0.00011038
0.00011038
0.00011038
0.00011038
0.00011038
0.00011038
0.00011038
0.00011038
0.00011038
0.00011038
0.00011038
0.00011038
0.00011038
0.00011038
0.00011038
0.00011038
0.00011038
0.00011038
0.00011038
0.00011038
0.00011038
0.00011038
0.00011038
0.00011038
0.00011038
0.00011038
0.00011038
0.00011038
0.00011038
0.00011038
0.00011038
0.00011038
0.00011038
0.00011038
0.00011038
0.00011038
0.00011038
0.00011038
0.00011038
0.00011038
0.00011038
0.00011038
0.00011038
0.00011038
0.00011038
0.00011038
0.00011038
0.00011038
0.00011038
0.00011038
0.00011038
0.00011038
0.00011038
0.00011038
0.00011038
0.00011038
0.00011038
0.00011038
0.00011038
0.00011038
0.00011038
0.00011038
0.00011038
0.00011038
0.00011038
0.00011038
0.00011038
0.00011038
0.00011038
0.00011038
0.00011038
0.00011038
0.00011038
0.00011038
0.00011038
0.00011038
0.00011038
0.00011038
0.00011038
0.00011038
0.00011038
0.00011038
0.00011038
0.00011038
0.00011038
0.00011038
0.00011038
0.00011038
0.00011038
0.00011038
0.00011038
0.00011038
0.00011038
0.00011038
0.00011038
0.00011038
0.00011038
0.00011038
0.00011038
0.00011038
0.00011038
0.00011038
0.00011038
0.00011038
0.00011038
0.00011038
0.00011038
0.00011038
0.00011038
0.00011038
0.00011038
0.00011038
0.00011038
0.00011038
0.00011038
0.00011038
0.00011038
0.00011038
0.00011038
0.00011038
0.00011038
0.00011038
0.00011038
0.00011038
0.00011038
0.00011038
0.00011038
0.00011038
0.00011038
0.00011038
0.00011038
0.00011038
0.00011038
0.00011038
0.00011038
0.00011038
0.00011038
0.00011038
0.00011038
0.00011038
0.00011038
0.00011038
0.00011038
0.00011038
0.00011038
0.00011038
0.00011038
0.00011038
0.00011038
0.00011038
0.00011038
0.00011038
0.00011038
0.00011038
0.00011038
0.00011038
0.00011038
0.00011038
0.00011038
0.00011038
0.00011038
0.00011038
0.00011038
0.00011038
0.00011038
0.00011038
0.00011038
0.00011038
0.00011038
0.00011038
0.00011038
0.00011038
0.00011038
0.00011038
0.00011038
0.00011038
0.00011038
0.00011038
0.00011038
0.00011038
0.00011038
0.00011038
0.00011038
0.00011038
0.00011038
0.00011038
0.00011038
0.00011038
0.00011038
0.00011038
0.00011038
0.00011038
0.00011038
0.00011038
0.00011038
0.00011038
0.00011038
0.00011038
0.00011038
0.00011038
0.00011038
0.00011038
0.00011038
0.00011038
0.00011038
0.00011038
0.00011038
0.00011038
0.00011038
0.00011038
0.00011038
0.00011038
0.00011038
0.00011038
0.00011038
0.00011038
0.00011038
0.00011038
0.00011038
0.00011038
0.00011038
0.00011038
0.00011038
0.00011038
0.00011038
0.00011038
0.00011038
0.00011038
0.00011038
0.00011038
0.00011038
0.00011038
0.00011038
0.00011038
0.00011038
0.00011038
0.00011038
0.00011038
0.00011038
0.00011038
0.00011038
0.00011038
0.00011038
0.00011038
0.00011038
0.00011038
0.00011038
0.00011038
0.00011038
0.00011038
0.00011038
0.00011038
0.00011038
0.00011038
0.00011038
0.00011038
0.00011038
0.00011038
0.00011038
0.00011038
0.00011038
0.00011038
0.00011038
0.00011038
0.00011038
0.00011038
0.00011038
0.00011038
0.00011038
0.00011038
0.00011038
0.00011038
0.00011038
0.00011038
0.00011038
0.00011038
0.00011038
0.00011038
0.00011038
0.00011038
0.00011038
0.00011038
0.00011038
0.00011038
0.00011038
0.00011038
0.00011038
0.00011038
0.00011038
0.00011038
0.00011038
0.00011038
0.00011038
0.00011038
0.00011038
0.00011038
0.00011038
0.00011038
0.00011038
0.00011038
0.00011038
0.00011038
0.00011038
0.00011038
0.00011038
0.00011038
0.00011038
0.00011038
0.00011038
0.00011038
0.00011038
0.00011038
0.00011038
0.00011038
0.00011038
0.00011038
0.00011038
0.00011038
0.00011038
0.00011038
0.00011038
0.00011038
0.00011038
0.00011038
0.00011038
0.00011038
0.00011038
0.00011038
0.00011038
0.00011038
0.00011038
0.00011038
0.00011038
0.00011038
0.00011038
0.00011038
0.00011038
0.00011038
0.00011038
0.00011038
0.00011038
0.00011038
0.00011038
0.00011038
0.00011038
0.00011038
0.00011038
0.00011038
0.00011038
0.00011038
0.00011038
0.00011038
0.00011038
0.00011038
0.00011038
0.00011038
0.00011038
0.00011038
0.00011038
0.00011038
0.00011038
0.00011038
0.00011038
0.00011038
0.00011038
0.00011038
0.00011038
0.00011038
0.00011038
0.00011038
0.00011038
0.00011038
0.00011038
0.00011038
0.00011038
0.00011038
0.00011038
0.00011038
0.00011038
0.00011038
0.00011038
0.00011038
0.00011038
0.00011038
0.00011038
0.00011038
0.00011038
0.00011038
0.00011038
0.00011038
0.00011038
0.00011038
0.00011038
0.00011038
0.00011038
0.00011038
0.00011038
0.00011038
0.00011038
0.00011038
0.00011038
0.00011038
0.00011038
0.00011038
0.00011038
0.00011038
0.00011038
0.00011038
0.00011038
0.00011038
0.00011038
0.00011038
0.00011038
0.00011038
0.00011038
0.00011038
0.00011038
0.00011038
0.00011038
0.00011038
0.00011038
0.00011038
0.00011038
0.00011038
0.00011038
0.00011038
0.00011038
0.00011038
0.00011038
0.00011038
0.00011038
0.00011038
0.00011038
0.00011038
0.00011038
0.00011038
0.00011038
0.00011038
0.00011038
0.00011038
0.00011038
0.00011038
0.00011038
0.00011038
0.00011038
0.00011038
0.00011038
0.00011038
0.00011038
0.00011038
0.00011038
0.00011038
0.00011038
0.00011038
0.00011038
0.00011038
0.00011038
0.00011038
0.00011038
0.00011038
0.00011038
0.00011038
0.00011038
0.00011038
0.00011038
0.00011038
0.00011038
0.00011038
0.00011038
0.00011038
0.00011038
0.00011038
0.00011038
0.00011038
0.00011038
0.00011038
0.00011038
0.00011038
0.00011038
0.00011038
0.00011038
0.00011038
0.00011038
0.00011038
0.00011038
0.00011038
0.00011038
0.00011038
0.00011038
0.00011038
0.00011038
0.00011038
0.00011038
0.00011038
0.00011038
0.00011038
0.00011038
0.00011038
0.00011038
0.00011038
0.00011038
0.00011038
0.00011038
0.00011038
0.00011038
0.00011038
0.00011038
0.00011038
0.00011038
0.00011038
0.00011038
0.00011038
0.00011038
0.00011038
0.00011038
0.00011038
0.00011038
0.00011038
0.00011038
0.00011038
0.00011038
0.00011038
0.00011038
0.00011038
0.00011038
0.00011038
0.00011038
0.00011038
0.00011038
0.00011038
0.00011038
0.00011038
0.00011038
0.00011038
0.00011038
0.00011038
0.00011038
0.00011038
0.00011038
0.00011038
0.00011038
0.00011038
0.00011038
0.00011038
0.00011038
0.00011038
0.00011038
0.00011038
0.00011038
0.00011038
0.00011038
0.00011038
0.00011038
0.00011038
0.00011038
0.00011038
0.00011038
0.00011038
0.00011038
0.00011038
0.00011038
0.00011038
0.00011038
0.00011038
0.00011038
0.00011038
0.00011038
0.00011038
0.00011038
0.00011038
0.00011038
0.00011038
0.00011038
0.00011038
0.00011038
0.00011038
0.00011038
0.00011038
0.00011038
0.00011038
0.00011038
0.00011038
0.00011038
0.00011038
0.00011038
0.00011038
0.00011038
0.00011038
0.00011038
0.00011038
0.00011038
0.00011038
0.00011038
0.00011038
0.00011038
0.00011038
0.00011038
0.00011038
0.00011038
0.00011038
0.00011038
0.00011038
0.00011038
0.00011038
0.00011038
0.00011038
0.00011038
0.00011038
0.00011038
0.00011038
0.00011038
0.00011038
0.00011038
0.00011038
0.00011038
0.00011038
0.00011038
0.00011038
0.00011038
0.00011038
0.00011038
0.00011038
0.00011038
0.00011038
0.00011038
0.00011038
0.00011038
0.00011038
0.00011038
0.00011038
0.00011038
0.00011038
0.00011038
0.00011038
0.00011038
0.00011038
0.00011038
0.00011038
0.00011038
0.00011038
0.00011038
0.00011038
0.00011038
0.00011038
0.00011038
0.00011038
0.00011038
0.00011038
0.00011038
0.00011038
0.00011038
0.00011038
0.00011038
0.00011038
0.00011038
0.00011038
0.00011038
0.00011038
0.00011038
0.00011038
0.00011038
0.00011038
0.00011038
0.00011038
0.00011038
0.00011038
0.00011038
0.00011038
0.00011038
0.00011038
0.00011038
0.00011038
0.00011038
0.00011038
0.00011038
0.00011038
0.00011038
0.00011038
0.00011038
0.00011038
0.00011038
0.00011038
0.00011038
0.00011038
0.00011038
0.00011038
0.00011038
0.00011038
0.00011038
0.00011038
0.00011038
0.00011038
0.00011038
0.00011038
0.00011038
0.00011038
0.00011038
0.00011038
0.00011038
0.00011038
0.00011038
0.00011038
0.00011038
0.00011038
0.00011038
0.00011038
0.00011038
0.00011038
0.00011038
0.00011038
0.00011038
0.00011038
0.00011038
0.00011038
0.00011038
0.00011038
0.00011038
0.00011038
0.00011038
0.00011038
0.00011038
0.00011038
0.00011038
0.00011038
0.00011038
0.00011038
0.00011038
0.00011038
0.00011038
0.00011038
0.00011038
0.00011038
0.00011038
0.00011038
0.00011038
0.00011038
0.00011038
0.00011038
0.00011038
0.00011038
0.00011038
0.00011038
0.00011038
0.00011038
0.00011038
0.00011038
0.00011038
0.00011038
0.00011038
0.00011038
0.00011038
0.00011038
0.00011038
0.00011038
0.00011038
0.00011038
0.00011038
0.00011038
0.00011038
0.00011038
0.00011038
0.00011038
0.00011038
0.00011038
0.00011038
0.00011038
0.00011038
0.00011038
0.00011038
0.00011038
0.00011038
0.00011038
0.00011038
0.00011038
0.00011038
0.00011038
0.00011038
0.00011038
0.00011038
0.00011038
0.00011038
0.00011038
0.00011038
0.00011038
0.00011038
0.00011038
0.00011038
0.00011038
0.00011038
0.00011038
0.00011038
0.00011038
0.00011038
0.00011038
0.00011038
0.00011038
0.00011038
0.00011038
0.00011038
0.00011038
0.00011038
0.00011038
0.00011038
0.00011038
0.00011038
0.00011038
0.00011038
0.00011038
0.00011038
0.00011038
0.00011038
0.00011038
0.00011038
0.00011038
0.00011038
0.00011038
0.00011038
0.00011038
0.00011038
0.00011038
0.00011038
0.00011038
0.00011038
0.00011038
0.00011038
0.00011038
0.00011038
0.00011038
0.00011038
0.00011038
0.00011038
0.00011038
0.00011038
0.00011038
0.00011038
0.00011038
0.00011038
0.00011038
0.00011038
0.00011038
0.00011038
0.00011038
0.00011038
0.00011038
0.00011038
0.00011038
0.00011038
0.00011038
0.00011038
0.00011038
0.00011038
0.00011038
0.00011038
0.00011038
0.00011038
0.00011038
0.00011038
0.00011038
0.00011038
0.00011038
0.00011038
0.00011038
0.00011038
0.00011038
0.00011038
0.00011038
0.00011038
0.00011038
0.00011038
0.00011038
0.00011038
0.00011038
0.00011038
0.00011038
0.00011038
0.00011038
0.00011038
0.00011038
0.00011038
0.00011038
0.00011038
0.00011038
0.00011038
0.00011038
0.00011038
0.00011038
0.00011038
0.00011038
0.00011038
0.00011038
0.00011038
0.00011038
0.00011038
0.00011038
0.00011038
0.00011038
0.00011038
0.00011038
0.00011038
0.00011038
0.00011038
0.00011038
0.00011038
0.00011038
0.00011038
0.00011038
0.00011038
0.00011038
0.00011038
0.00011038
0.00011038
0.00011038
0.00011038
0.00011038
0.00011038
0.00011038
0.00011038
0.00011038
0.00011038
0.00011038
0.00011038
0.00011038
0.00011038
0.00011038
0.00011038
0.00011038
0.00011038
0.00011038
0.00011038
0.00011038
0.00011038
0.00011038
0.00011038
0.00011038
0.00011038
0.00011038
0.00011038
0.00011038
0.00011038
0.00011038
0.00011038
0.00011038
0.00011038
0.00011038
0.00011038
0.00011038
0.00011038
0.00011038
0.00011038
0.00011038
0.00011038
0.00011038
0.00011038
0.00011038
0.00011038
0.00011038
0.00011038
0.00011038
0.00011038
0.00011038
0.00011038
0.00011038
0.00011038
0.00011038
0.00011038
0.00011038
0.00011038
0.00011038
0.00011038
0.00011038
0.00011038
0.00011038
0.00011038
0.00011038
0.00011038
0.00011038
0.00011038
0.00011038
0.00011038
0.00011038
0.00011038
0.00011038
0.00011038
0.00011038
0.00011038
0.00011038
0.00011038
0.00011038
0.00011038
0.00011038
0.00011038
0.00011038
0.00011038
0.00011038
0.00011038
0.00011038
0.00011038
0.00011038
0.00011038
0.00011038
0.00011038
0.00011038
0.00011038
0.00011038
0.00011038
0.00011038
0.00011038
0.00011038
0.00011038
0.00011038
0.00011038
0.00011038
0.00011038
0.00011038
0.00011038
0.00011038
0.00011038
0.00011038
0.00011038
0.00011038
0.00011038
0.00011038
0.00011038
0.00011038
0.00011038
0.00011038
0.00011038
0.00011038
0.00011038
0.00011038
0.00011038
0.00011038
0.00011038
0.00011038
0.00011038
0.00011038
0.00011038
0.00011038
0.00011038
0.00011038
0.00011038
0.00011038
0.00011038
0.00011038
0.00011038
0.00011038
0.00011038
0.00011038
0.00011038
0.00011038
0.00011038
0.00011038
0.00011038
0.00011038
0.00011038
0.00011038
0.00011038
0.00011038
0.00011038
0.00011038
0.00011038
0.00011038
0.00011038
0.00011038
0.00011038
0.00011038
0.00011038
0.00011038
0.00011038
0.00011038
0.00011038
0.00011038
0.00011038
0.00011038
0.00011038
0.00011038
0.00011038
0.00011038
0.00011038
0.00011038
0.00011038
0.00011038
0.00011038
0.00011038
0.00011038
0.00011038
0.00011038
0.00011038
0.00011038
0.00011038
0.00011038
0.00011038
0.00011038
0.00011038
0.00011038
0.00011038
0.00011038
0.00011038
0.00011038
0.00011038
0.00011038
0.00011038
0.00011038
0.00011038
0.00011038
0.00011038
0.00011038
0.00011038
0.00011038
0.00011038
0.00011038
0.00011038
0.00011038
0.00011038
0.00011038
0.00011038
0.00011038
0.00011038
0.00011038
0.00011038
0.00011038
0.00011038
0.00011038
0.00011038
0.00011038
0.00011038
0.00011038
0.00011038
0.00011038
0.00011038
0.00011038
0.00011038
0.00011038
0.00011038
0.00011038
0.00011038
0.00011038
0.00011038
0.00011038
0.00011038
0.00011038
0.00011038
0.00011038
0.00011038
0.00011038
0.00011038
0.00011038
0.00011038
0.00011038
0.00011038
0.00011038
0.00011038
0.00011038
0.00011038
0.00011038
0.00011038
0.00011038
0.00011038
0.00011038
0.00011038
0.00011038
0.00011038
0.00011038
0.00011038
0.00011038
0.00011038
0.00011038
0.00011038
0.00011038
0.00011038
0.00011038
0.00011038
0.00011038
0.00011038
0.00011038
0.00011038
0.00011038
0.00011038
0.00011038
0.00011038
0.00011038
0.00011038
0.00011038
0.00011038
0.00011038
0.00011038
0.00011038
0.00011038
0.00011038
0.00011038
0.00011038
0.00011038
0.00011038
0.00011038
0.00011038
0.00011038
0.00011038
0.00011038
0.00011038
0.00011038
0.00011038
0.00011038
0.00011038
0.00011038
0.00011038
0.00011038
0.00011038
0.00011038
0.00011038
0.00011038
0.00011038
0.00011038
0.00011038
0.00011038
0.00011038
0.00011038
0.00011038
0.00011038
0.00011038
0.00011038
0.00011038
0.00011038
0.00011038
0.00011038
0.00011038
0.00011038
0.00011038
0.00011038
0.00011038
0.00011038
0.00011038
0.00011038
0.00011038
0.00011038
0.00011038
0.00011038
0.00011038
0.00011038
0.00011038
0.00011038
0.00011038
0.00011038
0.00011038
0.00011038
0.00011038
0.00011038
0.00011038
0.00011038
0.00011038
0.00011038
0.00011038
0.00011038
0.00011038
0.00011038
