0.93720618
0.93267293
0.92864338
0.91202149
0.90799194
0.88868368
0.86534587
0.85795836
0.85426461
0.85141034
0.84754869
0.84503022
0.84133647
0.83898590
0.83713902
0.83411686
0.83193418
0.82991941
0.82756884
0.82505037
0.82353929
0.82051713
0.81732707
0.81615178
0.81464070
0.81312962
0.81161854
0.80943586
0.80742109
0.80624580
0.80423103
0.80271995
0.80204835
0.80003358
0.79801880
0.79701142
0.79650772
0.79432505
0.79113499
0.78945601
0.78744124
0.78609805
0.78408328
0.78290799
0.78206850
0.78038952
0.77938214
0.77787105
0.77652787
0.77501679
0.77350571
0.77098724
0.76947616
0.76779718
0.76695769
0.76561451
0.76427132
0.76359973
0.76225655
0.76141706
0.75973808
0.75839490
0.75772330
0.75654802
0.75537273
0.75453324
0.75335796
0.75319006
0.75235057
0.75067159
0.75016790
0.74949631
0.74882471
0.74798522
0.74680994
0.74563465
0.74445937
0.74361988
0.74311619
0.74227670
0.74110141
0.74009402
0.73841504
0.73690396
0.73606447
0.73505709
0.73455339
0.73371390
0.73220282
0.73102754
0.73052384
0.72934856
0.72850907
0.72649429
0.72548690
0.72397582
0.72246474
0.72179315
0.72112156
0.71944258
0.71860309
0.71793150
0.71725991
0.71574882
0.71474144
0.71390195
0.71323036
0.71037609
0.70836132
0.70685024
0.70617864
0.70550705
0.70416387
0.70366017
0.70231699
0.70080591
0.70063801
0.69996642
0.69912693
0.69862324
0.69627267
0.69509738
0.69408999
0.69291471
0.69207522
0.69140363
0.69089993
0.68972465
0.68905306
0.68821357
0.68720618
0.68603089
0.68552720
0.68519140
0.68435191
0.68284083
0.68200134
0.68082606
0.68049026
0.68015447
0.67897918
0.67813969
0.67780390
0.67730020
0.67713230
0.67696441
0.67545332
0.67310275
0.67226326
0.67159167
0.67041639
0.66991269
0.66940900
0.66873741
0.66856951
0.66840161
0.66823371
0.66806582
0.66789792
0.66773002
0.66756212
0.66739422
0.66722633
0.66521155
0.66437206
0.66370047
0.66302888
0.66185359
0.66000672
0.65899933
0.65849563
0.65748825
0.65698455
0.65648086
0.65631296
0.65513768
0.65413029
0.65329080
0.65245131
0.65194762
0.64959704
0.64858966
0.64791807
0.64724647
0.64657488
0.64573539
0.64506380
0.64372062
0.64321692
0.64204164
0.64019476
0.63969107
0.63851578
0.63801209
0.63683680
0.63549362
0.63532572
0.63498993
0.63398254
0.63364674
0.63314305
0.63230356
0.63028878
0.62978509
0.62894560
0.62760242
0.62709872
0.62676293
0.62541974
0.62458026
0.62323707
0.62189389
0.62105440
0.62071860
0.62038281
0.61887173
0.61803224
0.61752854
0.61685695
0.61635326
0.61517797
0.61467428
0.61417058
0.61349899
0.61249161
0.61198791
0.61148422
0.60930154
0.60862995
0.60745467
0.60711887
0.60510410
0.60409671
0.60292142
0.60174614
0.60023506
0.59989926
0.59973136
0.59905977
0.59788449
0.59620551
0.59519812
0.59486232
0.59419073
0.59032908
0.58999328
0.58915379
0.58865010
0.58797851
0.58646743
0.58562794
0.58428475
0.58361316
0.58277367
0.58159839
0.58126259
0.57991941
0.57891202
0.57857623
0.57840833
0.57807253
0.57740094
0.57740094
0.57740094
0.57740094
0.57740094
0.57740094
0.57740094
0.57740094
0.57740094
0.57706514
0.57555406
0.57471457
0.57454668
0.57437878
0.57219610
0.57102082
0.57034923
0.56917394
0.56833445
0.56732707
0.56682337
0.56564809
0.56514439
0.56447280
0.56413700
0.56245803
0.56145064
0.56027535
0.55943586
0.55926797
0.55910007
0.55826058
0.55758899
0.55591001
0.55540631
0.55322364
0.55271995
0.55120887
0.55070517
0.54952989
0.54852250
0.54650772
0.54617193
0.54600403
0.54499664
0.54466085
0.54264607
0.54197448
0.54130289
0.53962391
0.53861652
0.53844862
0.53693754
0.53676964
0.53660175
0.53542646
0.53458697
0.53391538
0.53290799
0.53257220
0.53190060
0.53089322
0.52904634
0.52803895
0.52736736
0.52719946
0.52652787
0.52635997
0.52535259
0.52484889
0.52451310
0.52384150
0.52333781
0.52249832
0.52182673
0.52149093
0.52048355
0.51930826
0.51897246
0.51880457
0.51846877
0.51695769
0.51645400
0.51645400
0.51611820
0.51561451
0.51544661
0.51494291
0.51393553
0.51225655
0.51192075
0.51175285
0.51158496
0.51141706
0.51007388
0.50889859
0.50755541
0.50654802
0.50537273
0.50419745
0.50100739
0.49949631
0.49865682
0.49764943
0.49664204
0.49529886
0.49429147
0.49294829
0.49227670
0.49177300
0.49110141
0.48875084
0.48791135
0.48723976
0.48673606
0.48589657
0.48102754
0.48069174
0.47867696
0.47800537
0.47766958
0.47632639
0.47599060
0.47531901
0.47330423
0.47263264
0.47229684
0.47212895
0.47145735
0.47112156
0.46927468
0.46893889
0.46877099
0.46860309
0.46843519
0.46793150
0.46709201
0.46423774
0.46071189
0.46004030
0.45852921
0.45718603
0.45668234
0.45483546
0.45433177
0.45366017
0.45315648
0.45164540
0.44946273
0.44761585
0.44560107
0.44459369
0.44224312
0.44190732
0.44089993
0.44073203
0.43972465
0.43871726
0.43770987
0.43737408
0.43687038
0.43670248
0.43502351
0.43216924
0.43132975
0.43099396
0.42881128
0.42730020
0.42713230
0.42679651
0.42528543
0.42511753
0.42461383
0.42394224
0.42327065
0.42108798
0.42058428
0.41940900
0.41890531
0.41856951
0.41756212
0.41705843
0.41672263
0.41621894
0.41571525
0.41386837
0.41286098
0.41235729
0.41168570
0.41118200
0.41034251
0.41017461
0.40715245
0.40614506
0.40295500
0.40060443
0.39976494
0.39758227
0.39607119
0.39288113
0.39204164
0.39204164
0.39036266
0.38935527
0.38868368
0.38750839
0.38633311
0.38549362
0.38482203
0.38263936
0.38096038
0.38062458
0.37978509
0.37894560
0.37894560
0.37860981
0.37777032
0.37709872
0.37575554
0.36853593
0.36719275
0.36551377
0.36450638
0.36400269
0.36114842
0.35997314
0.35460040
0.35409671
0.35208193
0.34922767
0.34402283
0.34351914
0.34301545
0.34251175
0.34234385
0.34083277
0.33680322
0.33646743
0.33462055
0.33277367
0.33277367
0.33193418
0.33176629
0.32756884
0.32689725
0.32656145
0.32521827
0.32437878
0.32370719
0.32303559
0.32253190
0.32236400
0.32186031
0.32135662
0.32102082
0.31984553
0.31967764
0.31598388
0.31514439
0.31514439
0.31514439
0.31497649
0.31430490
0.31430490
0.31296172
0.31296172
0.31195433
0.30893217
0.30792478
0.30708529
0.30087307
0.29902619
0.29633983
0.29247817
0.29113499
0.29046340
0.28576226
0.28559436
0.28072532
0.27233042
0.27216253
0.27081934
0.27081934
0.27081934
0.26863667
0.26813298
0.25805910
0.25570853
0.23438549
0.23321021
0.23136333
0.23069174
0.22733378
0.22632639
0.22565480
0.22498321
0.22347213
0.21910678
0.21910678
0.21440564
0.21440564
0.21272666
0.21004030
0.20819342
0.20819342
0.20349228
0.20349228
0.20265279
0.20013432
0.19929483
0.19929483
0.18787777
0.17813969
0.17528543
0.17528543
0.17058428
0.15983882
0.15127602
0.15127602
0.15127602
0.14976494
0.14976494
0.14573539
0.14439221
0.14439221
0.14439221
0.12844191
0.12844191
0.12844191
0.12844191
0.12659503
0.12525185
0.12525185
0.12357287
0.11853593
0.11853593
0.11853593
0.11534587
0.08143049
0.05893217
0.04113499
0.04113499
0.04113499
0.04113499
0.04113499
0.04113499
0.03995970
0.03995970
0.03995970
0.03995970
0.03727334
0.03727334
0.03727334
0.03727334
0.03727334
0.03727334
0.03727334
0.03727334
0.03727334
0.03727334
0.03458697
0.03458697
0.03458697
0.03223640
0.03223640
0.03223640
0.03223640
0.03223640
0.03223640
0.03223640
0.03223640
0.03223640
0.03223640
0.03223640
0.03223640
0.03223640
0.03223640
0.03223640
0.03223640
0.03223640
0.03223640
0.03223640
0.03223640
0.01863667
0.01863667
0.01863667
0.01863667
0.01863667
0.01813298
0.01813298
0.01813298
0.01813298
0.01813298
0.01813298
0.01813298
0.01729349
0.01729349
0.01729349
0.01729349
0.01729349
0.01729349
0.01729349
0.01729349
0.01729349
0.01729349
0.01729349
0.01729349
0.01729349
0.01729349
0.01729349
0.01729349
0.01729349
0.01611820
0.01611820
0.01611820
0.01359973
0.01359973
0.01359973
0.01359973
0.01359973
0.01359973
0.01359973
0.01359973
0.01225655
0.01225655
0.01225655
0.01225655
0.01225655
0.01225655
0.00906649
0.00906649
0.00906649
0.00906649
0.00906649
0.00906649
0.00906649
0.00906649
0.00906649
0.00906649
0.00906649
0.00906649
0.00906649
0.00822700
0.00822700
0.00738751
0.00738751
0.00738751
0.00738751
0.00738751
0.00738751
0.00738751
0.00738751
0.00738751
0.00738751
0.00738751
0.00587643
0.00587643
0.00587643
0.00587643
0.00587643
0.00587643
0.00587643
0.00587643
0.00587643
0.00587643
0.00587643
0.00587643
0.00587643
0.00587643
0.00587643
0.00587643
0.00587643
0.00587643
0.00587643
0.00587643
0.00587643
0.00587643
0.00587643
0.00587643
0.00587643
0.00587643
0.00587643
0.00587643
0.00587643
0.00587643
0.00587643
0.00587643
0.00587643
0.00587643
0.00587643
0.00587643
0.00587643
0.00587643
0.00587643
0.00587643
0.00587643
0.00587643
0.00587643
0.00587643
0.00587643
0.00587643
0.00587643
0.00587643
0.00587643
0.00587643
0.00587643
0.00587643
0.00587643
0.00587643
0.00587643
0.00587643
0.00587643
0.00587643
0.00587643
0.00587643
0.00587643
0.00587643
0.00587643
0.00587643
0.00587643
0.00587643
0.00587643
0.00520484
0.00520484
0.00520484
0.00520484
0.00520484
0.00520484
0.00453324
0.00453324
0.00453324
0.00453324
0.00453324
0.00453324
0.00453324
0.00453324
0.00453324
0.00453324
0.00453324
0.00453324
0.00453324
0.00453324
0.00453324
0.00453324
0.00453324
0.00453324
0.00453324
0.00453324
0.00453324
0.00453324
0.00453324
0.00453324
0.00453324
0.00453324
0.00453324
0.00453324
0.00453324
0.00453324
0.00453324
0.00453324
0.00453324
0.00419745
0.00419745
0.00251847
0.00251847
0.00251847
0.00251847
0.00251847
0.00251847
0.00251847
0.00251847
0.00251847
0.00251847
0.00251847
0.00251847
0.00251847
0.00251847
0.00251847
0.00251847
0.00251847
0.00251847
0.00251847
0.00251847
0.00251847
0.00251847
0.00251847
0.00251847
0.00235057
0.00235057
0.00235057
0.00235057
0.00235057
0.00218267
0.00218267
0.00218267
0.00218267
0.00218267
0.00218267
0.00218267
0.00218267
0.00218267
0.00218267
0.00218267
0.00218267
0.00218267
0.00218267
0.00218267
0.00218267
0.00218267
0.00218267
0.00218267
0.00218267
0.00218267
0.00218267
0.00218267
0.00218267
0.00218267
0.00218267
0.00218267
0.00218267
0.00218267
0.00218267
0.00218267
0.00218267
0.00218267
0.00218267
0.00218267
0.00218267
0.00218267
0.00218267
0.00218267
0.00218267
0.00218267
0.00218267
0.00218267
0.00218267
0.00218267
0.00218267
0.00218267
0.00218267
0.00218267
0.00184688
0.00184688
0.00184688
0.00167898
0.00167898
0.00167898
0.00167898
0.00167898
0.00167898
0.00167898
0.00167898
0.00167898
0.00167898
0.00167898
0.00167898
0.00167898
0.00167898
0.00167898
0.00167898
0.00167898
0.00167898
0.00167898
0.00167898
0.00167898
0.00151108
0.00151108
0.00151108
0.00151108
0.00151108
0.00151108
0.00151108
0.00151108
0.00151108
0.00151108
0.00151108
0.00151108
0.00151108
0.00151108
0.00151108
0.00151108
0.00151108
0.00151108
0.00151108
0.00151108
0.00151108
0.00151108
0.00151108
0.00151108
0.00151108
0.00151108
0.00151108
0.00151108
0.00151108
0.00151108
0.00151108
0.00151108
0.00151108
0.00151108
0.00151108
0.00151108
0.00151108
0.00151108
0.00151108
0.00151108
0.00151108
0.00151108
0.00134318
0.00134318
0.00134318
0.00134318
0.00134318
0.00134318
0.00134318
0.00134318
0.00134318
0.00134318
0.00134318
0.00134318
0.00134318
0.00134318
0.00134318
0.00134318
0.00134318
0.00134318
0.00134318
0.00134318
0.00134318
0.00134318
0.00134318
0.00134318
0.00134318
0.00134318
0.00134318
0.00134318
0.00134318
0.00134318
0.00134318
0.00134318
0.00134318
0.00134318
0.00134318
0.00134318
0.00134318
0.00134318
0.00134318
0.00134318
0.00134318
0.00134318
0.00134318
0.00134318
0.00134318
0.00134318
0.00134318
0.00134318
0.00134318
0.00134318
0.00134318
0.00134318
0.00134318
0.00134318
0.00134318
0.00134318
0.00134318
0.00134318
0.00134318
0.00134318
0.00134318
0.00134318
0.00134318
0.00134318
0.00134318
0.00134318
0.00134318
0.00134318
0.00134318
0.00134318
0.00134318
0.00134318
0.00134318
0.00134318
0.00134318
0.00134318
0.00134318
0.00134318
0.00134318
0.00134318
0.00134318
0.00134318
0.00134318
0.00134318
0.00134318
0.00134318
0.00134318
0.00134318
0.00134318
0.00134318
0.00134318
0.00134318
0.00134318
0.00134318
0.00134318
0.00134318
0.00134318
0.00134318
0.00134318
0.00134318
0.00134318
0.00134318
0.00134318
0.00134318
0.00134318
0.00134318
0.00134318
0.00134318
0.00134318
0.00134318
0.00134318
0.00134318
0.00134318
0.00134318
0.00134318
0.00134318
0.00134318
0.00134318
0.00134318
0.00134318
0.00134318
0.00134318
0.00134318
0.00134318
0.00134318
0.00100739
0.00100739
0.00067159
0.00067159
0.00067159
0.00067159
0.00067159
0.00067159
0.00067159
0.00067159
0.00067159
0.00067159
0.00067159
0.00067159
0.00067159
0.00067159
0.00067159
0.00067159
0.00067159
0.00067159
0.00067159
0.00067159
0.00067159
0.00067159
0.00067159
0.00067159
0.00067159
0.00067159
0.00067159
0.00067159
0.00067159
0.00067159
0.00067159
0.00067159
0.00067159
0.00067159
0.00067159
0.00067159
0.00067159
0.00067159
0.00067159
0.00067159
0.00067159
0.00067159
0.00067159
0.00067159
0.00067159
0.00067159
0.00067159
0.00067159
0.00067159
0.00067159
0.00067159
0.00067159
0.00067159
0.00067159
0.00067159
0.00067159
0.00067159
0.00067159
0.00067159
0.00067159
0.00067159
0.00067159
0.00067159
0.00067159
0.00067159
0.00067159
0.00067159
0.00067159
0.00067159
0.00067159
0.00067159
0.00067159
0.00067159
0.00067159
0.00067159
0.00067159
0.00067159
0.00067159
0.00067159
0.00067159
0.00067159
0.00067159
0.00067159
0.00067159
0.00067159
0.00067159
0.00067159
0.00067159
0.00067159
0.00067159
0.00067159
0.00067159
0.00067159
0.00067159
0.00067159
0.00067159
0.00067159
0.00067159
0.00067159
0.00067159
0.00067159
0.00067159
0.00067159
0.00067159
0.00067159
0.00067159
0.00067159
0.00067159
0.00067159
0.00067159
0.00067159
0.00067159
0.00067159
0.00067159
0.00067159
0.00067159
0.00067159
0.00067159
0.00067159
0.00067159
0.00067159
0.00067159
0.00067159
0.00067159
0.00067159
0.00067159
0.00067159
0.00050369
0.00050369
0.00050369
0.00050369
0.00050369
0.00050369
0.00050369
0.00050369
0.00050369
0.00050369
0.00050369
0.00050369
0.00050369
0.00050369
0.00050369
0.00050369
0.00050369
0.00050369
0.00050369
0.00050369
0.00050369
0.00050369
0.00050369
0.00050369
0.00050369
0.00050369
0.00050369
0.00050369
0.00050369
0.00050369
0.00050369
0.00050369
0.00050369
0.00050369
0.00050369
0.00050369
0.00050369
0.00050369
0.00050369
0.00050369
0.00050369
0.00050369
0.00050369
0.00050369
0.00050369
0.00050369
0.00050369
0.00050369
0.00050369
0.00050369
0.00050369
0.00050369
0.00050369
0.00050369
0.00050369
0.00050369
0.00050369
0.00050369
0.00050369
0.00050369
0.00050369
0.00050369
0.00050369
0.00050369
0.00050369
0.00050369
0.00050369
0.00050369
0.00050369
0.00050369
0.00050369
0.00050369
0.00050369
0.00050369
0.00050369
0.00050369
0.00050369
0.00050369
0.00050369
0.00050369
0.00050369
0.00050369
0.00050369
0.00050369
0.00050369
0.00050369
0.00050369
0.00050369
0.00050369
0.00050369
0.00050369
0.00050369
0.00050369
0.00050369
0.00050369
0.00050369
0.00050369
0.00050369
0.00050369
0.00050369
0.00050369
0.00050369
0.00050369
0.00050369
0.00050369
0.00050369
0.00050369
0.00050369
0.00050369
0.00050369
0.00050369
0.00050369
0.00050369
0.00050369
0.00050369
0.00050369
0.00050369
0.00050369
0.00050369
0.00050369
0.00050369
0.00050369
0.00050369
0.00050369
0.00050369
0.00050369
0.00050369
0.00050369
0.00050369
0.00050369
0.00050369
0.00050369
0.00050369
0.00050369
0.00050369
0.00050369
0.00050369
0.00050369
0.00050369
0.00050369
0.00050369
0.00050369
0.00050369
0.00050369
0.00050369
0.00050369
0.00050369
0.00050369
0.00050369
0.00050369
0.00050369
0.00050369
0.00050369
0.00050369
0.00050369
0.00050369
0.00050369
0.00050369
0.00050369
0.00050369
0.00050369
0.00050369
0.00050369
0.00050369
0.00050369
0.00050369
0.00050369
0.00050369
0.00050369
0.00050369
0.00050369
0.00050369
0.00050369
0.00050369
0.00050369
0.00050369
0.00050369
0.00050369
0.00050369
0.00050369
0.00050369
0.00050369
0.00050369
0.00050369
0.00050369
0.00050369
0.00050369
0.00050369
0.00050369
0.00050369
0.00050369
0.00050369
0.00050369
0.00050369
0.00050369
0.00050369
0.00050369
0.00050369
0.00050369
0.00050369
0.00050369
0.00050369
0.00050369
0.00050369
0.00050369
0.00050369
0.00050369
0.00050369
0.00050369
0.00050369
0.00050369
0.00050369
0.00050369
0.00050369
0.00050369
0.00050369
0.00050369
0.00050369
0.00050369
0.00050369
0.00050369
0.00050369
0.00050369
0.00050369
0.00050369
0.00050369
0.00050369
0.00050369
0.00050369
0.00050369
0.00050369
0.00050369
0.00050369
0.00050369
0.00050369
0.00050369
0.00050369
0.00050369
0.00050369
0.00050369
0.00050369
0.00050369
0.00050369
0.00050369
0.00050369
0.00050369
0.00050369
0.00050369
0.00050369
0.00050369
0.00050369
0.00050369
0.00050369
0.00050369
0.00050369
0.00050369
0.00050369
0.00050369
0.00050369
0.00050369
0.00050369
0.00050369
0.00050369
0.00050369
0.00050369
0.00050369
0.00050369
0.00050369
0.00050369
0.00050369
0.00050369
0.00050369
0.00050369
0.00050369
0.00050369
0.00050369
0.00050369
0.00050369
0.00050369
0.00050369
0.00050369
0.00050369
0.00050369
0.00050369
0.00050369
0.00050369
0.00050369
0.00050369
0.00050369
0.00050369
0.00050369
0.00050369
0.00050369
0.00050369
0.00050369
0.00050369
0.00050369
0.00050369
0.00050369
0.00050369
0.00050369
0.00050369
0.00050369
0.00050369
0.00050369
0.00050369
0.00050369
0.00050369
0.00050369
0.00050369
0.00050369
0.00050369
0.00050369
0.00050369
0.00050369
0.00050369
0.00050369
0.00050369
0.00050369
0.00050369
0.00050369
0.00050369
0.00050369
0.00050369
0.00050369
0.00050369
0.00050369
0.00050369
0.00050369
0.00050369
0.00050369
0.00050369
0.00050369
0.00050369
0.00050369
0.00050369
0.00050369
0.00050369
0.00050369
0.00050369
0.00050369
0.00050369
0.00050369
0.00050369
0.00050369
0.00050369
0.00050369
0.00050369
0.00050369
0.00050369
0.00050369
0.00050369
0.00050369
0.00050369
0.00050369
0.00050369
0.00050369
0.00050369
0.00050369
0.00050369
0.00050369
0.00050369
0.00050369
0.00050369
0.00050369
0.00050369
0.00050369
0.00050369
0.00050369
0.00050369
0.00050369
0.00050369
0.00050369
0.00050369
0.00050369
0.00050369
0.00050369
0.00050369
0.00050369
0.00050369
0.00050369
0.00050369
0.00050369
0.00050369
0.00050369
0.00050369
0.00050369
0.00050369
0.00050369
0.00050369
0.00050369
0.00050369
0.00050369
0.00050369
0.00050369
0.00050369
0.00050369
0.00050369
0.00050369
0.00050369
0.00050369
0.00050369
0.00050369
0.00050369
0.00050369
0.00050369
0.00050369
0.00050369
0.00050369
0.00050369
0.00050369
0.00050369
0.00050369
0.00050369
0.00050369
0.00050369
0.00050369
0.00050369
0.00050369
0.00050369
0.00050369
0.00050369
0.00050369
0.00050369
0.00050369
0.00050369
0.00050369
0.00050369
0.00050369
0.00050369
0.00050369
0.00050369
0.00050369
0.00050369
0.00050369
0.00050369
0.00050369
0.00050369
0.00050369
0.00050369
0.00050369
0.00050369
0.00050369
0.00050369
0.00050369
0.00050369
0.00050369
0.00050369
0.00050369
0.00050369
0.00050369
0.00050369
0.00050369
0.00050369
0.00050369
0.00050369
0.00050369
0.00050369
0.00050369
0.00050369
0.00050369
0.00050369
0.00050369
0.00050369
0.00050369
0.00050369
0.00050369
0.00050369
0.00050369
0.00050369
0.00050369
0.00050369
0.00050369
0.00050369
0.00050369
0.00050369
0.00050369
0.00050369
0.00050369
0.00050369
0.00050369
0.00050369
0.00050369
0.00050369
0.00050369
0.00050369
0.00050369
0.00050369
0.00050369
0.00050369
0.00050369
0.00050369
0.00050369
0.00050369
0.00050369
0.00050369
0.00050369
0.00050369
0.00050369
0.00050369
0.00050369
0.00050369
0.00050369
0.00050369
0.00050369
0.00050369
0.00050369
0.00050369
0.00050369
0.00050369
0.00050369
0.00050369
0.00050369
0.00050369
0.00050369
0.00050369
0.00050369
0.00050369
0.00050369
0.00050369
0.00050369
0.00050369
0.00050369
0.00050369
0.00050369
0.00050369
0.00050369
0.00050369
0.00050369
0.00050369
0.00050369
0.00050369
0.00050369
0.00050369
0.00050369
0.00050369
0.00050369
0.00050369
0.00050369
0.00050369
0.00050369
0.00050369
0.00050369
0.00050369
0.00050369
0.00050369
0.00050369
0.00050369
0.00050369
0.00050369
0.00050369
0.00050369
0.00050369
0.00050369
0.00050369
0.00050369
0.00050369
0.00050369
0.00050369
0.00050369
0.00050369
0.00050369
0.00050369
0.00050369
0.00050369
0.00050369
0.00050369
0.00050369
0.00050369
0.00050369
0.00050369
0.00050369
0.00050369
0.00050369
0.00050369
0.00050369
0.00050369
0.00050369
0.00050369
0.00050369
0.00050369
0.00050369
0.00050369
0.00050369
0.00050369
0.00050369
0.00050369
0.00050369
0.00050369
0.00050369
0.00050369
0.00050369
0.00050369
0.00050369
0.00050369
0.00050369
0.00050369
0.00050369
0.00050369
0.00050369
0.00050369
0.00050369
0.00050369
0.00050369
0.00050369
0.00050369
0.00050369
0.00050369
0.00050369
0.00050369
0.00050369
0.00050369
0.00050369
0.00050369
0.00050369
0.00050369
0.00050369
0.00050369
0.00050369
0.00050369
0.00050369
0.00050369
0.00050369
0.00050369
0.00050369
0.00050369
0.00050369
0.00050369
0.00050369
0.00050369
0.00050369
0.00050369
0.00050369
0.00050369
0.00050369
0.00050369
0.00050369
0.00050369
0.00050369
0.00050369
0.00050369
0.00050369
0.00050369
0.00050369
0.00050369
0.00050369
0.00050369
0.00050369
0.00050369
0.00050369
0.00050369
0.00050369
0.00050369
0.00050369
0.00050369
0.00050369
0.00050369
0.00050369
0.00050369
0.00050369
0.00050369
0.00050369
0.00050369
0.00050369
0.00050369
0.00050369
0.00050369
0.00050369
0.00050369
0.00050369
0.00050369
0.00050369
0.00050369
0.00050369
0.00050369
0.00050369
0.00050369
0.00050369
0.00050369
0.00050369
0.00050369
0.00050369
0.00050369
0.00050369
0.00050369
0.00050369
0.00050369
0.00050369
0.00050369
0.00050369
0.00050369
0.00050369
0.00050369
0.00050369
0.00050369
0.00050369
0.00050369
0.00050369
0.00050369
0.00050369
0.00050369
0.00050369
0.00050369
0.00050369
0.00050369
0.00050369
0.00050369
0.00050369
0.00050369
0.00050369
0.00050369
0.00050369
0.00050369
0.00050369
0.00050369
0.00050369
0.00050369
0.00050369
0.00050369
0.00050369
0.00050369
0.00050369
0.00050369
0.00050369
0.00050369
0.00050369
0.00050369
0.00050369
0.00050369
0.00050369
0.00050369
0.00050369
0.00050369
0.00050369
0.00050369
0.00050369
0.00050369
0.00050369
0.00050369
0.00050369
0.00050369
0.00050369
0.00050369
0.00050369
0.00050369
0.00050369
0.00050369
0.00050369
0.00050369
0.00050369
0.00050369
0.00050369
0.00050369
0.00050369
0.00050369
0.00050369
0.00050369
0.00050369
0.00050369
0.00050369
0.00050369
0.00050369
0.00050369
0.00050369
0.00050369
0.00050369
0.00050369
0.00050369
0.00050369
0.00050369
0.00050369
0.00050369
0.00050369
0.00050369
0.00050369
0.00050369
0.00050369
0.00050369
0.00050369
0.00050369
0.00050369
0.00050369
0.00050369
0.00050369
0.00050369
0.00050369
0.00050369
0.00050369
0.00050369
0.00050369
0.00050369
0.00050369
0.00050369
0.00050369
0.00050369
0.00050369
0.00050369
0.00050369
0.00050369
0.00050369
0.00050369
0.00050369
0.00050369
0.00050369
0.00050369
0.00050369
0.00050369
0.00050369
0.00050369
0.00050369
0.00050369
0.00050369
0.00050369
0.00050369
0.00050369
0.00050369
0.00050369
0.00050369
0.00050369
0.00050369
0.00050369
0.00050369
0.00050369
0.00050369
0.00050369
0.00050369
0.00050369
0.00050369
0.00050369
0.00050369
0.00050369
0.00050369
0.00050369
0.00050369
0.00050369
0.00050369
0.00050369
0.00050369
0.00050369
0.00050369
0.00050369
0.00050369
0.00050369
0.00050369
0.00050369
0.00050369
0.00050369
0.00050369
0.00050369
0.00050369
0.00050369
0.00050369
0.00050369
0.00050369
0.00050369
0.00050369
0.00050369
0.00050369
0.00050369
0.00050369
0.00050369
0.00050369
0.00050369
0.00050369
0.00050369
0.00050369
0.00050369
0.00050369
0.00050369
0.00050369
0.00050369
0.00050369
0.00050369
0.00050369
0.00050369
0.00050369
0.00050369
0.00050369
0.00050369
0.00050369
0.00050369
0.00050369
0.00050369
0.00050369
0.00050369
0.00050369
0.00050369
0.00050369
0.00050369
0.00050369
0.00050369
0.00050369
0.00050369
0.00050369
0.00050369
0.00050369
0.00050369
0.00050369
0.00050369
0.00050369
0.00050369
0.00050369
0.00050369
0.00050369
0.00050369
0.00050369
0.00050369
0.00050369
0.00050369
0.00050369
0.00050369
0.00050369
0.00050369
0.00050369
0.00050369
0.00050369
0.00050369
0.00050369
0.00050369
0.00050369
0.00050369
0.00050369
0.00050369
0.00050369
0.00050369
0.00050369
0.00050369
0.00050369
0.00050369
0.00050369
0.00050369
0.00050369
0.00050369
0.00050369
0.00050369
0.00050369
0.00050369
0.00050369
0.00050369
0.00050369
0.00050369
0.00050369
0.00050369
0.00050369
0.00050369
0.00050369
0.00050369
0.00050369
0.00050369
0.00050369
0.00050369
0.00050369
0.00050369
0.00050369
0.00050369
0.00050369
0.00050369
0.00050369
0.00050369
0.00050369
0.00050369
0.00050369
0.00050369
0.00050369
0.00050369
0.00050369
0.00050369
0.00050369
0.00050369
0.00050369
0.00050369
0.00050369
0.00050369
0.00050369
0.00050369
0.00050369
0.00050369
0.00050369
0.00050369
0.00050369
0.00050369
0.00050369
0.00050369
0.00050369
0.00050369
0.00050369
0.00050369
0.00050369
0.00050369
0.00050369
0.00050369
0.00050369
0.00050369
0.00050369
0.00050369
0.00050369
0.00050369
0.00050369
0.00050369
0.00050369
0.00050369
0.00050369
0.00050369
0.00050369
0.00050369
0.00050369
0.00050369
0.00050369
0.00050369
0.00050369
0.00050369
0.00050369
0.00050369
0.00050369
0.00050369
0.00050369
0.00050369
0.00050369
0.00050369
0.00050369
0.00050369
0.00050369
0.00050369
0.00050369
0.00050369
0.00050369
0.00050369
0.00050369
0.00050369
0.00050369
0.00050369
0.00050369
0.00050369
0.00050369
0.00050369
0.00050369
0.00050369
0.00050369
0.00050369
0.00050369
0.00050369
0.00050369
0.00050369
0.00050369
0.00050369
0.00050369
0.00050369
0.00050369
0.00050369
0.00050369
0.00050369
0.00050369
0.00050369
0.00050369
0.00050369
0.00050369
0.00050369
0.00050369
0.00050369
0.00050369
0.00050369
0.00050369
0.00050369
0.00050369
0.00050369
0.00050369
0.00050369
0.00050369
0.00050369
0.00050369
0.00050369
0.00050369
0.00050369
0.00050369
0.00050369
0.00050369
0.00050369
0.00050369
0.00050369
0.00050369
0.00050369
0.00050369
0.00050369
0.00050369
0.00050369
0.00050369
0.00050369
0.00050369
0.00050369
0.00050369
0.00050369
0.00050369
0.00050369
0.00050369
0.00050369
0.00050369
0.00050369
0.00050369
0.00050369
0.00050369
0.00050369
0.00050369
0.00050369
0.00050369
0.00050369
0.00050369
0.00050369
0.00050369
0.00050369
0.00050369
0.00050369
0.00050369
0.00050369
0.00050369
0.00050369
0.00050369
0.00050369
0.00050369
0.00050369
0.00050369
0.00050369
0.00050369
0.00050369
0.00050369
0.00050369
0.00050369
0.00050369
0.00050369
0.00050369
0.00050369
0.00050369
0.00050369
0.00050369
0.00050369
0.00050369
0.00050369
0.00050369
0.00050369
0.00050369
0.00050369
0.00050369
0.00050369
0.00050369
0.00050369
0.00050369
0.00050369
0.00050369
0.00050369
0.00050369
0.00050369
0.00050369
0.00050369
0.00050369
0.00050369
0.00050369
0.00050369
0.00050369
0.00050369
0.00050369
0.00050369
0.00050369
0.00050369
0.00050369
0.00050369
0.00050369
0.00050369
0.00050369
0.00050369
0.00050369
0.00050369
0.00050369
0.00050369
0.00050369
0.00050369
0.00050369
0.00050369
0.00050369
0.00050369
0.00050369
0.00050369
0.00050369
0.00050369
0.00050369
0.00050369
0.00050369
0.00050369
0.00050369
0.00050369
0.00050369
0.00050369
0.00050369
0.00050369
0.00050369
0.00050369
0.00050369
0.00050369
0.00050369
0.00050369
0.00050369
0.00050369
0.00050369
0.00050369
0.00050369
0.00050369
0.00050369
0.00050369
0.00050369
0.00050369
0.00050369
0.00050369
0.00050369
0.00050369
0.00050369
0.00050369
0.00050369
0.00050369
0.00050369
0.00050369
0.00050369
0.00050369
0.00050369
0.00050369
0.00050369
0.00050369
0.00050369
0.00050369
0.00050369
0.00050369
0.00050369
0.00050369
0.00050369
0.00050369
0.00050369
0.00050369
0.00050369
0.00050369
0.00050369
0.00050369
0.00050369
0.00050369
0.00050369
0.00050369
0.00050369
0.00050369
0.00050369
0.00050369
0.00050369
0.00050369
0.00050369
0.00050369
0.00050369
0.00050369
0.00050369
0.00050369
0.00050369
0.00050369
0.00050369
0.00050369
0.00050369
0.00050369
0.00050369
0.00050369
0.00050369
0.00050369
0.00050369
0.00050369
0.00050369
0.00050369
0.00050369
0.00050369
0.00050369
0.00050369
0.00050369
0.00050369
0.00050369
0.00050369
0.00050369
0.00050369
0.00050369
0.00050369
0.00050369
0.00050369
0.00050369
0.00050369
0.00050369
0.00050369
0.00050369
0.00050369
0.00050369
0.00050369
0.00050369
0.00050369
0.00050369
0.00050369
0.00050369
0.00033580
0.00016790
0.00016790
0.00016790
0.00016790
0.00016790
0.00016790
0.00016790
0.00016790
0.00016790
0.00016790
0.00016790
0.00016790
0.00016790
0.00016790
0.00016790
0.00016790
0.00016790
0.00016790
0.00016790
0.00016790
0.00016790
0.00016790
0.00016790
0.00016790
0.00016790
0.00016790
0.00016790
0.00016790
0.00016790
0.00016790
0.00016790
0.00016790
0.00016790
0.00016790
0.00016790
0.00016790
0.00016790
0.00016790
0.00016790
0.00016790
0.00016790
0.00016790
0.00016790
0.00016790
0.00016790
0.00016790
0.00016790
0.00016790
0.00016790
0.00016790
0.00016790
0.00016790
0.00016790
0.00016790
0.00016790
0.00016790
0.00016790
0.00016790
0.00016790
0.00016790
0.00016790
0.00016790
0.00016790
0.00016790
0.00016790
0.00016790
0.00016790
0.00016790
0.00016790
0.00016790
0.00016790
0.00016790
0.00016790
0.00016790
0.00016790
0.00016790
0.00016790
0.00016790
0.00016790
0.00016790
0.00016790
0.00016790
0.00016790
0.00016790
0.00016790
0.00016790
0.00016790
0.00016790
0.00016790
0.00016790
0.00016790
0.00016790
0.00016790
0.00016790
0.00016790
0.00016790
0.00016790
0.00016790
0.00016790
0.00016790
0.00016790
0.00016790
0.00016790
0.00016790
0.00016790
0.00016790
0.00016790
0.00016790
0.00016790
0.00016790
0.00016790
0.00016790
0.00016790
0.00016790
0.00016790
0.00016790
0.00016790
0.00016790
0.00016790
0.00016790
0.00016790
0.00016790
0.00016790
0.00016790
0.00016790
0.00016790
0.00016790
0.00016790
0.00016790
0.00016790
0.00016790
0.00016790
0.00016790
0.00016790
0.00016790
0.00016790
0.00016790
0.00016790
0.00016790
0.00016790
0.00016790
0.00016790
0.00016790
0.00016790
0.00016790
0.00016790
0.00016790
0.00016790
0.00016790
0.00016790
0.00016790
0.00016790
0.00016790
0.00016790
0.00016790
0.00016790
0.00016790
0.00016790
0.00016790
0.00016790
0.00016790
0.00016790
0.00016790
0.00016790
0.00016790
0.00016790
0.00016790
0.00016790
0.00016790
0.00016790
0.00016790
0.00016790
0.00016790
0.00016790
0.00016790
0.00016790
0.00016790
0.00016790
0.00016790
0.00016790
0.00016790
0.00016790
0.00016790
0.00016790
0.00016790
0.00016790
0.00016790
0.00016790
0.00016790
0.00016790
0.00016790
0.00016790
0.00016790
0.00016790
0.00016790
0.00016790
0.00016790
0.00016790
0.00016790
0.00016790
0.00016790
0.00016790
0.00016790
0.00016790
0.00016790
0.00016790
0.00016790
0.00016790
0.00016790
0.00016790
0.00016790
0.00016790
0.00016790
0.00016790
0.00016790
0.00016790
0.00016790
0.00016790
0.00016790
0.00016790
0.00016790
0.00016790
0.00016790
0.00016790
0.00016790
0.00016790
0.00016790
0.00016790
0.00016790
0.00016790
0.00016790
0.00016790
0.00016790
0.00016790
0.00016790
0.00016790
0.00016790
0.00016790
0.00016790
0.00016790
0.00016790
0.00016790
0.00016790
0.00016790
0.00016790
0.00016790
0.00016790
0.00016790
0.00016790
0.00016790
0.00016790
0.00016790
0.00016790
0.00016790
0.00016790
0.00016790
0.00016790
0.00016790
0.00016790
0.00016790
0.00016790
0.00016790
0.00016790
0.00016790
0.00016790
0.00016790
0.00016790
0.00016790
0.00016790
0.00016790
0.00016790
0.00016790
0.00016790
0.00016790
0.00016790
0.00016790
0.00016790
0.00016790
0.00016790
0.00016790
0.00016790
0.00016790
0.00016790
0.00016790
0.00016790
0.00016790
0.00016790
0.00016790
0.00016790
0.00016790
0.00016790
0.00016790
0.00016790
0.00016790
0.00016790
0.00016790
0.00016790
0.00016790
0.00016790
0.00016790
0.00016790
0.00016790
0.00016790
0.00016790
0.00016790
0.00016790
0.00016790
0.00016790
0.00016790
0.00016790
0.00016790
0.00016790
0.00016790
0.00016790
0.00016790
0.00016790
0.00016790
0.00016790
0.00016790
0.00016790
0.00016790
0.00016790
0.00016790
0.00016790
0.00016790
0.00016790
0.00016790
0.00016790
0.00016790
0.00016790
0.00016790
0.00016790
0.00016790
0.00016790
0.00016790
0.00016790
0.00016790
0.00016790
0.00016790
0.00016790
0.00016790
0.00016790
0.00016790
0.00016790
0.00016790
0.00016790
0.00016790
0.00016790
0.00016790
0.00016790
0.00016790
0.00016790
0.00016790
0.00016790
0.00016790
0.00016790
0.00016790
0.00016790
0.00016790
0.00016790
0.00016790
0.00016790
0.00016790
0.00016790
0.00016790
0.00016790
0.00016790
0.00016790
0.00016790
0.00016790
0.00016790
0.00016790
0.00016790
0.00016790
0.00016790
0.00016790
0.00016790
0.00016790
0.00016790
0.00016790
0.00016790
0.00016790
0.00016790
0.00016790
0.00016790
0.00016790
0.00016790
0.00016790
0.00016790
0.00016790
0.00016790
0.00016790
0.00016790
0.00016790
0.00016790
0.00016790
0.00016790
0.00016790
0.00016790
0.00016790
0.00016790
0.00016790
0.00016790
0.00016790
0.00016790
0.00016790
0.00016790
0.00016790
0.00016790
0.00016790
0.00016790
0.00016790
0.00016790
0.00016790
0.00016790
0.00016790
0.00016790
0.00016790
0.00016790
0.00016790
0.00016790
0.00016790
0.00016790
0.00016790
0.00016790
0.00016790
0.00016790
0.00016790
0.00016790
0.00016790
0.00016790
0.00016790
0.00016790
0.00016790
0.00016790
0.00016790
0.00016790
0.00016790
0.00016790
0.00016790
0.00016790
0.00016790
0.00016790
0.00016790
0.00016790
0.00016790
0.00016790
0.00016790
0.00016790
0.00016790
0.00016790
0.00016790
0.00016790
0.00016790
0.00016790
0.00016790
0.00016790
0.00016790
0.00016790
0.00016790
0.00016790
0.00016790
0.00016790
0.00016790
0.00016790
0.00016790
0.00016790
0.00016790
0.00016790
0.00016790
0.00016790
0.00016790
0.00016790
0.00016790
0.00016790
0.00016790
0.00016790
0.00016790
0.00016790
0.00016790
0.00016790
0.00016790
0.00016790
0.00016790
0.00016790
0.00016790
0.00016790
0.00016790
0.00016790
0.00016790
0.00016790
0.00016790
0.00016790
0.00016790
0.00016790
0.00016790
0.00016790
0.00016790
0.00016790
0.00016790
0.00016790
0.00016790
0.00016790
0.00016790
0.00016790
0.00016790
0.00016790
0.00016790
0.00016790
0.00016790
0.00016790
0.00016790
0.00016790
0.00016790
0.00016790
0.00016790
0.00016790
0.00016790
0.00016790
0.00016790
0.00016790
0.00016790
0.00016790
0.00016790
0.00016790
0.00016790
0.00016790
0.00016790
0.00016790
0.00016790
0.00016790
0.00016790
0.00016790
0.00016790
0.00016790
0.00016790
0.00016790
0.00016790
0.00016790
0.00016790
0.00016790
0.00016790
0.00016790
0.00016790
0.00016790
0.00016790
0.00016790
0.00016790
0.00016790
0.00016790
0.00016790
0.00016790
0.00016790
0.00016790
0.00016790
0.00016790
0.00016790
0.00016790
0.00016790
0.00016790
0.00016790
0.00016790
0.00016790
0.00016790
0.00016790
0.00016790
0.00016790
0.00016790
0.00016790
0.00016790
0.00016790
0.00016790
0.00016790
0.00016790
0.00016790
0.00016790
0.00016790
0.00016790
0.00016790
0.00016790
0.00016790
0.00016790
0.00016790
0.00016790
0.00016790
0.00016790
0.00016790
0.00016790
0.00016790
0.00016790
0.00016790
0.00016790
0.00016790
0.00016790
0.00016790
0.00016790
0.00016790
0.00016790
0.00016790
0.00016790
0.00016790
0.00016790
0.00016790
0.00016790
0.00016790
0.00016790
0.00016790
0.00016790
0.00016790
0.00016790
0.00016790
0.00016790
0.00016790
0.00016790
0.00016790
0.00016790
0.00016790
0.00016790
0.00016790
0.00016790
0.00016790
0.00016790
0.00016790
0.00016790
0.00016790
0.00016790
0.00016790
0.00016790
0.00016790
0.00016790
0.00016790
0.00016790
0.00016790
0.00016790
0.00016790
0.00016790
0.00016790
0.00016790
0.00016790
0.00016790
0.00016790
0.00016790
0.00016790
0.00016790
0.00016790
0.00016790
0.00016790
0.00016790
0.00016790
0.00016790
0.00016790
0.00016790
0.00016790
0.00016790
0.00016790
0.00016790
0.00016790
0.00016790
0.00016790
0.00016790
0.00016790
0.00016790
0.00016790
0.00016790
0.00016790
0.00016790
0.00016790
0.00016790
0.00016790
0.00016790
0.00016790
0.00016790
0.00016790
0.00016790
0.00016790
0.00016790
0.00016790
0.00016790
0.00016790
0.00016790
0.00016790
0.00016790
0.00016790
0.00016790
0.00016790
0.00016790
0.00016790
0.00016790
0.00016790
0.00016790
0.00016790
0.00016790
0.00016790
0.00016790
0.00016790
0.00016790
0.00016790
0.00016790
0.00016790
0.00016790
0.00016790
0.00016790
0.00016790
0.00016790
0.00016790
0.00016790
0.00016790
0.00016790
0.00016790
0.00016790
0.00016790
0.00016790
0.00016790
0.00016790
0.00016790
0.00016790
0.00016790
0.00016790
0.00016790
0.00016790
0.00016790
0.00016790
0.00016790
0.00016790
0.00016790
0.00016790
0.00016790
0.00016790
0.00016790
0.00016790
0.00016790
0.00016790
0.00016790
0.00016790
0.00016790
0.00016790
0.00016790
0.00016790
0.00016790
0.00016790
0.00016790
0.00016790
0.00016790
0.00016790
0.00016790
0.00016790
0.00016790
0.00016790
0.00016790
0.00016790
0.00016790
0.00016790
0.00016790
0.00016790
0.00016790
0.00016790
0.00016790
0.00016790
0.00016790
0.00016790
0.00016790
0.00016790
0.00016790
0.00016790
0.00016790
0.00016790
0.00016790
0.00016790
0.00016790
0.00016790
0.00016790
0.00016790
0.00016790
0.00016790
0.00016790
0.00016790
0.00016790
0.00016790
0.00016790
0.00016790
0.00016790
0.00016790
0.00016790
0.00016790
0.00016790
0.00016790
0.00016790
0.00016790
0.00016790
0.00016790
0.00016790
0.00016790
0.00016790
0.00016790
0.00016790
0.00016790
0.00016790
0.00016790
0.00016790
0.00016790
0.00016790
0.00016790
0.00016790
0.00016790
0.00016790
0.00016790
0.00016790
0.00016790
0.00016790
0.00016790
0.00016790
0.00016790
0.00016790
0.00016790
0.00016790
0.00016790
0.00016790
0.00016790
0.00016790
0.00016790
0.00016790
0.00016790
0.00016790
0.00016790
0.00016790
0.00016790
0.00016790
0.00016790
0.00016790
0.00016790
0.00016790
0.00016790
0.00016790
0.00016790
0.00016790
0.00016790
0.00016790
0.00016790
0.00016790
0.00016790
0.00016790
0.00016790
0.00016790
0.00016790
0.00016790
0.00016790
0.00016790
0.00016790
0.00016790
0.00016790
0.00016790
0.00016790
0.00016790
0.00016790
0.00016790
0.00016790
0.00016790
0.00016790
0.00016790
0.00016790
0.00016790
0.00016790
0.00016790
0.00016790
0.00016790
0.00016790
0.00016790
0.00016790
0.00016790
0.00016790
0.00016790
0.00016790
0.00016790
0.00016790
0.00016790
0.00016790
0.00016790
0.00016790
0.00016790
0.00016790
0.00016790
0.00016790
0.00016790
0.00016790
0.00016790
0.00016790
0.00016790
0.00016790
0.00016790
0.00016790
0.00016790
0.00016790
0.00016790
0.00016790
0.00016790
0.00016790
0.00016790
0.00016790
0.00016790
0.00016790
0.00016790
0.00016790
0.00016790
0.00016790
0.00016790
0.00016790
0.00016790
0.00016790
0.00016790
0.00016790
0.00016790
0.00016790
0.00016790
0.00016790
0.00016790
0.00016790
0.00016790
0.00016790
0.00016790
0.00016790
0.00016790
0.00016790
0.00016790
0.00016790
0.00016790
0.00016790
0.00016790
0.00016790
0.00016790
0.00016790
0.00016790
0.00016790
0.00016790
0.00016790
0.00016790
0.00016790
0.00016790
0.00016790
0.00016790
0.00016790
0.00016790
0.00016790
0.00016790
0.00016790
0.00016790
0.00016790
0.00016790
0.00016790
0.00016790
0.00016790
0.00016790
0.00016790
0.00016790
0.00016790
0.00016790
0.00016790
0.00016790
0.00016790
0.00016790
0.00016790
0.00016790
0.00016790
0.00016790
0.00016790
0.00016790
0.00016790
0.00016790
0.00016790
0.00016790
0.00016790
0.00016790
0.00016790
0.00016790
0.00016790
0.00016790
0.00016790
0.00016790
0.00016790
0.00016790
0.00016790
0.00016790
0.00016790
0.00016790
0.00016790
0.00016790
0.00016790
0.00016790
0.00016790
0.00016790
0.00016790
0.00016790
0.00016790
0.00016790
0.00016790
0.00016790
0.00016790
0.00016790
0.00016790
0.00016790
0.00016790
0.00016790
0.00016790
0.00016790
0.00016790
0.00016790
0.00016790
0.00016790
0.00016790
0.00016790
0.00016790
0.00016790
0.00016790
0.00016790
0.00016790
0.00016790
0.00016790
0.00016790
0.00016790
0.00016790
0.00016790
0.00016790
0.00016790
0.00016790
0.00016790
0.00016790
0.00016790
0.00016790
0.00016790
0.00016790
0.00016790
0.00016790
0.00016790
0.00016790
0.00016790
0.00016790
0.00016790
0.00016790
0.00016790
0.00016790
0.00016790
0.00016790
0.00016790
0.00016790
0.00016790
0.00016790
0.00016790
0.00016790
0.00016790
0.00016790
0.00016790
0.00016790
0.00016790
0.00016790
0.00016790
0.00016790
0.00016790
0.00016790
0.00016790
0.00016790
0.00016790
0.00016790
0.00016790
0.00016790
0.00016790
0.00016790
0.00016790
0.00016790
0.00016790
0.00016790
0.00016790
0.00016790
0.00016790
0.00016790
0.00016790
0.00016790
0.00016790
0.00016790
0.00016790
0.00016790
0.00016790
0.00016790
0.00016790
0.00016790
0.00016790
0.00016790
0.00016790
0.00016790
0.00016790
0.00016790
0.00016790
0.00016790
0.00016790
0.00016790
0.00016790
0.00016790
0.00016790
0.00016790
0.00016790
0.00016790
0.00016790
0.00016790
0.00016790
0.00016790
0.00016790
0.00016790
0.00016790
0.00016790
0.00016790
0.00016790
0.00016790
0.00016790
0.00016790
0.00016790
0.00016790
0.00016790
0.00016790
0.00016790
0.00016790
0.00016790
0.00016790
0.00016790
0.00016790
0.00016790
0.00016790
0.00016790
0.00016790
0.00016790
0.00016790
0.00016790
0.00016790
0.00016790
0.00016790
0.00016790
0.00016790
0.00016790
0.00016790
0.00016790
0.00016790
0.00016790
0.00016790
0.00016790
0.00016790
0.00016790
0.00016790
0.00016790
0.00016790
0.00016790
0.00016790
0.00016790
0.00016790
0.00016790
0.00016790
0.00016790
0.00016790
0.00016790
0.00016790
0.00016790
0.00016790
0.00016790
0.00016790
0.00016790
0.00016790
0.00016790
0.00016790
0.00016790
0.00016790
0.00016790
0.00016790
0.00016790
0.00016790
0.00016790
0.00016790
0.00016790
0.00016790
0.00016790
0.00016790
0.00016790
0.00016790
0.00016790
0.00016790
0.00016790
0.00016790
0.00016790
0.00016790
0.00016790
0.00016790
0.00016790
0.00016790
0.00016790
0.00016790
0.00016790
0.00016790
0.00016790
0.00016790
0.00016790
0.00016790
0.00016790
0.00016790
0.00016790
0.00016790
0.00016790
0.00016790
0.00016790
0.00016790
0.00016790
0.00016790
0.00016790
0.00016790
0.00016790
0.00016790
0.00016790
0.00016790
0.00016790
0.00016790
0.00016790
0.00016790
0.00016790
0.00016790
0.00016790
0.00016790
0.00016790
0.00016790
0.00016790
0.00016790
0.00016790
0.00016790
0.00016790
0.00016790
0.00016790
0.00016790
0.00016790
0.00016790
0.00016790
0.00016790
0.00016790
0.00016790
0.00016790
0.00016790
0.00016790
0.00016790
0.00016790
0.00016790
0.00016790
0.00016790
0.00016790
0.00016790
0.00016790
0.00016790
0.00016790
0.00016790
0.00016790
0.00016790
0.00016790
0.00016790
0.00016790
0.00016790
0.00016790
0.00016790
0.00016790
0.00016790
0.00016790
0.00016790
0.00016790
0.00016790
0.00016790
0.00016790
0.00016790
0.00016790
0.00016790
0.00016790
0.00016790
0.00016790
0.00016790
0.00016790
0.00016790
0.00016790
0.00016790
0.00016790
0.00016790
0.00016790
0.00016790
0.00016790
0.00016790
0.00016790
0.00016790
0.00016790
0.00016790
0.00016790
0.00016790
0.00016790
0.00016790
0.00016790
0.00016790
0.00016790
0.00016790
0.00016790
0.00016790
0.00016790
0.00016790
0.00016790
0.00016790
0.00016790
0.00016790
0.00016790
0.00016790
0.00016790
0.00016790
0.00016790
0.00016790
0.00016790
0.00016790
0.00016790
0.00016790
0.00016790
0.00016790
0.00016790
0.00016790
0.00016790
0.00016790
0.00016790
0.00016790
0.00016790
0.00016790
0.00016790
0.00016790
0.00016790
0.00016790
0.00016790
0.00016790
0.00016790
0.00016790
0.00016790
0.00016790
0.00016790
0.00016790
0.00016790
0.00016790
0.00016790
0.00016790
0.00016790
0.00016790
0.00016790
0.00016790
0.00016790
0.00016790
0.00016790
0.00016790
0.00016790
0.00016790
0.00016790
0.00016790
0.00016790
0.00016790
0.00016790
0.00016790
0.00016790
0.00016790
0.00016790
0.00016790
0.00016790
0.00016790
0.00016790
0.00016790
0.00016790
0.00016790
0.00016790
0.00016790
0.00016790
0.00016790
0.00016790
0.00016790
0.00016790
0.00016790
0.00016790
0.00016790
0.00016790
0.00016790
0.00016790
0.00016790
0.00016790
0.00016790
0.00016790
0.00016790
0.00016790
0.00016790
0.00016790
0.00016790
0.00016790
0.00016790
0.00016790
0.00016790
0.00016790
0.00016790
0.00016790
0.00016790
0.00016790
0.00016790
0.00016790
0.00016790
0.00016790
0.00016790
0.00016790
0.00016790
0.00016790
0.00016790
0.00016790
0.00016790
0.00016790
0.00016790
0.00016790
0.00016790
0.00016790
0.00016790
0.00016790
0.00016790
0.00016790
0.00016790
0.00016790
0.00016790
0.00016790
0.00016790
0.00016790
0.00016790
0.00016790
0.00016790
0.00016790
0.00016790
0.00016790
0.00016790
0.00016790
0.00016790
0.00016790
0.00016790
0.00016790
0.00016790
0.00016790
0.00016790
0.00016790
0.00016790
0.00016790
0.00016790
0.00016790
0.00016790
0.00016790
0.00016790
0.00016790
0.00016790
0.00016790
0.00016790
0.00016790
0.00016790
0.00016790
0.00016790
0.00016790
0.00016790
0.00016790
0.00016790
0.00016790
0.00016790
0.00016790
0.00016790
0.00016790
0.00016790
0.00016790
0.00016790
0.00016790
0.00016790
0.00016790
0.00016790
0.00016790
0.00016790
0.00016790
0.00016790
0.00016790
0.00016790
0.00016790
0.00016790
0.00016790
0.00016790
0.00016790
0.00016790
0.00016790
0.00016790
0.00016790
0.00016790
0.00016790
0.00016790
0.00016790
0.00016790
0.00016790
0.00016790
0.00016790
0.00016790
0.00016790
0.00016790
0.00016790
0.00016790
0.00016790
0.00016790
0.00016790
0.00016790
0.00016790
0.00016790
0.00016790
0.00016790
0.00016790
0.00016790
0.00016790
0.00016790
0.00016790
0.00016790
0.00016790
0.00016790
0.00016790
0.00016790
0.00016790
0.00016790
0.00016790
0.00016790
0.00016790
0.00016790
0.00016790
0.00016790
0.00016790
0.00016790
0.00016790
0.00016790
0.00016790
0.00016790
0.00016790
0.00016790
0.00016790
0.00016790
0.00016790
0.00016790
0.00016790
0.00016790
0.00016790
0.00016790
0.00016790
0.00016790
0.00016790
0.00016790
0.00016790
0.00016790
0.00016790
0.00016790
0.00016790
0.00016790
0.00016790
0.00016790
0.00016790
0.00016790
0.00016790
0.00016790
0.00016790
0.00016790
0.00016790
0.00016790
0.00016790
0.00016790
0.00016790
0.00016790
0.00016790
0.00016790
0.00016790
0.00016790
0.00016790
0.00016790
0.00016790
0.00016790
0.00016790
0.00016790
0.00016790
0.00016790
0.00016790
0.00016790
0.00016790
0.00016790
0.00016790
0.00016790
0.00016790
0.00016790
0.00016790
0.00016790
0.00016790
0.00016790
0.00016790
0.00016790
0.00016790
0.00016790
0.00016790
0.00016790
0.00016790
0.00016790
0.00016790
0.00016790
0.00016790
0.00016790
0.00016790
0.00016790
0.00016790
0.00016790
0.00016790
0.00016790
0.00016790
0.00016790
0.00016790
0.00016790
0.00016790
0.00016790
0.00016790
0.00016790
0.00016790
0.00016790
0.00016790
0.00016790
0.00016790
0.00016790
0.00016790
0.00016790
0.00016790
0.00016790
0.00016790
0.00016790
0.00016790
0.00016790
0.00016790
0.00016790
0.00016790
0.00016790
0.00016790
0.00016790
0.00016790
0.00016790
0.00016790
0.00016790
0.00016790
0.00016790
0.00016790
0.00016790
0.00016790
0.00016790
0.00016790
0.00016790
0.00016790
0.00016790
0.00016790
0.00016790
0.00016790
0.00016790
0.00016790
0.00016790
0.00016790
0.00016790
0.00016790
0.00016790
0.00016790
0.00016790
0.00016790
0.00016790
0.00016790
0.00016790
0.00016790
0.00016790
0.00016790
0.00016790
0.00016790
0.00016790
0.00016790
0.00016790
0.00016790
0.00016790
0.00016790
0.00016790
0.00016790
0.00016790
0.00016790
0.00016790
0.00016790
0.00016790
0.00016790
0.00016790
0.00016790
0.00016790
0.00016790
0.00016790
0.00016790
0.00016790
0.00016790
0.00016790
0.00016790
0.00016790
0.00016790
0.00016790
0.00016790
0.00016790
0.00016790
0.00016790
0.00016790
0.00016790
0.00016790
0.00016790
0.00016790
0.00016790
0.00016790
0.00016790
0.00016790
0.00016790
0.00016790
0.00016790
0.00016790
0.00016790
0.00016790
0.00016790
0.00016790
0.00016790
0.00016790
0.00016790
0.00016790
0.00016790
0.00016790
0.00016790
0.00016790
0.00016790
0.00016790
0.00016790
0.00016790
0.00016790
0.00016790
0.00016790
0.00016790
0.00016790
0.00016790
0.00016790
0.00016790
0.00016790
0.00016790
0.00016790
0.00016790
0.00016790
0.00016790
0.00016790
0.00016790
0.00016790
0.00016790
0.00016790
0.00016790
0.00016790
0.00016790
0.00016790
0.00016790
0.00016790
0.00016790
0.00016790
0.00016790
0.00016790
0.00016790
0.00016790
0.00016790
0.00016790
0.00016790
0.00016790
0.00016790
0.00016790
0.00016790
0.00016790
0.00016790
0.00016790
0.00016790
0.00016790
0.00016790
0.00016790
0.00016790
0.00016790
0.00016790
0.00016790
0.00016790
0.00016790
0.00016790
0.00016790
0.00016790
0.00016790
0.00016790
0.00016790
0.00016790
0.00016790
0.00016790
0.00016790
0.00016790
0.00016790
0.00016790
0.00016790
0.00016790
0.00016790
0.00016790
0.00016790
0.00016790
0.00016790
0.00016790
0.00016790
0.00016790
0.00016790
0.00016790
0.00016790
0.00016790
0.00016790
0.00016790
0.00016790
0.00016790
0.00016790
0.00016790
0.00016790
0.00016790
0.00016790
0.00016790
0.00016790
0.00016790
0.00016790
0.00016790
0.00016790
0.00016790
0.00016790
0.00016790
0.00016790
0.00016790
0.00016790
0.00016790
0.00016790
0.00016790
0.00016790
0.00016790
0.00016790
0.00016790
0.00016790
0.00016790
0.00016790
0.00016790
0.00016790
0.00016790
0.00016790
0.00016790
0.00016790
0.00016790
0.00016790
0.00016790
0.00016790
0.00016790
0.00016790
0.00016790
0.00016790
0.00016790
0.00016790
0.00016790
0.00016790
0.00016790
0.00016790
0.00016790
0.00016790
0.00016790
0.00016790
0.00016790
0.00016790
0.00016790
0.00016790
0.00016790
0.00016790
0.00016790
0.00016790
0.00016790
0.00016790
0.00016790
0.00016790
0.00016790
0.00016790
0.00016790
0.00016790
0.00016790
0.00016790
0.00016790
0.00016790
0.00016790
0.00016790
0.00016790
0.00016790
0.00016790
0.00016790
0.00016790
0.00016790
0.00016790
0.00016790
0.00016790
0.00016790
0.00016790
0.00016790
0.00016790
0.00016790
0.00016790
0.00016790
0.00016790
0.00016790
0.00016790
0.00016790
0.00016790
0.00016790
0.00016790
0.00016790
0.00016790
0.00016790
0.00016790
0.00016790
0.00016790
0.00016790
0.00016790
0.00016790
0.00016790
0.00016790
0.00016790
0.00016790
0.00016790
0.00016790
0.00016790
0.00016790
0.00016790
0.00016790
0.00016790
0.00016790
0.00016790
0.00016790
0.00016790
0.00016790
0.00016790
0.00016790
0.00016790
0.00016790
0.00016790
0.00016790
0.00016790
0.00016790
0.00016790
0.00016790
0.00016790
0.00016790
0.00016790
0.00016790
0.00016790
0.00016790
0.00016790
0.00016790
0.00016790
0.00016790
0.00016790
0.00016790
0.00016790
0.00016790
0.00016790
0.00016790
0.00016790
0.00016790
0.00016790
0.00016790
0.00016790
0.00016790
0.00016790
0.00016790
0.00016790
0.00016790
0.00016790
0.00016790
0.00016790
0.00016790
0.00016790
0.00016790
0.00016790
0.00016790
0.00016790
0.00016790
0.00016790
0.00016790
0.00016790
0.00016790
0.00016790
0.00016790
0.00016790
0.00016790
0.00016790
0.00016790
0.00016790
0.00016790
0.00016790
0.00016790
0.00016790
0.00016790
0.00016790
0.00016790
0.00016790
0.00016790
0.00016790
0.00016790
0.00016790
0.00016790
0.00016790
0.00016790
0.00016790
0.00016790
0.00016790
0.00016790
0.00016790
0.00016790
0.00016790
0.00016790
0.00016790
0.00016790
0.00016790
0.00016790
0.00016790
0.00016790
0.00016790
0.00016790
0.00016790
0.00016790
0.00016790
0.00016790
0.00016790
0.00016790
0.00016790
0.00016790
0.00016790
0.00016790
0.00016790
0.00016790
0.00016790
0.00016790
0.00016790
0.00016790
0.00016790
0.00016790
0.00016790
0.00016790
0.00016790
0.00016790
0.00016790
0.00016790
0.00016790
0.00016790
0.00016790
0.00016790
0.00016790
0.00016790
0.00016790
0.00016790
0.00016790
0.00016790
0.00016790
0.00016790
0.00016790
0.00016790
0.00016790
0.00016790
0.00016790
0.00016790
0.00016790
0.00016790
0.00016790
0.00016790
0.00016790
0.00016790
0.00016790
0.00016790
0.00016790
0.00016790
0.00016790
0.00016790
0.00016790
0.00016790
0.00016790
0.00016790
0.00016790
0.00016790
0.00016790
0.00016790
0.00016790
0.00016790
0.00016790
0.00016790
0.00016790
0.00016790
0.00016790
0.00016790
0.00016790
0.00016790
0.00016790
0.00016790
0.00016790
0.00016790
0.00016790
0.00016790
0.00016790
0.00016790
0.00016790
0.00016790
0.00016790
0.00016790
0.00016790
0.00016790
0.00016790
0.00016790
0.00016790
0.00016790
0.00016790
0.00016790
0.00016790
0.00016790
0.00016790
0.00016790
0.00016790
0.00016790
0.00016790
0.00016790
0.00016790
0.00016790
0.00016790
0.00016790
0.00016790
0.00016790
0.00016790
0.00016790
0.00016790
0.00016790
0.00016790
0.00016790
0.00016790
0.00016790
0.00016790
0.00016790
0.00016790
0.00016790
0.00016790
0.00016790
0.00016790
0.00016790
0.00016790
0.00016790
0.00016790
0.00016790
0.00016790
0.00016790
0.00016790
0.00016790
0.00016790
0.00016790
0.00016790
0.00016790
0.00016790
0.00016790
0.00016790
0.00016790
0.00016790
0.00016790
0.00016790
0.00016790
0.00016790
0.00016790
0.00016790
0.00016790
0.00016790
0.00016790
0.00016790
0.00016790
0.00016790
0.00016790
0.00016790
0.00016790
0.00016790
0.00016790
0.00016790
0.00016790
0.00016790
0.00016790
0.00016790
0.00016790
0.00016790
0.00016790
0.00016790
0.00016790
0.00016790
0.00016790
0.00016790
0.00016790
0.00016790
0.00016790
0.00016790
0.00016790
0.00016790
0.00016790
0.00016790
0.00016790
0.00016790
0.00016790
0.00016790
0.00016790
0.00016790
0.00016790
0.00016790
0.00016790
0.00016790
0.00016790
0.00016790
0.00016790
0.00016790
0.00016790
0.00016790
0.00016790
0.00016790
0.00016790
0.00016790
0.00016790
0.00016790
0.00016790
0.00016790
0.00016790
0.00016790
0.00016790
0.00016790
0.00016790
0.00016790
0.00016790
0.00016790
0.00016790
0.00016790
0.00016790
0.00016790
0.00016790
0.00016790
0.00016790
0.00016790
0.00016790
0.00016790
0.00016790
0.00016790
0.00016790
0.00016790
0.00016790
0.00016790
0.00016790
0.00016790
0.00016790
0.00016790
0.00016790
0.00016790
0.00016790
0.00016790
0.00016790
0.00016790
0.00016790
0.00016790
0.00016790
0.00016790
0.00016790
0.00016790
0.00016790
0.00016790
0.00016790
0.00016790
0.00016790
0.00016790
0.00016790
0.00016790
0.00016790
0.00016790
0.00016790
0.00016790
0.00016790
0.00016790
0.00016790
0.00016790
0.00016790
0.00016790
0.00016790
0.00016790
0.00016790
0.00016790
0.00016790
0.00016790
0.00016790
0.00016790
0.00016790
0.00016790
0.00016790
0.00016790
0.00016790
0.00016790
0.00016790
0.00016790
0.00016790
0.00016790
0.00016790
0.00016790
0.00016790
0.00016790
0.00016790
0.00016790
0.00016790
0.00016790
0.00016790
0.00016790
0.00016790
0.00016790
0.00016790
0.00016790
0.00016790
0.00016790
0.00016790
0.00016790
0.00016790
0.00016790
0.00016790
0.00016790
0.00016790
0.00016790
0.00016790
0.00016790
0.00016790
0.00016790
0.00016790
0.00016790
0.00016790
0.00016790
0.00016790
0.00016790
0.00016790
0.00016790
0.00016790
0.00016790
0.00016790
0.00016790
0.00016790
0.00016790
0.00016790
0.00016790
0.00016790
0.00016790
0.00016790
0.00016790
0.00016790
0.00016790
0.00016790
0.00016790
0.00016790
0.00016790
0.00016790
0.00016790
0.00016790
0.00016790
0.00016790
0.00016790
0.00016790
0.00016790
0.00016790
0.00016790
0.00016790
0.00016790
0.00016790
0.00016790
0.00016790
0.00016790
0.00016790
0.00016790
0.00016790
0.00016790
0.00016790
0.00016790
0.00016790
0.00016790
0.00016790
0.00016790
0.00016790
0.00016790
0.00016790
0.00016790
0.00016790
0.00016790
0.00016790
0.00016790
0.00016790
0.00016790
0.00016790
0.00016790
0.00016790
0.00016790
0.00016790
0.00016790
0.00016790
0.00016790
0.00016790
0.00016790
0.00016790
0.00016790
0.00016790
0.00016790
0.00016790
0.00016790
0.00016790
0.00016790
0.00016790
0.00016790
0.00016790
0.00016790
0.00016790
0.00016790
0.00016790
0.00016790
0.00016790
0.00016790
0.00016790
0.00016790
0.00016790
0.00016790
0.00016790
0.00016790
0.00016790
0.00016790
0.00016790
0.00016790
0.00016790
0.00016790
0.00016790
0.00016790
0.00016790
0.00016790
0.00016790
0.00016790
0.00016790
0.00016790
0.00016790
0.00016790
0.00016790
0.00016790
0.00016790
0.00016790
0.00016790
0.00016790
0.00016790
0.00016790
0.00016790
0.00016790
0.00016790
0.00016790
0.00016790
0.00016790
0.00016790
0.00016790
0.00016790
0.00016790
0.00016790
0.00016790
0.00016790
0.00016790
0.00016790
0.00016790
0.00016790
0.00016790
0.00016790
0.00016790
0.00016790
0.00016790
0.00016790
0.00016790
0.00016790
0.00016790
0.00016790
0.00016790
0.00016790
0.00016790
0.00016790
0.00016790
0.00016790
0.00016790
0.00016790
0.00016790
0.00016790
0.00016790
0.00016790
0.00016790
0.00016790
0.00016790
0.00016790
0.00016790
0.00016790
0.00016790
0.00016790
0.00016790
0.00016790
0.00016790
0.00016790
0.00016790
0.00016790
0.00016790
0.00016790
0.00016790
0.00016790
0.00016790
0.00016790
0.00016790
0.00016790
0.00016790
0.00016790
0.00016790
0.00016790
0.00016790
0.00016790
0.00016790
0.00016790
0.00016790
0.00016790
0.00016790
0.00016790
0.00016790
0.00016790
0.00016790
0.00016790
0.00016790
0.00016790
0.00016790
0.00016790
0.00016790
0.00016790
0.00016790
0.00016790
0.00016790
0.00016790
0.00016790
0.00016790
0.00016790
0.00016790
0.00016790
0.00016790
0.00016790
0.00016790
0.00016790
0.00016790
0.00016790
0.00016790
0.00016790
0.00016790
0.00016790
0.00016790
0.00016790
0.00016790
0.00016790
0.00016790
0.00016790
0.00016790
0.00016790
0.00016790
0.00016790
0.00016790
0.00016790
0.00016790
0.00016790
0.00016790
0.00016790
0.00016790
0.00016790
0.00016790
0.00016790
0.00016790
0.00016790
0.00016790
0.00016790
0.00016790
0.00016790
0.00016790
0.00016790
0.00016790
0.00016790
0.00016790
0.00016790
0.00016790
0.00016790
0.00016790
0.00016790
0.00016790
0.00016790
0.00016790
0.00016790
0.00016790
0.00016790
0.00016790
0.00016790
0.00016790
0.00016790
0.00016790
0.00016790
0.00016790
0.00016790
0.00016790
0.00016790
0.00016790
0.00016790
0.00016790
0.00016790
0.00016790
0.00016790
0.00016790
0.00016790
0.00016790
0.00016790
0.00016790
0.00016790
0.00016790
0.00016790
0.00016790
0.00016790
0.00016790
0.00016790
0.00016790
0.00016790
0.00016790
0.00016790
0.00016790
0.00016790
0.00016790
0.00016790
0.00016790
0.00016790
0.00016790
0.00016790
0.00016790
0.00016790
0.00016790
0.00016790
0.00016790
0.00016790
0.00016790
0.00016790
0.00016790
0.00016790
0.00016790
0.00016790
0.00016790
0.00016790
0.00016790
0.00016790
0.00016790
0.00016790
0.00016790
0.00016790
0.00016790
0.00016790
0.00016790
0.00016790
0.00016790
0.00016790
0.00016790
0.00016790
0.00016790
0.00016790
0.00016790
0.00016790
0.00016790
0.00016790
0.00016790
0.00016790
0.00016790
0.00016790
0.00016790
0.00016790
0.00016790
0.00016790
0.00016790
0.00016790
0.00016790
0.00016790
0.00016790
0.00016790
0.00016790
0.00016790
0.00016790
0.00016790
0.00016790
0.00016790
0.00016790
0.00016790
0.00016790
0.00016790
0.00016790
0.00016790
0.00016790
0.00016790
0.00016790
0.00016790
0.00016790
0.00016790
0.00016790
0.00016790
0.00016790
0.00016790
0.00016790
0.00016790
0.00016790
0.00016790
0.00016790
0.00016790
0.00016790
0.00016790
0.00016790
0.00016790
0.00016790
0.00016790
0.00016790
0.00016790
0.00016790
0.00016790
0.00016790
0.00016790
0.00016790
0.00016790
0.00016790
0.00016790
0.00016790
0.00016790
0.00016790
0.00016790
0.00016790
0.00016790
0.00016790
0.00016790
0.00016790
0.00016790
0.00016790
0.00016790
0.00016790
0.00016790
0.00016790
0.00016790
0.00016790
0.00016790
0.00016790
0.00016790
0.00016790
0.00016790
0.00016790
0.00016790
0.00016790
0.00016790
0.00016790
0.00016790
0.00016790
0.00016790
0.00016790
0.00016790
0.00016790
0.00016790
0.00016790
0.00016790
0.00016790
0.00016790
0.00016790
0.00016790
0.00016790
0.00016790
0.00016790
0.00016790
0.00016790
0.00016790
0.00016790
0.00016790
0.00016790
0.00016790
0.00016790
0.00016790
0.00016790
0.00016790
0.00016790
0.00016790
0.00016790
0.00016790
0.00016790
0.00016790
0.00016790
0.00016790
0.00016790
0.00016790
0.00016790
0.00016790
0.00016790
0.00016790
0.00016790
0.00016790
0.00016790
0.00016790
0.00016790
0.00016790
0.00016790
0.00016790
0.00016790
0.00016790
0.00016790
0.00016790
0.00016790
0.00016790
0.00016790
0.00016790
0.00016790
0.00016790
0.00016790
0.00016790
0.00016790
0.00016790
0.00016790
0.00016790
0.00016790
0.00016790
0.00016790
0.00016790
0.00016790
0.00016790
0.00016790
0.00016790
0.00016790
0.00016790
0.00016790
0.00016790
0.00016790
0.00016790
0.00016790
0.00016790
0.00016790
0.00016790
0.00016790
0.00016790
0.00016790
0.00016790
0.00016790
0.00016790
0.00016790
0.00016790
0.00016790
0.00016790
0.00016790
0.00016790
0.00016790
0.00016790
0.00016790
0.00016790
0.00016790
0.00016790
0.00016790
0.00016790
0.00016790
0.00016790
0.00016790
0.00016790
0.00016790
0.00016790
0.00016790
0.00016790
0.00016790
0.00016790
0.00016790
0.00016790
0.00016790
0.00016790
0.00016790
0.00016790
0.00016790
0.00016790
0.00016790
0.00016790
0.00016790
0.00016790
0.00016790
0.00016790
0.00016790
0.00016790
0.00016790
0.00016790
0.00016790
0.00016790
0.00016790
0.00016790
0.00016790
0.00016790
0.00016790
0.00016790
0.00016790
0.00016790
0.00016790
0.00016790
0.00016790
0.00016790
0.00016790
0.00016790
0.00016790
0.00016790
0.00016790
0.00016790
0.00016790
0.00016790
0.00016790
0.00016790
0.00016790
0.00016790
0.00016790
0.00016790
0.00016790
0.00016790
0.00016790
0.00016790
0.00016790
0.00016790
0.00016790
0.00016790
0.00016790
0.00016790
0.00016790
0.00016790
0.00016790
0.00016790
0.00016790
0.00016790
0.00016790
0.00016790
0.00016790
0.00016790
0.00016790
0.00016790
0.00016790
0.00016790
0.00016790
0.00016790
0.00016790
0.00016790
0.00016790
0.00016790
0.00016790
0.00016790
0.00016790
0.00016790
0.00016790
0.00016790
0.00016790
0.00016790
0.00016790
0.00016790
0.00016790
0.00016790
0.00016790
0.00016790
0.00016790
0.00016790
0.00016790
0.00016790
0.00016790
0.00016790
0.00016790
0.00016790
0.00016790
0.00016790
0.00016790
0.00016790
0.00016790
0.00016790
0.00016790
0.00016790
0.00016790
0.00016790
0.00016790
0.00016790
0.00016790
0.00016790
0.00016790
0.00016790
0.00016790
0.00016790
0.00016790
0.00016790
0.00016790
0.00016790
0.00016790
0.00016790
0.00016790
0.00016790
0.00016790
0.00016790
0.00016790
0.00016790
0.00016790
0.00016790
0.00016790
0.00016790
0.00016790
0.00016790
0.00016790
0.00016790
0.00016790
0.00016790
0.00016790
0.00016790
0.00016790
0.00016790
0.00016790
0.00016790
0.00016790
0.00016790
0.00016790
0.00016790
0.00016790
0.00016790
0.00016790
0.00016790
0.00016790
0.00016790
0.00016790
0.00016790
0.00016790
0.00016790
0.00016790
0.00016790
0.00016790
0.00016790
0.00016790
0.00016790
0.00016790
0.00016790
0.00016790
0.00016790
0.00016790
0.00016790
0.00016790
0.00016790
0.00016790
0.00016790
0.00016790
0.00016790
0.00016790
0.00016790
0.00016790
0.00016790
0.00016790
0.00016790
0.00016790
0.00016790
0.00016790
0.00016790
0.00016790
0.00016790
0.00016790
0.00016790
0.00016790
0.00016790
0.00016790
0.00016790
0.00016790
0.00016790
0.00016790
0.00016790
0.00016790
0.00016790
0.00016790
0.00016790
0.00016790
0.00016790
0.00016790
0.00016790
0.00016790
0.00016790
0.00016790
0.00016790
0.00016790
0.00016790
0.00016790
0.00016790
0.00016790
0.00016790
0.00016790
0.00016790
0.00016790
0.00016790
0.00016790
0.00016790
0.00016790
0.00016790
0.00016790
0.00016790
0.00016790
0.00016790
0.00016790
0.00016790
0.00016790
0.00016790
0.00016790
0.00016790
0.00016790
0.00016790
0.00016790
0.00016790
0.00016790
0.00016790
0.00016790
0.00016790
0.00016790
0.00016790
0.00016790
0.00016790
0.00016790
0.00016790
0.00016790
0.00016790
0.00016790
0.00016790
0.00016790
0.00016790
0.00016790
0.00016790
0.00016790
0.00016790
0.00016790
0.00016790
0.00016790
0.00016790
0.00016790
0.00016790
0.00016790
0.00016790
0.00016790
0.00016790
0.00016790
0.00016790
0.00016790
0.00016790
0.00016790
0.00016790
0.00016790
0.00016790
0.00016790
0.00016790
0.00016790
0.00016790
0.00016790
0.00016790
0.00016790
0.00016790
0.00016790
0.00016790
0.00016790
0.00016790
0.00016790
0.00016790
0.00016790
0.00016790
0.00016790
0.00016790
0.00016790
0.00016790
0.00016790
0.00016790
0.00016790
0.00016790
0.00016790
0.00016790
0.00016790
0.00016790
0.00016790
0.00016790
0.00016790
0.00016790
0.00016790
0.00016790
0.00016790
0.00016790
0.00016790
0.00016790
0.00016790
0.00016790
0.00016790
0.00016790
0.00016790
0.00016790
0.00016790
0.00016790
0.00016790
0.00016790
0.00016790
0.00016790
0.00016790
0.00016790
0.00016790
0.00016790
0.00016790
0.00016790
0.00016790
0.00016790
0.00016790
0.00016790
0.00016790
0.00016790
0.00016790
0.00016790
0.00016790
0.00016790
0.00016790
0.00016790
0.00016790
0.00016790
0.00016790
0.00016790
0.00016790
0.00016790
0.00016790
0.00016790
0.00016790
0.00016790
0.00016790
0.00016790
0.00016790
0.00016790
0.00016790
0.00016790
0.00016790
0.00016790
0.00016790
0.00016790
0.00016790
0.00016790
0.00016790
0.00016790
0.00016790
0.00016790
0.00016790
0.00016790
0.00016790
0.00016790
0.00016790
0.00016790
0.00016790
0.00016790
0.00016790
0.00016790
0.00016790
0.00016790
0.00016790
0.00016790
0.00016790
0.00016790
0.00016790
0.00016790
0.00016790
0.00016790
0.00016790
0.00016790
0.00016790
0.00016790
0.00016790
0.00016790
0.00016790
0.00016790
0.00016790
0.00016790
0.00016790
0.00016790
0.00016790
0.00016790
0.00016790
0.00016790
0.00016790
0.00016790
0.00016790
0.00016790
0.00016790
0.00016790
0.00016790
0.00016790
0.00016790
0.00016790
0.00016790
0.00016790
0.00016790
0.00016790
0.00016790
0.00016790
0.00016790
0.00016790
0.00016790
0.00016790
0.00016790
0.00016790
0.00016790
0.00016790
0.00016790
0.00016790
0.00016790
0.00016790
0.00016790
0.00016790
0.00016790
0.00016790
0.00016790
0.00016790
0.00016790
0.00016790
0.00016790
0.00016790
0.00016790
0.00016790
0.00016790
0.00016790
0.00016790
0.00016790
0.00016790
0.00016790
0.00016790
0.00016790
0.00016790
0.00016790
0.00016790
0.00016790
0.00016790
0.00016790
0.00016790
0.00016790
0.00016790
0.00016790
0.00016790
0.00016790
0.00016790
0.00016790
0.00016790
0.00016790
0.00016790
0.00016790
0.00016790
0.00016790
0.00016790
0.00016790
0.00016790
0.00016790
0.00016790
0.00016790
0.00016790
0.00016790
0.00016790
0.00016790
0.00016790
0.00016790
0.00016790
0.00016790
0.00016790
0.00016790
0.00016790
0.00016790
0.00016790
0.00016790
0.00016790
0.00016790
0.00016790
0.00016790
0.00016790
0.00016790
0.00016790
0.00016790
0.00016790
0.00016790
0.00016790
0.00016790
0.00016790
0.00016790
0.00016790
0.00016790
0.00016790
0.00016790
0.00016790
0.00016790
0.00016790
0.00016790
0.00016790
0.00016790
0.00016790
0.00016790
0.00016790
0.00016790
0.00016790
0.00016790
0.00016790
0.00016790
0.00016790
0.00016790
0.00016790
0.00016790
0.00016790
0.00016790
0.00016790
0.00016790
0.00016790
0.00016790
0.00016790
0.00016790
0.00016790
0.00016790
0.00016790
0.00016790
0.00016790
0.00016790
0.00016790
0.00016790
0.00016790
0.00016790
0.00016790
0.00016790
0.00016790
0.00016790
0.00016790
0.00016790
0.00016790
0.00016790
0.00016790
0.00016790
0.00016790
0.00016790
0.00016790
0.00016790
0.00016790
0.00016790
0.00016790
0.00016790
0.00016790
0.00016790
0.00016790
0.00016790
0.00016790
0.00016790
0.00016790
0.00016790
0.00016790
0.00016790
0.00016790
0.00016790
