0.81872510
0.77290837
0.73505976
0.70517928
0.67729084
0.62948207
0.60159363
0.58565737
0.54780876
0.52788845
0.50597610
0.46812749
0.43824701
0.40637450
0.39243028
0.34462151
0.32669323
0.30876494
0.29681275
0.28286853
0.26693227
0.18326693
0.15139442
0.15139442
0.15139442
0.12948207
0.12151394
0.12151394
0.07569721
0.03784861
0.03784861
0.03784861
0.03784861
0.03784861
0.03386454
0.03386454
0.03386454
0.03386454
0.02191235
0.02191235
0.02191235
0.01992032
0.01992032
0.01992032
0.01992032
0.01593625
0.01394422
0.01394422
0.01195219
0.01195219
0.01195219
0.00996016
0.00996016
0.00996016
0.00796813
0.00796813
0.00796813
0.00796813
0.00796813
0.00796813
0.00796813
0.00796813
0.00796813
0.00796813
0.00597610
0.00597610
0.00597610
0.00597610
0.00597610
0.00597610
0.00597610
0.00597610
0.00597610
0.00597610
0.00597610
0.00597610
0.00597610
0.00597610
0.00597610
0.00597610
0.00597610
0.00597610
0.00597610
0.00597610
0.00597610
0.00597610
0.00597610
0.00597610
0.00597610
0.00597610
0.00597610
0.00597610
0.00597610
0.00597610
0.00597610
0.00597610
0.00597610
0.00597610
0.00597610
0.00597610
0.00597610
0.00597610
0.00597610
0.00597610
0.00597610
0.00597610
0.00597610
0.00597610
0.00597610
0.00597610
0.00597610
0.00597610
0.00597610
0.00597610
0.00597610
0.00597610
0.00597610
0.00597610
0.00597610
0.00597610
0.00597610
0.00597610
0.00597610
0.00597610
0.00597610
0.00597610
0.00597610
0.00597610
0.00597610
0.00597610
0.00597610
0.00597610
0.00597610
0.00597610
0.00597610
0.00597610
0.00597610
0.00597610
0.00597610
0.00597610
0.00597610
0.00597610
0.00597610
0.00597610
0.00597610
0.00597610
0.00597610
0.00597610
0.00597610
0.00597610
0.00597610
0.00597610
0.00597610
0.00597610
0.00597610
0.00597610
0.00597610
0.00597610
0.00597610
0.00398406
0.00398406
0.00199203
0.00199203
0.00199203
0.00199203
0.00199203
0.00199203
0.00199203
0.00199203
0.00199203
0.00199203
0.00199203
0.00199203
0.00199203
0.00199203
0.00199203
0.00199203
0.00199203
0.00199203
0.00199203
0.00199203
0.00199203
0.00199203
0.00199203
0.00199203
0.00199203
0.00199203
0.00199203
0.00199203
0.00199203
0.00199203
0.00199203
0.00199203
0.00199203
0.00199203
0.00199203
0.00199203
0.00199203
0.00199203
0.00199203
0.00199203
0.00199203
0.00199203
0.00199203
0.00199203
0.00199203
0.00199203
0.00199203
0.00199203
0.00199203
0.00199203
0.00199203
0.00199203
0.00199203
0.00199203
0.00199203
0.00199203
0.00199203
0.00199203
0.00199203
0.00199203
0.00199203
0.00199203
0.00199203
0.00199203
0.00199203
0.00199203
0.00199203
0.00199203
0.00199203
0.00199203
0.00199203
0.00199203
0.00199203
0.00199203
0.00199203
0.00199203
0.00199203
0.00199203
0.00199203
0.00199203
0.00199203
0.00199203
0.00199203
0.00199203
0.00199203
0.00199203
0.00199203
0.00199203
0.00199203
0.00199203
0.00199203
0.00199203
0.00199203
0.00199203
0.00199203
0.00199203
0.00199203
0.00199203
0.00199203
0.00199203
0.00199203
0.00199203
0.00199203
0.00199203
0.00199203
0.00199203
0.00199203
0.00199203
0.00199203
0.00199203
0.00199203
0.00199203
0.00199203
0.00199203
0.00199203
0.00199203
0.00199203
0.00199203
0.00199203
0.00199203
0.00199203
0.00199203
0.00199203
0.00199203
0.00199203
0.00199203
0.00199203
0.00199203
0.00199203
0.00199203
0.00199203
0.00199203
0.00199203
0.00199203
0.00199203
0.00199203
0.00199203
0.00199203
0.00199203
0.00199203
0.00199203
0.00199203
0.00199203
0.00199203
0.00199203
0.00199203
0.00199203
0.00199203
0.00199203
0.00199203
0.00199203
0.00199203
0.00199203
0.00199203
0.00199203
0.00199203
0.00199203
0.00199203
0.00199203
0.00199203
0.00199203
0.00199203
0.00199203
0.00199203
0.00199203
0.00199203
0.00199203
0.00199203
0.00199203
0.00199203
0.00199203
0.00199203
0.00199203
0.00199203
0.00199203
0.00199203
0.00199203
0.00199203
0.00199203
0.00199203
0.00199203
0.00199203
0.00199203
0.00199203
0.00199203
0.00199203
0.00199203
0.00199203
0.00199203
0.00199203
0.00199203
0.00199203
0.00199203
0.00199203
0.00199203
0.00199203
0.00199203
0.00199203
0.00199203
0.00199203
0.00199203
0.00199203
0.00199203
0.00199203
0.00199203
0.00199203
0.00199203
0.00199203
0.00199203
0.00199203
0.00199203
0.00199203
0.00199203
0.00199203
0.00199203
0.00199203
0.00199203
0.00199203
0.00199203
0.00199203
0.00199203
0.00199203
0.00199203
0.00199203
0.00199203
0.00199203
0.00199203
0.00199203
0.00199203
0.00199203
0.00199203
0.00199203
0.00199203
0.00199203
0.00199203
0.00199203
0.00199203
0.00199203
0.00199203
0.00199203
0.00199203
0.00199203
0.00199203
0.00199203
0.00199203
0.00199203
0.00199203
0.00199203
0.00199203
0.00199203
0.00199203
0.00199203
0.00199203
0.00199203
0.00199203
0.00199203
0.00199203
0.00199203
0.00199203
0.00199203
0.00199203
0.00199203
0.00199203
0.00199203
0.00199203
0.00199203
0.00199203
0.00199203
0.00199203
0.00199203
0.00199203
0.00199203
0.00199203
0.00199203
0.00199203
0.00199203
0.00199203
0.00199203
0.00199203
0.00199203
0.00199203
0.00199203
0.00199203
0.00199203
0.00199203
0.00199203
0.00199203
0.00199203
0.00199203
0.00199203
0.00199203
0.00199203
0.00199203
0.00199203
0.00199203
0.00199203
0.00199203
0.00199203
0.00199203
0.00199203
0.00199203
0.00199203
0.00199203
0.00199203
0.00199203
0.00199203
0.00199203
0.00199203
0.00199203
0.00199203
0.00199203
0.00199203
0.00199203
0.00199203
0.00199203
0.00199203
0.00199203
0.00199203
0.00199203
0.00199203
0.00199203
0.00199203
0.00199203
0.00199203
0.00199203
0.00199203
0.00199203
0.00199203
0.00199203
0.00199203
0.00199203
0.00199203
0.00199203
0.00199203
0.00199203
0.00199203
0.00199203
0.00199203
0.00199203
0.00199203
0.00199203
