0.66153846
0.50256410
0.42051282
0.39487179
0.35384615
0.28717949
0.26666667
0.24102564
0.18974359
0.15897436
0.15897436
0.08717949
0.04615385
0.03076923
0.03076923
0.03076923
0.03076923
0.03076923
0.03076923
0.03076923
0.02051282
0.01538462
0.01538462
0.01538462
0.01538462
0.01538462
0.01538462
0.01538462
0.01538462
0.01538462
0.01538462
0.01538462
0.01538462
0.01538462
0.01538462
0.01538462
0.01538462
0.01538462
0.01538462
0.01538462
0.01538462
0.01538462
0.01538462
0.01538462
0.01538462
0.01538462
0.01538462
0.01538462
0.01538462
0.01538462
0.01538462
0.01538462
0.01538462
0.01538462
0.01538462
0.01538462
0.01538462
0.01025641
0.00512821
0.00512821
0.00512821
0.00512821
0.00512821
0.00512821
0.00512821
0.00512821
0.00512821
0.00512821
0.00512821
0.00512821
0.00512821
0.00512821
0.00512821
0.00512821
0.00512821
0.00512821
0.00512821
0.00512821
0.00512821
0.00512821
0.00512821
0.00512821
0.00512821
0.00512821
0.00512821
0.00512821
0.00512821
0.00512821
0.00512821
0.00512821
0.00512821
0.00512821
0.00512821
0.00512821
0.00512821
0.00512821
0.00512821
0.00512821
0.00512821
0.00512821
0.00512821
0.00512821
0.00512821
0.00512821
0.00512821
0.00512821
0.00512821
0.00512821
0.00512821
0.00512821
0.00512821
0.00512821
0.00512821
0.00512821
0.00512821
0.00512821
0.00512821
0.00512821
0.00512821
0.00512821
0.00512821
0.00512821
0.00512821
0.00512821
0.00512821
0.00512821
0.00512821
0.00512821
0.00512821
0.00512821
0.00512821
0.00512821
0.00512821
0.00512821
0.00512821
0.00512821
0.00512821
0.00512821
0.00512821
0.00512821
0.00512821
0.00512821
0.00512821
0.00512821
0.00512821
0.00512821
0.00512821
0.00512821
0.00512821
0.00512821
0.00512821
0.00512821
0.00512821
0.00512821
0.00512821
0.00512821
0.00512821
0.00512821
0.00512821
0.00512821
0.00512821
0.00512821
0.00512821
0.00512821
0.00512821
0.00512821
0.00512821
0.00512821
0.00512821
0.00512821
0.00512821
0.00512821
0.00512821
0.00512821
0.00512821
0.00512821
0.00512821
0.00512821
0.00512821
0.00512821
0.00512821
0.00512821
0.00512821
0.00512821
0.00512821
0.00512821
0.00512821
0.00512821
0.00512821
0.00512821
0.00512821
0.00512821
0.00512821
0.00512821
0.00512821
