0.92328278
0.90365745
0.89771038
0.88611359
0.87659828
0.87154326
0.86589355
0.85608088
0.85043116
0.84537615
0.84091585
0.83645555
0.83377936
0.83110318
0.82902171
0.82515611
0.82188522
0.81831698
0.81474874
0.81028843
0.80761225
0.80404401
0.80225989
0.79988106
0.79661017
0.79333928
0.79096045
0.78798692
0.78531073
0.78293191
0.78025572
0.77876896
0.77639013
0.77460601
0.77222718
0.77014570
0.76806423
0.76628011
0.76538805
0.76122510
0.75825156
0.75735950
0.75438596
0.75349390
0.75230449
0.74962831
0.74933095
0.74606007
0.74397859
0.74249182
0.73892358
0.73803152
0.73684211
0.73505798
0.73386857
0.73208445
0.72911091
0.72851621
0.72584002
0.72524532
0.72286649
0.72078501
0.71810883
0.71721677
0.71483794
0.71275647
0.71216176
0.71097235
0.70978293
0.70770146
0.70472792
0.70324115
0.70234909
0.70145703
0.69997026
0.69878085
0.69788879
0.69580731
0.69432055
0.69283378
0.69015760
0.68896818
0.68748142
0.68629200
0.68599465
0.68539994
0.68361582
0.68183170
0.68064228
0.67945287
0.67826346
0.67737139
0.67647933
0.67528992
0.67499257
0.67350580
0.67231638
0.67142432
0.67112697
0.67053226
0.66993756
0.66904550
0.66815343
0.66399048
0.66369313
0.66101695
0.65982753
0.65893547
0.65744871
0.65477252
0.65358311
0.65298840
0.65179899
0.65090693
0.64971751
0.64763604
0.64614927
0.64377044
0.64258103
0.64228368
0.64139161
0.63990485
0.63812073
0.63633660
0.63603925
0.63484984
0.63425513
0.63306572
0.63068689
0.63038953
0.62979483
0.62920012
0.62771335
0.62622658
0.62265834
0.61968481
0.61938745
0.61849539
0.61790068
0.61700862
0.61671127
0.61641392
0.61462979
0.61433244
0.61344038
0.61284567
0.61195361
0.61016949
0.60927743
0.60838537
0.60749331
0.60600654
0.60511448
0.60362771
0.60333036
0.60184359
0.60124888
0.60095153
0.59976212
0.59916741
0.59797800
0.59768064
0.59708594
0.59589652
0.59500446
0.59440975
0.59292299
0.59173357
0.58994945
0.58905739
0.58757062
0.58638121
0.58489444
0.58311032
0.58162355
0.58102884
0.58013678
0.57954208
0.57894737
0.57835266
0.57805531
0.57537913
0.57300030
0.57032412
0.56883735
0.56853999
0.56705323
0.56675587
0.56467440
0.56259292
0.56021409
0.55902468
0.55813262
0.55694321
0.55396967
0.55099613
0.54921201
0.54831995
0.54683318
0.54415700
0.54385965
0.54356230
0.54296759
0.54267023
0.53880464
0.53791258
0.53583110
0.53464169
0.53404698
0.52928933
0.52839726
0.52631579
0.52601844
0.52393696
0.52274755
0.52185549
0.52007136
0.51977401
0.51947666
0.51917930
0.51888195
0.51828724
0.51769254
0.51590842
0.51471900
0.51442165
0.51234017
0.51144811
0.51055605
0.50996134
0.50936664
0.50312221
0.50163544
0.49925662
0.49747249
0.49687779
0.49479631
0.49449896
0.49301219
0.49093072
0.48884924
0.48736247
0.48319952
0.48290217
0.48171276
0.48082070
0.47963128
0.47903657
0.47636039
0.47546833
0.47487362
0.47279215
0.47249480
0.47160274
0.47130538
0.47100803
0.46833185
0.46773714
0.46714243
0.46595302
0.46268213
0.46179007
0.46149271
0.46030330
0.45911389
0.45732977
0.45554564
0.45465358
0.45286946
0.45227475
0.44900387
0.44840916
0.44721974
0.44692239
0.44662504
0.44632768
0.44246209
0.44127267
0.44038061
0.43681237
0.43562296
0.43473090
0.43383883
0.43324413
0.43264942
0.43027059
0.42967588
0.42759441
0.42670235
0.42581029
0.42551293
0.41897116
0.41748439
0.41570027
0.41540291
0.41391615
0.41361879
0.41183467
0.41123996
0.41064526
0.40886114
0.40737437
0.40618495
0.40469819
0.39756170
0.39429081
0.39250669
0.39131728
0.39072257
0.38923580
0.38804639
0.38745168
0.38685697
0.38655962
0.38566756
0.38507285
0.38328873
0.38299138
0.38239667
0.38061255
0.37853107
0.37526018
0.37317871
0.37228665
0.37079988
0.36901576
0.36723164
0.36604222
0.36396075
0.36277134
0.34968778
0.34820101
0.34760630
0.34493012
0.33868570
0.33809099
0.33660422
0.33600952
0.33363069
0.33333333
0.33273863
0.33095450
0.32589949
0.32441273
0.32173654
0.31846566
0.31400535
0.31251858
0.31162652
0.30984240
0.30805828
0.30538210
0.30359798
0.29943503
0.29408266
0.29170384
0.28843295
0.28694618
0.28427000
0.28397264
0.28189117
0.28129646
0.27951234
0.27891763
0.27832293
0.27505204
0.26940232
0.26851026
0.26761820
0.26553672
0.26375260
0.25423729
0.25304787
0.24829022
0.24472197
0.24293785
0.24115373
0.23936961
0.23758549
0.23580137
0.23163842
0.22420458
0.22331252
0.22152840
0.22152840
0.21855486
0.21855486
0.21855486
0.21855486
0.21736545
0.21468927
0.21231044
0.21112102
0.20576866
0.20517395
0.20338983
0.20279512
0.19803747
0.13261968
0.13261968
0.13113292
0.12786203
0.09515314
0.09455843
0.09455843
0.09455843
0.09455843
0.09455843
0.09455843
0.09455843
0.09366637
0.09366637
0.09366637
0.08950342
0.08950342
0.08861136
0.08771930
0.08771930
0.08771930
0.08771930
0.08652988
0.08534047
0.08534047
0.08534047
0.08534047
0.08385370
0.08385370
0.08385370
0.08385370
0.08385370
0.08236693
0.08236693
0.08236693
0.08236693
0.08236693
0.08236693
0.08236693
0.07047279
0.07047279
0.06868867
0.06393101
0.05709188
0.05382099
0.05382099
0.05382099
0.03835861
0.03835861
0.03835861
0.03835861
0.03835861
0.03835861
0.02646447
0.02646447
0.02646447
0.02646447
0.02646447
0.02646447
0.02646447
0.02646447
0.02408564
0.02408564
0.02408564
0.01694915
0.01694915
0.01575974
0.01575974
0.01575974
0.01575974
0.00981267
0.00981267
0.00981267
0.00981267
0.00981267
0.00981267
0.00981267
0.00981267
0.00921796
0.00892061
0.00892061
0.00892061
0.00892061
0.00892061
0.00892061
0.00892061
0.00892061
0.00832590
0.00832590
0.00832590
0.00832590
0.00832590
0.00832590
0.00832590
0.00832590
0.00832590
0.00743384
0.00743384
0.00743384
0.00743384
0.00743384
0.00743384
0.00743384
0.00743384
0.00743384
0.00743384
0.00743384
0.00743384
0.00743384
0.00564972
0.00564972
0.00535236
0.00535236
0.00535236
0.00535236
0.00535236
0.00535236
0.00535236
0.00535236
0.00535236
0.00505501
0.00505501
0.00505501
0.00505501
0.00505501
0.00505501
0.00505501
0.00505501
0.00505501
0.00356824
0.00356824
0.00356824
0.00356824
0.00297354
0.00297354
0.00297354
0.00297354
0.00297354
0.00297354
0.00297354
0.00267618
0.00267618
0.00267618
0.00267618
0.00267618
0.00267618
0.00267618
0.00267618
0.00267618
0.00267618
0.00267618
0.00267618
0.00267618
0.00267618
0.00267618
0.00267618
0.00267618
0.00267618
0.00267618
0.00267618
0.00267618
0.00237883
0.00237883
0.00237883
0.00237883
0.00237883
0.00237883
0.00237883
0.00237883
0.00237883
0.00237883
0.00237883
0.00237883
0.00237883
0.00237883
0.00237883
0.00237883
0.00237883
0.00237883
0.00237883
0.00237883
0.00208147
0.00208147
0.00208147
0.00208147
0.00208147
0.00208147
0.00208147
0.00178412
0.00178412
0.00178412
0.00178412
0.00178412
0.00178412
0.00178412
0.00178412
0.00178412
0.00178412
0.00178412
0.00178412
0.00178412
0.00178412
0.00178412
0.00178412
0.00178412
0.00178412
0.00178412
0.00178412
0.00178412
0.00178412
0.00178412
0.00178412
0.00178412
0.00178412
0.00178412
0.00178412
0.00178412
0.00178412
0.00178412
0.00178412
0.00178412
0.00178412
0.00178412
0.00178412
0.00178412
0.00178412
0.00178412
0.00178412
0.00178412
0.00178412
0.00178412
0.00178412
0.00178412
0.00178412
0.00178412
0.00178412
0.00178412
0.00178412
0.00178412
0.00118941
0.00118941
0.00118941
0.00118941
0.00118941
0.00118941
0.00118941
0.00118941
0.00118941
0.00118941
0.00118941
0.00118941
0.00118941
0.00118941
0.00118941
0.00118941
0.00118941
0.00118941
0.00118941
0.00118941
0.00118941
0.00118941
0.00118941
0.00118941
0.00118941
0.00118941
0.00118941
0.00118941
0.00118941
0.00118941
0.00118941
0.00118941
0.00118941
0.00118941
0.00118941
0.00118941
0.00118941
0.00118941
0.00118941
0.00118941
0.00118941
0.00118941
0.00118941
0.00118941
0.00118941
0.00118941
0.00118941
0.00089206
0.00089206
0.00089206
0.00089206
0.00089206
0.00089206
0.00089206
0.00089206
0.00089206
0.00089206
0.00089206
0.00089206
0.00089206
0.00089206
0.00089206
0.00089206
0.00089206
0.00089206
0.00089206
0.00089206
0.00089206
0.00089206
0.00089206
0.00089206
0.00089206
0.00089206
0.00089206
0.00089206
0.00089206
0.00089206
0.00089206
0.00089206
0.00089206
0.00089206
0.00089206
0.00089206
0.00089206
0.00089206
0.00089206
0.00089206
0.00089206
0.00089206
0.00089206
0.00089206
0.00089206
0.00089206
0.00089206
0.00089206
0.00089206
0.00089206
0.00089206
0.00089206
0.00089206
0.00089206
0.00089206
0.00089206
0.00089206
0.00089206
0.00089206
0.00089206
0.00089206
0.00089206
0.00089206
0.00089206
0.00089206
0.00089206
0.00089206
0.00089206
0.00089206
0.00089206
0.00089206
0.00089206
0.00089206
0.00089206
0.00089206
0.00089206
0.00089206
0.00089206
0.00089206
0.00089206
0.00089206
0.00089206
0.00089206
0.00089206
0.00089206
0.00089206
0.00089206
0.00089206
0.00089206
0.00089206
0.00089206
0.00089206
0.00089206
0.00089206
0.00089206
0.00089206
0.00089206
0.00089206
0.00089206
0.00089206
0.00089206
0.00089206
0.00089206
0.00089206
0.00089206
0.00089206
0.00089206
0.00089206
0.00089206
0.00089206
0.00089206
0.00089206
0.00089206
0.00089206
0.00089206
0.00089206
0.00089206
0.00089206
0.00089206
0.00089206
0.00089206
0.00089206
0.00089206
0.00089206
0.00089206
0.00089206
0.00089206
0.00089206
0.00089206
0.00089206
0.00089206
0.00089206
0.00089206
0.00089206
0.00089206
0.00089206
0.00089206
0.00089206
0.00089206
0.00089206
0.00089206
0.00089206
0.00089206
0.00089206
0.00089206
0.00089206
0.00089206
0.00089206
0.00089206
0.00089206
0.00089206
0.00089206
0.00089206
0.00089206
0.00089206
0.00089206
0.00089206
0.00089206
0.00089206
0.00089206
0.00089206
0.00089206
0.00089206
0.00089206
0.00089206
0.00089206
0.00089206
0.00089206
0.00089206
0.00089206
0.00089206
0.00089206
0.00089206
0.00089206
0.00089206
0.00089206
0.00089206
0.00089206
0.00089206
0.00089206
0.00089206
0.00089206
0.00089206
0.00089206
0.00089206
0.00089206
0.00089206
0.00089206
0.00089206
0.00089206
0.00089206
0.00089206
0.00089206
0.00089206
0.00089206
0.00089206
0.00089206
0.00089206
0.00089206
0.00089206
0.00089206
0.00089206
0.00089206
0.00089206
0.00089206
0.00089206
0.00089206
0.00089206
0.00089206
0.00089206
0.00089206
0.00089206
0.00089206
0.00089206
0.00089206
0.00089206
0.00089206
0.00089206
0.00089206
0.00089206
0.00089206
0.00089206
0.00089206
0.00089206
0.00089206
0.00089206
0.00089206
0.00089206
0.00089206
0.00089206
0.00089206
0.00089206
0.00089206
0.00089206
0.00089206
0.00089206
0.00089206
0.00089206
0.00089206
0.00089206
0.00089206
0.00089206
0.00089206
0.00089206
0.00089206
0.00089206
0.00089206
0.00089206
0.00089206
0.00089206
0.00089206
0.00089206
0.00089206
0.00089206
0.00089206
0.00089206
0.00089206
0.00089206
0.00089206
0.00089206
0.00089206
0.00089206
0.00089206
0.00089206
0.00089206
0.00089206
0.00089206
0.00089206
0.00089206
0.00089206
0.00089206
0.00089206
0.00089206
0.00089206
0.00089206
0.00089206
0.00089206
0.00089206
0.00089206
0.00089206
0.00089206
0.00089206
0.00089206
0.00089206
0.00089206
0.00089206
0.00089206
0.00089206
0.00089206
0.00089206
0.00089206
0.00089206
0.00089206
0.00089206
0.00089206
0.00089206
0.00089206
0.00089206
0.00089206
0.00089206
0.00089206
0.00089206
0.00089206
0.00089206
0.00089206
0.00089206
0.00089206
0.00089206
0.00089206
0.00089206
0.00089206
0.00089206
0.00089206
0.00089206
0.00089206
0.00089206
0.00089206
0.00089206
0.00089206
0.00089206
0.00089206
0.00089206
0.00089206
0.00089206
0.00089206
0.00089206
0.00089206
0.00089206
0.00089206
0.00089206
0.00089206
0.00089206
0.00089206
0.00089206
0.00089206
0.00089206
0.00089206
0.00089206
0.00089206
0.00089206
0.00089206
0.00089206
0.00089206
0.00089206
0.00089206
0.00089206
0.00089206
0.00089206
0.00089206
0.00089206
0.00089206
0.00089206
0.00089206
0.00089206
0.00089206
0.00089206
0.00089206
0.00089206
0.00089206
0.00089206
0.00089206
0.00089206
0.00089206
0.00089206
0.00089206
0.00089206
0.00089206
0.00089206
0.00089206
0.00089206
0.00089206
0.00089206
0.00089206
0.00089206
0.00089206
0.00089206
0.00089206
0.00089206
0.00089206
0.00089206
0.00089206
0.00089206
0.00089206
0.00089206
0.00089206
0.00089206
0.00089206
0.00089206
0.00089206
0.00089206
0.00089206
0.00089206
0.00089206
0.00089206
0.00089206
0.00089206
0.00089206
0.00089206
0.00089206
0.00089206
0.00089206
0.00089206
0.00089206
0.00089206
0.00089206
0.00089206
0.00089206
0.00089206
0.00089206
0.00089206
0.00089206
0.00089206
0.00089206
0.00089206
0.00089206
0.00089206
0.00089206
0.00089206
0.00089206
0.00089206
0.00089206
0.00089206
0.00089206
0.00089206
0.00089206
0.00089206
0.00089206
0.00089206
0.00089206
0.00089206
0.00089206
0.00089206
0.00089206
0.00089206
0.00089206
0.00089206
0.00089206
0.00089206
0.00089206
0.00089206
0.00089206
0.00089206
0.00089206
0.00089206
0.00089206
0.00089206
0.00089206
0.00089206
0.00089206
0.00089206
0.00089206
0.00089206
0.00089206
0.00089206
0.00089206
0.00089206
0.00089206
0.00089206
0.00089206
0.00089206
0.00089206
0.00089206
0.00089206
0.00089206
0.00089206
0.00089206
0.00089206
0.00089206
0.00089206
0.00089206
0.00089206
0.00089206
0.00089206
0.00089206
0.00089206
0.00089206
0.00089206
0.00089206
0.00089206
0.00089206
0.00089206
0.00089206
0.00089206
0.00089206
0.00089206
0.00089206
0.00089206
0.00089206
0.00089206
0.00089206
0.00089206
0.00089206
0.00089206
0.00089206
0.00089206
0.00089206
0.00089206
0.00089206
0.00089206
0.00089206
0.00089206
0.00089206
0.00089206
0.00089206
0.00089206
0.00089206
0.00089206
0.00089206
0.00089206
0.00089206
0.00089206
0.00089206
0.00089206
0.00089206
0.00089206
0.00089206
0.00089206
0.00089206
0.00089206
0.00089206
0.00089206
0.00089206
0.00089206
0.00089206
0.00089206
0.00089206
0.00089206
0.00089206
0.00089206
0.00089206
0.00089206
0.00089206
0.00089206
0.00089206
0.00089206
0.00089206
0.00089206
0.00089206
0.00089206
0.00089206
0.00089206
0.00089206
0.00089206
0.00089206
0.00089206
0.00089206
0.00089206
0.00089206
0.00089206
0.00089206
0.00089206
0.00089206
0.00089206
0.00089206
0.00089206
0.00089206
0.00089206
0.00089206
0.00089206
0.00089206
0.00089206
0.00089206
0.00089206
0.00089206
0.00089206
0.00089206
0.00089206
0.00089206
0.00089206
0.00089206
0.00089206
0.00089206
0.00089206
0.00089206
0.00089206
0.00089206
0.00089206
0.00089206
0.00089206
0.00089206
0.00089206
0.00089206
0.00089206
0.00089206
0.00089206
0.00089206
0.00089206
0.00089206
0.00089206
0.00089206
0.00089206
0.00089206
0.00089206
0.00089206
0.00089206
0.00089206
0.00089206
0.00089206
0.00089206
0.00089206
0.00089206
0.00089206
0.00089206
0.00089206
0.00089206
0.00089206
0.00089206
0.00089206
0.00089206
0.00089206
0.00089206
0.00089206
0.00089206
0.00089206
0.00089206
0.00089206
0.00089206
0.00089206
0.00089206
0.00089206
0.00089206
0.00089206
0.00089206
0.00089206
0.00089206
0.00089206
0.00089206
0.00089206
0.00089206
0.00089206
0.00089206
0.00089206
0.00089206
0.00089206
0.00089206
0.00089206
0.00089206
0.00089206
0.00089206
0.00089206
0.00089206
0.00089206
0.00089206
0.00089206
0.00089206
0.00089206
0.00089206
0.00089206
0.00089206
0.00089206
0.00089206
0.00089206
0.00089206
0.00089206
0.00089206
0.00089206
0.00089206
0.00089206
0.00089206
0.00089206
0.00089206
0.00089206
0.00089206
0.00089206
0.00089206
0.00089206
0.00089206
0.00089206
0.00089206
0.00059471
0.00059471
0.00059471
0.00059471
0.00029735
0.00029735
0.00029735
0.00029735
0.00029735
0.00029735
0.00029735
0.00029735
0.00029735
0.00029735
0.00029735
0.00029735
0.00029735
0.00029735
0.00029735
0.00029735
0.00029735
0.00029735
0.00029735
0.00029735
0.00029735
0.00029735
0.00029735
0.00029735
0.00029735
0.00029735
0.00029735
0.00029735
0.00029735
0.00029735
0.00029735
0.00029735
0.00029735
0.00029735
0.00029735
0.00029735
0.00029735
0.00029735
0.00029735
0.00029735
0.00029735
0.00029735
0.00029735
0.00029735
0.00029735
0.00029735
0.00029735
0.00029735
0.00029735
0.00029735
0.00029735
0.00029735
0.00029735
0.00029735
0.00029735
0.00029735
0.00029735
0.00029735
0.00029735
0.00029735
0.00029735
0.00029735
0.00029735
0.00029735
0.00029735
0.00029735
0.00029735
0.00029735
0.00029735
0.00029735
0.00029735
0.00029735
0.00029735
0.00029735
0.00029735
0.00029735
0.00029735
0.00029735
0.00029735
0.00029735
0.00029735
0.00029735
0.00029735
0.00029735
0.00029735
0.00029735
0.00029735
0.00029735
0.00029735
0.00029735
0.00029735
0.00029735
0.00029735
0.00029735
0.00029735
0.00029735
0.00029735
0.00029735
0.00029735
0.00029735
0.00029735
0.00029735
0.00029735
0.00029735
0.00029735
0.00029735
0.00029735
0.00029735
0.00029735
0.00029735
0.00029735
0.00029735
0.00029735
0.00029735
0.00029735
0.00029735
0.00029735
0.00029735
0.00029735
0.00029735
0.00029735
0.00029735
0.00029735
0.00029735
0.00029735
0.00029735
0.00029735
0.00029735
0.00029735
0.00029735
0.00029735
0.00029735
0.00029735
0.00029735
0.00029735
0.00029735
0.00029735
0.00029735
0.00029735
0.00029735
0.00029735
0.00029735
0.00029735
0.00029735
0.00029735
0.00029735
0.00029735
0.00029735
0.00029735
0.00029735
0.00029735
0.00029735
0.00029735
0.00029735
0.00029735
0.00029735
0.00029735
0.00029735
0.00029735
0.00029735
0.00029735
0.00029735
0.00029735
0.00029735
0.00029735
0.00029735
0.00029735
0.00029735
0.00029735
0.00029735
0.00029735
0.00029735
0.00029735
0.00029735
0.00029735
0.00029735
0.00029735
0.00029735
0.00029735
0.00029735
0.00029735
0.00029735
0.00029735
0.00029735
0.00029735
0.00029735
0.00029735
0.00029735
0.00029735
0.00029735
0.00029735
0.00029735
0.00029735
0.00029735
0.00029735
0.00029735
0.00029735
0.00029735
0.00029735
0.00029735
0.00029735
0.00029735
0.00029735
0.00029735
0.00029735
0.00029735
0.00029735
0.00029735
0.00029735
0.00029735
0.00029735
0.00029735
0.00029735
0.00029735
0.00029735
0.00029735
0.00029735
0.00029735
0.00029735
0.00029735
0.00029735
0.00029735
0.00029735
0.00029735
0.00029735
0.00029735
0.00029735
0.00029735
0.00029735
0.00029735
0.00029735
0.00029735
0.00029735
0.00029735
0.00029735
0.00029735
0.00029735
0.00029735
0.00029735
0.00029735
0.00029735
0.00029735
0.00029735
0.00029735
0.00029735
0.00029735
0.00029735
0.00029735
0.00029735
0.00029735
0.00029735
0.00029735
0.00029735
0.00029735
0.00029735
0.00029735
0.00029735
0.00029735
0.00029735
0.00029735
0.00029735
0.00029735
0.00029735
0.00029735
0.00029735
0.00029735
0.00029735
0.00029735
0.00029735
0.00029735
0.00029735
0.00029735
0.00029735
0.00029735
0.00029735
0.00029735
0.00029735
0.00029735
0.00029735
0.00029735
0.00029735
0.00029735
0.00029735
0.00029735
0.00029735
0.00029735
0.00029735
0.00029735
0.00029735
0.00029735
0.00029735
0.00029735
0.00029735
0.00029735
0.00029735
0.00029735
0.00029735
0.00029735
0.00029735
0.00029735
0.00029735
0.00029735
0.00029735
0.00029735
0.00029735
0.00029735
0.00029735
0.00029735
0.00029735
0.00029735
0.00029735
0.00029735
0.00029735
0.00029735
0.00029735
0.00029735
0.00029735
0.00029735
0.00029735
0.00029735
0.00029735
0.00029735
0.00029735
0.00029735
0.00029735
0.00029735
0.00029735
0.00029735
0.00029735
0.00029735
0.00029735
0.00029735
0.00029735
0.00029735
0.00029735
0.00029735
0.00029735
0.00029735
0.00029735
0.00029735
0.00029735
0.00029735
0.00029735
0.00029735
0.00029735
0.00029735
0.00029735
0.00029735
0.00029735
0.00029735
0.00029735
0.00029735
0.00029735
0.00029735
0.00029735
0.00029735
0.00029735
0.00029735
0.00029735
0.00029735
0.00029735
0.00029735
0.00029735
0.00029735
0.00029735
0.00029735
0.00029735
0.00029735
0.00029735
0.00029735
0.00029735
0.00029735
0.00029735
0.00029735
0.00029735
0.00029735
0.00029735
0.00029735
0.00029735
0.00029735
0.00029735
0.00029735
0.00029735
0.00029735
0.00029735
0.00029735
0.00029735
0.00029735
0.00029735
0.00029735
0.00029735
0.00029735
0.00029735
0.00029735
0.00029735
0.00029735
0.00029735
0.00029735
0.00029735
0.00029735
0.00029735
0.00029735
0.00029735
0.00029735
0.00029735
0.00029735
0.00029735
0.00029735
0.00029735
0.00029735
0.00029735
0.00029735
0.00029735
0.00029735
0.00029735
0.00029735
0.00029735
0.00029735
0.00029735
0.00029735
0.00029735
0.00029735
0.00029735
0.00029735
0.00029735
0.00029735
0.00029735
0.00029735
0.00029735
0.00029735
0.00029735
0.00029735
0.00029735
0.00029735
0.00029735
0.00029735
0.00029735
0.00029735
0.00029735
0.00029735
0.00029735
0.00029735
0.00029735
0.00029735
0.00029735
0.00029735
0.00029735
0.00029735
0.00029735
0.00029735
0.00029735
0.00029735
0.00029735
0.00029735
0.00029735
0.00029735
0.00029735
0.00029735
0.00029735
0.00029735
0.00029735
0.00029735
0.00029735
0.00029735
0.00029735
0.00029735
0.00029735
0.00029735
0.00029735
0.00029735
0.00029735
0.00029735
0.00029735
0.00029735
0.00029735
0.00029735
0.00029735
0.00029735
0.00029735
0.00029735
0.00029735
0.00029735
0.00029735
0.00029735
0.00029735
0.00029735
0.00029735
0.00029735
0.00029735
0.00029735
0.00029735
0.00029735
0.00029735
0.00029735
0.00029735
0.00029735
0.00029735
0.00029735
0.00029735
0.00029735
0.00029735
0.00029735
0.00029735
0.00029735
0.00029735
0.00029735
0.00029735
0.00029735
0.00029735
0.00029735
0.00029735
0.00029735
0.00029735
0.00029735
0.00029735
0.00029735
0.00029735
0.00029735
0.00029735
0.00029735
0.00029735
0.00029735
0.00029735
0.00029735
0.00029735
0.00029735
0.00029735
0.00029735
0.00029735
0.00029735
0.00029735
0.00029735
0.00029735
0.00029735
0.00029735
0.00029735
0.00029735
0.00029735
0.00029735
0.00029735
0.00029735
0.00029735
0.00029735
0.00029735
0.00029735
0.00029735
0.00029735
0.00029735
0.00029735
0.00029735
0.00029735
0.00029735
0.00029735
0.00029735
0.00029735
0.00029735
0.00029735
0.00029735
0.00029735
0.00029735
0.00029735
0.00029735
0.00029735
0.00029735
0.00029735
0.00029735
0.00029735
0.00029735
0.00029735
0.00029735
0.00029735
0.00029735
0.00029735
0.00029735
0.00029735
0.00029735
0.00029735
0.00029735
0.00029735
0.00029735
0.00029735
0.00029735
0.00029735
0.00029735
0.00029735
0.00029735
0.00029735
0.00029735
0.00029735
0.00029735
0.00029735
0.00029735
0.00029735
0.00029735
0.00029735
0.00029735
0.00029735
0.00029735
0.00029735
0.00029735
0.00029735
0.00029735
0.00029735
0.00029735
0.00029735
0.00029735
0.00029735
0.00029735
0.00029735
0.00029735
0.00029735
0.00029735
0.00029735
0.00029735
0.00029735
0.00029735
0.00029735
0.00029735
0.00029735
0.00029735
0.00029735
0.00029735
0.00029735
0.00029735
0.00029735
0.00029735
0.00029735
0.00029735
0.00029735
0.00029735
0.00029735
0.00029735
0.00029735
0.00029735
0.00029735
0.00029735
0.00029735
0.00029735
0.00029735
0.00029735
0.00029735
0.00029735
0.00029735
0.00029735
0.00029735
0.00029735
0.00029735
0.00029735
0.00029735
0.00029735
0.00029735
0.00029735
0.00029735
0.00029735
0.00029735
0.00029735
0.00029735
0.00029735
0.00029735
0.00029735
0.00029735
0.00029735
0.00029735
0.00029735
0.00029735
0.00029735
0.00029735
0.00029735
0.00029735
0.00029735
0.00029735
0.00029735
0.00029735
0.00029735
0.00029735
0.00029735
0.00029735
0.00029735
0.00029735
0.00029735
0.00029735
0.00029735
0.00029735
0.00029735
0.00029735
0.00029735
0.00029735
0.00029735
0.00029735
0.00029735
0.00029735
0.00029735
0.00029735
0.00029735
0.00029735
0.00029735
0.00029735
0.00029735
0.00029735
0.00029735
0.00029735
0.00029735
0.00029735
0.00029735
0.00029735
0.00029735
0.00029735
0.00029735
0.00029735
0.00029735
0.00029735
0.00029735
0.00029735
0.00029735
0.00029735
0.00029735
0.00029735
0.00029735
0.00029735
0.00029735
0.00029735
0.00029735
0.00029735
0.00029735
0.00029735
0.00029735
0.00029735
0.00029735
0.00029735
0.00029735
0.00029735
0.00029735
0.00029735
0.00029735
0.00029735
0.00029735
0.00029735
0.00029735
0.00029735
0.00029735
0.00029735
0.00029735
0.00029735
0.00029735
0.00029735
0.00029735
0.00029735
0.00029735
0.00029735
0.00029735
0.00029735
0.00029735
0.00029735
0.00029735
0.00029735
0.00029735
0.00029735
0.00029735
0.00029735
0.00029735
0.00029735
0.00029735
0.00029735
0.00029735
0.00029735
0.00029735
0.00029735
0.00029735
0.00029735
0.00029735
0.00029735
0.00029735
0.00029735
0.00029735
0.00029735
0.00029735
0.00029735
0.00029735
0.00029735
0.00029735
0.00029735
0.00029735
0.00029735
0.00029735
0.00029735
0.00029735
0.00029735
0.00029735
0.00029735
0.00029735
0.00029735
0.00029735
0.00029735
0.00029735
0.00029735
0.00029735
0.00029735
0.00029735
0.00029735
0.00029735
0.00029735
0.00029735
0.00029735
0.00029735
0.00029735
0.00029735
0.00029735
0.00029735
0.00029735
0.00029735
0.00029735
0.00029735
0.00029735
0.00029735
0.00029735
0.00029735
0.00029735
0.00029735
0.00029735
0.00029735
0.00029735
0.00029735
0.00029735
0.00029735
0.00029735
0.00029735
0.00029735
0.00029735
0.00029735
0.00029735
0.00029735
0.00029735
0.00029735
0.00029735
0.00029735
0.00029735
0.00029735
0.00029735
0.00029735
0.00029735
0.00029735
0.00029735
0.00029735
0.00029735
0.00029735
0.00029735
0.00029735
0.00029735
0.00029735
0.00029735
0.00029735
0.00029735
0.00029735
0.00029735
0.00029735
0.00029735
0.00029735
0.00029735
0.00029735
0.00029735
0.00029735
0.00029735
0.00029735
0.00029735
0.00029735
0.00029735
0.00029735
0.00029735
0.00029735
0.00029735
0.00029735
0.00029735
0.00029735
0.00029735
0.00029735
0.00029735
0.00029735
0.00029735
0.00029735
0.00029735
0.00029735
0.00029735
0.00029735
0.00029735
0.00029735
0.00029735
0.00029735
0.00029735
0.00029735
0.00029735
0.00029735
0.00029735
0.00029735
0.00029735
0.00029735
0.00029735
0.00029735
0.00029735
0.00029735
0.00029735
0.00029735
0.00029735
0.00029735
0.00029735
0.00029735
0.00029735
0.00029735
0.00029735
0.00029735
0.00029735
0.00029735
0.00029735
0.00029735
0.00029735
0.00029735
0.00029735
0.00029735
0.00029735
0.00029735
0.00029735
0.00029735
0.00029735
0.00029735
0.00029735
0.00029735
0.00029735
0.00029735
0.00029735
0.00029735
0.00029735
0.00029735
0.00029735
0.00029735
0.00029735
0.00029735
0.00029735
0.00029735
0.00029735
0.00029735
0.00029735
0.00029735
0.00029735
0.00029735
0.00029735
0.00029735
0.00029735
0.00029735
0.00029735
0.00029735
0.00029735
0.00029735
0.00029735
0.00029735
0.00029735
0.00029735
0.00029735
0.00029735
0.00029735
0.00029735
0.00029735
0.00029735
0.00029735
0.00029735
0.00029735
0.00029735
0.00029735
0.00029735
0.00029735
0.00029735
0.00029735
0.00029735
0.00029735
0.00029735
0.00029735
0.00029735
0.00029735
0.00029735
0.00029735
0.00029735
0.00029735
0.00029735
0.00029735
0.00029735
0.00029735
0.00029735
0.00029735
0.00029735
0.00029735
0.00029735
0.00029735
0.00029735
0.00029735
0.00029735
0.00029735
0.00029735
0.00029735
0.00029735
0.00029735
0.00029735
0.00029735
0.00029735
0.00029735
0.00029735
0.00029735
0.00029735
0.00029735
0.00029735
0.00029735
0.00029735
0.00029735
0.00029735
0.00029735
0.00029735
0.00029735
0.00029735
0.00029735
0.00029735
0.00029735
0.00029735
0.00029735
0.00029735
0.00029735
0.00029735
0.00029735
0.00029735
0.00029735
0.00029735
0.00029735
0.00029735
0.00029735
0.00029735
0.00029735
0.00029735
0.00029735
0.00029735
0.00029735
0.00029735
0.00029735
0.00029735
0.00029735
0.00029735
0.00029735
0.00029735
0.00029735
0.00029735
0.00029735
0.00029735
0.00029735
0.00029735
0.00029735
0.00029735
0.00029735
0.00029735
0.00029735
0.00029735
0.00029735
0.00029735
0.00029735
0.00029735
0.00029735
0.00029735
0.00029735
0.00029735
0.00029735
0.00029735
0.00029735
0.00029735
0.00029735
0.00029735
0.00029735
0.00029735
0.00029735
0.00029735
0.00029735
0.00029735
0.00029735
0.00029735
0.00029735
0.00029735
0.00029735
0.00029735
0.00029735
0.00029735
0.00029735
0.00029735
0.00029735
0.00029735
0.00029735
0.00029735
0.00029735
0.00029735
0.00029735
0.00029735
0.00029735
0.00029735
0.00029735
0.00029735
0.00029735
0.00029735
0.00029735
0.00029735
0.00029735
0.00029735
0.00029735
0.00029735
0.00029735
0.00029735
0.00029735
0.00029735
0.00029735
0.00029735
0.00029735
0.00029735
0.00029735
0.00029735
0.00029735
0.00029735
0.00029735
0.00029735
0.00029735
0.00029735
0.00029735
0.00029735
0.00029735
0.00029735
0.00029735
0.00029735
0.00029735
0.00029735
0.00029735
0.00029735
0.00029735
0.00029735
0.00029735
0.00029735
0.00029735
0.00029735
0.00029735
0.00029735
0.00029735
0.00029735
0.00029735
0.00029735
0.00029735
0.00029735
0.00029735
0.00029735
0.00029735
0.00029735
0.00029735
0.00029735
0.00029735
0.00029735
0.00029735
0.00029735
0.00029735
0.00029735
0.00029735
0.00029735
0.00029735
0.00029735
0.00029735
0.00029735
0.00029735
0.00029735
0.00029735
0.00029735
0.00029735
0.00029735
0.00029735
0.00029735
0.00029735
0.00029735
0.00029735
0.00029735
0.00029735
0.00029735
0.00029735
0.00029735
0.00029735
0.00029735
0.00029735
0.00029735
0.00029735
0.00029735
0.00029735
0.00029735
0.00029735
0.00029735
0.00029735
0.00029735
0.00029735
0.00029735
0.00029735
0.00029735
0.00029735
0.00029735
0.00029735
0.00029735
0.00029735
0.00029735
0.00029735
0.00029735
0.00029735
0.00029735
0.00029735
0.00029735
0.00029735
0.00029735
0.00029735
0.00029735
0.00029735
0.00029735
0.00029735
0.00029735
0.00029735
0.00029735
0.00029735
0.00029735
0.00029735
0.00029735
0.00029735
0.00029735
0.00029735
0.00029735
0.00029735
0.00029735
0.00029735
0.00029735
0.00029735
0.00029735
0.00029735
0.00029735
0.00029735
0.00029735
0.00029735
0.00029735
0.00029735
0.00029735
0.00029735
0.00029735
0.00029735
0.00029735
0.00029735
0.00029735
0.00029735
0.00029735
0.00029735
0.00029735
0.00029735
0.00029735
0.00029735
0.00029735
0.00029735
0.00029735
0.00029735
0.00029735
0.00029735
0.00029735
0.00029735
0.00029735
0.00029735
0.00029735
0.00029735
0.00029735
0.00029735
0.00029735
0.00029735
0.00029735
0.00029735
0.00029735
0.00029735
0.00029735
0.00029735
0.00029735
0.00029735
0.00029735
0.00029735
0.00029735
0.00029735
0.00029735
0.00029735
0.00029735
0.00029735
0.00029735
0.00029735
0.00029735
0.00029735
0.00029735
0.00029735
0.00029735
0.00029735
0.00029735
0.00029735
0.00029735
0.00029735
0.00029735
0.00029735
0.00029735
0.00029735
0.00029735
0.00029735
0.00029735
0.00029735
0.00029735
0.00029735
0.00029735
0.00029735
0.00029735
0.00029735
0.00029735
0.00029735
0.00029735
0.00029735
0.00029735
0.00029735
0.00029735
0.00029735
0.00029735
0.00029735
0.00029735
0.00029735
0.00029735
0.00029735
0.00029735
0.00029735
0.00029735
0.00029735
0.00029735
0.00029735
0.00029735
0.00029735
0.00029735
0.00029735
0.00029735
0.00029735
0.00029735
0.00029735
0.00029735
0.00029735
0.00029735
0.00029735
0.00029735
0.00029735
0.00029735
0.00029735
0.00029735
0.00029735
0.00029735
0.00029735
0.00029735
0.00029735
0.00029735
0.00029735
0.00029735
0.00029735
0.00029735
0.00029735
0.00029735
0.00029735
0.00029735
0.00029735
0.00029735
0.00029735
0.00029735
0.00029735
0.00029735
0.00029735
0.00029735
0.00029735
0.00029735
0.00029735
0.00029735
0.00029735
0.00029735
0.00029735
0.00029735
0.00029735
0.00029735
0.00029735
0.00029735
0.00029735
0.00029735
0.00029735
0.00029735
0.00029735
0.00029735
0.00029735
0.00029735
0.00029735
0.00029735
0.00029735
0.00029735
0.00029735
0.00029735
0.00029735
0.00029735
0.00029735
0.00029735
0.00029735
0.00029735
0.00029735
0.00029735
0.00029735
0.00029735
0.00029735
0.00029735
0.00029735
0.00029735
0.00029735
0.00029735
0.00029735
0.00029735
0.00029735
0.00029735
0.00029735
0.00029735
0.00029735
0.00029735
0.00029735
0.00029735
0.00029735
0.00029735
0.00029735
0.00029735
0.00029735
0.00029735
0.00029735
0.00029735
0.00029735
0.00029735
0.00029735
0.00029735
0.00029735
0.00029735
0.00029735
0.00029735
0.00029735
0.00029735
0.00029735
0.00029735
0.00029735
0.00029735
0.00029735
0.00029735
0.00029735
0.00029735
0.00029735
0.00029735
0.00029735
0.00029735
0.00029735
0.00029735
0.00029735
0.00029735
0.00029735
0.00029735
0.00029735
0.00029735
0.00029735
0.00029735
0.00029735
0.00029735
0.00029735
0.00029735
0.00029735
0.00029735
0.00029735
0.00029735
0.00029735
0.00029735
0.00029735
0.00029735
0.00029735
0.00029735
0.00029735
0.00029735
0.00029735
0.00029735
0.00029735
0.00029735
0.00029735
0.00029735
0.00029735
0.00029735
0.00029735
0.00029735
0.00029735
0.00029735
0.00029735
0.00029735
0.00029735
0.00029735
0.00029735
0.00029735
0.00029735
0.00029735
0.00029735
0.00029735
0.00029735
0.00029735
0.00029735
0.00029735
0.00029735
0.00029735
0.00029735
0.00029735
0.00029735
0.00029735
0.00029735
0.00029735
0.00029735
0.00029735
0.00029735
0.00029735
0.00029735
0.00029735
0.00029735
0.00029735
0.00029735
0.00029735
0.00029735
0.00029735
0.00029735
0.00029735
0.00029735
0.00029735
0.00029735
0.00029735
0.00029735
0.00029735
0.00029735
0.00029735
0.00029735
0.00029735
0.00029735
0.00029735
0.00029735
0.00029735
0.00029735
0.00029735
0.00029735
0.00029735
0.00029735
0.00029735
0.00029735
0.00029735
0.00029735
0.00029735
0.00029735
0.00029735
0.00029735
0.00029735
0.00029735
0.00029735
0.00029735
0.00029735
0.00029735
0.00029735
0.00029735
0.00029735
0.00029735
0.00029735
0.00029735
0.00029735
0.00029735
0.00029735
0.00029735
0.00029735
0.00029735
0.00029735
0.00029735
0.00029735
0.00029735
0.00029735
0.00029735
0.00029735
0.00029735
0.00029735
0.00029735
0.00029735
0.00029735
0.00029735
0.00029735
0.00029735
0.00029735
0.00029735
0.00029735
0.00029735
0.00029735
0.00029735
0.00029735
0.00029735
0.00029735
0.00029735
0.00029735
0.00029735
0.00029735
0.00029735
0.00029735
0.00029735
0.00029735
0.00029735
0.00029735
0.00029735
0.00029735
0.00029735
0.00029735
0.00029735
0.00029735
0.00029735
0.00029735
0.00029735
0.00029735
0.00029735
0.00029735
0.00029735
0.00029735
0.00029735
0.00029735
0.00029735
0.00029735
0.00029735
0.00029735
0.00029735
0.00029735
0.00029735
0.00029735
0.00029735
0.00029735
0.00029735
0.00029735
0.00029735
0.00029735
0.00029735
0.00029735
0.00029735
0.00029735
0.00029735
0.00029735
0.00029735
0.00029735
0.00029735
0.00029735
0.00029735
0.00029735
0.00029735
0.00029735
0.00029735
0.00029735
0.00029735
0.00029735
0.00029735
0.00029735
0.00029735
0.00029735
0.00029735
0.00029735
0.00029735
0.00029735
0.00029735
0.00029735
0.00029735
0.00029735
0.00029735
0.00029735
0.00029735
0.00029735
0.00029735
0.00029735
0.00029735
0.00029735
0.00029735
0.00029735
0.00029735
0.00029735
0.00029735
0.00029735
0.00029735
0.00029735
0.00029735
0.00029735
0.00029735
0.00029735
0.00029735
0.00029735
0.00029735
0.00029735
0.00029735
0.00029735
0.00029735
0.00029735
0.00029735
0.00029735
0.00029735
0.00029735
0.00029735
0.00029735
0.00029735
0.00029735
0.00029735
0.00029735
0.00029735
0.00029735
0.00029735
0.00029735
0.00029735
0.00029735
0.00029735
0.00029735
0.00029735
0.00029735
0.00029735
0.00029735
0.00029735
0.00029735
0.00029735
0.00029735
0.00029735
0.00029735
0.00029735
0.00029735
0.00029735
0.00029735
0.00029735
0.00029735
0.00029735
0.00029735
0.00029735
0.00029735
0.00029735
0.00029735
0.00029735
0.00029735
0.00029735
0.00029735
0.00029735
0.00029735
0.00029735
0.00029735
0.00029735
0.00029735
0.00029735
0.00029735
0.00029735
0.00029735
0.00029735
0.00029735
0.00029735
0.00029735
0.00029735
0.00029735
0.00029735
0.00029735
0.00029735
0.00029735
0.00029735
0.00029735
0.00029735
0.00029735
0.00029735
0.00029735
0.00029735
0.00029735
0.00029735
0.00029735
0.00029735
0.00029735
0.00029735
0.00029735
0.00029735
0.00029735
0.00029735
0.00029735
0.00029735
0.00029735
0.00029735
0.00029735
0.00029735
0.00029735
0.00029735
0.00029735
0.00029735
0.00029735
0.00029735
0.00029735
0.00029735
0.00029735
0.00029735
0.00029735
0.00029735
0.00029735
0.00029735
0.00029735
0.00029735
0.00029735
0.00029735
0.00029735
0.00029735
0.00029735
0.00029735
0.00029735
0.00029735
0.00029735
0.00029735
0.00029735
0.00029735
0.00029735
0.00029735
0.00029735
0.00029735
0.00029735
0.00029735
0.00029735
0.00029735
0.00029735
0.00029735
0.00029735
0.00029735
0.00029735
0.00029735
0.00029735
0.00029735
0.00029735
0.00029735
0.00029735
0.00029735
0.00029735
0.00029735
0.00029735
0.00029735
0.00029735
0.00029735
0.00029735
0.00029735
0.00029735
0.00029735
0.00029735
0.00029735
0.00029735
0.00029735
0.00029735
0.00029735
0.00029735
0.00029735
0.00029735
0.00029735
0.00029735
0.00029735
0.00029735
0.00029735
0.00029735
0.00029735
0.00029735
0.00029735
0.00029735
0.00029735
0.00029735
0.00029735
0.00029735
0.00029735
0.00029735
0.00029735
0.00029735
0.00029735
0.00029735
0.00029735
0.00029735
0.00029735
0.00029735
0.00029735
0.00029735
0.00029735
0.00029735
0.00029735
0.00029735
0.00029735
0.00029735
0.00029735
0.00029735
0.00029735
0.00029735
0.00029735
0.00029735
0.00029735
0.00029735
0.00029735
0.00029735
0.00029735
0.00029735
0.00029735
0.00029735
0.00029735
0.00029735
0.00029735
0.00029735
0.00029735
0.00029735
0.00029735
0.00029735
0.00029735
0.00029735
0.00029735
0.00029735
0.00029735
0.00029735
0.00029735
0.00029735
0.00029735
0.00029735
0.00029735
0.00029735
0.00029735
0.00029735
0.00029735
0.00029735
0.00029735
0.00029735
0.00029735
0.00029735
0.00029735
0.00029735
0.00029735
0.00029735
0.00029735
0.00029735
0.00029735
0.00029735
0.00029735
0.00029735
0.00029735
0.00029735
0.00029735
0.00029735
0.00029735
0.00029735
0.00029735
0.00029735
0.00029735
0.00029735
0.00029735
0.00029735
0.00029735
0.00029735
0.00029735
0.00029735
0.00029735
0.00029735
0.00029735
0.00029735
0.00029735
0.00029735
0.00029735
0.00029735
0.00029735
0.00029735
0.00029735
0.00029735
0.00029735
0.00029735
0.00029735
0.00029735
0.00029735
0.00029735
0.00029735
0.00029735
0.00029735
0.00029735
0.00029735
0.00029735
0.00029735
0.00029735
0.00029735
0.00029735
0.00029735
0.00029735
0.00029735
0.00029735
0.00029735
0.00029735
0.00029735
0.00029735
0.00029735
0.00029735
0.00029735
0.00029735
0.00029735
0.00029735
0.00029735
0.00029735
0.00029735
0.00029735
0.00029735
0.00029735
0.00029735
0.00029735
0.00029735
0.00029735
0.00029735
0.00029735
0.00029735
0.00029735
0.00029735
0.00029735
0.00029735
0.00029735
