425
486
375
77
411
250
178
408
95
444
459
501
306
183
449
294
345
155
231
334
182
30
302
433
344
72
494
462
208
350
75
65
337
290
210
84
403
76
341
315
310
213
359
351
185
292
120
217
307
164
199
463
471
257
241
31
260
163
369
424
176
3
227
415
160
146
99
98
186
188
288
378
71
376
112
387
122
401
402
331
386
152
319
153
317
282
413
324
419
220
139
201
200
340
364
275
479
451
254
253
272
474
245
38
43
365
23
251
109
478
205
456
232
233
445
277
148
133
132
300
5
440
129
389
328
303
490
170
42
418
326
394
405
329
278
428
127
383
25
355
194
323
410
100
101
452
354
335
171
308
406
4
106
59
447
268
167
400
6
74
311
