238
791
545
291
471
1052
505
889
6
1064
717
788
130
212
1051
951
773
420
917
601
45
102
907
700
1104
481
195
112
147
516
765
482
975
1033
615
556
567
709
949
436
239
398
673
899
1016
118
177
327
401
603
1018
41
457
193
854
332
411
329
675
69
139
772
976
283
44
1076
88
551
433
497
1122
1066
927
24
761
279
806
560
109
488
27
26
753
943
450
265
394
864
344
693
111
422
413
197
206
830
683
526
1037
986
1093
174
303
51
223
68
894
243
263
574
585
1130
1060
1057
1106
847
1035
392
527
759
690
251
726
479
264
307
748
1024
20
115
767
779
288
286
763
89
571
8
74
528
82
861
646
952
696
565
250
641
643
247
644
244
650
651
215
210
209
555
554
783
787
204
361
202
201
412
825
823
810
515
187
809
808
190
804
801
386
832
831
324
171
172
483
794
320
180
491
369
158
458
160
305
465
466
475
166
167
477
349
857
849
451
149
290
452
835
453
287
156
282
875
133
869
444
136
866
447
140
141
448
722
884
257
256
120
878
253
438
128
885
449
712
910
908
407
418
419
887
233
912
229
226
702
535
531
508
199
496
211
404
99
214
402
385
73
391
626
725
375
954
710
956
969
372
228
549
157
85
542
918
920
928
929
931
552
970
33
350
619
353
1019
1014
43
1004
1001
610
131
627
562
1068
1067
671
1062
629
972
569
334
294
578
934
637
639
1080
298
14
1085
93
592
997
662
1131
476
489
492
510
523
544
561
577
0
790
1045
19
1034
292
834
225
1101
826
355
300
266
426
220
432
443
950
955
455
186
730
308
261
25
799
833
529
345
1087
67
241
660
1118
1000
1036
106
268
270
1042
883
798
881
653
738
939
588
752
46
621
179
309
575
845
691
319
666
373
895
649
83
362
71
876
64
352
838
165
315
703
1011
1022
778
379
901
258
533
579
1107
827
54
667
232
781
605
31
1108
905
548
623
1092
360
421
58
424
60
633
1021
399
919
259
620
301
631
299
924
138
107
984
1029
947
1114
867
248
323
322
1030
694
613
1116
766
143
163
504
1121
678
