1.00000000
0.84206040
0.74624086
0.68411837
0.58768902
0.50572494
0.41432435
0.35139647
0.30151011
0.26895669
0.24702238
0.21764671
0.19119763
0.16625209
0.14144044
0.12977502
0.11565894
0.10204831
0.07929500
0.06736308
0.05004665
0.04059330
0.02636997
0.01765444
0.00644142
0.00463920
0.00231793
0.00149974
0.00140713
0.00133206
0.00127809
0.00122919
0.00118491
0.00086167
0.00081047
0.00074600
0.00071314
0.00065248
0.00051802
0.00045713
0.00041746
0.00034573
0.00031598
0.00028599
0.00025993
0.00024217
0.00023225
0.00022176
0.00021992
0.00021772
0.00020550
0.00018440
0.00017275
0.00016571
0.00015833
0.00014876
0.00014023
0.00013539
0.00013366
0.00013250
0.00012351
0.00012132
0.00011947
0.00011059
0.00010483
0.00009987
0.00008707
0.00008222
0.00008003
0.00006873
0.00005997
0.00005605
0.00005409
0.00005282
0.00004959
0.00004117
0.00003921
0.00003794
0.00003667
0.00002698
0.00002479
0.00002364
0.00002329
0.00002203
0.00001845
0.00001603
0.00001488
0.00001418
0.00001245
0.00000934
0.00000588
0.00000484
0.00000311
0.00000161
0.00000069
0.00000046
0.00000012
0.00000000
