1.00000000
0.86255046
0.78980821
0.72330077
0.66517104
0.61010509
0.56384201
0.51993220
0.47995026
0.43931825
0.40611024
0.36824692
0.33884840
0.30428617
0.27166239
0.24139481
0.21118960
0.18058752
0.15140287
0.12177579
0.09637063
0.07434114
0.05483594
0.03989526
0.02511917
0.00872457
0.00416809
0.00155541
0.00076112
0.00039718
0.00030676
0.00021986
0.00020028
0.00018736
0.00015576
0.00013446
0.00012289
0.00012124
0.00011449
0.00010408
0.00008937
0.00008033
0.00007465
0.00007383
0.00006902
0.00006818
0.00006508
0.00005991
0.00005427
0.00005309
0.00004940
0.00004973
0.00004900
0.00004836
0.00004602
0.00004393
0.00004256
0.00004164
0.00004242
0.00004100
0.00004151
0.00004022
0.00004060
0.00004077
0.00004103
0.00004159
0.00004200
0.00004335
0.00004421
0.00004543
0.00004342
0.00004294
0.00004411
0.00004421
0.00004452
0.00004355
0.00004504
0.00004225
0.00004448
0.00004419
0.00004408
0.00004166
0.00004395
0.00004473
0.00004311
0.00004372
0.00004761
0.00004459
0.00005006
0.00004296
0.00003506
0.00002577
0.00002187
0.00000887
0.00000359
0.00000085
0.00000000
