1.00000000
0.99015606
0.98031212
0.97046819
0.96062425
0.95078031
0.94093637
0.93109244
0.92124850
0.91140456
0.90156062
0.89171669
0.88187275
0.87202881
0.86218487
0.85234094
0.84249700
0.83265306
0.82280912
0.81296519
0.80312125
0.79327731
0.78343337
0.77358944
0.76374550
0.75390156
0.74405762
0.73421369
0.72436975
0.71452581
0.70468187
0.69483794
0.68499400
0.67515006
0.66530612
0.65546218
0.64561825
0.63577431
0.62593037
0.61608643
0.60624250
0.59639856
0.58655462
0.57671068
0.56686675
0.55702281
0.54717887
0.53733493
0.52749100
0.51764706
0.50756303
0.49747899
0.48739496
0.47755102
0.46770708
0.45786315
0.44801921
0.43817527
0.42833133
0.41848739
0.40864346
0.39879952
0.38895558
0.37911164
0.36926771
0.35942377
0.34957983
0.33973589
0.32989196
0.32004802
0.31020408
0.30036014
0.29051621
0.28067227
0.27082833
0.26098439
0.25114046
0.24129652
0.23145258
0.22160864
0.21176471
0.20192077
0.19207683
0.18223289
0.17238896
0.16254502
0.15270108
0.14285714
0.13301321
0.12316927
0.11332533
0.10348139
0.09363745
0.08355342
0.07370948
0.06386555
0.05402161
0.04417767
0.03433373
0.02448980
0.01464586
0.00480192
0.00024010
