1.00000000
0.99001754
0.98003507
0.97005261
0.96007015
0.95008768
0.94010522
0.93012276
0.92014029
0.91015783
0.90017537
0.89019290
0.88021044
0.87022798
0.86024551
0.85026305
0.84028059
0.83029812
0.82031566
0.81033320
0.80035074
0.79036827
0.78038581
0.77040335
0.76042088
0.75043842
0.74045596
0.73047349
0.72049103
0.71050857
0.70052610
0.69054364
0.68056118
0.67057871
0.66059625
0.65061379
0.64063132
0.63064886
0.62066640
0.61068393
0.60070147
0.59071901
0.58073654
0.57075408
0.56077162
0.55078915
0.54080669
0.53082423
0.52084176
0.51085930
0.50087684
0.49089437
0.48087819
0.47089572
0.46091326
0.45093080
0.44094833
0.43096587
0.42098341
0.41100094
0.40101848
0.39103602
0.38105355
0.37107109
0.36108863
0.35110616
0.34112370
0.33114124
0.32115878
0.31117631
0.30119385
0.29121139
0.28122892
0.27124646
0.26126400
0.25128153
0.24129907
0.23131661
0.22133414
0.21135168
0.20136922
0.19138675
0.18140429
0.17142183
0.16143936
0.15145690
0.14147444
0.13149197
0.12150951
0.11152705
0.10154458
0.09156212
0.08157966
0.07159719
0.06161473
0.05163227
0.04164980
0.03166734
0.02168488
0.01170241
0.00171995
0.00003372
