12391
15354
6500
6521
13287
2591
1767
3545
8134
4152
2163
9047
8017
5824
1272
4872
13412
15143
2804
13711
12200
7764
6302
1757
3541
3263
10817
3589
7375
11690
838
13963
9798
6984
3677
930
3023
7331
2896
5883
8555
13884
22936
8310
19253
23090
3954
1653
2261
5021
1613
15485
38
4233
941
5585
11674
3260
16191
9667
2339
5110
3681
10965
4031
9343
6131
13504
2563
8449
7372
21645
2762
16706
13372
3713
5213
16240
4271
9923
8116
2052
1922
6615
10606
165
4129
22730
4629
332
8418
4848
3550
13706
5128
4818
3010
1383
1988
9818
298
10074
21937
13200
1239
6942
1759
7505
5225
1827
6465
12569
9872
5026
5338
12584
3821
9883
17253
1500
11119
7399
3546
395
9324
5146
2149
1004
4337
303
6242
14505
2588
14530
852
6699
504
8859
11171
9584
7228
9974
15837
6187
11655
9578
6975
3452
1637
3492
10543
940
1913
2944
2162
5495
13220
10643
22428
953
390
2850
19
6413
8286
7992
5967
6088
20078
9158
10458
5163
4889
10847
5894
1943
3575
18444
2326
1502
3743
5087
6220
1470
1974
16335
11957
10575
2046
5289
510
9278
2987
4436
2651
4105
14407
2136
15892
16163
11854
6534
5002
9463
1020
19297
5899
3480
8596
823
13654
9069
3643
3531
2549
5022
8169
12697
9523
7322
5827
3040
12587
3068
8118
6064
11027
15548
18379
11559
3652
4920
1434
928
3759
220
24447
12677
5039
6524
13161
2539
21346
10902
11345
10595
5907
11672
1194
2007
4206
3858
12287
2843
3785
7296
4813
18270
3625
6533
12715
5490
9569
7834
8421
1636
4150
808
3948
2309
9467
4684
1197
6082
2294
279
1180
14196
5330
9361
3076
5903
5379
1001
16292
12770
1130
5603
512
5999
4938
8550
9725
5125
2596
1295
1261
2820
3775
3049
2622
602
16160
4245
19315
1172
2604
2584
1376
14522
1210
5398
4741
842
4731
4135
4670
322
14541
376
10218
2216
12404
14886
17509
4944
9724
4907
12639
1751
4572
167
12084
1578
4855
6703
14301
18115
6365
1579
7133
3338
21019
5959
1224
2268
7752
12378
12617
5143
5485
4452
3750
4906
8734
12318
3261
1407
20492
7533
5193
6519
8826
2068
3669
9868
5719
7341
5334
5150
16839
15663
2204
9236
5158
1601
2044
13845
8711
2796
9699
7605
3030
2051
17405
4528
3511
4584
27
15591
1007
6018
2369
7337
4244
2475
7747
2342
5293
10369
16433
8670
5153
15401
12208
638
14467
6784
13724
382
8235
1035
8400
4443
7746
5867
6015
3456
2643
3934
4669
9468
1232
13366
3696
160
6683
25223
9871
9455
16212
1112
15164
472
3218
15177
3372
224
11613
9855
9014
7499
847
8578
9323
1308
1283
4380
4219
11316
11898
10947
5940
4276
4968
1173
4133
4115
362
7488
9794
1175
290
5697
1776
6714
2469
4895
7751
10949
1955
9617
1589
5220
7609
7942
8542
4034
2646
515
337
2451
3796
5896
11196
14200
4423
4472
3212
8346
8675
4665
5226
3166
379
421
3033
4117
13534
225
1493
6578
2491
2078
1596
15903
6093
718
14356
4395
6239
4087
4354
3649
3339
12546
6766
1179
11685
1196
2669
642
18512
8737
7512
9999
10025
18601
815
12065
4642
666
1293
13447
2984
15944
12047
4211
3782
8536
11109
1959
5121
4290
20731
6595
9
12517
3624
6490
639
15536
9085
6948
8538
6509
11167
12062
11547
9363
4626
3651
4210
1731
5013
5996
15028
2756
4127
647
1350
2166
7492
192
10068
5950
9625
4261
854
12613
8975
7294
10160
4587
1412
5517
8565
4155
9267
949
7577
6622
20052
10774
15539
16818
6081
24782
12292
3662
14481
14438
24113
11011
6545
7011
15168
15094
11327
10314
19159
11582
13830
17129
2782
455
3423
8092
3522
1779
668
7291
3780
18564
23706
5261
4158
5145
2866
851
1656
2456
1257
3069
7196
11169
7246
6203
8470
1458
274
9825
6526
21128
1638
21477
186
8325
8972
12714
3287
12016
3454
764
1253
7976
10852
16757
6457
11682
790
213
17771
4033
22062
12826
79
11053
3093
9683
1743
5017
9661
6295
1052
4547
3582
15017
15083
985
8061
14849
1930
6000
6451
4677
9910
7132
9394
12405
5113
11773
16921
3848
12438
5203
9734
12398
2569
5448
11207
13840
19928
657
2053
7570
23639
4461
1917
1504
1067
6290
6818
20374
4057
12861
5442
3621
7729
3819
2620
6348
451
3645
31
10056
14021
779
21754
13414
2605
11084
3029
2713
4976
6866
8207
656
5924
15166
8389
1168
10958
9788
2238
22515
20305
15337
12407
5892
284
9574
8157
486
5542
296
4502
18646
1071
14986
8979
10432
24545
8938
15704
8686
6480
14003
4234
14748
385
2526
3204
3494
8387
7860
112
219
5227
11403
1545
4445
4983
15629
11472
6871
4615
7482
8708
1716
14039
5262
2458
10836
6580
14329
5201
6139
6728
21289
14792
5488
10133
17964
10333
10387
2874
8249
6532
5256
1269
5438
7071
3099
85
7579
6664
508
108
11385
2725
11583
3213
15093
15191
10409
11696
7489
420
1159
7334
4258
1806
12021
15813
10765
4405
20164
6308
16090
16828
5399
10788
1235
12646
10385
1348
11988
1153
15290
8291
5718
5266
6489
1082
9875
8477
3925
5637
10293
4515
345
9034
3560
5117
766
1510
1216
13439
1522
2121
2561
9783
18158
5237
6049
22566
17625
2586
1242
6301
3314
15048
13207
10098
1991
2407
15958
5411
22438
1501
9656
14496
1753
8276
18323
3479
5991
14363
16659
3538
1836
18277
13998
14113
3442
8283
19734
10244
12948
11046
23985
7707
15531
2058
17109
10886
15675
15353
13304
1870
17478
8775
12518
8024
3628
1343
16599
21114
11578
11002
10562
21590
4089
7521
7901
3849
16108
9237
1206
8453
10126
7491
922
271
13509
11789
4166
5133
3893
14259
661
10065
11146
13462
3969
6287
20129
1524
3209
6978
7439
9155
4794
8245
13886
20349
17925
12883
11190
194
10741
8388
8669
18667
4427
13289
5715
11742
4260
5149
16338
10984
7064
5995
2842
11580
1923
9682
14989
13788
14309
270
1178
4239
1664
4882
7782
20929
12348
2284
260
14489
14276
11328
3646
888
1542
10032
3045
13979
6535
9888
12514
703
4773
128
17921
239
16682
18387
8702
10996
4254
3705
551
2292
946
17947
9486
5908
7119
8649
14942
6663
1868
9197
8003
7023
8673
13103
1271
4680
10767
2329
9576
2828
19932
10024
7928
22506
5041
5224
9940
6214
3706
9750
1145
2860
2203
1381
7340
1898
8348
6421
1274
1278
5932
791
11034
15399
5599
2473
17226
3034
4574
2042
1657
82
3066
2004
1024
1150
12314
403
13722
9879
561
6197
3960
19199
4685
11318
2045
6307
3506
889
1543
5372
18308
2340
10916
16465
22217
1157
10009
11675
13740
1877
11047
3760
21539
1820
1085
10449
4130
18878
7709
25562
12908
17123
3487
71
2141
9395
13005
4358
22511
15172
12641
3434
6570
1228
1365
407
18020
67
21187
5450
3626
14742
3763
217
8672
2614
14978
3595
23168
6512
4729
10739
11793
9903
23293
4477
20
2082
8784
6121
4001
13458
5632
10957
2347
19158
14229
14805
3841
927
214
10775
1164
973
2494
19713
1916
389
6514
9570
2798
10770
9964
15179
8130
4432
17414
16668
11013
23161
19277
3685
10781
6076
18413
10402
1967
5601
22633
3108
25799
5160
2882
19489
15811
11794
9089
195
1289
9028
3104
17412
22012
11040
18035
24450
14517
19363
4874
4431
12940
13467
17403
4529
1341
9624
8912
20471
1139
14640
2618
6639
16998
12679
10380
21498
7033
3404
5700
10103
7655
23437
22307
11348
2777
10691
3543
10983
2888
18702
2534
13876
7267
3726
13326
9920
11679
18144
7280
6147
18060
8136
12855
10928
18943
3950
4982
1605
5233
5526
13126
12099
12317
3846
3220
8234
6486
15161
9477
4648
5650
7867
10206
17690
123
16842
10858
1760
13619
1070
9435
21871
10211
1077
11621
12547
2942
2159
3529
6999
7704
9341
9979
4215
2913
9059
736
13834
6432
17548
5728
2977
17590
9064
22229
4273
7652
3701
17336
10453
5394
10753
5172
13962
5869
9689
1801
16344
5912
6848
1763
4508
4486
1102
8907
2142
1553
8133
10969
867
7528
3663
6647
2536
5846
5987
17192
9016
7671
14026
3874
964
3733
5127
18843
461
10092
2462
19223
19860
6860
999
2609
3860
21171
2658
3815
12393
10782
12069
399
1294
10851
5063
3932
22714
12267
6069
10194
8667
767
20648
10923
8137
1615
1583
4392
254
7777
1021
4509
8905
1918
3839
1087
16281
19852
11001
17340
17115
10010
6044
5949
16274
20501
1803
4795
16119
3609
9071
6806
2421
104
19766
16161
5333
7240
737
6523
25694
789
11199
4754
646
16098
13885
6777
5359
10714
1633
8778
23017
2476
7876
7940
1594
2413
14153
1626
27353
1146
6938
20149
5429
10491
6701
8598
13762
9571
12975
12985
14537
7767
706
21901
15317
11307
3219
17339
5210
3077
8263
6741
3109
106
5817
2969
9820
1643
1568
613
7409
26709
5626
7927
6227
1022
13134
9784
3591
1813
2791
4248
15854
3483
17292
8446
18933
4492
18345
17584
21517
20625
27070
4720
15095
19802
2040
22029
24505
18439
15117
8873
4865
10442
7926
8429
14515
3061
24453
541
20707
7975
20216
10633
3527
4988
23165
3835
890
21802
7658
7732
11116
14893
17361
2437
229
10674
29024
9216
8362
11044
14034
17102
20002
4463
3024
19840
3647
3379
10806
1166
1911
22277
5102
11195
22022
9728
1324
8726
7743
8176
319
12690
7381
12768
13605
3711
14202
25617
2510
5461
7180
9397
3676
5684
5587
5122
3236
12949
18342
7784
7862
12061
17316
11979
1298
14316
9215
14045
3201
5613
13792
8955
5983
15022
4295
14649
2698
4781
977
10398
7840
6038
11351
7164
4400
537
22241
4184
3540
1599
6253
2247
2733
907
23362
431
1171
8607
3834
3000
20763
12967
10726
7833
18690
107
3453
14862
4460
11247
12221
481
18851
157
2710
16754
17080
4298
4837
1468
5934
9515
13866
12970
11670
6311
3246
16133
2067
25242
11260
14115
18653
6322
251
5609
9105
11226
6344
8426
18885
24256
13152
2381
7670
22634
8115
7612
3193
15930
15488
2668
22845
1258
2797
1208
812
9639
109
7158
1292
7108
3390
1973
1079
2398
6083
1480
64
10980
17148
24553
3439
1549
8448
7837
12588
12197
3457
1237
2484
10325
8745
1174
20092
8539
7051
2695
3472
8368
20171
26853
6583
16535
15139
2876
14312
2715
24830
554
16299
6341
6842
11986
2367
1932
5375
12875
4734
1401
4694
255
2130
17685
14466
11163
4205
1140
3847
6123
2822
6737
10335
10129
81
3979
4391
1126
2508
1241
2931
11554
12159
11539
8392
22710
11407
9371
7197
12201
12585
2507
380
2245
1852
16278
2246
3152
4771
7931
1290
10113
8479
20634
11251
196
1044
9716
15522
8292
6153
19479
27061
17534
12695
6957
6217
19721
9577
9233
2772
18239
19565
6506
2308
4485
18344
801
15426
12935
2994
17362
22025
15400
7759
5691
6035
2522
7146
5933
8837
1758
25710
23632
4131
5444
17013
25082
6400
2940
5572
2242
6854
6822
9482
8394
1030
10822
6267
281
21504
7817
17597
3850
9781
387
16898
17140
13835
6624
12522
3298
25253
14325
24678
369
3051
15269
13601
1081
785
6861
10309
5381
28294
2848
15314
9805
16798
1457
14022
7026
4511
4015
10574
3963
3264
2032
22889
19740
6862
5506
19120
5116
4866
2562
5890
9461
23862
7339
5480
18692
11362
19546
16170
1036
4011
4322
4120
6997
25917
7640
7531
1828
8486
10668
11030
5692
1728
3984
15605
2137
7845
4030
16448
14532
7761
4532
22073
10799
22196
11477
11802
10850
27163
21299
532
27524
3203
16104
1273
6904
6278
23193
19250
3134
13670
4401
6007
1193
14900
5247
15021
1512
8199
6952
10876
10564
6318
8867
6484
793
2979
7210
19428
8478
306
8830
21345
5976
17537
16374
7740
14966
3967
5405
14287
7092
4520
2408
2391
5604
17009
1782
9152
4692
8020
16813
5392
3107
17588
806
11712
5371
13421
17003
1181
1619
7465
4071
6898
11878
1051
25779
7155
1958
27884
1771
8266
2664
2029
8569
7769
2960
9545
2441
25605
413
1346
19879
11677
4980
15681
17931
15848
6154
9599
2841
3463
2244
23626
2935
4398
484
9226
12771
8647
2671
25835
17700
1880
1933
7245
899
1717
5835
581
2783
18515
10037
2071
11054
9401
24048
14749
9594
10086
4042
3674
23277
1009
4126
3328
9078
8557
14240
4037
2537
11378
8823
10536
7032
6494
6614
8243
9895
2970
1191
2146
14199
4265
9137
5738
2937
4237
827
11296
4373
1713
3005
16770
1127
4905
3047
3262
9622
11088
9222
1190
13918
1929
780
24316
12333
12186
1517
10340
13144
2968
14117
5248
17589
21675
9255
238
14048
6254
10282
24501
17220
22862
3435
1015
21615
7625
6751
7106
8054
5844
14322
3885
488
4385
12652
18500
11486
14707
7495
8344
14956
10939
316
25886
2800
2608
10784
13369
1006
25625
8408
1625
10604
8715
6601
1162
1248
10254
7778
11839
21613
12775
9909
13404
9717
6883
10422
105
5938
15167
12395
2830
12249
1357
429
6511
13221
624
6562
6504
728
15525
4174
5815
11609
8855
12079
80
13989
9298
669
241
6923
19263
7877
9722
1672
19066
14853
3344
24513
19873
556
3619
2419
14450
12846
5074
18519
19312
16597
8038
13
8034
4804
18307
17105
11620
13772
4169
10350
834
2505
5624
8023
19817
12222
4187
6427
12508
2559
17364
14384
12298
2621
14099
566
4582
11380
16666
5413
2080
4128
8968
10241
26838
20367
4763
2013
2527
9232
12072
3418
15878
7682
11432
12334
5139
836
1420
7924
9551
2663
989
8210
3055
2077
1573
24578
168
9703
20096
14855
12552
16542
4639
932
2498
5369
3723
343
25837
6224
3070
15664
14596
4975
9595
11311
1569
3311
787
9700
15126
10000
9274
5672
4581
13174
2613
1437
10583
1513
9990
2252
14602
4814
21931
15120
4108
11650
3460
4759
12833
5885
16067
2123
16585
4124
3474
2514
14289
15941
16562
3171
3680
1604
2685
19978
8722
10528
10284
5802
2154
1920
13342
13265
6831
14658
23806
1823
1462
13442
3588
1373
6233
23088
14129
26945
6350
8285
12299
19043
15053
18001
12913
17542
691
12108
24071
143
23645
15430
15018
4939
9729
13382
11563
13693
792
9434
14433
550
11261
1142
2755
632
1651
4064
5397
5780
19677
1807
6943
1313
1824
300
21526
2996
9224
10331
3283
3400
1910
6693
7608
199
17835
17833
13020
10454
5292
10354
10027
18320
14526
25729
24124
1936
21813
22254
16561
2416
4836
17395
12701
9885
9342
11245
202
4021
1946
21782
8582
15146
2231
19198
22872
1866
13479
3764
14987
18319
10159
12504
9823
7366
17737
5685
5787
1323
10112
5031
1957
16038
4867
18274
15130
7545
16774
10929
7065
6505
13105
15532
5463
1696
5993
9157
19780
10985
7919
6619
8398
18939
23839
5282
4367
7114
1529
1532
14508
20699
27315
7031
14734
6089
4896
6857
12651
3098
14498
20336
7575
11915
19685
2675
4543
3316
13138
1766
7681
5457
3217
3836
14518
6091
7061
9466
643
22018
7864
3466
11360
13354
3301
2212
13275
23621
9396
4964
134
3273
538
17755
18988
18707
26741
12030
7358
17898
7576
6246
1526
11237
13024
10785
18021
5621
10737
1430
35
7918
18704
12978
15636
12626
13452
18762
6066
26749
803
14842
8885
5682
1686
10096
7129
2691
9045
4222
20281
1822
1349
1451
8591
16550
4177
14222
3177
6636
4468
4691
3783
18730
12817
10810
19775
15917
1347
19042
2495
12324
7564
8987
11895
5893
2041
189
12853
17181
4861
5660
1406
2449
16422
7770
12821
53
5467
3360
13463
3514
10786
7547
16347
530
4859
9712
73
16435
7663
15818
20969
14043
20532
5255
10818
3417
12087
15537
6325
6286
7815
3689
14840
25518
17415
559
2934
2697
8253
14690
1970
4121
5456
20587
4831
14497
4066
687
2452
5515
13260
7619
16490
2499
6230
3638
14697
9496
25084
14025
4881
14394
2583
13182
8584
17591
6202
15544
16695
11194
12281
2061
24703
10789
6065
18328
4272
5775
11752
228
3240
8026
393
10052
3027
4985
10992
166
2915
8963
4084
12368
4259
926
8393
10329
15616
4789
18671
1631
4510
7783
7698
22502
2627
23921
1987
450
5079
2726
1075
5540
8316
16699
10955
26631
2714
8613
15006
539
15461
9087
15815
21609
14369
29013
6865
18828
14303
11748
14237
8349
18837
8663
3955
17195
24922
464
19924
13709
8995
2606
2010
13379
13169
1562
13097
4347
5196
13590
23196
14232
11335
6970
2305
1455
1791
5014
20582
26779
10587
6284
5306
15952
5494
2576
17061
1937
5594
8241
3094
15840
1737
1177
269
19262
4476
3345
7066
11412
864
9543
7480
1498
97
9198
10095
2758
4925
23753
8488
10022
25102
611
5605
9204
14328
7668
11654
4586
14054
13140
771
9732
16123
12020
6513
15739
12898
24723
7115
23128
2903
19070
13776
9587
11798
500
277
2271
4969
2225
5108
47
312
13789
9195
5769
8039
708
27037
8318
1032
12707
4399
13435
4008
12198
3670
20728
8014
16103
757
8735
19865
12907
16876
11638
10258
17063
11112
1025
15558
8066
7125
15555
7584
23684
11350
18483
23886
11734
7309
11127
10986
7389
13425
5713
10482
11883
14788
15880
6584
21740
14619
11814
9289
2300
15262
7970
20840
17527
10658
2928
13701
15434
14514
14501
10693
1109
8332
5733
14098
28002
4095
3508
13327
3038
1486
5236
3482
7151
1005
14332
7580
15240
5403
7558
25136
25755
10702
1954
14449
16003
13645
9073
18343
19616
3053
19695
5592
16229
13956
10044
11514
19466
9430
3710
6618
4959
7469
16690
23905
3190
10400
5075
21838
2694
11019
6908
2748
4541
17926
11453
10415
1706
8044
11273
6641
11739
6517
17569
7198
13914
850
15672
11974
7117
27234
8201
1739
4965
4523
11561
16957
20791
9210
7081
3111
17659
26873
9364
15256
3944
12425
18639
28099
8244
3072
1557
16050
11834
1121
5841
17601
25559
2180
10635
12151
16128
14305
12684
3712
1255
8340
12452
5373
891
1277
4961
4426
12999
6279
5661
14135
1010
18514
315
944
10450
8554
5902
12705
1735
11032
26693
14175
7440
8093
20424
18066
4487
18776
10710
28697
20758
27040
16848
3698
16271
5447
14766
14897
22350
12148
4846
4537
9874
14904
6772
4114
23209
23031
7126
8301
20553
4018
12011
13332
24269
25719
21155
17120
15014
24285
12466
2492
27441
7591
9592
9145
13703
24975
423
516
3376
12634
18122
9839
15033
8641
19213
14627
15530
4829
6334
13583
17156
19193
2971
651
2356
12330
3489
13616
23991
23560
671
1464
5951
8820
4387
7637
1563
122
24645
1694
1092
7460
4640
9575
25820
3073
1507
24615
6875
4056
7493
6493
4671
178
26685
26313
7583
17346
7394
8209
16602
17091
15356
25565
11809
27508
6219
609
15862
7848
13759
9590
8763
15304
19517
8251
1614
6779
23591
6642
12699
12945
2660
15731
3025
4770
4172
535
158
12432
8025
1099
11310
9977
12352
253
14662
24255
7500
4249
13878
17742
6569
18123
4505
7046
3131
3112
3664
2644
10067
958
6005
18019
12734
18947
16692
17227
6620
7754
27114
11807
11189
4274
15817
4488
14560
18672
22899
5126
6127
8360
3300
913
17528
4475
19447
14685
17210
10045
20676
1990
7969
9780
6124
4349
2457
648
10504
6710
10379
6539
4625
3606
9988
5882
4621
5073
6820
15551
7843
3138
24460
19980
23707
15338
2317
13149
15599
10597
7910
2466
4675
15039
2974
22974
218
21415
26535
2626
11867
12917
5043
1169
8320
20498
9849
1746
19061
28381
8356
13328
10470
23107
153
9829
1821
14485
3397
12905
4681
4051
7050
13841
4687
15492
13054
2639
7959
5065
25224
5422
9935
25387
19543
11029
3161
4063
14208
12014
8121
12773
16131
14130
843
3742
16310
1372
950
305
4075
16336
2566
159
16318
4931
19813
6380
13519
4077
5535
19408
10005
5032
7452
19552
19550
4828
11395
6213
11008
4045
19090
3401
15013
13217
22716
13205
14843
9337
10180
6499
19413
1221
4946
14317
599
20254
20722
2839
7933
23511
13662
26654
23304
20701
18233
15438
11156
8269
26889
16959
9757
12802
14077
21455
11000
23253
20031
19945
4588
13520
15180
21879
12614
21698
14892
18438
26157
16751
14359
24788
28165
2112
12533
4242
6201
14341
16997
1724
5916
13173
523
2541
6989
15252
5430
21826
9922
6414
564
7206
10499
27020
13098
17582
6419
10803
19528
11249
185
8894
17496
8906
7221
2961
20959
4048
22016
14525
19228
11092
11906
14238
5452
1011
2055
6579
14546
17866
25111
26388
9614
1358
2910
6274
13027
13610
14304
11700
8682
1711
8648
25275
292
9314
22569
6009
8367
23548
491
2076
12226
20838
12191
25208
6497
13934
6863
8165
9663
9485
10261
931
3143
24979
7755
4548
17223
13408
4459
1520
916
3697
10353
10871
14245
7458
7771
19582
1712
11520
9174
505
11411
6354
16877
2917
23112
23
13130
16146
1265
5589
1881
6841
16165
5235
11756
4058
5986
10399
9626
4311
7812
10665
15276
2313
6691
17371
310
22977
3272
9822
15773
1040
1536
16416
11511
21968
26467
13115
22435
16527
4668
16014
12772
24815
1541
636
6195
2516
8736
14330
5281
11075
3983
14925
17694
1942
5979
23032
4891
12764
14680
3559
5928
3683
10252
26525
4557
17130
17205
699
15632
9239
6151
14189
16771
5183
25726
14922
12691
249
2410
12625
6979
2847
20256
8777
26394
2214
20122
4787
16196
11408
1264
17264
5152
1841
954
14029
6345
24013
1165
10146
17816
2963
6805
13811
16280
16464
14381
12706
12974
1505
5516
5623
24679
2148
21709
10227
20550
6527
5109
16491
8842
9673
5407
19796
11593
7102
6317
4470
25327
12102
20009
15753
69
14479
972
7274
43
17004
18766
25575
11894
1862
13869
10419
1947
21076
16838
4825
22884
3890
23896
13578
22303
3393
28700
25309
8004
18683
10660
9657
18315
869
21468
5265
15332
23214
7405
12631
11037
13446
5547
17224
2752
16930
15453
7763
22623
2236
22129
1872
3004
19662
2331
12988
4973
10443
8144
6039
20794
18475
11562
21971
18659
4850
406
2953
3840
2223
7397
19570
13272
3327
463
17579
13001
1691
5389
906
10247
7416
18369
14854
22245
1582
13436
14352
24671
8365
17897
6833
13708
19574
4766
24953
7701
21382
17945
7649
17420
4937
5878
20954
16431
25349
680
16
7664
18374
22079
21659
14952
17796
10035
6349
24728
8798
802
3603
5044
2806
2343
1521
8764
14535
23928
17983
15075
1663
18565
3363
2117
17189
7858
2808
13305
18596
11456
20462
8289
25117
6001
13589
26485
5656
20921
21541
585
3367
3164
16404
5536
11048
1392
6306
10978
9866
9706
6976
3600
4500
11956
9276
15516
11172
25005
12402
22412
12412
936
16944
4300
25190
3271
14665
4753
730
3016
10601
24276
4540
12756
11025
9065
6410
23611
9504
14185
14012
9915
22902
10266
124
10191
14760
15086
917
7479
15186
18250
11791
6753
6596
25189
16121
4606
20877
1182
4714
5437
16007
20638
10101
5241
959
21041
7094
8588
21103
9557
2056
25742
27221
4196
1386
23319
6450
15651
10185
22054
6600
5651
6112
2107
17853
9390
20397
383
17097
12788
17064
3654
22759
10751
20876
4428
12397
8728
3407
13334
4544
16148
10464
10448
183
1989
20610
22898
25297
6874
7308
7288
1848
4884
2764
16598
15047
11887
23872
19536
7900
20916
24818
871
20130
10868
514
20939
1072
24906
23423
28222
8236
7781
11364
5016
5489
3063
3028
3200
6932
709
4497
21387
20505
6974
15873
22163
628
14253
470
21787
19987
1315
6629
26488
20319
8374
710
7319
27149
8564
17840
10896
7646
6481
15893
9799
9934
25568
22486
14323
21090
8803
27977
18057
24962
18321
20881
3394
14594
10663
7929
15451
18273
1552
19464
4498
4535
10671
24119
14374
5366
23174
6501
9223
11934
16273
24189
17373
4010
17686
7123
12256
24894
16272
23067
12844
14839
5519
5640
2229
2478
22426
16853
12896
15328
10088
9600
11487
3458
16804
2699
23407
16872
14416
13976
13133
12562
18626
976
16978
15181
13702
5947
24828
16225
22042
16311
12805
13497
25467
10967
5491
6167
17066
11215
4967
6653
22865
2325
14873
21857
6797
13580
26571
5230
2374
24047
6252
8007
16862
5956
13365
3050
7185
27148
2350
24245
20684
13904
3831
14145
8050
5876
3221
5357
16356
15486
15429
11965
16183
11292
361
11935
12056
1137
8154
10550
11684
4726
16685
111
19583
13664
27937
11820
6972
2345
1048
4136
3714
7552
24425
1968
21500
17720
8108
10568
22490
23694
15220
1695
3812
17455
24702
10289
2617
15602
17913
9612
1091
20431
1136
16514
16266
11466
25138
3371
20419
6998
5759
16409
14846
4040
1906
9615
6324
8113
2978
9412
9144
4318
6331
6327
19560
3635
3136
11138
14545
8567
4049
13160
14777
8339
14510
9372
8000
8622
2818
29
13553
10457
5008
22466
27720
3315
15891
543
10927
22295
998
988
9107
4175
2438
173
19081
13378
10029
2851
27416
4951
7225
6460
3130
13861
266
11342
14975
2895
14389
24445
6593
24857
17335
19481
5340
2227
23054
2420
7490
16871
5582
6786
12951
7062
28044
11610
8290
22641
2378
14058
5216
16592
7380
9256
9238
10598
7189
21658
20318
4017
28037
26489
10157
15860
8643
11518
3382
18681
1026
13705
24467
23827
4154
13431
10579
4526
9475
16476
10820
5254
7808
11740
17855
7326
21035
18720
2392
15888
2423
27161
9147
24475
12717
6244
22579
9280
11126
2927
18047
8541
7846
2730
7264
12064
19040
14703
13855
13023
19321
22043
5552
19883
19129
22374
27160
24476
24477
19130
14266
1443
1533
15760
14988
26943
1586
1671
2011
19461
15870
14548
11165
13806
5968
23369
12837
24599
9727
3678
20820
1477
848
16372
1297
17368
11070
14151
27042
4672
14575
12806
7995
4927
3075
14547
26895
27445
16365
5071
9207
7417
13183
16059
7628
8570
6200
23246
13128
12755
7741
17829
13453
6394
5337
24923
1931
23877
28089
2640
5358
22758
552
880
8810
23094
7566
17134
15316
13716
15881
3640
1519
21445
13489
9535
7217
20768
11354
7727
8006
5454
1535
16441
3642
10100
15
6051
12841
16611
13668
16401
24872
12661
12512
452
19440
13653
10974
16376
3155
4653
7207
19781
616
18268
5675
1234
1089
5290
13170
13074
17859
1299
9495
14281
846
681
21146
7268
4013
14534
29382
6174
4904
9980
25383
7478
18733
7865
471
21688
7005
5466
509
13142
10320
1418
14350
14121
3052
6530
13805
6553
7502
971
3128
7622
6886
25197
4481
20517
1659
9287
6496
7972
18660
18501
3445
18873
8282
14459
26445
14930
17595
4723
18040
14817
8743
8153
17710
8396
9566
9540
10883
13826
27265
16636
26344
23121
921
747
25035
12730
18631
17593
9862
21373
10215
15479
16759
1078
7724
11394
13915
4068
4751
25277
9349
4597
11800
8452
13764
26757
3324
1587
17090
9433
18628
2184
3267
16434
24262
3976
16000
321
11326
19936
2826
5221
3391
10187
12673
19887
25828
7436
27759
1704
9508
12593
6799
1540
15994
14803
29192
16577
24574
1919
2037
12093
9367
27580
20291
11087
2603
15698
141
3237
14385
15542
311
11516
12901
12451
24329
25408
8272
19389
14687
11250
11269
8279
546
22774
23305
13172
617
7624
26758
20508
9556
2892
17304
23847
11542
28873
1907
18932
26142
22355
6391
26068
26398
26515
20862
12957
14671
414
28951
5577
309
2054
21934
21478
16282
4026
982
1537
16328
14127
24354
5459
13895
18684
23480
11145
9427
19797
17498
7762
23908
7725
29030
24982
10961
13585
16986
25614
25356
20184
18110
21974
10971
14992
26927
5926
4957
1129
26549
7147
447
18819
18116
19050
1580
16306
23810
23817
25494
12184
23499
24662
24832
14668
16763
15001
19876
2208
17522
22098
6925
19686
16796
5814
23210
12049
12394
3340
5818
18494
3250
21074
14019
16603
21008
22958
13700
22477
5930
2672
7329
13473
3693
11926
6577
100
9606
26822
25266
7674
22893
21822
27498
25486
3431
9509
1797
7130
4339
15633
19485
22666
15707
5253
15703
23823
15843
24118
4341
2705
3157
17887
2682
24348
12564
16696
9611
1409
22024
8758
18910
7419
5925
13695
13994
1539
1275
5840
8230
11549
14361
19296
6889
1627
24581
27747
11725
27228
5681
267
14996
8415
20607
18339
11131
10078
3773
12921
11683
3949
19747
6166
16147
5197
24123
3699
8776
28789
9382
8475
21834
28934
15679
14283
9011
7447
1514
9291
2302
17631
18209
14696
7454
12933
15953
10533
4495
21601
14378
11482
495
27965
11801
14290
13713
9539
7396
23993
20001
2647
19997
3968
21129
6061
2145
23207
14634
10675
8125
7879
12792
4512
19317
14771
17566
1747
11246
17638
289
15740
25938
21900
1368
18938
22529
188
7810
9344
12928
282
19473
6265
2799
1903
10115
13882
13552
11557
13465
6467
26708
7634
10124
27347
29127
27155
17082
12342
22334
596
22733
5783
20833
16711
3288
5678
3153
517
3776
26910
9803
649
3180
2632
3650
26827
26449
23638
13817
18133
21809
26871
21331
1838
9432
22718
7775
12150
9393
23608
3532
664
3478
15129
1506
23607
27821
7662
10926
14315
4047
1673
5078
3615
4765
5033
6870
16791
22311
15609
14050
21663
13651
6157
17313
13517
10008
3876
21804
11052
7923
25790
498
2386
3448
11688
21230
339
29266
21913
10882
4750
13656
20726
12045
6516
23881
16913
6498
10017
7627
17094
27293
3188
16671
11006
17795
15853
14499
27923
16330
7733
8986
342
4359
8576
6958
24571
17882
10055
15955
19916
16525
26116
1818
16305
1384
8788
938
16285
2303
14046
28764
10657
5165
24690
19774
11884
9336
26831
21392
2857
11356
10589
22416
17012
7772
3222
7233
15340
1597
1203
13599
13240
6446
10158
9826
1873
11617
3648
3147
2364
2030
10659
16928
12123
5998
6623
18289
5096
7730
1132
27646
8227
12601
11873
2810
9686
19054
16908
14688
26670
6043
9951
8609
27041
3896
4902
9225
10199
6052
7678
8825
11918
6727
7899
18625
3402
12232
22960
19059
7047
4002
9235
19091
15359
26207
21777
3242
7472
23584
1467
13244
24823
11905
7379
16576
19052
22989
3092
20608
15390
729
3623
1961
2749
1939
3113
4779
20835
19046
14963
14682
12481
2641
23163
17545
21184
20262
6796
10972
16679
5628
7632
2256
11984
23150
20500
4892
10842
13250
26783
19580
8824
21591
2886
23049
16703
11270
1527
1441
24663
1364
2573
4736
863
1073
26362
11241
19177
8484
25034
22794
13312
27453
3424
775
7087
8739
5234
26260
933
11074
11503
12169
14372
8295
13019
849
22911
25589
13193
13548
7367
5812
3752
1309
24507
7768
2849
9987
28674
27721
11876
19267
6382
9541
8701
25009
27298
21648
13031
1765
2597
19805
16721
5251
2819
2411
22280
6335
20384
13916
7040
1730
6141
13533
9499
6165
16042
17360
15604
230
3613
10551
9546
1785
16626
19396
2248
5699
28343
3299
3297
20911
29237
25813
25934
26105
17367
3019
6342
1518
13071
11765
2995
25935
25936
26663
13070
20703
16340
3018
21095
27945
11764
7779
19732
24959
23197
9159
16567
6537
3499
4900
8107
1479
18491
14108
19411
16342
15567
7234
21653
8143
12455
1236
2575
6170
9175
22984
13751
7635
1155
10703
10905
14850
4654
19806
25380
162
1314
8160
2724
10048
23953
19180
7013
2754
7661
7626
12096
2637
7476
7477
21186
8581
11016
11346
7803
7954
17655
6888
845
10142
2138
22126
26293
28909
20387
12648
11693
20247
9436
20674
21961
22821
13377
11017
16257
17311
12244
26687
2813
4092
13030
22434
1280
26019
9310
8350
14125
8213
9532
7898
7450
22396
684
4796
4649
1738
8135
5943
18960
12247
24820
18915
582
8592
831
12859
19696
3822
27906
12943
5920
8967
15603
7595
24544
17719
1561
20224
25251
6855
13753
2999
1093
14600
22570
20716
26334
7688
6528
6340
19047
21864
22607
24819
12645
20041
9389
13245
10768
10396
4552
6744
22410
18205
20693
8947
28314
21979
12786
27688
21956
4507
5574
12300
10210
7556
4308
12142
17955
7085
25457
4191
5035
24409
12912
6128
2889
15315
13516
11691
317
23450
700
26066
3039
3833
4840
16109
10099
25310
14413
28827
14504
23268
1812
19102
8911
1454
2428
12678
4919
4451
4941
6379
11805
15065
28272
11437
21050
14144
6422
11264
14265
1857
15546
22104
14750
16418
807
8843
5231
6891
13322
22723
20156
24824
19266
25135
3753
26201
21437
19950
8229
3163
17302
288
1184
3802
10154
6960
13286
23604
24351
8015
9060
22086
13848
1475
8638
10790
25668
3196
18311
5252
7839
1768
27860
22676
62
23528
16866
3268
9498
8139
20554
9684
17083
11997
4200
12354
3432
21836
28063
4224
19072
27432
6823
12031
6491
6557
15687
18210
13323
20721
18680
25152
13147
24336
10447
19319
16055
26373
6492
16082
14578
2654
14084
12343
18348
4148
14437
1446
154
4682
25336
7955
11502
7897
13881
19051
1682
187
9375
28662
2414
672
6594
11471
27804
3816
1363
23297
17596
17587
15012
11078
28428
15734
25273
17575
26745
5107
12115
11708
13544
18734
17334
22132
13488
658
6543
16643
14414
25073
20828
5985
15183
18834
5662
13600
5123
4963
3867
5178
22208
6338
2463
20622
9447
13958
17485
17230
9670
2235
5077
22833
15442
24006
21845
572
18473
14272
22331
29426
11596
7718
14417
22715
28520
26522
5881
19019
9004
11626
23040
22503
9373
17273
15230
1329
2619
12610
2521
14035
5239
5788
12692
26675
13697
7220
15998
11999
10839
14209
2455
7222
24785
17614
21616
19515
25119
1016
18673
12059
20308
6762
11994
4616
11978
20558
386
3570
26369
448
19819
12643
11280
16974
18978
22262
17867
23702
2862
6605
19339
14875
7653
13719
3804
18715
2503
19891
14509
20320
16185
20094
10384
2275
2602
5412
6790
10715
10931
13202
3789
14502
27091
17
20432
12903
1259
3793
12243
4299
17260
3422
25845
24077
7166
2943
28730
7335
20866
12007
13235
3444
26341
5250
17309
22625
19773
4402
2693
19037
5992
27112
15150
25841
11415
23572
19202
21640
9802
12074
12550
625
1548
1720
5969
15475
26659
26534
11534
5831
16909
11899
12963
12682
17997
2612
7415
16694
16688
1752
18143
8845
1944
10735
6119
20379
59
24858
21861
1609
529
675
4928
10296
10084
1028
10748
3078
15857
1646
993
11105
16430
462
7441
9268
21048
5101
1941
295
11959
11332
17704
19735
3275
13899
12872
28184
22236
17910
24919
23821
5851
20477
12938
9057
24225
5853
4176
5994
7633
14103
15973
28080
11365
24161
15699
12693
25343
19641
21696
12181
9414
9524
21274
13977
15781
18849
24841
8556
19810
19597
13120
22535
10221
4568
28352
22537
10222
19601
22536
10223
9369
13658
2403
17244
24170
16827
15789
5377
10327
22574
4342
19063
8782
17889
5095
5409
20818
605
4893
18649
15394
1154
22419
20030
14536
14527
14544
721
3119
7507
15448
7128
14036
1676
7305
15395
26440
6607
6988
12530
14030
21739
1723
3364
727
21409
756
4081
601
12323
14538
17249
13075
16713
20277
20076
19446
22300
8496
18330
21217
1902
9048
11822
23852
10688
16618
694
6204
7463
12941
20512
11777
20810
7289
26425
24231
6645
18136
20153
3837
3013
27071
952
11663
13092
9316
2595
17740
21113
11607
19038
10540
4740
5273
14614
13936
5804
19085
5740
4782
27999
8450
12857
11749
4171
18223
12305
15783
8132
8416
11720
21525
21023
377
2366
4843
28038
7667
10571
8608
13980
17127
22002
6628
7407
3374
20168
9984
14353
11181
28372
33
15185
11252
1895
24652
13363
23575
29396
15231
26517
1693
14423
14448
29343
20044
29342
9507
28628
24810
17445
28815
29221
27772
29260
21263
28174
29340
7153
28945
29341
21025
16985
5098
22972
25560
23380
3386
6931
20202
23909
9031
25580
25578
25577
21487
25574
25573
25572
25576
25561
8307
25571
25563
25564
25566
5475
25569
25567
25570
20280
16607
20972
10962
17015
21156
872
14841
24629
426
25545
12350
3331
2151
28056
12919
10895
13417
302
1965
7647
5380
19535
4167
15454
4689
16793
3904
6665
326
9596
1683
9084
3270
23960
2779
26206
3071
3067
8874
27951
1321
5218
21524
24759
17648
6017
19468
16325
27685
12078
19160
8016
16182
741
14487
7537
1144
15440
2322
20356
12185
20120
16117
22732
28510
20675
17911
8948
1630
17344
8175
11709
6566
490
13625
10560
8604
965
10169
18185
25053
15069
27678
27574
11888
25384
22179
3959
18942
16062
1756
19598
3903
19600
19599
20861
14094
14256
131
10498
9559
9141
1499
10951
11992
19108
19442
20811
11718
5671
1674
15299
5544
5439
15720
19769
19045
1367
29046
17776
1662
4348
11657
3929
4415
3728
2727
1835
13037
734
114
1899
7938
20892
6621
6625
19149
534
21218
28870
27526
28541
20784
4159
28514
1793
22450
16847
26407
14946
28778
28280
26679
25112
23998
19098
20963
21611
8804
1338
12251
11796
18505
10975
7799
23845
16686
18716
14962
8931
5923
25788
20053
21769
7121
22878
3102
8402
17268
1359
7912
7357
6169
3302
13283
12012
10640
4052
4240
2169
25960
10608
7874
18275
4411
20771
8075
21315
12332
23801
4513
6633
25746
45
14044
22553
20220
1883
28505
5207
25509
8328
20134
3973
22405
4519
15270
6023
13951
12057
5038
21320
27462
12926
18805
20418
15505
7853
15965
11815
89
22605
13051
10190
5355
6696
18457
10623
26777
20008
21017
13857
3191
2287
21927
19524
16287
19401
24600
8908
2190
15656
15652
28017
24410
15090
18214
24570
436
17343
14392
17976
3641
14709
25785
5693
16334
7644
696
22789
20858
17980
13906
16882
19056
22167
14791
16720
14020
11159
14574
894
22095
21768
25166
28483
25086
26727
24964
24882
12887
24623
24773
26495
17779
29124
28990
24580
17483
20326
1702
7312
26674
4361
23074
7823
25982
17633
5973
13887
17577
3258
20450
19270
8838
14371
12308
4306
593
23271
21735
9593
3347
5829
28244
2792
2623
23106
15284
12513
2784
16058
1715
26395
24920
26979
27025
27411
16515
20990
2989
12551
19226
2173
20531
3586
21981
2722
22787
1000
16727
3317
5219
11890
21909
5100
15238
4346
3488
6905
14772
18963
21513
10777
10238
18245
19969
11020
9353
7811
14368
18726
18381
4545
11107
12435
3441
18619
1204
10147
17515
23461
7866
18791
17011
19418
2393
2395
207
28287
11980
22602
1128
163
208
5223
209
15285
20244
4883
3103
24088
10394
23135
17008
19007
15596
5573
2773
4097
10721
21190
17458
8373
8364
2336
1935
24958
7497
3986
18496
16333
1445
22170
26890
1774
5217
14852
24103
15621
8055
4575
14218
12230
23657
2853
22464
23374
8443
22283
11916
26327
2144
13688
21065
24283
25165
24087
15947
11645
5243
16189
2006
8767
10143
10107
10106
8454
22465
4336
1397
13391
23619
12924
19782
24448
19352
23285
4564
12490
8797
22770
22754
2016
6041
22880
10968
9126
19256
23357
23932
419
19431
9365
12006
7990
4032
25485
22224
265
26174
7796
18936
6757
25409
12825
23224
23276
23103
21977
18723
23677
25410
24592
22441
20125
25404
25403
25405
25406
25407
11063
18333
2034
6408
15011
23725
18450
116
22727
20723
20051
13939
22318
8746
3184
992
4091
837
8238
11827
1057
13568
10619
15066
26095
22366
12448
15637
14631
1304
1566
14269
21360
13988
20781
18807
5420
8168
18431
7156
18829
18718
8721
13575
10644
18073
2358
16517
7847
22387
16960
10463
10444
10451
10456
10446
10452
10465
10445
10460
7059
10461
10462
10459
4109
1665
27583
20817
7788
16648
9431
21631
23225
18599
18602
6212
13131
19863
8069
2063
10166
7182
12958
15935
9302
997
20021
25949
18480
2593
18955
20920
16591
16823
15835
19118
6293
25933
11095
4232
17054
22638
25318
384
469
15472
10188
27014
1131
16747
8060
3921
24178
18363
18678
17993
7967
5521
14179
7363
18867
6011
956
19278
20239
778
3994
12485
10168
15983
17944
14998
18046
65
2891
3211
24306
13715
4284
25417
22186
14533
7618
15196
25194
24804
2546
1447
25193
25195
19472
1926
17442
25191
13198
22418
25196
25198
22423
25192
23152
2751
1969
8018
10542
19678
3996
22091
17799
2511
23816
5468
13456
1448
15595
10062
3765
768
2337
25551
14214
5702
12733
2202
10918
8030
13652
7615
7483
2250
11399
17988
2945
24750
25281
13873
10706
4291
513
9544
16820
16821
7614
16822
27594
27369
8028
21462
22131
22128
22122
22119
22121
22124
20445
20413
11473
22123
22120
22127
22125
7168
21097
21319
524
25488
24650
2439
26689
14291
13794
22275
26735
19633
8766
9948
19166
22292
7150
1940
9359
19373
22890
14511
18377
10433
13309
3558
19684
25395
7307
2870
5156
24899
4842
2864
5285
9772
26478
4567
23796
1209
542
24323
4213
16918
11910
26550
6260
896
11628
7348
7672
7435
21383
1
8384
17034
18662
25522
7325
9702
11097
17583
14870
943
22212
23267
3332
3687
26137
9645
24478
9471
13085
9966
12152
1995
28652
24655
6109
25929
6291
3031
12489
9253
28317
17341
4386
2720
18484
23811
6462
7525
16645
7025
8923
10838
7508
3956
15287
6711
16860
13624
3535
7332
10513
13081
12845
20208
1156
6013
10203
25163
17099
6986
7410
10430
18
44
19064
4467
10993
9417
2947
246
21172
16041
12297
10590
5402
12816
14298
3880
17977
25100
25990
21669
16858
7324
7101
16398
25055
9660
24019
6107
3618
15494
72
26074
606
7893
4372
5295
8231
9115
3151
3790
8585
10683
14881
13898
6155
6172
29146
4788
26284
15158
12449
9472
17837
23888
21626
20545
16309
6358
449
2376
11851
4953
12580
16193
19204
20209
9449
18884
9688
665
15155
3500
29076
24301
29513
15690
27568
28361
24488
21240
26686
29512
28324
27458
29514
16079
12461
20957
1971
14911
7445
19632
10585
7298
1670
23765
17388
9536
7103
1116
17836
22684
18456
23641
16332
14442
17604
24451
14248
24452
20035
24449
20074
24446
11483
20172
15169
27374
1602
20552
1769
26001
117
20138
2306
25728
17418
21104
19533
18137
1415
525
17551
1652
10082
29249
705
16039
9247
21080
9046
1772
5806
25654
17426
519
5134
10711
7780
4929
3525
21885
21224
23143
9572
26526
7282
4484
8900
21087
4555
28683
16427
12595
21624
19144
14757
4778
19240
9662
4744
11659
15002
12149
26169
11729
2460
18179
18056
13336
5050
3351
2838
21449
9847
15563
2673
5164
20258
21434
7173
16964
18168
22631
18283
9815
17525
8412
621
14204
17905
4986
2373
13870
14957
5746
6555
23656
9842
18278
248
14201
5311
27572
22869
14711
11256
20730
12992
10690
5361
19937
3738
5173
28512
16507
4061
3229
14972
10136
18768
5275
4571
24439
24437
24441
24436
24440
24443
12328
24435
24444
6949
6959
6399
24280
18422
15344
14754
14633
15339
15334
15331
15343
15330
15335
15341
15342
15333
22853
5736
24960
5616
28471
28473
28468
27817
28469
21535
28470
23994
28393
16911
19354
21816
23455
27019
2485
28313
19231
3308
18566
8677
8405
6617
8917
12104
11861
22923
1390
1167
29438
29141
28384
25680
17393
16354
25608
27950
26350
24561
20177
26971
11450
10003
12843
3232
20690
13397
16714
23682
20559
26276
22519
6207
1002
22055
3194
16367
336
13947
14820
28007
23588
28004
27969
2079
13511
21866
21209
19080
10796
28005
21720
28006
28003
23674
25157
16054
14167
5524
819
10181
3256
24274
22256
231
5486
24739
18102
2084
21203
22154
3008
26835
25700
14648
5365
7039
226
28118
6544
3225
18874
12127
2690
6468
26263
12482
5003
3336
6343
1284
9098
9632
11152
299
11404
2997
10164
28933
21780
8321
17152
12579
276
1794
11377
20150
4852
7638
7648
7643
7636
7639
7660
7656
7679
7657
7677
7659
7676
7666
7669
7651
12911
27396
7852
16153
16346
11716
5512
2517
7977
23613
14252
23930
8646
28230
12341
9259
4119
21904
14105
21731
12711
1654
22135
6872
3503
19412
16546
458
10695
6405
432
6549
14612
6321
682
3518
3337
10034
19221
13774
9266
12165
3230
12133
9956
16564
13615
3121
8196
14028
6054
4746
11154
10006
21264
7278
21898
126
1994
3296
10467
7513
20098
14675
591
223
9128
23538
9384
18658
24612
5808
23384
28236
14160
12939
29223
20789
25674
18341
28156
12882
26151
18370
8760
29265
26281
27946
28438
28886
21567
28558
17894
29386
25436
17014
8681
18442
28735
653
21936
16716
8687
3679
21964
9476
26933
13999
7370
10171
13127
4897
16624
1317
13983
4551
7715
2435
6589
12906
27599
27602
27601
27600
27598
27190
27597
21214
12471
3440
8903
26863
4578
22470
19670
17936
1188
10666
3079
23787
4162
924
26493
22235
17543
2417
9573
1218
14338
1762
9952
3160
1678
10582
7086
28266
14797
22578
7330
10038
13257
23581
8511
23659
25232
5434
21907
16074
19880
14779
16676
25484
25483
25482
19208
16455
7868
23518
23569
25487
25480
21456
25481
23683
12858
25546
3855
8806
27555
24607
16555
16967
16529
19626
9646
8228
15756
12118
3195
25042
19251
18908
19453
5635
1370
15366
23742
19048
10184
18070
19060
18584
19057
10411
19049
19062
19041
19055
4043
17553
11588
19044
10345
22491
1677
15615
29545
28276
17860
23784
28417
8732
14140
26555
29218
19119
28869
3887
7611
18779
26330
13677
10890
12725
1934
11660
3777
17101
10529
16971
23516
15234
4984
2788
15503
6100
2556
6666
21483
21819
5168
2026
15419
26944
17328
25889
26940
4330
26942
22302
26069
26941
3581
2911
21837
29243
12261
15176
16072
14699
4601
17999
1118
10030
11263
2530
8163
23616
6442
6173
18603
14543
14554
14550
14551
6449
10680
4536
14553
14520
7565
14524
14523
3118
11321
14519
14528
14516
9693
14512
14539
14540
9470
14542
14531
14507
19856
12429
17524
26133
26140
19857
2027
4044
17255
25535
13401
6685
26306
8925
20769
8866
27919
18629
7297
13803
374
573
13821
1380
15842
21718
18784
6759
10214
5643
3247
14212
5020
7758
13822
26932
5327
26967
16391
21304
21915
1598
2470
9091
1689
14395
24535
14624
5717
11183
19953
27072
20812
1215
86
29277
21564
15876
11532
28675
28688
24158
28071
25526
22461
13302
29276
19335
19092
13241
4473
679
17159
23895
10473
13441
12894
22995
3989
17872
17660
6115
8302
15769
24829
24817
24821
24822
24825
24826
12076
2865
3146
16777
24769
9283
21291
12373
24337
3293
8182
4149
14336
16286
11314
21894
1205
23748
17687
12090
11632
14109
8688
25214
4651
11371
663
17585
17592
17574
17594
1113
17573
14230
1207
14821
17572
17568
16936
17567
17581
17570
17600
17599
7717
7720
7716
7712
7711
7713
7710
193
7719
7714
7721
23239
3856
10616
29246
14164
5696
18637
2263
16588
18181
21519
17654
18568
27158
18014
434
4595
5029
14080
2832
14155
8459
2114
12418
13178
17751
12312
7945
8363
15079
17634
5045
27050
19233
8980
3717
9989
12671
1515
27858
27859
23738
27861
27461
27857
12268
23586
8080
24768
14786
24194
16684
11410
24595
10995
16056
6370
25803
17662
13852
25678
20691
3310
15556
18382
12439
14234
1440
4469
3278
15524
13413
14364
21810
21803
11204
17391
21808
1058
21805
21807
21806
14677
23685
8027
5088
9296
16889
11045
11042
11036
11035
11026
11024
11023
11022
11051
7160
10123
11031
11021
14244
21727
21685
6572
5416
6933
22775
11098
18959
25080
18227
11061
18225
18398
6056
6716
8370
4662
4447
7904
7077
8002
18358
10272
11695
659
14620
2543
4732
3012
17769
19188
19872
29177
13317
11881
4218
2769
15163
10908
3883
1846
18414
1389
12748
24767
5720
23340
10828
25531
12216
9090
10020
9092
9093
21265
2172
13809
912
19923
2867
18224
17177
6591
14506
910
11383
16772
18569
2281
23371
29296
506
21208
26147
20348
1612
8958
18729
325
10404
23962
22807
10963
13485
8495
2964
2389
19445
14698
2170
5324
11299
341
7188
13964
14866
15255
19788
66
14311
7748
16931
18574
7187
2787
4623
6275
17047
10506
13561
13026
14112
24619
22070
18585
7551
1618
7774
8032
256
23076
19618
15692
2036
3281
9260
20260
20570
2501
733
23972
5617
17699
6328
6444
10656
17706
6929
19672
9747
15562
2321
11231
9878
17356
5238
22267
2590
479
19576
24542
11379
26310
18410
21106
1856
6627
10600
8122
4195
1963
8616
16601
16596
16595
16594
16593
16590
8876
95
12827
18869
6825
12622
9036
12780
12779
7318
20141
7029
9531
7882
1053
28544
19726
23885
26888
28875
7034
18429
25359
12902
9442
5066
11579
11761
17208
4979
12422
8311
575
9666
3788
24411
22854
23401
18675
15345
29262
21553
21326
10305
28051
11697
25501
10162
24202
11782
23941
634
5318
23295
23294
23296
23289
23292
23291
19656
23290
23298
11936
6812
10397
3673
13449
18322
24559
4365
14261
20506
24713
7260
19896
7258
8071
7259
19898
20507
24714
7257
20509
20510
19897
21287
945
20598
24852
15151
22454
24611
12665
5441
19838
2684
8850
3465
20288
20290
14691
20289
20282
19830
20285
20284
20287
3999
3740
4719
15060
4164
7354
2370
4798
21324
21505
11240
2297
5317
148
12823
24261
2625
11200
27781
23438
18124
13554
28970
9641
6824
17645
27058
23119
21015
24526
19772
3897
19333
1345
23943
13402
7365
14262
7256
8072
14168
16194
7514
22265
17469
22112
25588
23750
11333
1921
24601
19658
17941
1632
10627
21943
25725
24317
25723
24496
25730
25727
13482
17651
2500
17005
3962
12668
24900
19833
18141
18050
18864
18140
24466
14825
10230
16511
1964
11093
758
19911
16290
26235
24530
2062
26886
10677
27896
4998
12326
7353
26784
629
10802
3660
11602
17871
980
14373
21400
11484
15347
8974
21045
8587
20964
821
6761
1066
2924
1429
12381
10630
25056
9493
257
5000
6914
2493
1792
15295
12891
3370
18062
29375
24067
21222
22156
24393
17994
28634
2873
9254
20272
12120
25847
17400
25852
25851
25850
25849
25848
25846
20736
21527
10229
11575
12004
18201
27551
21334
14739
23449
22471
12904
15622
24081
12761
19187
26638
26787
2412
13299
11990
13394
18147
6231
26750
27511
23602
17989
20960
20913
3889
23763
18814
11187
3227
8181
24389
10637
7242
25830
19751
13362
3665
5545
22516
7342
91
17377
17376
17375
17372
17370
17369
13966
17374
21706
9208
20605
12042
1953
11490
18064
18058
18059
5880
18063
18055
18065
18061
10769
4329
5481
20581
13565
2401
11590
17437
7690
2666
9005
2972
21375
9410
23523
8124
21786
18635
26092
5395
28033
15476
27958
28698
23716
28699
15850
1804
14324
25047
19644
19020
15497
5977
7474
11909
16552
17998
10872
14521
9029
21068
25200
22480
1966
15465
26061
18531
26333
6634
18912
18295
15712
15711
15706
15713
15710
15716
15714
15709
9473
26020
10566
21676
13274
19395
7804
12474
28418
28646
23831
10125
4808
15886
20698
829
14635
13181
17358
10412
11611
23486
15659
27249
14610
15708
24846
4942
15489
22557
5523
9409
10679
10859
19628
29201
18246
28591
6890
4812
12188
5195
15521
1337
5580
12473
3502
10228
1783
9099
18860
12997
5602
7393
22442
3080
17219
22806
20546
16558
2519
23946
19067
18068
21639
14396
19954
25060
25059
25058
18553
3530
4156
11799
4053
16965
26009
29568
11062
29510
17711
17203
23139
15645
4914
16766
13494
13503
7869
13501
13500
13502
13498
1229
16615
26454
24676
22999
359
7177
8691
13518
7794
16537
2868
21511
9679
16513
15223
12834
2871
2872
2869
13056
19163
5786
3178
25091
23562
331
5598
26837
16925
14008
14790
12544
2035
20694
20386
1892
11470
10366
63
28310
4217
18097
8256
3125
2005
713
4767
17112
9491
17848
12575
5763
13348
2195
4656
26013
3405
3436
14872
7302
18028
23822
7654
9889
19822
10756
7283
12499
3471
6788
19218
6448
12765
13021
13034
13018
13033
13017
13022
13028
7413
5707
19635
19100
2904
22955
24547
3749
27120
20060
8211
2582
6323
2119
8045
2859
15140
759
22962
6181
15131
16383
6510
20923
25
23580
10120
22367
14921
10362
6893
26639
14453
19451
1354
14969
4327
11278
17714
5350
24424
17241
17619
24003
26596
739
28320
29522
7994
7993
17916
7991
16265
7989
7616
23764
19274
16739
12754
19015
9691
11491
10193
10919
23755
5503
5962
26187
24772
24805
10723
8100
8099
8098
8096
8094
8095
17453
3596
15362
6702
13839
9671
11228
13341
23468
14149
9080
6585
13661
17206
5385
17626
29608
27617
28030
28624
28481
19842
28077
29431
8219
2210
22969
24109
24110
24111
24108
24114
22053
24112
24091
1837
15188
19765
14428
18548
6907
4806
10259
19124
22785
10300
23447
1405
13739
12237
1826
15207
9933
12670
12414
20257
20249
12760
18305
6110
21148
951
7428
11656
28576
3853
22488
27200
2237
8547
10128
6310
11687
674
24304
22462
548
273
13267
10754
20952
13505
7689
13039
24715
4706
18841
26447
20357
16534
25583
11766
23579
5642
3721
6232
25024
25397
5847
22494
6973
10392
22313
22312
22306
22314
22308
22310
22309
6835
10718
25767
10728
6247
9250
40
9012
17043
17767
370
11489
10407
18833
22424
22840
2635
14069
4143
8552
68
6723
8982
27935
7522
3607
17875
17680
6401
8375
8376
8377
12545
21983
3566
2387
18543
4590
18325
28067
16990
17467
4807
8223
17075
12116
14916
14784
19651
4810
24277
10913
6428
8998
5946
3644
6967
7889
13223
12543
2816
6037
6937
939
15487
7818
13877
2920
14233
7455
9521
7809
6924
8965
14667
7813
24602
13191
16890
24398
9241
11671
10109
22677
1854
11941
6228
7255
25869
20481
21325
8827
6077
20932
9066
5530
15785
15782
15779
15778
15786
15784
15787
17696
17992
16267
16173
18109
23551
15496
23386
23549
23552
12659
23550
521
2448
2547
13890
17069
14402
18559
6811
9217
20671
654
22342
12367
12923
5345
8997
7266
27921
19386
13564
21997
22106
22107
19855
21159
11481
16586
16589
21359
18600
6867
15927
14903
23200
10511
8748
28655
15859
11836
7828
11758
26615
1387
11848
27503
13279
26319
28625
15386
28626
24075
929
20420
19341
10414
5069
15635
20058
2260
5025
3461
7067
11488
18091
3894
161
25419
3981
18082
14663
6740
4094
11951
28743
22905
22651
1884
21633
3174
16463
16616
11497
9968
3746
1560
17682
18891
20102
16984
16982
16981
16979
16977
16976
2738
17213
17053
17736
17734
17738
17739
17731
17735
27051
20996
10042
3823
11786
28461
17107
28462
24510
25757
24677
15421
20867
19387
24417
24418
18974
24237
23668
23927
22320
24674
3044
9354
11733
11428
18313
18314
10815
18316
18317
16782
3829
10664
10651
10650
10649
10654
10653
10655
18615
10708
26120
24378
26119
26118
4312
2176
8781
78
685
6116
27559
24613
24614
22747
14914
24609
24606
24610
1061
18520
5551
12345
24727
27017
25859
28983
28984
23059
20555
17450
19291
20213
16784
13493
20551
5729
12516
13784
8425
21447
22003
14938
19673
29455
23747
27699
29389
27800
12807
20022
17186
3043
28837
22439
17446
13920
24318
1055
1687
19150
4858
3520
22800
10031
10036
27444
27307
2206
10476
232
6604
3928
12511
15423
25839
25838
19748
20293
19786
4880
2440
22075
3990
22901
8889
26630
21666
18016
11958
2273
1925
7598
20958
17407
16627
19602
17086
15729
4878
1590
4703
198
19421
13082
10864
18286
1250
10497
6371
7890
22848
9945
8487
445
26922
909
6176
25519
25582
5370
1456
15058
10676
5391
360
26938
13150
21897
29357
29526
29527
13256
26343
26290
24297
5800
10087
13571
4737
10745
8212
6362
8146
4705
12424
3988
22406
23838
19849
20032
26421
13628
21278
16543
13808
15644
20893
12778
8097
9698
905
4070
10531
3671
3667
3620
3629
3655
3627
3633
3636
1624
9140
18150
26845
12223
17838
28957
21189
12752
17613
28830
28831
8694
9912
10163
7932
11768
17727
11692
17294
9117
23906
23884
8248
28650
28649
14174
19627
16028
2742
18366
23643
23646
23644
16831
4533
18038
16141
3046
10260
7829
27412
5539
9982
25607
13415
9804
9333
3731
8465
27075
15046
8406
6731
27394
27395
21550
12738
7887
20182
5922
2312
13422
18800
19137
15671
7127
15613
11039
9244
21313
10150
10149
10144
10151
10152
10153
4433
4996
26998
25030
11086
5505
5611
18373
5487
2177
7530
15203
8811
10596
25517
3129
3234
11276
2122
10907
15829
8757
14100
29196
16735
25645
7684
27034
27032
26705
27031
25930
5723
19814
28036
22825
29244
14488
23155
11458
2127
14831
8893
1901
18630
10130
21215
8378
4078
1487
7323
1755
16011
3342
8794
18852
9971
3881
5795
9355
11355
11242
11751
11750
11757
11755
11747
13846
18801
16571
10900
25745
6193
16477
3774
4449
15653
9513
16797
7311
5360
9448
19687
11912
10800
17510
15912
15201
13106
26711
14147
17229
4000
2735
18985
6135
18687
18682
18686
18677
18679
18685
1465
24198
5606
21929
98
13476
8696
5400
15808
20528
20013
9242
8699
6329
22085
16030
476
14513
4506
13728
2066
10033
9058
23874
6896
10798
17725
12956
20317
13581
25205
11463
6747
8128
3924
18113
8751
19593
2168
919
16570
6895
2189
10255
25821
18495
6363
125
13910
13059
16994
5171
7535
15464
4994
10471
3202
19749
13187
19449
3682
6709
11572
13269
2333
24259
2656
6955
18609
2881
8519
201
398
4003
6184
11073
5567
24059
20992
240
27570
3792
15693
3737
2887
14302
19991
17110
16029
20316
16640
27790
28345
29369
9299
16868
22762
24363
9245
9379
22791
3233
7281
12383
7744
10527
3443
8333
7791
6670
3358
7371
8783
2992
20111
13721
22052
2286
14654
8502
6020
13584
13582
10700
13587
13577
24990
29421
3377
28179
14659
12808
16733
27537
27079
22805
9053
12450
15159
9553
4099
18044
18048
18049
18051
3827
26602
23331
2998
12900
19649
26292
26291
20702
26294
16950
26295
29509
13767
24394
26543
29468
3534
17617
12269
14924
13604
24986
12374
14111
10603
14906
8366
14347
24589
23065
4296
10303
24023
4824
23533
20075
4864
26483
19229
21538
10001
22973
19776
4833
15863
9720
16005
6122
25884
28476
23593
15751
12567
2728
603
23515
22166
13959
21859
24762
7786
11103
17893
10825
10943
23011
11971
28857
27096
24322
22615
17917
9183
2461
21167
5854
4847
3305
76
338
19518
18795
18793
18794
18796
18798
18797
22148
23820
23824
23826
22298
23825
12977
15909
23730
26378
27300
20841
27302
24656
2359
12501
16415
16414
16420
16417
16419
16421
4216
29280
29603
28868
6791
6792
6793
28866
28588
29354
6795
28382
6794
28555
27203
19889
1879
6277
9828
3547
3939
14472
16222
9609
9607
9605
9610
9608
9620
1595
12131
11963
16805
21563
1736
24763
9859
28090
28091
24634
28092
16227
2324
13681
13687
13682
13684
3779
4096
25630
7170
15846
7388
7386
15311
8636
15970
11726
16786
16790
20003
6658
23599
18416
19463
21576
15467
18114
3014
110
3120
8504
6063
6182
3824
12306
19579
6264
20620
10137
25915
28323
14768
26178
9304
21848
3826
20454
571
3612
18164
4971
20619
6185
10492
21206
1398
21009
10413
12989
7831
28648
3590
14976
12854
6680
11492
14655
13232
14657
14656
15646
8217
1038
6518
20364
27665
349
16785
25521
21935
18417
19462
5170
7387
27952
20974
6659
27680
14717
3825
10780
9911
1408
13199
25702
430
17877
11493
14991
26776
14206
23922
16935
26309
26311
26314
26315
21181
20484
20363
18460
5689
4713
14001
10970
7171
10966
9030
10960
10959
13748
21783
26212
14319
13747
29321
26894
22737
4844
26996
8935
3718
6838
15767
1641
12036
24492
24491
18789
14060
10524
9813
9214
1328
16388
16217
4420
7212
4101
14313
14308
14306
14300
13954
14297
29490
28210
6148
10301
13691
5838
18714
15960
29413
25455
16086
29534
17323
37
14953
14712
14005
27415
11972
27229
17603
5823
27226
27227
7237
1296
15572
15578
7041
5228
2936
12331
22189
22191
22187
22188
22190
9385
18810
19984
8789
16873
9101
6268
24909
7143
11732
24931
9538
13853
13858
13851
13856
13849
7262
18742
2592
1117
2579
2587
2581
2525
3604
21300
6196
4178
10862
2955
6188
1860
9426
7395
11142
7925
9655
1256
518
6104
25738
2770
6730
10357
3101
24630
26112
1559
6853
8808
12213
7703
2571
20878
2014
17454
28388
10801
25221
26090
28387
14889
7527
11928
11927
11933
11931
11930
7001
13385
18577
29156
29469
29459
27459
28717
11673
14979
14974
13790
11277
17666
21828
27704
27703
27706
4228
19526
9555
29297
27542
2050
29493
29630
12973
7402
2707
12605
12899
4317
12315
5704
15814
11667
23771
28616
18821
20402
27497
11615
9869
25008
501
502
8275
13268
13733
12524
11666
5833
11603
1404
14310
7757
9061
23505
6668
11341
13938
10140
4194
4269
22118
26108
4192
16190
11741
11528
13063
15051
7261
9317
17658
18839
21661
19362
13064
13513
13197
6050
3243
378
23858
499
3791
12294
11143
12313
6097
1999
1411
13569
12783
20897
5300
6283
20276
12750
411
9681
15178
15914
16459
6832
21470
23507
4193
9062
13352
1403
28477
27887
13065
27466
22117
24632
26002
26848
18508
20353
8802
9067
3724
4268
9810
19348
9714
5019
7692
9063
2259
21922
10364
28678
13263
824
2143
26561
6839
23952
3861
8200
22945
20210
21868
14673
26704
10336
6661
1152
21446
10021
10998
10997
881
21349
1575
1120
7232
21872
8435
5766
805
26114
8524
5111
1740
3965
5889
25269
11076
11071
11072
11077
17822
28862
29620
18017
8533
16834
2885
3414
3425
18394
18391
23800
3420
18393
10481
3421
23798
18392
22321
23799
18395
3416
11903
26347
17464
17629
17627
26348
26346
17624
13346
19189
324
4076
8644
28175
13967
28435
24992
21773
1592
21259
19716
13594
16724
6078
21991
9731
5945
978
12240
24307
16087
13253
18846
28781
4636
10075
6476
18900
2090
8172
8386
15144
26452
19958
20018
5749
9402
18155
8341
21161
29506
48
15456
23736
6819
21574
5279
14236
14246
14243
16472
24638
12776
2645
4209
23417
20412
13796
24145
14783
21440
6808
7345
6956
16844
26797
25137
2932
11168
14085
20226
8509
2747
27666
24912
22037
22214
4198
9219
4592
23504
1726
3135
23727
17259
27151
10611
27152
26287
3280
12509
10310
26279
14559
5543
21175
26218
3561
19801
9896
13912
272
28105
13574
8531
28104
396
5939
9352
9351
9350
9345
9348
25896
7601
16533
4363
22674
22675
10976
21893
3106
351
20645
746
7948
15227
12463
24120
22736
21733
4208
16235
15529
15241
2812
11295
12886
6770
1104
19254
21533
8574
10808
9944
10386
26554
11414
17539
3886
7035
11065
11901
18108
12236
2111
3485
21925
7999
15499
2861
4165
8971
17661
5185
1450
1342
24697
17678
26320
18464
14014
11166
12885
10276
10732
23719
15931
9633
14000
27758
28472
1466
7135
11904
355
4009
12758
14024
25590
17538
18578
29401
26392
11064
1214
2110
19762
16242
8323
19116
9942
15957
323
5558
1588
7244
13190
4458
18752
16144
745
20666
5057
8273
17814
11475
5514
23808
25434
25435
14591
8864
20650
6735
3042
29417
5465
26739
29416
1046
10278
13522
2215
18451
17605
9403
879
25712
25709
25708
19942
544
7203
3158
12865
496
5189
2487
16756
19033
26048
28928
26122
19540
24854
27407
17800
19522
21747
6815
23443
16929
11686
12621
14810
11669
6133
8437
20788
8719
4250
25873
6367
7801
9845
27268
13524
21238
27141
16088
3248
8731
13480
16879
16878
16874
3326
8839
21835
1975
1744
25769
25961
26053
11258
12819
3806
1705
3987
17868
23865
29409
29408
28969
443
21588
5302
22810
19525
17643
18774
18334
6921
2140
26323
27783
28333
29029
15550
24835
13523
4230
15301
25392
16043
24084
3970
5655
25773
13420
11426
11704
9227
25288
2512
1049
8817
25439
333
16211
10549
2265
6062
7546
22151
21853
1382
20875
20882
20884
20879
20883
367
17165
579
12022
24838
7314
6129
26537
10356
21432
22751
27242
27385
28432
24138
21355
22239
3912
25924
883
2254
11792
10716
16809
6582
21607
16437
20696
3919
6900
20981
4697
2914
22987
8102
4409
9795
18850
16215
13818
25017
536
4876
15800
11476
16718
26789
8514
4482
11102
1668
7176
3105
800
7175
21060
19028
16719
19828
25498
15192
26731
23044
24972
26730
13254
21817
29178
1478
19820
13255
23512
6027
23043
1476
17578
6028
6125
14724
6313
456
5630
9404
12255
17815
19161
11014
2152
6162
6126
5058
16102
13374
14722
12048
7734
4632
21881
25020
4559
11298
5972
4950
14802
15501
301
3486
6130
26660
29524
1745
817
9844
1584
10
18750
28122
9450
12304
22164
17709
1581
3898
4698
12363
2509
11435
13107
10545
13815
7504
24226
2255
26733
9054
494
24514
6477
7195
15054
25473
26728
16989
365
3859
10682
22425
25892
18608
2125
18607
2124
8029
19636
18593
22608
18594
22609
21792
26083
19637
15171
726
8011
26221
7937
15915
7936
9518
25414
25413
20945
27310
21793
28397
9567
27854
15986
15987
26223
23564
4576
21593
3306
5633
27330
17387
17386
25462
18621
18622
25450
25449
8012
22642
27054
22172
27320
27319
26460
27055
22171
15894
725
26084
17475
9330
19737
19736
15648
17664
19733
17663
19731
5562
5424
5563
18436
5423
13622
18446
25882
28227
2251
26273
28224
26793
27484
17677
12553
12554
4183
20350
4182
6392
28193
2318
17676
2316
26800
8250
23869
9149
453
26374
22201
26375
8252
19706
28242
24426
21958
13242
15766
26420
22587
26759
20114
21791
25512
17476
23768
19655
13678
27035
14464
23767
27663
29255
27662
21957
21001
13243
20322
19705
2240
26389
26390
20321
18534
11222
11221
29299
5591
11795
21953
14463
21954
24471
20113
15757
15758
9331
26264
13117
6776
5760
27206
16500
11948
21427
26257
18997
18998
26239
5761
21429
28852
19008
19009
13913
11952
25085
25083
26604
22038
21426
21425
20230
18927
18928
25965
23337
28657
9992
21794
9993
18952
19217
23316
23315
18953
26238
3917
3916
23058
11947
26605
20212
10355
27522
12375
23199
1414
10204
10205
25025
23164
16608
14905
16661
24991
21436
25002
21435
16638
16637
26247
20826
26248
25026
7113
19082
1431
4799
16760
13961
23249
16545
23248
22072
20211
27762
8
493
15349
20086
17823
8051
5343
17778
25670
15350
19134
17280
26443
492
8049
15351
13222
3757
12561
21200
4977
24315
19946
7317
2900
25646
2899
25647
24271
22961
18894
19918
19917
24314
13058
19846
19847
19851
4267
21116
18290
17070
29473
27830
28618
21201
24288
13057
7607
29511
2949
7411
17782
9787
26908
26907
21571
25699
15547
27621
25698
7408
28754
28753
27296
25291
22111
22985
22110
4857
4453
29530
23435
23436
4450
15355
21051
29507
26936
26937
2948
13376
19959
340
7021
24129
14062
22917
28172
14592
17184
14593
8872
2354
2355
28135
14638
14639
8871
10177
8534
8535
14377
20451
20452
24030
24078
24021
24020
26160
26161
17141
22910
24099
10176
10805
17183
2397
2399
8473
5258
13557
13556
13543
28502
28503
10522
15000
27233
13528
5668
5669
28547
19960
12495
24270
10521
19947
29411
22237
27116
8472
24156
24157
22943
1908
20144
20143
397
22944
14833
24188
24191
20065
20064
24192
12494
14376
22139
12071
18120
7686
7687
17830
133
24669
22138
132
25716
24668
27505
17954
19417
17953
17831
17950
19416
17817
18087
18086
21764
12282
17919
21763
25864
22863
29600
25337
12070
22864
18024
10316
18025
21713
10317
21882
9864
986
9863
12436
18004
18005
12434
21712
25753
25754
9789
19610
244
15218
20037
8152
19484
25893
5533
4730
19136
4313
7645
4835
17028
25863
5698
21729
2468
18121
21138
14583
20617
8771
21465
11421
7802
12192
17746
16248
11468
14613
16510
17616
9604
4140
5180
26028
26026
26027
26029
101
19370
9000
19899
7406
4110
242
4082
21512
25979
16758
6137
17557
18173
3536
22665
5199
29114
19785
29521
29625
10557
12934
13351
25806
22644
18154
5541
7075
3447
9970
3333
14162
5472
16444
22703
4351
10217
8844
27649
26021
11862
12798
5214
11943
7374
19562
19903
25115
22323
10426
14608
14122
27926
935
12366
19645
9654
16655
5471
22203
13329
14672
8674
18902
4326
21677
12369
1149
9603
5287
8091
13614
8769
6177
2951
777
14441
14646
11262
23813
11507
21312
1647
11921
15068
10014
4142
21595
10234
7383
1378
15249
17433
1374
22939
11505
3173
8517
17902
9941
16423
23473
10475
5222
20629
9991
10079
9630
22246
11509
17729
13300
16657
21391
25226
19989
22304
5887
14397
2633
14954
1534
16802
19174
7960
27981
8170
15872
24222
4146
20070
24562
20231
21236
21765
14660
13112
12174
9986
5931
27258
26245
21070
8990
13212
3206
27281
32
14264
8087
8491
22144
8492
23278
12111
6715
9995
12493
27560
20464
2334
17471
557
24281
14775
24312
2875
5288
459
10236
6067
13674
21063
19142
19949
11530
10795
15156
8580
19703
14380
3239
20474
26325
4991
689
3292
20503
1611
28455
27848
22728
11374
19165
20602
16069
99
3086
9478
15119
788
27514
22497
608
27891
20844
4970
314
15677
4725
21122
20922
9305
20924
20181
4079
1355
13481
21399
15041
21722
17332
17927
20029
25429
25430
26747
18545
21744
27812
454
11212
21213
8480
15920
20427
21967
3095
12655
15322
23326
29107
28939
9082
18835
18032
7352
13924
9441
21444
13891
17773
5537
14418
14420
14422
14421
15254
6084
23061
24642
19514
1503
10981
20713
15257
14664
6098
21378
3567
14652
28986
27973
24004
10091
10105
10104
10097
170
21888
23153
12791
19573
4993
482
27510
11069
11018
10051
16480
7467
14406
11896
11513
184
11987
11989
11993
26190
25070
2689
3656
17995
16021
6749
22627
22628
12555
22108
24185
21486
10344
21356
2003
23343
5888
10080
352
21033
20832
21282
15009
175
7074
7069
7060
7073
20686
8110
15749
10953
17174
17342
2803
3334
8662
16270
27176
26154
2679
27175
5748
25122
13781
17172
8787
18176
3801
6235
16946
5508
13750
14278
6136
9674
23238
171
16479
8493
14169
22409
22408
26411
17272
25121
3341
8875
14404
560
15217
15696
9462
11592
10809
962
2952
14949
8490
20434
23240
29275
16013
25554
6576
5329
10572
9286
18592
22824
200
17841
5703
3208
1890
10077
9938
22767
16425
14801
28613
14405
14314
25867
20483
24929
797
23241
19509
13000
13741
11141
3702
25996
1998
15897
886
9167
9629
2299
14732
4679
9460
24367
14207
16481
2069
773
874
25041
1227
329
10539
1948
20436
20712
7943
5401
3
23783
12263
29573
13077
25684
8503
531
8436
14425
19569
10518
8846
6713
28021
21642
10667
27420
28329
6369
19382
1303
3387
18079
15540
22913
21109
25986
1986
16850
7920
26914
7554
22903
26714
22178
15483
28998
3549
17486
26519
8441
12408
9457
26328
28203
8852
13801
15309
14150
15416
2083
25386
1789
1620
12777
15135
22316
24938
14163
8036
26214
14973
1734
24286
4525
27936
28994
10607
26934
22264
6150
16199
20918
12793
28767
11101
20026
17211
17216
25123
6134
16482
22811
10359
24366
5061
25278
4652
8043
5705
13663
21789
25443
23194
9391
12746
11859
15414
13118
15280
15275
15277
12340
11870
22468
22467
563
20704
25976
26765
15697
5619
13838
27212
23140
4791
17225
9745
17222
7136
3512
15895
17429
17804
1680
24212
6845
5695
7446
10311
1815
2845
12478
7913
623
23578
28647
13635
12633
26089
3059
5627
22744
24730
18870
4353
16907
5561
18053
19783
19778
19777
27145
9407
20744
2683
20857
16070
1332
16519
16746
16426
8111
23324
23102
27460
23520
14219
24128
5884
16244
6561
23974
22472
16584
7138
2653
10878
26432
20197
5735
15360
20443
9290
27984
16080
27985
14004
27686
15084
11540
8621
20850
26351
29180
25062
10291
18755
7231
26342
5155
15515
18509
8399
8439
13102
860
7582
6971
1790
11137
18665
15923
15056
14681
10911
21121
8818
7825
6830
16155
6558
25347
12996
3323
5826
11085
23466
893
11567
14800
6090
10899
3167
12576
28910
25969
9939
1721
4676
3744
11413
13094
13104
3419
4235
18510
6705
23547
11041
10388
144
3009
11636
1802
626
622
18818
19895
22429
774
5060
5730
1094
3843
13095
6103
11637
26234
18840
8440
26983
29497
18238
4286
1424
26624
15905
1777
10941
1556
20557
23739
17461
23726
20444
23724
18360
7540
8610
8773
137
5440
5445
5458
16077
7947
15037
9136
20589
19375
24801
8881
14475
15820
22232
3602
21503
17794
833
5680
27346
14798
8819
15943
27628
23098
20245
11550
19374
27313
18511
20012
7946
1714
27577
29428
29586
16438
22476
22475
22474
22473
25132
1914
8074
18006
10434
26144
19334
17201
3477
17044
3873
21166
28145
27596
22952
8438
27026
427
5321
1252
24734
24732
24733
17602
13975
26521
5731
12619
13945
5138
9251
7907
711
23236
1786
17254
17252
17248
17250
22332
24543
23129
16179
2778
2196
20711
10552
16445
25049
24995
18587
16484
9936
21185
11689
16323
1423
8856
8854
8851
22399
17864
6347
6032
15858
2802
2429
2801
2793
11282
11266
2430
11306
8104
3716
7623
14571
20830
1894
20827
13948
12399
12403
12406
12400
16254
1074
858
5245
23442
9761
9914
17359
17363
13233
3795
20511
4293
18220
6346
15246
485
368
25369
25368
25370
16300
23124
20232
6899
23661
26994
6221
8052
3286
2781
14990
14379
14993
14995
8403
23342
23341
21032
17928
21034
15043
3562
10318
19438
17970
19437
19197
4389
4774
19201
22670
22672
22673
23358
21851
20061
22671
25872
15490
6650
16801
3579
22455
5051
547
22725
4374
17093
17095
796
6079
12839
2918
19191
19190
19192
21566
19707
17789
4093
6314
23969
11648
15513
2550
1799
27994
25947
23185
24719
19861
15450
4163
20275
26842
3578
20080
2249
2200
18979
13246
12193
5531
17726
3438
26456
7420
13639
26988
12283
13087
20359
8956
7111
15036
6223
6171
9830
6646
9454
4589
27995
25962
5034
2330
4439
8191
4212
20283
1725
18165
7593
26073
8126
8950
10257
21321
18817
6916
2426
27436
8329
1787
9562
24685
10922
10417
9453
8198
25506
14434
578
4862
7224
25011
8521
5982
7404
20997
6885
2228
2916
13424
4282
1422
25897
7736
26474
28946
17903
14192
9561
2425
20752
27776
24915
22820
6034
9928
4673
8117
6395
8076
7063
6361
26464
28740
14432
29287
3747
25502
8103
26915
3343
5768
1905
11869
1249
6697
12597
13617
1222
3006
16357
14148
23047
23120
27098
27097
584
19282
6085
2545
1042
19623
18778
18777
18780
16628
17802
12526
25640
28278
27401
12931
3659
14176
5622
12053
20521
15027
18595
21856
1863
11865
26135
28707
13931
13742
20423
16386
28101
21756
28878
28828
9834
7321
7058
5727
3265
15064
22778
7806
7239
3964
3074
6935
5586
17138
1419
18858
23336
27047
2198
22819
6402
13210
28110
20315
8001
5576
3961
1003
27438
26299
13423
3428
6801
12094
14964
14961
3496
1572
27550
11443
10102
3469
22028
3869
20894
1844
7849
2415
2113
15990
15989
14733
14917
7184
9837
753
1993
22764
13902
5701
19757
29292
900
181
11831
5845
5596
9816
14042
6677
21947
18448
735
3882
4958
12520
1238
13644
9696
2096
6964
20093
14741
11094
17842
21496
20024
8481
8601
9075
811
8347
8345
16314
16008
7958
1039
3953
13943
4397
13333
13324
13331
11113
23577
3755
2823
7403
17111
19003
13088
17463
11
2092
12864
13284
1262
5726
20603
20604
18386
17055
19963
1095
17701
9927
26989
26106
26746
22482
18739
14599
8106
12497
435
6930
11319
17650
4062
25145
1041
27803
20534
18746
2827
1300
6876
22457
24952
22176
20821
8602
10280
1840
4283
2767
13540
20989
14968
3951
14558
6690
8597
10179
11925
12384
8299
754
11496
25992
2012
25556
21636
6547
7057
20737
9635
1904
14923
16064
17207
8793
5782
9325
6878
27181
25144
19327
13903
22026
11775
22487
24954
8105
12205
10472
11089
15641
19912
6877
3056
28669
1523
19745
7301
12337
1843
3772
18012
12586
2678
577
15375
16317
11293
20601
8294
7432
1045
26547
5532
20778
4542
9319
19346
25231
19553
966
3427
18069
12081
16875
9346
13206
12285
7494
11570
9459
19222
11713
10148
20851
9272
26546
23206
20606
27271
12336
1842
18738
17649
28889
22088
13804
28956
22639
8913
11829
8683
2422
9884
9748
7997
1461
11184
8599
28493
9898
20325
24761
26790
15594
10178
12385
11569
27754
26572
22661
4918
714
6676
2533
11182
1318
12017
10358
5246
5590
3096
10586
3395
19554
3426
28111
12840
26752
19347
14557
20109
29051
1043
6678
23981
11465
26436
7056
752
1266
798
11494
10526
12879
915
7202
8614
16048
7295
9636
8090
20779
26568
18745
16001
28460
22175
18396
10256
18783
8637
28328
26129
4421
4424
4429
7722
13067
23244
14947
17758
13953
23312
9550
25856
29462
28296
28403
29500
23510
28319
17071
24046
24045
24044
23310
20903
23311
12979
6251
26208
22604
20965
6826
18975
14686
9318
11320
23842
7998
21892
28887
11830
7006
27005
29219
6768
16429
8331
16432
9176
13880
576
7431
29464
27633
21182
18956
12918
18931
23414
17679
19001
26249
11291
28780
10525
17857
8945
15889
10371
19071
10570
5513
21107
18039
2280
2039
13637
27521
14981
7914
27575
23349
28927
11776
3346
4690
24402
24403
1034
2686
24397
17533
21811
22134
5493
11759
6159
6674
2930
22329
5511
11923
17930
7009
9932
16294
14138
4360
150
10059
26918
16741
19572
16631
3971
3097
7008
5510
29364
21545
2304
27970
9931
21546
11517
10351
16440
2774
21108
25770
4803
5484
763
6672
5725
5595
13636
5866
9023
5964
16572
26128
22990
28525
25663
1402
24752
24043
1064
4674
13537
14884
12789
16573
19571
10058
5724
8707
7986
27386
2929
13638
9598
9024
8322
8505
19970
11148
2759
22879
4566
567
26893
20856
19014
16795
3491
10480
13690
13692
24305
11694
5316
26072
13096
16113
4945
6828
151
27642
20986
23066
10374
11208
11565
11564
24770
26928
4954
22544
24419
13536
10328
4614
7749
6897
24644
3290
1101
6687
12558
2433
2432
21252
24434
16364
16360
8326
13926
2158
13761
9713
5091
11303
7985
6250
1983
13271
11389
17214
12888
15445
21673
2744
23636
17038
5351
18888
18889
24163
9484
9315
9106
9100
9102
22296
2161
13927
11243
10175
6014
2836
22788
22786
22790
2289
3786
11287
9405
8254
22064
21749
18198
15305
118
11279
10421
16085
28332
13042
18148
8357
12470
4760
4772
4199
10561
10567
14566
24187
15389
25326
17132
17996
9074
10057
5765
42
3611
11462
7303
9188
18100
20588
20586
19272
19273
568
23587
26060
26057
26058
17089
17088
16549
1875
19516
11459
16732
6142
10930
12427
1245
6006
6019
6012
19750
28905
24232
4758
18041
18043
16892
6707
23553
20128
5811
25805
4448
963
5086
12479
22801
13247
13249
13248
12214
8010
2258
15587
8063
16475
17092
14072
1122
1413
4934
9753
14337
22327
11206
11209
4456
22328
11205
22071
3149
27791
22417
19087
9301
5914
14747
4376
19905
17423
5141
16031
5612
371
13167
9013
9008
17147
22230
22231
9009
22228
3127
17146
16494
12476
5957
7891
6454
2100
6030
17322
10375
10376
6455
27824
9049
9027
26337
13313
7543
17703
2064
16348
27092
4922
2139
20910
8703
3415
14898
9796
14344
4104
8445
25238
17031
15801
3945
13069
15628
13647
8337
13076
20369
5194
24963
23422
8409
5364
17846
3197
4201
20908
17312
5348
2740
7822
17623
13828
16350
17702
26698
2060
26566
21988
14752
27236
3413
9026
1105
13266
7984
9200
29302
13714
10373
15107
9597
10698
7541
5813
6991
17452
13025
11397
21972
6827
13669
4777
16551
27030
24051
23463
19287
4610
13874
8411
24438
22379
2985
10081
14834
16867
8314
23344
129
12929
9196
17187
4793
3352
4203
10952
17904
6333
22968
27259
13606
23924
263
10377
4776
16114
12146
7542
11244
26898
23333
11305
16667
23464
2988
17209
8444
29651
5315
15106
25239
28627
13769
6821
18099
5645
2844
9044
8127
5560
8342
27844
22422
23935
27423
13132
127
2018
13068
20242
3658
16349
3813
15288
1183
6384
478
11304
13099
9678
26635
23421
9483
13723
15444
24809
13165
17278
15134
21944
24193
17847
25019
11108
3089
1660
2104
12277
4524
26416
20241
17196
19132
21542
20526
600
1710
36
13380
17899
795
5347
22629
4658
5076
10352
15427
18219
12462
17622
17621
3269
3255
3257
4618
2282
5839
12503
14650
1388
29445
18996
8928
26974
24054
18074
11717
1558
28677
7014
7015
27672
14340
8740
4137
5863
12233
22177
2008
6102
3901
3700
23378
23377
12795
14776
19434
21839
9452
19853
17200
23151
20151
20148
24590
24591
14985
14982
10253
20259
1054
22115
26353
26352
20354
18957
25671
17408
12592
5548
11288
11286
11289
6985
6420
5268
26715
21990
7016
22713
16261
19012
24137
18785
9186
27421
11375
12114
8725
24682
15913
13510
16204
5756
2708
3205
19933
6256
17774
18532
24926
28277
7250
13090
3165
5753
17199
13738
15038
18403
17382
13973
13443
13444
5758
6316
9791
2270
24300
16656
4585
8664
264
1226
6258
18445
11220
1945
5271
26865
2017
6851
21681
13782
24687
203
14333
15293
724
20223
7821
233
15045
2986
3553
16247
27397
15745
3169
22702
27941
16556
17768
23964
2269
15744
15205
22613
3574
5830
11344
9726
8953
19709
17243
722
1148
13971
5269
19086
8834
5425
17365
7453
18216
11219
20067
8795
12611
19034
1291
7856
17448
3980
20950
17228
13972
22380
25125
18217
5427
21310
20685
19708
12101
20069
27474
21926
24251
24147
15092
18533
24711
7857
19634
12113
24567
10341
17775
5308
13827
11664
4357
16880
18700
14556
24479
22610
234
6305
22678
24646
23669
20222
20527
21303
7824
13829
3832
6503
4356
8590
17482
9187
23901
15292
26252
12930
12932
12009
13139
8927
9886
4605
2982
25763
247
4727
5027
1319
3082
12981
3168
20137
12990
4609
15081
11631
19559
17284
8753
24325
5909
17269
6469
2087
25999
10865
9308
16091
6418
25289
1722
15329
1888
10743
5777
25390
25391
10577
10578
8185
6752
1433
29567
27604
16492
5496
10819
28575
28574
3691
12686
28963
12319
11702
3451
16621
8242
6189
6852
17479
24932
24933
17366
14193
19681
12804
4465
3572
11546
13358
13360
18128
25689
5767
8717
15718
15717
14474
6411
14190
4419
7080
1915
121
9638
28331
28306
25918
19519
19520
8141
8142
10326
2524
21112
23617
11449
23394
15721
1876
16380
2732
14871
3276
2506
14915
22027
27549
17035
8650
16322
8762
1115
18771
4678
26115
24371
12245
12246
28813
24370
24621
12291
9021
20461
18767
3497
10835
28475
29363
10812
18361
12112
2341
2488
8427
21318
4370
11373
237
23653
9809
16461
5115
5855
11879
5162
11662
1832
8888
16531
11049
6255
21494
21499
1567
14609
3820
1158
23907
24837
25201
12401
14142
18376
15493
13863
13632
7872
9171
15323
19126
24383
1352
6990
781
8184
6415
21748
3818
6609
23711
16560
28412
12897
723
4663
1199
20193
7870
14002
20813
3459
1421
190
3927
28413
18632
3571
17439
18161
1176
4611
10249
3081
1452
9759
18260
14143
5140
14134
15391
8887
11372
18877
9808
7024
20068
23879
16852
27488
15660
24218
6416
25525
3817
8186
28543
15321
14183
14461
3123
16851
6417
17276
2677
16600
4188
22069
4466
1871
24516
12556
13262
19714
19214
9177
12680
8692
9792
6571
6434
1198
4627
6409
5654
9439
14780
19755
24320
6660
20747
20746
3703
11629
2676
21573
17020
22784
28943
9943
8526
3313
6719
25714
4534
7053
18897
22326
4761
24321
21458
4664
3692
1874
25628
19215
25028
11193
8690
19712
5653
23929
4464
11630
20942
19756
28755
12519
13586
13680
17076
25711
5309
22011
1311
10639
17438
3576
14576
3083
21788
23652
5353
13737
26767
13795
3926
22858
1912
1334
20192
9338
10207
2957
26050
22873
1796
11213
21876
6352
1834
1351
3446
27517
21352
6992
9172
9446
16916
3704
4666
5742
7510
1850
14089
9116
24032
13264
25963
20745
27518
29293
12044
14141
12557
6211
20179
26854
15866
5936
22325
10833
15258
16236
9335
23673
1700
10183
10505
4302
11139
3001
25651
7957
15996
18822
4161
24585
6292
12168
14299
12681
12683
1814
4538
9695
15582
6096
2661
20189
1982
4995
8620
23281
17843
26192
10880
21412
23540
21668
17290
6844
3781
8471
19506
3722
21705
826
13495
13755
22184
6746
26795
3601
1395
21084
9192
22938
17610
21257
3946
4728
13211
3914
14586
21694
7227
12960
24660
3906
12740
27173
21052
26856
19962
26431
19638
9807
20970
8940
820
25931
2185
3064
16524
16811
14231
6804
8385
10173
293
16471
18674
19286
19153
2513
8261
5307
12539
11828
16612
10002
6781
3122
16454
21602
24893
18536
206
10646
19968
23273
4724
527
11285
12726
6809
13555
8084
19976
8892
14587
17421
18693
13941
20733
21467
1864
15112
20251
22545
4873
25096
12728
3189
22324
10645
6807
11284
15583
526
19967
20569
21686
6632
15995
4246
3266
2033
18077
21256
6778
16400
4550
17019
28785
5344
13756
16197
6209
14228
2272
3630
19767
3449
13335
5801
18356
15278
1816
22469
24786
2662
22030
15772
2794
17021
26097
21258
11877
23911
14616
16399
13359
3124
8568
27134
14585
25940
23159
21667
18355
3126
21135
21145
12909
12727
8260
13013
3857
16449
20635
28532
12590
12467
13942
21757
20225
24892
1997
4752
13466
19587
22349
10174
21862
409
1472
2706
23762
268
20133
12968
11347
10510
9881
3741
2692
12548
17511
14928
8618
15077
1281
3150
11425
10246
6782
26007
8206
14693
15209
24631
15111
6237
683
8383
18764
9282
25762
4039
24539
9042
17530
17106
10381
4635
27440
2824
11642
7052
23364
5046
10347
27516
17425
1119
3634
9265
15830
8303
25749
15974
10731
5184
9653
2745
9998
22838
3709
14787
15630
17198
6008
14637
14451
6771
391
20405
23169
2101
13108
8724
1316
2551
18763
688
28874
27541
15796
11639
2070
10438
10599
7680
1896
12091
20465
28315
18969
27426
27427
20988
2220
13499
17862
12982
12721
23448
12762
20842
10792
8180
20756
28
24056
3115
16651
5049
3519
12500
3285
12258
4756
15871
8617
5608
13072
11811
19283
4301
26775
22252
26666
2157
13124
2709
14211
22900
22897
10954
18463
22305
11330
9961
12653
3845
23410
21701
6374
28293
7816
6270
3725
29621
7617
25078
22839
22841
4334
2106
21459
11405
4404
4102
22828
22415
1083
29529
27898
1603
16073
17326
27787
28346
28856
18863
15435
7356
595
594
4170
9068
2933
12889
24125
11388
16066
12987
21328
26801
16164
9264
17142
9786
13429
12961
4638
799
4294
22389
11239
16407
12722
18352
14343
3380
19103
13836
14210
24430
3756
12687
250
12658
5188
11556
12540
22023
29005
7248
12747
6836
6113
6238
17025
10342
18390
2795
23233
1900
18917
13010
13812
15463
14735
22992
16410
898
5124
15459
5798
24273
3084
9919
9812
22953
14759
20641
20689
5048
24272
3378
26798
28758
28088
11186
9785
14736
17586
3245
2884
2601
3110
13592
20946
1538
16362
24643
24537
14307
2301
7538
4600
5267
1496
12506
3584
23426
24220
6785
388
417
2718
17380
11641
364
5557
16632
7027
11233
17057
2518
24416
21414
21262
22068
8031
27033
9108
10117
3622
12744
6271
4641
307
14452
11176
3767
5446
12657
7539
24219
28810
23425
23585
26508
6074
29632
16408
3583
29263
3116
17493
28890
14907
24140
2298
5186
1495
6787
18590
20104
6912
12335
15197
8298
51
23714
26422
25279
10823
16268
10118
15224
21824
19320
18772
27979
5191
12290
21413
5559
22082
690
23041
11050
5958
5320
19324
2156
23715
8089
12688
14247
2222
13428
12983
19654
11643
13813
18916
15462
9263
12745
20683
22388
25411
10264
17024
16506
11587
4877
11236
11850
3888
24538
22993
8324
5339
1285
9676
26059
28053
12676
908
1570
28526
7055
23286
10744
1697
13073
8300
15408
23612
10046
50
26736
14874
14984
3450
84
15460
19288
6229
14503
17759
1366
3481
586
1240
5665
60
9918
20564
12785
4607
381
28357
10875
897
28356
21700
21702
24998
18765
28316
19919
5597
4406
18781
18008
2958
17571
5431
3666
14383
18611
10713
15984
20785
24400
10565
3732
6016
20762
17920
23752
5325
27726
12161
2760
10727
8271
10262
17935
2729
20101
20056
25130
23402
1391
4285
21058
23308
13879
5080
5291
12365
4023
13546
13440
14429
8064
14882
10766
19556
14812
21559
3412
13277
10455
4769
21368
17489
10368
16428
20131
13368
25150
2809
19309
9309
5259
4025
4440
6850
13659
24009
23314
24176
6917
1270
27996
15019
1798
13547
8224
7980
19701
3739
18651
15308
7555
26563
2431
24401
10964
15410
14867
742
13330
13487
8489
8225
18612
18650
21531
21846
7981
4956
4024
6849
17721
26041
17151
4438
12812
15560
6918
12993
2712
25503
29322
17960
3048
10942
2434
11058
5451
28185
25012
13545
24415
20566
27118
26158
5299
18862
17488
18711
21367
27648
740
1282
1268
27532
21758
415
3797
975
26267
4223
18583
10520
16849
6010
6152
2680
26265
12446
8522
5205
19555
24396
10937
113
1231
2239
392
1124
41
7457
17411
25184
3114
3933
6789
2165
8831
6981
11897
4112
2598
22384
732
27044
6708
4393
22766
19125
15071
8284
140
16486
20038
18129
19143
15932
21384
11920
3356
14387
23556
1497
14239
23184
14136
4345
14926
4263
3864
25528
5200
14241
12279
21561
24390
1076
4660
7320
7249
14075
9094
2217
15108
8059
19121
16308
4693
24548
22741
7466
7468
20200
533
5659
25328
15418
22058
5790
17113
4145
90
19689
12128
2243
3022
20542
4503
16139
18211
23940
10831
15025
16580
20327
14934
14473
15243
6383
22260
19999
12431
2021
17952
15382
15098
16675
14763
29442
12869
10294
21657
9189
4088
8563
11606
4696
15726
5794
8684
17908
9522
12487
18254
4650
9038
20782
23760
1628
5809
15900
20740
2956
11081
10749
27564
22286
20870
22656
17517
6803
11232
12769
15042
7276
5129
6048
17636
12599
4785
2279
4029
3504
11774
6814
5082
7421
14770
5755
18241
21933
2209
8791
18648
13276
12264
3007
8338
9269
15777
330
10198
4823
2382
19128
9652
9552
20583
10156
17036
12130
11423
13298
4197
4251
18697
9279
6161
11033
23256
17576
8640
8730
6105
6692
10292
7836
9851
16487
13593
16166
10195
22722
3884
13079
280
4598
19621
13917
8977
26833
19076
2480
21271
26077
19690
12698
8297
23137
6047
25659
216
5084
18977
4422
3353
19843
5581
15735
11329
17045
27963
15694
5264
424
8951
25320
20201
22206
4792
12444
22195
3021
26661
27301
3862
9848
3516
8645
14071
12881
7229
1340
13157
11325
3573
7068
4035
13251
5314
19939
23079
14107
18582
24490
401
14715
3941
16635
9119
5638
17764
7630
14740
15882
3608
27740
7116
9616
26653
13629
11436
11120
13630
7461
10197
2615
313
9602
20795
11191
6075
16803
3730
13883
2276
12937
18255
8203
21322
9095
1855
20993
19292
12952
15105
11217
2840
16575
1978
15109
13985
1886
25079
9097
1606
12239
1014
15260
6816
15510
93
10588
12868
17985
5313
16078
25428
22194
12880
17763
15727
18212
7269
5024
5791
405
16485
14073
21902
22207
10490
3865
15216
3593
10200
23118
16634
22967
22802
13045
18581
18753
16110
344
21514
20664
9601
24549
13301
28285
15674
18567
22885
17909
11772
17306
12486
25658
19940
26078
19688
26063
22707
21751
29640
13730
1013
17398
26832
25715
21228
21358
19106
8221
14273
569
3830
1976
16447
12187
19728
9161
5305
6926
15768
6635
20352
20337
6046
21515
9313
18364
22705
145
28653
29333
19093
5657
17984
1123
20518
28651
15244
6764
7586
15901
3020
11498
8577
10516
11454
22742
21628
27246
4695
25815
3355
12986
9118
11359
2600
11216
25090
14106
12870
28845
17247
7935
2278
18042
15307
15765
15310
8262
614
15929
6388
6045
19035
19622
16958
1244
19659
8123
8693
25490
4072
15261
4253
13164
3515
14994
11099
12416
28612
7982
7544
9154
10821
10495
1065
27705
16403
5963
28373
15336
1484
10416
15746
4179
16137
8529
3295
19260
7735
5588
10509
9528
26408
8218
19299
22083
20062
17068
6299
13689
14182
1435
19730
20978
12632
21521
11038
17762
16895
16902
1897
3348
5593
3844
13960
12055
5249
9007
21840
16363
10494
11885
15910
9649
716
8639
2291
10621
18627
22549
1362
4790
20458
8216
27682
10279
18242
17723
20482
9579
10816
13802
22287
10493
23176
27978
9650
18616
27670
20457
12867
9292
2182
16138
20456
10508
6483
10620
25066
28522
10039
7400
13996
4981
22691
11464
20979
25784
717
18243
318
17523
3863
4549
13608
6086
16995
853
19181
14781
6743
14006
11598
212
29043
25959
17683
29579
828
10849
12129
9148
10295
13894
12876
6945
6353
221
1217
20135
20341
1019
4972
19816
17520
15210
27761
6144
21598
2472
15023
10186
9548
990
7978
15517
3807
11235
7230
21920
18922
11600
10324
8750
8088
19511
17939
21775
10063
15738
13459
14205
8058
7437
22268
17507
19501
3216
2150
11136
7131
9554
8082
15600
1254
19237
4634
21038
18618
1474
21923
9800
14055
4297
19394
14226
11640
6368
9288
3657
11259
25643
20476
8944
9754
9749
18708
19674
7588
1147
6033
13778
466
20596
1027
18426
24144
4894
19053
8424
14386
20561
11111
29491
11110
26533
26564
29492
14838
12832
19002
25966
19752
12830
14935
25105
9852
1460
23191
15869
24061
16927
16926
23146
9258
5263
13345
4444
4413
9751
994
4059
4332
23721
8226
8915
15325
17161
6208
3501
23192
9307
2442
8868
7252
21536
23689
21827
4901
8600
5898
21443
9719
2504
10274
18236
4717
23321
5367
18930
5770
2073
11210
17274
10940
2631
25854
5418
12507
3993
8891
6397
3631
3637
356
6298
12443
12838
12040
8458
589
588
13611
29370
29168
16017
22920
20005
12259
20786
20340
24213
9733
222
27023
8656
21612
8433
13905
18265
16516
20229
24268
18389
3357
13766
19642
21672
5799
7952
2404
6568
17791
4381
1825
2352
24205
17519
5476
24037
15412
23690
19295
10750
23541
13050
13175
18792
12946
15682
19590
13532
20089
6995
7642
27325
21537
16392
8942
14932
553
3735
4314
12043
24142
4118
14937
8083
5342
9723
19031
2538
13361
27872
5634
7200
15153
13850
54
23705
673
10855
6040
21125
12829
20937
5093
8895
762
4815
467
3498
3554
8155
11950
1761
17598
7020
8943
7641
3490
3231
4331
2368
1393
11523
21858
1442
17237
18844
2594
22850
14224
9533
18351
19392
16980
25398
29206
21490
20236
8941
9563
24625
16018
26707
29087
21126
19030
27589
28430
14936
21795
20790
24143
16393
27073
14761
8192
20643
18257
12922
18453
18504
3922
8062
17792
540
14651
8946
14470
29111
19792
17238
14388
18816
19498
20880
27802
11949
7019
22301
2405
18845
26080
10134
21163
12170
20115
21011
28369
1068
5832
15413
21160
19294
5477
27959
3035
12831
11813
363
13445
5641
26064
19393
13101
465
14225
8697
22589
14390
27547
27294
22849
6143
52
9549
14933
15747
7594
27851
6542
844
5001
16887
16233
6858
9527
278
11056
20681
11123
23313
20928
10391
19589
27671
19225
16630
28825
12206
21966
6994
21014
21013
20088
8086
19322
13780
9487
10994
13325
5257
16749
3870
4098
22336
1192
8916
12098
12207
16996
10286
22749
1463
21351
7007
19115
11504
15683
19182
15684
23688
17508
1187
1996
15795
18911
3383
3284
8966
16260
16259
16232
16231
16219
9517
2634
11369
12019
2629
21905
5871
3384
16258
14653
1471
10423
16379
4797
179
1220
27240
4644
13448
13450
4987
765
1302
11384
23005
9006
3385
4909
15825
11837
17760
14255
5052
9166
10641
16006
13995
21376
13146
25507
17979
26993
7089
6800
10891
2099
8530
4820
18430
10783
8899
13627
13155
7968
11370
16026
8853
8309
24792
7965
4821
211
2406
2344
15509
28917
18237
8330
3734
6682
25110
9643
650
4325
8019
9659
1849
4517
16948
4281
12173
8920
3011
1469
9451
8882
22542
1635
14941
12364
5131
14049
2445
18095
20126
6911
4802
24608
770
5906
11337
3282
16394
21544
20530
25399
17681
12172
9877
16952
16861
28394
24126
24472
28151
10879
13649
19667
11368
6245
2446
17722
28964
21852
6910
18962
27614
2607
24816
22358
15940
19666
24385
20127
15381
13395
6452
28898
210
27222
7275
2315
7971
7974
27245
7973
20611
25504
6961
6540
21244
6031
9240
1353
23411
6436
20203
15136
2897
9209
2925
633
6541
15402
1878
885
9775
967
9419
19893
12372
4441
15586
14865
2134
4382
9906
3392
8420
23517
13468
839
17657
15123
8800
19415
4819
27565
11265
9206
19074
10172
7964
8761
20234
868
5953
9962
27730
4801
19650
15967
9104
9669
17436
12994
12541
6798
12386
5870
2193
830
7911
11315
4408
4955
21746
10887
2489
2307
5648
12211
6953
19964
20669
1247
11787
6438
8929
17282
21423
14813
19365
5352
13430
1621
5426
19495
23635
19683
16498
3909
19973
422
20516
28158
4371
22219
11460
9111
11519
26039
11932
16488
18825
8749
18879
8078
9202
14458
14460
6610
8611
9916
5751
11633
7213
4851
12220
10746
17299
17951
9185
7070
11478
29189
5556
7826
15115
22096
1444
22724
11983
8983
27159
13231
5083
3675
5464
14249
12273
26981
6441
13888
29253
13824
24038
24089
1080
15032
17958
17780
28995
23649
25679
15020
12215
14408
3304
4817
8653
5960
8676
20519
981
16252
6431
477
13771
16568
9708
18881
26792
13003
12534
22855
10441
191
4340
3330
2577
4368
3320
14400
11227
7310
24851
6458
8713
8485
8204
15040
10605
16983
9114
16319
12458
3462
4384
12302
12301
13819
4379
20475
6437
1511
6901
8525
24684
18880
19568
23412
1096
8147
825
6194
772
24201
13308
8884
6611
12535
20520
19276
9010
26722
16474
2362
7162
3908
20845
947
2483
10114
22413
18404
4383
4522
11913
26593
21343
6733
8657
15949
12915
7861
12379
4185
4603
12848
15364
20154
13507
22701
6456
11849
12459
12356
16206
5652
18736
5007
9913
19073
23003
19280
13773
14419
4036
9831
3524
6387
13035
10337
2893
2922
3329
14181
20266
618
8148
21380
23975
6025
23723
10155
18589
5663
18551
9930
10581
18895
17040
11982
855
17878
16922
26672
23424
6461
15948
11863
2290
11698
17077
12355
18709
28712
15961
645
26712
27944
12272
19075
24890
29270
15114
7621
13770
8712
10232
2926
7165
29425
6478
7346
2898
21229
25688
1634
2363
813
4989
483
23002
9929
25593
12810
28214
5948
3911
14883
18380
17432
6389
6024
25750
12469
9774
5752
24827
8880
18362
26387
21606
18896
19881
5649
11635
16205
22258
27260
15534
15363
5781
2424
744
26804
12916
11981
12171
8932
7571
9773
16489
3639
18282
7708
4442
7487
12615
4707
6742
21053
4911
1483
16361
4186
4854
20714
10073
17399
18991
3517
1267
304
10440
9110
23469
11746
16742
6637
12797
4335
8989
17827
14728
528
10946
15193
7475
8306
19679
21036
7673
9184
2000
22856
9704
25054
862
2829
5744
22598
3183
7211
2371
14065
19763
19378
13122
7140
5857
18071
12001
8752
5363
22709
14250
20323
12311
20646
6396
12100
26721
4324
13736
21139
1800
8754
3614
2907
17580
784
14293
8343
1110
13225
8079
10661
9277
3354
7941
14629
10072
7706
24517
7819
14015
19496
15480
5004
18281
23534
457
13032
16253
6326
4
18207
1059
28921
23470
6378
205
8671
7072
12820
13765
21347
20679
7572
12523
24587
1981
4270
16149
12604
3215
18981
19377
12410
10479
5319
10602
18318
11133
21140
11522
11028
26442
16150
4558
5860
3958
19026
7517
11007
5064
19675
14484
2817
12465
14166
9908
14165
14573
3235
12362
4390
3186
6700
18893
15676
5825
9368
15823
15565
14628
14626
18142
15950
13293
20631
26999
14235
5
24880
6880
9205
13859
866
16172
5629
3187
20085
23202
5988
2716
21860
14017
5859
12763
19754
21037
25094
18892
26022
23555
14919
21690
24996
5647
4355
14292
7518
20442
20314
15819
18982
11132
23680
24999
5368
15564
13508
9113
15822
25215
22614
27968
6879
16460
18887
5842
2975
13371
8482
6884
20084
17190
13294
21965
12361
24800
14455
22682
5202
16255
25637
3210
18461
7471
23870
12166
9707
5913
12322
7631
15396
1928
1882
204
8883
5911
24122
8586
19376
15368
5376
2855
7423
7163
4474
12409
5142
8988
18652
3139
22777
1287
11526
11525
17748
4602
10050
2966
9178
8571
473
10267
24034
14814
21742
12033
2072
5529
12320
2905
19888
18384
2477
2696
2652
7430
12377
8659
24035
4090
408
77
373
23255
21474
18172
7315
17749
15611
4604
3568
10011
16025
1491
25853
13219
11422
4562
8595
9443
17079
4279
16701
10888
4863
1494
2365
8037
4514
14070
23756
10365
3259
6473
19013
13671
7422
26614
1956
6
1492
9415
10826
901
9958
5600
5666
2131
8508
14644
16835
18826
15741
918
10652
5277
592
7049
15864
21978
26167
1648
22430
677
22056
5335
18923
12073
1938
2233
3145
7434
17512
5631
19502
17240
12685
2132
14721
14767
23786
26830
17118
29267
15491
23594
11623
15610
1453
24159
146
17688
14983
23234
1764
11882
7385
7384
14720
5527
10669
12710
13307
21234
25180
27277
6262
4704
14409
22561
4462
7377
4430
12117
17050
17669
8057
3408
7798
16495
20549
16677
1960
13683
16136
9779
22221
6474
19557
12767
3940
5278
4287
840
6261
816
2075
16135
10563
10948
1865
9959
20468
9776
9744
16722
4868
2074
11843
26482
6304
8523
2580
2585
18970
12203
7368
810
3409
9760
2901
10705
8742
14494
16181
2670
5059
9618
3141
1286
786
3875
11937
9328
1008
13588
21497
960
8700
1655
13454
17096
814
28196
23557
4221
4764
5455
8352
4702
11929
20398
28448
8658
20116
10772
11614
366
26616
14493
1288
28047
19682
26359
2902
15821
17718
5062
16180
18499
29169
25173
27408
10219
5732
9306
9680
8351
18218
9440
15977
22659
20206
7186
2471
7104
9322
23382
25367
9960
22768
2230
15533
11624
13875
1488
21637
13685
25172
5778
16569
19029
25264
26481
10670
832
8334
12013
7299
17397
19356
7519
26099
13471
948
18449
7382
1564
3616
9103
2348
5710
676
7921
7557
8548
8158
11439
14579
6259
5276
18806
26056
17221
7093
13227
1949
2482
7553
10306
1554
20494
1439
17892
6356
4748
719
23637
7369
13791
11130
8738
16450
14296
3632
11129
15447
10935
23350
12176
19854
877
8041
15279
4074
10307
8813
4556
17396
16730
1979
7559
2081
21464
2349
12253
15585
11991
11996
715
25350
12674
2962
10807
11381
10827
2540
12799
3872
16743
2578
7208
8319
15495
11479
5528
1106
74
16327
14643
12594
14615
5614
18075
3661
10389
14294
8918
20980
18125
4701
20708
18645
21030
598
20538
15963
21832
28604
17698
17697
2560
9651
18824
12672
16855
14568
5568
26862
20904
7290
7098
2253
1732
11995
18655
4236
8741
7095
2548
12484
4280
5525
10541
9746
2766
10934
10573
5362
11442
8919
19866
6689
10558
10760
7364
14795
9778
12920
6058
2025
5432
8507
4333
5942
26858
19205
24183
7805
16456
24360
7287
15991
14611
16906
26966
7917
7194
12202
4853
12204
4580
17865
15384
20616
13626
1108
6309
7285
17049
11911
1727
22860
27910
12704
5886
20615
16381
29129
11457
17961
23484
8195
27473
8685
4948
1356
17765
10979
8799
662
23835
6783
2630
13292
17409
5980
6300
8964
10866
17766
15937
21452
12620
17514
23573
8194
17285
15992
16854
26544
23483
27373
12663
18029
26100
12212
7286
12194
17048
17327
11705
11417
22453
1729
17513
10867
18633
7097
4816
597
24442
13125
13129
14822
2481
10503
4645
20063
1327
11781
1666
20797
7700
11440
446
590
6802
6266
13141
18182
2436
17695
20152
2703
19156
20947
1547
4516
9975
5865
8847
8896
16530
12873
11730
9880
1617
9580
437
3484
14013
12607
8315
8630
25129
3770
9738
1428
6657
6640
21394
604
8631
10936
7562
439
20478
2923
9752
11317
4407
11998
738
8464
10224
6218
20982
17820
3032
3938
8633
7456
17215
14806
10061
2906
7451
14358
14565
169
94
5546
2179
27784
5610
5154
14764
1699
1335
10040
19308
16583
7172
19429
16799
1161
4320
22081
1417
9134
245
13239
9640
5615
4319
20296
15730
20185
14431
23781
22427
19265
17166
17167
2109
3026
14564
4414
17058
2567
8833
3688
15619
9132
8544
1425
9782
4577
615
8540
3653
11281
16443
7109
21401
1853
9740
1645
17443
2057
11892
3410
9613
12527
13889
5393
6919
1781
5453
4688
2383
18497
5011
5090
12669
2085
17266
27335
3223
16277
14318
11283
13029
21831
3060
1847
2293
22
1225
6145
14965
6774
1134
7141
5341
9211
26
4768
12248
19146
3359
1616
14426
12209
1436
731
13390
1276
11467
20592
5136
19539
19972
1551
5470
9904
10469
10090
11784
22061
10909
903
27606
4762
21774
19760
21910
4418
17628
7376
10544
6285
23914
26530
1550
11353
16975
3594
10287
21
5443
10093
5135
20335
22185
8937
9619
9270
9180
2814
8040
4416
11886
769
641
22113
10239
13261
16035
14146
1591
5449
12735
18540
3361
23695
353
11819
9334
119
283
26435
8255
20783
6206
29478
23543
18407
6597
10857
15855
2890
8467
12606
7350
17879
10226
1784
1111
12947
27345
1709
12254
6564
9709
16604
17444
9658
2181
14095
438
8634
18604
5067
2043
10429
19271
6303
22459
9329
28447
4417
5822
17179
18092
19977
12784
8257
11339
6563
16829
25633
29429
4599
12141
21917
12874
15405
24455
26035
6688
11524
441
29372
2178
26710
18570
10408
2574
474
8354
20228
670
12241
1600
19541
1817
11816
19157
8466
9332
11091
15598
7563
15856
1528
12235
14567
3036
2188
5549
17674
10569
10089
14469
14809
2854
27312
19839
2980
17787
2187
3065
24552
12234
21618
5436
8970
15875
4027
10982
235
10844
11552
5553
5507
11151
6375
1029
4189
8410
7042
1610
24881
1851
9120
7620
18654
610
8065
587
1385
308
4435
6903
9411
9711
17884
25000
9806
9130
14745
1322
5010
197
1742
4839
9500
5053
15030
13388
14823
4871
8816
13925
9142
11257
619
10111
11147
9139
13478
15160
15162
9122
1980
6548
9121
13929
18145
6390
28705
9710
1033
14980
5639
4912
11446
12437
24253
17074
18293
23481
416
3754
12218
12743
17885
12219
10015
9218
25904
1138
22080
20799
20270
6587
6315
17084
13048
4531
24583
327
27379
2186
11872
8145
10145
3244
4180
2047
12082
4069
16263
21728
2757
10122
3910
612
4022
2981
14977
21395
8878
23776
6649
10617
11551
9501
7785
13046
5303
11248
10830
5721
2863
21726
8150
23920
24874
27513
404
23789
12835
3505
7881
14351
8865
18743
10846
9850
3251
3977
20147
1333
24085
24736
12574
23398
9742
11391
1023
12640
1330
12039
15152
16992
4362
13464
3720
27862
8463
4885
14242
152
8877
9249
9503
1708
24079
487
14456
6021
6695
2894
25635
1658
12242
1607
1780
6118
2224
11392
644
11985
3686
14808
12083
23912
2133
8469
16863
2266
24
7004
1703
9376
13562
5474
13579
750
9194
7792
6459
8468
29570
1778
25001
21916
27718
6980
26312
2610
17896
12666
16496
2213
12289
7253
12636
4437
1233
9637
115
21402
20591
19316
1593
9201
19313
7090
712
10747
1301
18149
10108
7241
10013
9502
7251
3982
13576
17754
28794
9248
4930
21732
21226
12638
27904
20361
6675
28950
9109
26770
8120
8812
12560
19145
5499
18146
18249
10110
252
24308
6117
2776
15722
6168
1377
2825
6581
2160
1707
14198
18706
6366
14258
18478
8815
8869
9687
4138
19432
2946
2624
243
15154
7193
15981
2564
4266
14737
7902
20334
15770
2264
8247
18827
3852
580
3617
358
4434
4020
1490
19614
57
9162
25759
4375
9262
3931
4870
96
6588
20047
16019
13928
1371
14746
22255
9464
7695
2094
10370
18139
19615
1622
1459
3100
2877
10950
2219
15370
9138
23415
4709
21530
21493
2267
294
8978
19823
21100
8498
6686
10240
3192
14320
12224
12955
4710
2650
1585
3162
21417
21418
3252
3564
16436
29435
18758
2310
9339
22392
3279
19206
22041
7685
13531
2093
20046
17163
19385
5522
2277
24139
14555
34
3915
3668
5741
11301
16680
13047
12442
10425
6599
25186
7017
7018
4410
55
875
9589
749
1344
8156
5850
18000
22792
12637
13596
15938
692
6947
15233
8417
13992
8112
22827
10367
14951
135
25618
3198
2753
4879
22692
24094
2967
18292
14375
16672
12964
5166
15576
5055
4786
8140
19257
20717
5520
24095
17962
27010
3563
2022
25261
8660
16869
19025
17457
139
23201
5674
6684
2128
21843
4849
28155
16884
20705
7696
1246
22501
4321
4947
26868
6655
13496
20829
39
27590
2459
11560
4100
5384
1748
1684
2532
14110
348
2717
7293
18447
13969
22871
3729
7304
8848
2447
24489
4007
4292
23171
10580
17325
1151
136
1306
2232
1375
15374
14738
8456
15590
5667
961
20105
1219
8770
2976
1810
10740
21495
13935
9668
24695
2020
12155
20925
7694
15719
15575
4006
23416
28144
27067
2097
9035
13595
15211
14726
28371
3542
19770
4949
6954
21261
1808
3854
11445
5169
3176
29197
11447
1135
4181
13451
9146
6859
6654
27475
1819
11495
21086
11124
14401
7390
15833
23327
9735
25175
7343
11893
20421
19239
6485
9033
11566
16262
12196
25540
3137
10555
8281
1805
8499
11158
3552
4887
440
13965
21306
16326
285
21307
1427
25862
1017
6712
6750
28534
9025
14074
14203
21004
6002
4716
25038
2648
9040
7790
9039
12603
18886
9041
14365
11211
24735
18640
983
102
6359
7209
19140
7204
14366
20292
7961
9271
18335
22391
27768
18204
49
12965
24252
58
10856
418
5819
14191
19141
3249
21133
28593
8497
14885
11157
1213
15649
7789
23542
11753
5167
1809
10220
968
15898
25333
7205
18643
28377
25023
28953
26472
6915
2361
2515
10584
