721
956
240
246
782
936
307
83
1090
241
602
985
945
248
780
718
303
773
391
1165
720
221
317
437
938
265
837
55
389
376
405
398
1537
1532
262
1241
534
831
833
319
732
73
180
969
251
1867
320
219
407
742
311
264
166
124
211
1258
16
1580
853
394
1240
84
304
454
176
1176
103
1003
331
104
1248
477
149
1145
474
783
717
271
116
4
774
156
1270
1113
1134
973
975
977
974
976
941
757
1191
785
943
1530
1178
1140
792
930
753
501
512
748
1087
488
1519
1376
82
824
326
553
182
67
790
499
1168
322
341
433
327
1880
595
1182
438
1114
315
257
1157
268
165
1210
332
344
235
794
1582
189
87
432
434
1700
321
1156
444
1144
1517
772
536
462
487
181
1073
1443
313
1102
1158
41
1133
77
80
1088
500
72
1117
750
193
968
498
711
920
1188
1181
1128
333
1280
547
1044
1527
1233
1511
836
762
944
261
822
1124
731
252
1131
767
486
931
1239
1148
1108
1323
473
201
754
656
788
1308
1213
1585
1161
466
752
416
493
935
504
1252
1266
1766
247
1378
415
760
1195
1149
1174
1538
751
1488
528
70
451
1353
1137
1198
100
160
1097
1311
529
393
736
1600
2504
1184
1247
746
336
296
966
45
449
849
770
266
952
207
8
346
823
688
2099
1849
1177
413
894
765
1494
560
50
2123
1907
197
533
686
494
310
230
403
771
216
400
787
740
1215
1189
482
1147
1322
1406
86
1523
1318
1166
775
1556
150
655
596
1216
1310
435
719
811
1155
1197
608
1286
2793
1259
1179
218
118
2742
1190
1334
1601
1127
502
22
424
1086
1143
1013
561
768
1109
9
39
109
892
117
1135
1115
1521
1352
244
258
436
937
51
1795
948
440
1528
335
1833
786
1595
52
1104
682
3213
630
1403
1278
418
1370
458
340
2449
1944
253
1871
175
306
810
1074
562
893
1229
1290
1333
1085
1123
132
1364
505
1038
1388
231
256
259
1745
1804
624
1146
1859
516
208
1121
758
71
3015
1103
249
390
1481
2381
1535
178
42
1036
724
601
233
186
1503
703
2174
396
3
441
1026
1525
1350
575
206
755
243
541
1324
587
1897
269
1637
1546
658
1167
2043
1486
1285
919
1204
2605
927
2717
2047
766
426
1276
2200
1589
597
1433
1384
2477
260
946
1446
1474
1713
2375
1887
421
40
1457
1371
527
138
151
1422
812
412
1513
173
2709
1570
297
549
563
1584
1347
664
2562
955
190
1495
1230
593
1819
74
1992
967
476
254
57
795
102
47
1596
2745
1573
1373
2024
114
2598
1649
448
3371
1439
1593
1642
2023
2102
1138
2283
2243
2671
1852
1711
689
1152
2190
779
308
1539
93
702
484
58
2185
1598
2178
2462
1187
2136
1011
1974
1221
631
1107
429
2535
1319
352
49
566
2721
453
483
1100
1663
1655
2557
2383
3336
665
626
1301
1543
594
2026
2165
1046
1277
238
567
2625
1965
2403
2384
1724
411
2310
134
1171
2216
1985
2585
79
463
1050
224
1827
623
2184
1218
2325
3364
2570
1960
2617
648
2699
292
1574
1768
2608
1515
662
1030
1707
1393
1
408
3709
897
1077
1913
1473
1363
1034
2059
1042
804
674
2121
1125
1014
129
644
1489
1392
650
220
922
957
2210
1309
1217
1608
2458
3074
3197
3207
3201
3214
3216
3186
3185
3184
2698
693
660
112
2633
1151
1415
2343
1567
1982
1670
1625
2214
2209
2197
1081
1139
153
2219
1881
3382
2357
1391
142
481
3199
1730
1111
3225
3116
3208
2289
1845
428
716
26
2913
722
1626
1701
1759
2218
431
1169
3378
1288
1328
1628
3492
397
455
672
1814
902
3047
1512
337
3357
3374
1616
485
1850
2578
715
728
1550
1080
1646
13
2968
2959
3356
3470
3703
734
1654
461
330
1183
1180
1105
1083
1522
1245
227
1575
1518
2480
2492
2491
2489
2482
1639
1934
2512
1634
1931
1534
1772
309
884
1106
1727
1154
1194
1662
1716
1207
1490
1563
1228
679
1623
1630
1644
2673
445
1110
1141
1413
2198
183
1792
1246
131
492
1162
2528
1860
735
21
6
198
2189
991
2672
171
1425
1529
2540
1411
890
3065
2355
1882
713
356
710
3379
1995
1805
1658
1657
1648
759
3707
1832
3137
3429
817
2914
1746
30
3348
370
2947
2972
2911
1453
1613
778
468
1295
769
2156
1234
1977
291
2521
229
1380
1112
2271
1094
1824
1164
799
1208
1434
1564
1068
1602
1748
2277
97
2282
609
684
532
1863
555
399
1402
1872
2546
2536
2533
2529
2554
2548
676
1122
666
2089
1160
2520
1193
3205
2286
1541
685
1010
205
2523
2710
1477
2021
1265
1262
1268
1192
1130
1577
565
1734
121
3134
3146
3130
1618
457
2247
1899
691
745
1272
1175
1738
761
135
1360
2173
727
764
3671
495
1714
1883
2918
777
276
1754
903
10
622
192
3211
1665
1629
1572
965
1873
2182
1509
1172
1095
1142
162
2982
1255
188
1957
1243
789
2332
1326
2514
2515
2261
1091
1170
226
286
469
1821
2034
1250
2612
2624
2460
1186
1339
1012
657
839
1524
629
3914
1706
1057
3721
1660
1671
1348
2933
1089
730
2470
1331
1588
497
1740
3190
2888
3176
3180
3181
3182
3218
3183
3187
3188
3189
3215
3192
3193
3194
3195
3198
1418
3202
3203
3204
3206
3210
3212
3217
3191
323
2249
763
3138
2302
1467
12
1502
126
743
475
3048
2580
1424
1436
2164
2259
1282
1116
1366
3150
895
2453
1672
3489
3472
1984
355
701
1336
2336
2323
410
409
56
214
144
479
2183
2305
2311
1810
2560
3046
1773
3049
146
2193
1132
1242
2910
1306
1299
1409
1355
334
1717
1214
1211
2033
2575
2584
1390
1397
947
538
395
2572
2152
59
2656
1533
2369
2353
2350
1812
272
239
2493
803
1442
1405
1400
2496
1579
739
1631
2943
2161
2321
4021
2431
1718
2052
1330
1337
1332
1325
1314
1305
1449
1900
1903
1369
2066
1447
143
1098
2003
3355
1917
3361
490
2037
2211
2158
2965
1225
187
2105
1223
255
741
2551
369
1362
3081
1173
2696
1291
821
363
1531
1256
972
2448
1315
1297
234
552
2409
1302
2401
1996
15
66
2571
921
1185
654
401
2176
0
2008
199
1002
99
123
1279
807
345
3533
2744
1851
1876
2391
1583
1307
1561
1387
19
2041
18
1338
1560
1555
420
1553
1615
1886
122
1847
2155
1857
3380
638
3238
2896
1461
439
3104
3347
1269
184
350
680
1435
2170
1526
507
1568
2168
2737
1635
1257
3607
2086
1870
883
2036
2014
1879
2861
2225
53
1869
2108
2442
987
4131
4130
1504
467
203
964
349
1855
101
2461
1267
2542
1978
3253
1222
3136
1016
2641
2593
480
106
419
305
2799
1031
1983
3286
3496
1687
1300
210
1606
694
2270
62
362
2677
635
928
1344
3484
163
2441
1096
649
617
1885
1668
155
2363
2747
1970
530
2196
800
228
3480
3811
2090
2124
692
690
1549
277
4075
958
1316
1281
3268
2334
737
1399
738
2566
1491
1971
2299
374
2377
4108
1622
825
1199
287
232
887
852
1790
200
1220
1719
1284
820
1838
2042
1293
1884
1395
1043
69
1219
613
2393
2855
1212
2240
1470
1826
1720
3614
2215
1621
3167
3196
417
1419
1492
3315
4107
3948
4109
1359
4151
4110
1244
1303
2435
3021
2813
3156
1799
1694
2205
612
615
673
636
647
1092
1496
646
2854
2547
3423
1407
2840
2862
729
402
185
3152
2532
141
1710
712
217
299
2073
1386
2871
704
2329
2298
2300
2303
2304
2328
2306
2307
2308
2327
2309
2312
2313
2314
2316
2326
2317
2318
2319
2320
2297
2322
2324
2294
2279
2280
2281
2284
2295
2285
2272
2278
2287
2331
2290
2291
2292
2293
3834
4134
3163
668
2013
2079
637
2517
2091
1312
2338
2257
1498
1389
2683
2684
2685
44
2252
470
1728
161
1410
2150
3601
3273
3010
990
2582
2591
2586
2559
2583
2590
2579
2596
2595
2594
2592
2589
2581
621
889
1232
1200
1205
1460
1385
1938
581
1507
1751
3236
2823
1238
1620
1632
1624
1619
1636
1633
1669
1641
1674
1666
1643
1661
1645
1656
1653
1652
1651
1640
1617
1647
1650
1611
3647
1919
1894
1896
1898
2687
2682
113
75
111
1688
1752
2804
381
279
918
4069
2009
3432
2667
3334
3346
3333
3332
3331
3344
3337
3351
3352
3335
3353
3079
3338
3339
3340
3354
3349
3345
3341
3350
3342
3343
1693
2516
3487
3486
961
699
3054
3053
891
577
2361
2354
2346
2348
2371
2356
2349
2370
2368
2359
2367
2366
2365
2364
2362
2360
2358
2345
2352
2341
2344
1428
1061
2791
1782
3057
1614
2340
2347
539
1536
1545
1547
1542
1548
2599
1249
2273
236
2232
1431
1562
1667
3372
3370
3375
3381
3369
3359
3368
3367
3373
3376
3383
3366
3363
3362
3360
3377
1945
1946
2163
4083
1480
606
1798
912
3686
885
1916
1902
1905
1904
1909
1921
1914
3514
2827
3247
3772
3773
1744
1664
1825
3041
1709
1808
3827
3415
1861
1875
1866
1878
1888
1865
1862
1868
1858
1856
1854
1853
1848
1846
1874
3645
3865
3875
3866
3864
3867
3868
3869
3870
3871
3879
3878
3877
3290
819
4001
274
1482
1084
1093
1099
1101
1078
1079
1119
1120
1129
1136
1196
1163
1159
1076
1075
1153
3248
4029
2607
3691
3690
3687
3688
3719
3717
3716
3715
3714
3713
3712
3711
3710
3718
3706
3694
3689
1864
2661
2636
2258
2055
1603
2414
2549
2544
2543
2539
2538
2530
2550
2527
2526
2525
2524
2522
2534
2553
2545
2007
2265
3663
2724
2725
2726
2708
2711
2712
2713
2727
2714
2728
2729
2730
2715
2716
2707
2706
2192
3144
994
3279
3475
3299
3493
3491
3488
3485
3474
3483
3476
3471
3478
3479
3477
3473
3482
3481
872
2032
2035
2038
2039
2040
2044
2045
2046
2048
2049
2050
2051
2054
3788
2894
1586
1565
1554
1540
1578
1737
478
2031
2718
2691
2692
2693
2694
2695
2700
2701
2702
2703
2704
2689
2690
2719
2720
2722
2723
2705
3052
3584
988
3430
3017
302
2558
2567
2568
2565
2564
2563
2561
2556
2573
2574
2576
2577
2587
2487
1412
3084
1414
1715
3786
1381
472
471
489
491
496
460
459
464
452
446
443
430
442
3579
1681
3520
196
2464
2467
2466
2475
2468
2474
2473
2472
2471
2469
2476
2463
2465
2457
2459
2622
2606
2621
1979
1988
1981
1967
1980
1989
1990
1976
1986
1975
1969
1972
1973
2199
2201
2204
2206
2207
2208
2203
2213
2217
2220
2221
2212
2420
1831
1816
1818
1822
1817
1820
1828
1813
1793
1794
1815
1800
1797
1807
1802
841
2660
2843
1329
1327
1321
1313
1304
1298
1294
1292
1289
1287
1296
3069
1999
744
725
726
776
781
733
756
784
793
723
749
747
791
3535
2111
60
20
2481
2483
2488
1458
2484
2485
2486
2490
519
1927
2132
3452
3428
2412
1033
2996
2239
2976
3223
3224
3226
3227
3228
3222
3229
3230
3221
3220
525
2620
2623
2615
2614
2613
2611
2610
2604
2603
2616
2619
3168
1569
1203
177
179
225
195
215
223
2093
1062
1429
1732
3704
3702
3701
3700
3699
3698
3695
3693
3692
3708
3696
2954
2953
2957
2958
2961
2962
2963
2964
2966
2967
2969
2970
2971
2956
2955
2960
1557
1552
1558
1566
1544
1571
1576
1520
1581
1440
2187
2181
2175
1735
1955
933
3552
503
600
4158
4156
4155
4157
3815
3817
3814
3813
3812
3819
3816
3818
2949
953
3033
2880
3312
3016
3318
3313
3319
3317
3314
37
835
2926
1224
1049
3762
3610
3609
3613
3029
3466
3608
3611
3612
2096
1781
3789
68
1777
535
3905
3968
1915
1912
1918
1901
1910
1911
1906
1908
1761
2451
1704
4010
3500
3037
3133
3141
3131
3139
3132
3140
3129
1597
3264
3266
3262
3267
3270
3263
929
878
2100
3944
3941
3942
3943
2974
2335
360
1469
1041
4123
2426
2867
2863
2866
2865
2864
2860
2859
3585
3588
3591
3583
3592
3587
3589
3586
154
3008
1742
3458
3449
3446
3447
3448
3450
2172
898
3577
288
3242
3572
860
283
3105
3761
3929
3901
2812
3966
2916
4082
3274
3852
90
3435
3256
3255
3254
1060
3257
3252
3251
1690
802
2098
3919
3920
3922
3921
3917
3918
3923
3889
3892
3891
3890
3893
2740
3089
1235
2755
620
3007
1514
1510
1497
1499
1506
1501
521
280
107
963
3529
899
705
591
848
3507
34
3510
2806
2927
3431
2154
1823
1508
2076
851
2260
1367
531
1445
1150
2838
1452
127
2337
147
140
1450
2769
1430
997
312
2738
1998
3973
901
513
1943
840
1040
1437
962
1731
1726
1733
1729
1725
915
298
1721
667
359
170
2103
1383
2895
343
3058
4064
4112
3643
3642
3641
3640
971
33
282
1451
3175
1712
4050
2952
278
1922
4012
603
2139
3408
4148
3829
3387
1723
152
2387
96
2632
1455
329
328
325
314
324
4019
1789
384
573
888
3135
2402
3200
2411
3828
3414
2879
2315
3940
174
959
828
2389
38
3293
2228
1659
1769
4063
2816
204
212
209
202
3823
3837
4044
4043
4042
4039
4041
3898
4121
983
2092
4080
3565
4127
4119
1703
2229
3972
4111
3970
4094
4091
4038
862
3025
2655
3576
850
3112
110
3532
2898
3996
4138
3999
3127
1022
1764
695
3443
2997
4152
4129
2423
2779
3824
815
2631
4057
2396
2990
4159
4139
4062
2116
2376
3850
3744
456
2191
2186
2195
2188
2177
3987
2780
3517
237
4114
3810
1368
2766
586
2000
2149
2120
2507
996
1340
2833
3169
1939
3933
3934
3935
3932
2027
2063
3670
2288
2330
2276
506
1404
2809
2808
2805
2811
2160
2167
2333
3896
2741
845
3756
3758
3755
3757
2937
1834
2395
2128
3082
687
2875
2870
2874
2873
2230
172
1951
1840
3269
1750
105
284
295
663
130
4006
4004
4005
908
1471
1968
980
3648
3644
3096
1702
2428
1493
31
681
133
137
136
139
2872
1948
1952
1936
3540
578
1427
1398
3727
281
95
1466
3728
168
3531
3539
3541
3542
3543
678
4085
4007
3083
1605
2263
3173
3170
3172
3165
1708
1202
2028
2029
2030
1689
1047
2117
3897
867
583
242
3519
2901
544
978
3078
2234
372
423
35
2510
371
3294
3779
3295
1264
523
88
167
2876
546
3778
1964
868
1841
2743
2748
671
3845
3658
3657
3774
3656
3775
3776
842
584
3231
1877
3085
3424
2250
3422
3234
1019
2084
984
875
3087
1017
2626
3439
2664
949
1317
861
870
2169
2162
2159
375
909
2642
2775
3077
832
1935
1942
1940
1683
2406
3433
3434
2951
3680
3681
1829
1483
2499
614
1676
32
882
1836
285
2800
2274
3055
2508
373
1788
675
934
2016
2351
2697
120
2071
856
316
1071
3754
910
2503
1923
2407
3554
907
3767
1682
3667
4024
2080
1612
222
213
1747
1551
48
605
289
2739
1478
414
3985
677
191
2995
358
1775
1587
2410
1559
2408
2296
2057
2948
1008
25
1839
263
2651
3469
520
3303
3820
855
932
1045
2269
2266
108
2398
2450
2850
2849
364
914
1048
1051
3573
2923
3241
28
3098
7
2145
3232
3959
1015
1842
3292
447
3574
2081
3300
3301
913
1342
2839
3759
545
2752
2618
986
388
465
2657
808
2851
2905
2663
3027
3751
3925
2782
3455
3277
618
645
1009
1757
2935
2659
1335
318
422
23
2531
3895
3894
4105
2928
2609
925
148
814
514
564
1039
604
2637
827
63
1274
17
1426
3395
1484
568
64
1809
2597
2227
805
3070
3071
1126
2131
1052
3630
1835
3752
3556
3067
1791
627
3005
250
81
351
3396
3243
1695
2248
1251
1837
2025
2053
2179
1487
3736
3398
3848
1696
2842
3725
858
863
993
992
2645
3676
1736
3862
3963
2301
366
548
3258
2
2138
3771
3769
628
550
3516
3518
392
1067
3328
1895
2932
1743
54
2342
905
2275
3841
3800
3678
869
1505
3705
119
2119
145
3677
1472
3365
301
3928
92
714
4056
4095
365
1206
342
3509
3954
3953
3590
270
2061
2133
2231
3461
3142
125
3403
1273
275
3524
2628
659
3753
2830
3068
273
1500
3244
1638
2601
906
1035
3955
14
2180
43
1118
3503
700
939
2501
3412
2552
2246
3502
1956
2432
3324
598
27
592
3849
661
2734
65
3393
3102
1456
641
829
1454
3174
1320
98
2202
3620
1516
2746
1941
1993
1420
76
3621
3631
2878
3768
2820
1082
3887
940
607
2569
826
2588
380
3669
847
1893
2993
509
2194
1599
2821
3421
3498
46
3171
3166
2848
2018
707
643
1479
3456
2433
1028
871
579
2749
2106
1796
2994
3420
2646
368
2847
857
169
11
950
2992
194
89
2881
2153
2147
1377
3457
798
809
3358
427
873
3389
293
3735
3126
1987
4002
2110
3384
3749
838
854
91
2012
1053
3121
4003
2148
1000
3501
2166
797
796
708
1475
998
1592
2233
3239
3646
3957
1462
2413
1699
1830
2379
1372
3936
3981
3982
904
1032
2998
2541
78
911
1770
1785
3551
1027
1801
2400
2399
290
4099
4098
3665
3388
1705
508
3407
1994
267
2807
2060
2062
2513
2394
2991
2555
2537
3909
1444
3729
698
1382
3024
590
2810
1679
1678
1806
2430
2095
3983
2223
2224
1928
4052
4051
589
619
3926
2222
3731
3927
2157
1811
2425
3623
85
1966
1991
896
4102
2455
1627
1784
2456
294
4086
