1.00000000
0.99951981
0.99903973
0.99855977
0.99807992
0.99760019
0.99712058
0.99664108
0.99616169
0.99568242
0.99520327
0.99472423
0.99424531
0.99376650
0.99328781
0.99280923
0.99233077
0.99185242
0.99137419
0.99089607
0.99041807
0.98994018
0.98946241
0.98898476
0.98850722
0.98802979
0.98755248
0.98707529
0.98659821
0.98612125
0.98564440
0.98516767
0.98469105
0.98421455
0.98373816
0.98326189
0.98278574
0.98230970
0.98183377
0.98088227
0.98040669
0.97993122
0.97945587
0.97898064
0.97850552
0.97803052
0.97755563
0.97708086
0.97660620
0.97613166
0.97565724
0.97518293
0.97470873
0.97423465
0.97376069
0.97328684
0.97281310
0.97233948
0.97186598
0.97139259
0.97091932
0.97044616
0.96997312
0.96902738
0.96855468
0.96808210
0.96760964
0.96666505
0.96619293
0.96572093
0.96524904
0.96477727
0.96430561
0.96336264
0.96289132
0.96242013
0.96194904
0.96147808
0.96100723
0.96053649
0.96006587
0.95959537
0.95912498
0.95865470
0.95818454
0.95771450
0.95724457
0.95677476
0.95630506
0.95583548
0.95536601
0.95489666
0.95442742
0.95395830
0.95348929
0.95302040
0.95255163
0.95208297
0.95161442
0.95114599
0.95067768
0.95020948
0.94974140
0.94927343
0.94880557
0.94833784
0.94787021
0.94740271
0.94693532
0.94553383
0.94460009
0.94413339
0.94366680
0.94273398
0.94226774
0.94180162
0.94133561
0.94086972
0.94040394
0.93993828
0.93947273
0.93900730
0.93854199
0.93807679
0.93761170
0.93714673
0.93668188
0.93621714
0.93575251
0.93528801
0.93482361
0.93435933
0.93389517
0.93343112
0.93296719
0.93250338
0.93203967
0.93157609
0.93111262
0.93018602
0.92972290
0.92925989
0.92879699
0.92833422
0.92787155
0.92740900
0.92694657
0.92648425
0.92602205
0.92555996
0.92509799
0.92463614
0.92417440
0.92371277
0.92325126
0.92278987
0.92232859
0.92186742
0.92140637
0.92094544
0.92002392
0.91956333
0.91910286
0.91864250
0.91726212
0.91680223
0.91634244
0.91588278
0.91542323
0.91496380
0.91450448
0.91404527
0.91358618
0.91312721
0.91266835
0.91220961
0.91175098
0.91129247
0.91083407
0.91037579
0.90991763
0.90945958
0.90900164
0.90854382
0.90808612
0.90762853
0.90717105
0.90671369
0.90625645
0.90579932
0.90488541
0.90442863
0.90397196
0.90351541
0.90305898
0.90260265
0.90214645
0.90169036
0.90077852
0.90032278
0.89986715
0.89941164
0.89850096
0.89804579
0.89759074
0.89713580
0.89668098
0.89622627
0.89577168
0.89486284
0.89440860
0.89395447
0.89350045
0.89304656
0.89259277
0.89213910
0.89123211
0.89077879
0.89032558
0.88987249
0.88941951
0.88896665
0.88851391
0.88806128
0.88760876
0.88715636
0.88670408
0.88579985
0.88534791
0.88489609
0.88444438
0.88399279
0.88354131
0.88308995
0.88263870
0.88218757
0.88173656
0.87993364
0.87948321
0.87903288
0.87813258
0.87768260
0.87723274
0.87678299
0.87633336
0.87588384
0.87543444
0.87498515
0.87453598
0.87408693
0.87363799
0.87318916
0.87274045
0.87184338
0.87139501
0.87094676
0.87049863
0.87005061
0.86960271
0.86915492
0.86870725
0.86825970
0.86781225
0.86647062
0.86602364
0.86557678
0.86513003
0.86423688
0.86379047
0.86334418
0.86289801
0.86245195
0.86200601
0.86156019
0.86066888
0.86022340
0.85977803
0.85933278
0.85888765
0.85844263
0.85799772
0.85755293
0.85710826
0.85666370
0.85621926
0.85577493
0.85533072
0.85444264
0.85399878
0.85355502
0.85311139
0.85222446
0.85178117
0.85133800
0.85089494
0.85045200
0.84956645
0.84912386
0.84823901
0.84735462
0.84647069
0.84602890
0.84558723
0.84514567
0.84470422
0.84426289
0.84382168
0.84338058
0.84293960
0.84249873
0.84205798
0.84161734
0.84073641
0.84029612
0.83985594
0.83941588
0.83853611
0.83809639
0.83765679
0.83721731
0.83677794
0.83633869
0.83589955
0.83546052
0.83414415
0.83239059
0.83195249
0.83151451
0.83107664
0.83063888
0.83020124
0.82976372
0.82932631
0.82888902
0.82757783
0.82714100
0.82626768
0.82539483
0.82495857
0.82452243
0.82408641
0.82365050
0.82277903
0.82190801
0.82147268
0.82103746
0.82060236
0.82016738
0.81973250
0.81929775
0.81886311
0.81842858
0.81799417
0.81755988
0.81712570
0.81669163
0.81539025
0.81495665
0.81452316
0.81365653
0.81322339
0.81279036
0.81235745
0.81192465
0.81149197
0.81019474
0.80976252
0.80933042
0.80889843
0.80846656
0.80803480
0.80760316
0.80717163
0.80674022
0.80630892
0.80587774
0.80544667
0.80501572
0.80458489
0.80415417
0.80372356
0.80329308
0.80286270
0.80243244
0.80200230
0.80157227
0.80114236
0.80071256
0.80028288
0.79985331
0.79942386
0.79899453
0.79856531
0.79727833
0.79684958
0.79642093
0.79599240
0.79556399
0.79513569
0.79470751
0.79385149
0.79342365
0.79299593
0.79256832
0.79214083
0.79171346
0.79128620
0.79085905
0.79043202
0.79000511
0.78957831
0.78915163
0.78872506
0.78829860
0.78787227
0.78744604
0.78701994
0.78659395
0.78574231
0.78531666
0.78489113
0.78446572
0.78404042
0.78361523
0.78319016
0.78276521
0.78234037
0.78191565
0.78106655
0.78064217
0.78021791
0.77979376
0.77894581
0.77852201
0.77809833
0.77767476
0.77725130
0.77682796
0.77640474
0.77598163
0.77555864
0.77513576
0.77471300
0.77429035
0.77386782
0.77260091
0.77217884
0.77133505
0.77091332
0.77049171
0.77007022
0.76964884
0.76922758
0.76880643
0.76838539
0.76796448
0.76754367
0.76628207
0.76586173
0.76544151
0.76502140
0.76418152
0.76334211
0.76292258
0.76250316
0.76208385
0.76166467
0.76082664
0.75998907
0.75915196
0.75873358
0.75831531
0.75789716
0.75747913
0.75706121
0.75664341
0.75622572
0.75580814
0.75497334
0.75455612
0.75413900
0.75372201
0.75288836
0.75247171
0.75080626
0.75039018
0.74955838
0.74914265
0.74872704
0.74789616
0.74665071
0.74623579
0.74540629
0.74499171
0.74457725
0.74416291
0.74374868
0.74333457
0.74292057
0.74250669
0.74209292
0.74167927
0.74085231
0.74043900
0.74002581
0.73961273
0.73919977
0.73878693
0.73713670
0.73548866
0.73507685
0.73466516
0.73384212
0.73343078
0.73301955
0.73260843
0.73178655
0.73137578
0.73096512
0.73055458
0.73014416
0.72973385
0.72932366
0.72891358
0.72727454
0.72686504
0.72604638
0.72563723
0.72522819
0.72441046
0.72400176
0.72359318
0.72277637
0.72236814
0.72196002
0.72155202
0.72114413
0.72073636
0.72032871
0.71992117
0.71951374
0.71910643
0.71869924
0.71829216
0.71788519
0.71747835
0.71707161
0.71666499
0.71625849
0.71585210
0.71544583
0.71503968
0.71463363
0.71422771
0.71382190
0.71341620
0.71301062
0.71260516
0.71219981
0.71179457
0.71138945
0.71098445
0.70855685
0.70815266
0.70774857
0.70734461
0.70694076
0.70613340
0.70572990
0.70532651
0.70492324
0.70452008
0.70411704
0.70371411
0.70331130
0.70290860
0.70250602
0.70210355
0.70170120
0.70129896
0.70009306
0.69969129
0.69848666
0.69808534
0.69728306
0.69688210
0.69648124
0.69567989
0.69527938
0.69487899
0.69447871
0.69367851
0.69247907
0.69207948
0.69168001
0.69128066
0.69088142
0.69048230
0.68888731
0.68848877
0.68809034
0.68769202
0.68729382
0.68689574
0.68649777
0.68609992
0.68530455
0.68371522
0.68331817
0.68292124
0.68252442
0.68212772
0.68173114
0.68133467
0.68093831
0.68054207
0.68014595
0.67974994
0.67935405
0.67895827
0.67856261
0.67816706
0.67777163
0.67737631
0.67698111
0.67658602
0.67619105
0.67579620
0.67540146
0.67461232
0.67421793
0.67382365
0.67303544
0.67264151
0.67185399
0.67106693
0.67067357
0.67028033
0.66988721
0.66949420
0.66910130
0.66870852
0.66831586
0.66792331
0.66753087
0.66713856
0.66674635
0.66635427
0.66596229
0.66557044
0.66517869
0.66478707
0.66439556
0.66400416
0.66361288
0.66322172
0.66283067
0.66243973
0.66204891
0.66165821
0.66126762
0.66087715
0.66048679
0.66009655
0.65931641
0.65892651
0.65853673
0.65814706
0.65775751
0.65736808
0.65697876
0.65620046
0.65581149
0.65542263
0.65503389
0.65464526
0.65425675
0.65386835
0.65348007
0.65309190
0.65192809
0.65115280
0.65037796
0.64999072
0.64960359
0.64766979
0.64728335
0.64689703
0.64651082
0.64612473
0.64573876
0.64535290
0.64496715
0.64458152
0.64419601
0.64381061
0.64342532
0.64265510
0.64188534
0.64111604
0.64073157
0.64034721
0.63957883
0.63919481
0.63881091
0.63842713
0.63804346
0.63765991
0.63727647
0.63689314
0.63650994
0.63612684
0.63574387
0.63536100
0.63497826
0.63459562
0.63421311
0.63383071
0.63344842
0.63306625
0.63268420
0.63230226
0.63192043
0.63153873
0.63115713
0.63077565
0.63039429
0.63001304
0.62848921
0.62772798
0.62734754
0.62696721
0.62658700
0.62620691
0.62582693
0.62544707
0.62506732
0.62468768
0.62430817
0.62354948
0.62127687
0.61938631
0.61900841
0.61863062
0.61825295
0.61787539
0.61749795
0.61712062
0.61674341
0.61636632
0.61598934
0.61561247
0.61523572
0.61485908
0.61448257
0.61260181
0.61222599
0.61185027
0.61147468
0.61109919
0.61072383
0.60959842
0.60922352
0.60884873
0.60847405
0.60809949
0.60772505
0.60735072
0.60697651
0.60660241
0.60622843
0.60585456
0.60548081
0.60510717
0.60473365
0.60436025
0.60398696
0.60361378
0.60324072
0.60249495
0.60212223
0.60174963
0.60137715
0.60100478
0.60063253
0.60026039
0.59988837
0.59951646
0.59914467
0.59877300
0.59840144
0.59802999
0.59765866
0.59617461
0.59580385
0.59543322
0.59469229
0.59432199
0.59395182
0.59358176
0.59321181
0.59284198
0.59247226
0.59210266
0.59173318
0.59136381
0.59099455
0.59062541
0.59025639
0.58988748
0.58951869
0.58915001
0.58878145
0.58841300
0.58767645
0.58657250
0.58620474
0.58583710
0.58546958
0.58510217
0.58473487
0.58436770
0.58400063
0.58363368
0.58326685
0.58253353
0.58180067
0.58143442
0.58106828
0.58070225
0.58033634
0.57997055
0.57960487
0.57923930
0.57887386
0.57850852
0.57814330
0.57777820
0.57741321
0.57704834
0.57668358
0.57631894
0.57595442
0.57559001
0.57522571
0.57486153
0.57449746
0.57413352
0.57376968
0.57340596
0.57122642
0.57086350
0.57050071
0.57013803
0.56977546
0.56941301
0.56905068
0.56868846
0.56832635
0.56796436
0.56760249
0.56724073
0.56687909
0.56651756
0.56615615
0.56579485
0.56543367
0.56507260
0.56362949
0.56326900
0.56254836
0.56218822
0.56182819
0.56146828
0.56110848
0.56074880
0.56038923
0.56002978
0.55967044
0.55931122
0.55895211
0.55859312
0.55823424
0.55787548
0.55751684
0.55715831
0.55679990
0.55644160
0.55572534
0.55536739
0.55393708
0.55357970
0.55322244
0.55286530
0.55250827
0.55215135
0.55179455
0.55143787
0.55108130
0.55072484
0.55036850
0.54930030
0.54894442
0.54858866
0.54823301
0.54787748
0.54752206
0.54503911
0.54362218
0.54326814
0.54291423
0.54256042
0.54220674
0.54185317
0.54149971
0.54114637
0.54079315
0.54044004
0.54008704
0.53973416
0.53938140
0.53797162
0.53761943
0.53726736
0.53691540
0.53656356
0.53586022
0.53515735
0.53480608
0.53445493
0.53410390
0.53375298
0.53340218
0.53305149
0.53270092
0.53235046
0.53235012
0.53234977
0.53234942
0.53234908
0.53199874
0.53164851
0.53129840
0.53094840
0.53059852
0.53024876
0.52815374
0.52780478
0.52745594
0.52710721
0.52710687
0.52675825
0.52640976
0.52606138
0.52571311
0.52536496
0.52501692
0.52466900
0.52432120
0.52397351
0.52362593
0.52327848
0.52293113
0.52258390
0.52223679
0.52188979
0.52154291
0.52119614
0.52084949
0.52050296
0.52015654
0.51981023
0.51946404
0.51911796
0.51877200
0.51842616
0.51808043
0.51773482
0.51738932
0.51704394
0.51635352
0.51600848
0.51566356
0.51531875
0.51497406
0.51394068
0.51359645
0.51325233
0.51290833
0.51256445
0.51222068
0.51187703
0.51153349
0.51119007
0.51084676
0.51050357
0.50981753
0.50947468
0.50913195
0.50878934
0.50844684
0.50810445
0.50776218
0.50742003
0.50707799
0.50673607
0.50639426
0.50605257
0.50230674
0.50196643
0.50162624
0.50128616
0.50094620
0.50060635
0.49992700
0.49958750
0.49890884
0.49856969
0.49823065
0.49789172
0.49755291
0.49721422
0.49687564
0.49653717
0.49619883
0.49586059
0.49552247
0.49518447
0.49484658
0.49450881
0.49417116
0.49383361
0.49349619
0.49315888
0.49282168
0.49248460
0.49214764
0.49147405
0.49080093
0.49046454
0.49012827
0.48777828
0.48744293
0.48710770
0.48677258
0.48643757
0.48610268
0.48576791
0.48543325
0.48476428
0.48409577
0.48342772
0.48309387
0.48242652
0.48209301
0.48175962
0.48109319
0.48076014
0.48042721
0.48009440
0.47976170
0.47942912
0.47909665
0.47876430
0.47843206
0.47809994
0.47776794
0.47776736
0.47776725
0.47743535
0.47710358
0.47677192
0.47644037
0.47610895
0.47577763
0.47544643
0.47511535
0.47478438
0.47445353
0.47412279
0.47379217
0.47346166
0.47313127
0.47247083
0.47214079
0.47181086
0.47148104
0.47115134
0.47082176
0.47016294
0.46983370
0.46950457
0.46917557
0.46328883
0.46296201
0.46263531
0.46230873
0.46132978
0.46100365
0.46067764
0.46002597
0.45774875
0.45742389
0.45709915
0.45677453
0.45645002
0.45612562
0.45547718
0.45256489
0.45224188
0.45191898
0.45159620
0.45127354
0.45095099
0.45062855
0.45030623
0.44998403
0.44966194
0.44933997
0.44901811
0.44869637
0.44357120
0.44325142
0.44293175
0.44261220
0.44229277
0.44165424
0.44133515
0.44101618
0.43910509
0.43878693
0.43656310
0.43624585
0.43497814
0.43466147
0.43402848
0.43371216
0.43339595
0.43307986
0.43276388
0.43244802
0.43213228
0.43181665
0.43150113
0.43055528
0.42961046
0.42929575
0.42898116
0.42866668
0.42866634
0.42835197
0.42772360
0.42709568
0.42678189
0.42646822
0.42615467
0.42584123
0.42521470
0.42490160
0.42458863
0.42365038
0.42333787
0.42271318
0.42240101
0.42208895
0.42115359
0.42084200
0.42053052
0.41990791
0.41835409
0.41804353
0.41773309
0.41649259
0.41618273
0.41587298
0.41556334
0.41525382
0.41401725
0.41370831
0.41339948
0.41309077
0.41216544
0.41216279
0.41185454
0.41154641
0.41123839
0.41093048
0.41000746
0.40970002
0.40908548
0.40908513
0.40847105
0.40816419
0.40785744
0.40755080
0.40724428
0.40724428
0.40724428
0.40693788
0.40663159
0.40632541
0.40601935
0.40571341
0.40540758
0.40296626
0.40266147
0.40235679
0.40144357
0.40083526
0.39992366
0.39931650
0.39901309
0.39810368
0.39780073
0.39749790
0.39719519
0.39628774
0.39598548
0.39568335
0.39538132
0.39507942
0.39447595
0.39417438
0.39387294
0.39357161
0.39327039
0.39296929
0.39266831
0.39236744
0.39176604
0.39086482
0.39056464
0.39026458
0.38876600
0.38846663
0.38816737
0.38786823
0.38727030
0.38697150
0.38667282
0.38607581
0.38547926
0.38518116
0.38488318
0.38339497
0.38309768
0.38280050
0.38250343
0.38220648
0.38131645
0.37983516
0.37924346
0.37835688
0.37717635
0.37688147
0.37629207
0.37599755
0.37570313
0.37540884
0.37540665
0.37540492
0.37481667
0.37422888
0.37364156
0.37334807
0.37305470
0.37276144
0.37100454
0.36954413
0.36866897
0.36837744
0.36808602
0.36750354
0.36575887
0.36575760
0.36575679
0.36546642
0.36401627
0.35968324
0.35537639
0.35509016
0.35423218
0.35194931
0.35166447
0.35137974
0.35109514
0.35081064
0.35024200
0.34768882
0.34740571
0.34712271
0.34655707
0.34627442
0.34599188
0.34570947
0.34542716
0.34514497
0.34486290
0.34429910
0.34401738
0.34345427
0.34317289
0.34289162
0.34261047
0.34232944
0.34176772
0.34148703
0.34092600
0.34036543
0.33980532
0.33952544
0.33896602
0.33868648
0.33812776
0.33812741
0.33812707
0.33812707
0.33812707
0.33812707
0.33812707
0.33784788
0.33645366
0.33589678
0.33534036
0.33506232
0.33478440
0.33422891
0.33395133
0.33284230
0.33256530
0.33228842
0.33201165
0.33173500
0.33145846
0.33035347
0.33007751
0.32980166
0.32952593
0.32925032
0.32869943
0.32842417
0.32814901
0.32787397
0.32759905
0.32732424
0.32704955
0.32677498
0.32622617
0.32595194
0.32567782
0.32540382
0.32512994
0.32485617
0.32403555
0.32321597
0.32267016
0.31804976
0.31777898
0.31750833
0.31723779
0.31696736
0.31669705
0.31642686
0.31615678
0.31588682
0.31561697
0.31534723
0.31507762
0.31480811
0.31453873
0.31426945
0.31400030
0.31373126
0.31346233
0.31319352
0.31292482
0.31265624
0.31238778
0.31211943
0.31185120
0.31158308
0.31131507
0.31104719
0.31077941
0.31051176
0.31024421
0.30997679
0.30970947
0.30944228
0.30917520
0.30890823
0.30864138
0.30837465
0.30810803
0.30784152
0.30784118
0.30784118
0.30784118
0.30757479
0.30730851
0.30704236
0.30651039
0.30624457
0.30597888
0.30571329
0.30465212
0.30438712
0.30412223
0.30385745
0.30359279
0.30332825
0.30306382
0.29727591
0.29675248
0.29570710
0.29544602
0.29336149
0.29310145
0.29284152
0.29232200
0.29206242
0.29180295
0.29154359
0.29128435
0.29102523
0.29076622
0.29050733
0.29024855
0.28998989
0.28973134
0.28947291
0.28921459
0.28895639
0.28869830
0.28844033
0.28818248
0.28766711
0.28715221
0.28689493
0.28663777
0.28535437
0.28458530
0.28407317
0.28356149
0.28202924
0.28151941
0.28101004
0.28075553
0.28024685
0.27999269
0.27973864
0.27948470
0.27923089
0.27897718
0.27872359
0.27847012
0.27821676
0.27796352
0.27771039
0.27745738
0.27720448
0.27695170
0.27669904
0.27644649
0.27619405
0.27594173
0.27568953
0.27543744
0.27518546
0.27493360
0.27468186
0.27417872
0.27392732
0.27367604
0.27342487
0.27317382
0.27292289
0.27292231
0.27292219
0.27217008
0.26991996
0.26917199
0.26892290
0.26867392
0.26867323
0.26867254
0.26867185
0.26867116
0.26867047
0.26792423
0.26717903
0.26693086
0.26668281
0.26643487
0.26618705
0.26593934
0.26569175
0.26544428
0.26519691
0.26494967
0.26470254
0.26445552
0.26420862
0.26396184
0.26371517
0.26346862
0.26322218
0.26297585
0.26272965
0.26248355
0.26223758
0.26199171
0.26174597
0.26150034
0.26125482
0.26076413
0.26051896
0.26027391
0.26002897
0.25880600
0.25856175
0.25831762
0.25782970
0.25758592
0.25734225
0.25709869
0.25685525
0.25661192
0.25636871
0.25612562
0.25588264
0.25563978
0.25539703
0.25515440
0.25491188
0.25466948
0.25442719
0.25418502
0.25394296
0.25370102
0.25345919
0.25321748
0.25297589
0.25273441
0.25249304
0.25225179
0.25176964
0.25128795
0.25080672
0.25032595
0.24960578
0.24936591
0.24912616
0.24864701
0.24840761
0.24816832
0.24792914
0.24769008
0.24745114
0.24673501
0.24625816
0.24530585
0.24293383
0.24246067
0.24222427
0.24080825
0.23986655
0.23963141
0.23939639
0.23916149
0.23892669
0.23869202
0.23845746
0.23822301
0.23798868
0.23775447
0.23752037
0.23728638
0.23705252
0.23681876
0.23658512
0.23635160
0.23611819
0.23588490
0.23565172
0.23541866
0.23495289
0.23425509
0.23309508
0.23286329
0.23193727
0.23101344
0.22871120
0.22848159
0.22825211
0.22802274
0.22779348
0.22756434
0.22733531
0.22710640
0.22710583
0.22710571
0.22710537
0.22710537
0.22710537
0.22687657
0.22641933
0.22573444
0.22527835
0.22482272
0.22459508
0.22436756
0.22414015
0.22391285
0.22368567
0.22345861
0.22323166
0.22300482
0.22277810
0.22255150
0.22232501
0.22209864
0.22187238
0.22164624
0.22142021
0.22119430
0.22096850
0.22074282
0.22051726
0.22029181
0.22006647
0.21984125
0.21961615
0.21939116
0.21916628
0.21894152
0.21871688
0.21849235
0.21826794
0.21804364
0.21781946
0.21670028
0.21647679
0.21603016
0.21491559
0.21424824
0.21402601
0.21380391
0.21358192
0.21336004
0.21313828
0.21291664
0.21269511
0.21247369
0.21225239
0.21203121
0.21181014
0.21158919
0.21136835
0.21114763
0.21092702
0.21070653
0.21026589
0.20982572
0.20960580
0.20938600
0.20916632
0.20894675
0.20872729
0.20850796
0.20828873
0.20806963
0.20785063
0.20763176
0.20741299
0.20719435
0.20697582
0.20675740
0.20653910
0.20632091
0.20610284
0.20588489
0.20544933
0.20523172
0.20457958
0.20414540
0.20392849
0.20371169
0.20349500
0.20327843
0.20306197
0.20284563
0.20262941
0.20241330
0.20219731
0.20198143
0.20176566
0.20155001
0.20133448
0.20111906
0.20090376
0.20068858
0.20047350
0.20025855
0.20004371
0.19982898
0.19918550
0.19897123
0.19875708
0.19854305
0.19832913
0.19811533
0.19790164
0.19768807
0.19747461
0.19726127
0.19704804
0.19683493
0.19662193
0.19640905
0.19619629
0.19598364
0.19577110
0.19555868
0.19492212
0.19386348
0.19322968
0.19301865
0.19280773
0.19259692
0.19238623
0.19217566
0.19196520
0.19175486
0.19154463
0.19133452
0.19112452
0.19091464
0.19070487
0.19049522
0.19028568
0.19007626
0.18986696
0.18861354
0.18840505
0.18819666
0.18798839
0.18778024
0.18757220
0.18736428
0.18715648
0.18694879
0.18674121
0.18653375
0.18632640
0.18611917
0.18591206
0.18549818
0.18508475
0.18487822
0.18467179
0.18446549
0.18425929
0.18405322
0.18364141
0.18323006
0.18302456
0.18281918
0.18261391
0.18240876
0.18220372
0.18199879
0.18179399
0.18158929
0.18138472
0.18118025
0.18097591
0.18077167
0.18056756
0.18036356
0.18015967
0.17995590
0.17975225
0.17954871
0.17934528
0.17914197
0.17893878
0.17832989
0.17812716
0.17731738
0.17590471
0.17570336
0.17550213
0.17530101
0.17510001
0.17489912
0.17469835
0.17449770
0.17429715
0.17409673
0.17389642
0.17369622
0.17349614
0.17329618
0.17309633
0.17229820
0.17189977
0.17150180
0.17070725
0.17031066
0.16971665
0.16951887
0.16932122
0.16912367
0.16892624
0.16872893
0.16853174
0.16833465
0.16813769
0.16794084
0.16774410
0.16754748
0.16735097
0.16715459
0.16676215
0.16617437
0.16597867
0.16441966
0.16422500
0.16403045
0.16383602
0.16364171
0.16344751
0.16325343
0.16305946
0.16286561
0.16267187
0.16247825
0.16228474
0.16209135
0.16189807
0.16170491
0.16151187
0.16131894
0.16112612
0.16093342
0.16074084
0.16054837
0.16035602
0.16016378
0.15997165
0.15977965
0.15958775
0.15939598
0.15920432
0.15901277
0.15882134
0.15863002
0.15843882
0.15824774
0.15805677
0.15786591
0.15767517
0.15748455
0.15729404
0.15710365
0.15691337
0.15672321
0.15653316
0.15634323
0.15615341
0.15558465
0.15539530
0.15520606
0.15501693
0.15482793
0.15463903
0.15445025
0.15426159
0.15407304
0.15388461
0.15369629
0.15350809
0.15332000
0.15313203
0.15294417
0.15275643
0.15238130
0.15200662
0.15181946
0.15163241
0.15144548
0.15125866
0.15107196
0.15088537
0.15069890
0.15051254
0.15032630
0.15014017
0.14995416
0.14976826
0.14958248
0.14921127
0.14902584
0.14884052
0.14865531
0.14847022
0.14828525
0.14810039
0.14791565
0.14773102
0.14754651
0.14736211
0.14717783
0.14699367
0.14680962
0.14662568
0.14534136
0.14515835
0.14424502
0.14406270
0.14388049
0.14369840
0.14351643
0.14333457
0.14315282
0.14297119
0.14278968
0.14260828
0.14206478
0.14152231
0.14116125
0.14098089
0.14062051
0.14026060
0.13990115
0.13936283
0.13882556
0.13864670
0.13846795
0.13828932
0.13811081
0.13793241
0.13775412
0.13757595
0.13739790
0.13721996
0.13704214
0.13686443
0.13668684
0.13650936
0.13633200
0.13615475
0.13597762
0.13580060
0.13562370
0.13544692
0.13527025
0.13509369
0.13491725
0.13474093
0.13456472
0.13438863
0.13421265
0.13403678
0.13386104
0.13368540
0.13350989
0.13333449
0.13298403
0.13245921
0.13228450
0.13193543
0.13176106
0.13158681
0.13141268
0.13123866
0.13106476
0.13089097
0.13071730
0.13054374
0.13037030
0.13019698
0.13002377
0.13002192
0.13002019
0.13001858
0.13001708
0.13001570
0.13001443
0.13001327
0.13001224
0.13001131
0.13001051
0.13000981
0.13000924
0.13000878
0.13000843
0.13000820
0.13000808
0.12983499
0.12966201
0.12948914
0.12931640
0.12914376
0.12897124
0.12879884
0.12862655
0.12845438
0.12828232
0.12811038
0.12793855
0.12776684
0.12725240
0.12708115
0.12622663
0.12605607
0.12554509
0.12537499
0.12537453
0.12537418
0.12537395
0.12537384
0.12520386
0.12503399
0.12486424
0.12469460
0.12452508
0.12435568
0.12418639
0.12401721
0.12367921
0.12317307
0.12300459
0.12283622
0.12266797
0.12249984
0.12233181
0.12216391
0.12199612
0.12182844
0.12166088
0.12032456
0.11965916
0.11949310
0.11899561
0.11866453
0.11866453
0.11866383
0.11866326
0.11866280
0.11866210
0.11816634
0.11816634
0.11816634
0.11816634
0.11767162
0.11734238
0.11635859
0.11570426
0.11554097
0.11537779
0.11505178
0.11472624
0.11456364
0.11440115
0.11423878
0.11407652
0.11391438
0.11375236
0.11359045
0.11342866
0.11278263
0.11262142
0.11181706
0.11149613
0.11117565
0.11101559
0.11085564
0.11069581
0.11053609
0.11037648
0.11021700
0.11005763
0.10989837
0.10973923
0.10958020
0.10942129
0.10926249
0.10910381
0.10894525
0.10878680
0.10847025
0.10831214
0.10799628
0.10799582
0.10799547
0.10799524
0.10799513
0.10799513
0.10752220
0.10720749
0.10689325
0.10673630
0.10626614
0.10579702
0.10564087
0.10548485
0.10532893
0.10517314
0.10501745
0.10486189
0.10470644
0.10455110
0.10439588
0.10424077
0.10408578
0.10393091
0.10377615
0.10362151
0.10346698
0.10285002
0.10269606
0.10238851
0.10223490
0.10223432
0.10223386
0.10223352
0.10223329
0.10223317
0.10192630
0.10161990
0.10131395
0.10085590
0.10039889
0.09994292
0.09948798
0.09903408
0.09873206
0.09843050
0.09812940
0.09782876
0.09767861
0.09722886
0.09692961
0.09648159
0.09603461
0.09573720
0.09529195
0.09484774
0.09469990
0.09455217
0.09440456
0.09425707
0.09410969
0.09396243
0.09381528
0.09366825
0.09337453
0.09308127
0.09293481
0.09278847
0.09264224
0.09249613
0.09235014
0.09220426
0.09205849
0.09191285
0.09176731
0.09162189
0.09147659
0.09133140
0.09118633
0.09075181
0.09017417
0.09017405
0.08945446
0.08931088
0.08916742
0.08902408
0.08888085
0.08873774
0.08859475
0.08845186
0.08830910
0.08745492
0.08688778
0.08646363
0.08604053
0.08561845
0.08547800
0.08519742
0.08491731
0.08421974
0.08366321
0.08352436
0.08338563
0.08324702
0.08283186
0.08269371
0.08214225
0.08172987
0.08159264
0.08104487
0.08090821
0.08049894
0.07981913
0.07941263
0.07914220
0.07900716
0.07900647
0.07819866
0.07766242
0.07752865
0.07739499
0.07699472
0.07659548
0.07619740
0.07619728
0.07580012
0.07540399
0.07500891
0.07461486
0.07422185
0.07382988
0.07382988
0.07317890
0.07278969
0.07201440
0.07162831
0.07149984
0.07137149
0.07124325
0.07111513
0.07098713
0.07022152
0.06984027
0.06908204
0.06857809
0.06845240
0.06670991
0.06633835
0.06596783
0.06572139
0.06522990
0.06498484
0.06474025
0.06449612
0.06449565
0.06449531
0.06449508
0.06449496
0.06400808
0.06352305
0.06303986
0.06291935
0.06267867
0.06243846
0.06219871
0.06207901
0.06183995
0.06160136
0.06136322
0.06112555
0.06100688
0.06100688
0.06100688
0.06088833
0.06065158
0.06041529
0.05994409
0.05982658
0.05970919
0.05947474
0.05912394
0.05900723
0.05889065
0.05877417
0.05865781
0.05854157
0.05830943
0.05796209
0.05773110
0.05738549
0.05727052
0.05704091
0.05681177
0.05658309
0.05646893
0.05635488
0.05612712
0.05589982
0.05578635
0.05578623
0.05578612
0.05578600
0.05578589
0.05555928
0.05533314
0.05510746
0.05476980
0.05432121
0.05387446
0.05376306
0.05331862
0.05320780
0.05309709
0.05298650
0.05287602
0.05265541
0.05243527
0.05232537
0.05221558
0.05210591
0.05199636
0.05188692
0.05166839
0.05166828
0.05166816
0.05166804
0.05166793
0.05166781
0.05166770
0.05166758
0.05166747
0.05166735
0.05166724
0.05166712
0.05166701
0.05166689
0.05166678
0.05166666
0.05166666
0.05166655
0.05166643
0.05166631
0.05166631
0.05166631
0.05155722
0.05144825
0.05144813
0.05144801
0.05144790
0.05144778
0.05144778
0.05144778
0.05144767
0.05144755
0.05144744
0.05144732
0.05144721
0.05144721
0.05144721
0.05144709
0.05144698
0.05144686
0.05144675
0.05144675
0.05144675
0.05144675
0.05144675
0.05144675
0.05144675
0.05144675
0.05144675
0.05144675
0.05122914
0.05090359
0.05079530
0.05068713
0.05057908
0.05047114
0.05036332
0.05014801
0.04993317
0.04982592
0.04961178
0.04939809
0.04918486
0.04907842
0.04886589
0.04854795
0.04833657
0.04812565
0.04791519
0.04770519
0.04749566
0.04739106
0.04718222
0.04707797
0.04697383
0.04686981
0.04676591
0.04666212
0.04655845
0.04624812
0.04614491
0.04593884
0.04583597
0.04573322
0.04563059
0.04552807
0.04522120
0.04511914
0.04501720
0.04491537
0.04481366
0.04471206
0.04461058
0.04440796
0.04420581
0.04390344
0.04370244
0.04360211
0.04350190
0.04340180
0.04330182
0.04320195
0.04300256
0.04290304
0.04270434
0.04260517
0.04240716
0.04230834
0.04220962
0.04211102
0.04201254
0.04161976
0.04152185
0.04132639
0.04113138
0.04103405
0.04103405
0.04093684
0.04064588
0.04025956
0.03977925
0.03949245
0.03939708
0.03930183
0.03920669
0.03911167
0.03901676
0.03882729
0.03873273
0.03863828
0.03854395
0.03854395
0.03844973
0.03835563
0.03816777
0.03788686
0.03751391
0.03742096
0.03732813
0.03723541
0.03714281
0.03705032
0.03695795
0.03686570
0.03677356
0.03658962
0.03640615
0.03622313
0.03604058
0.03604058
0.03576762
0.03531499
0.03513475
0.03495496
0.03459678
0.03441838
0.03441838
0.03441838
0.03441838
0.03441838
0.03415164
0.03415164
0.03415164
0.03406296
0.03379761
0.03362129
0.03353330
0.03344542
0.03335767
0.03327002
0.03300779
0.03283354
0.03274659
0.03265975
0.03257303
0.03248642
0.03239993
0.03239993
0.03239993
0.03239993
0.03214116
0.03205513
0.03196921
0.03188342
0.03154138
0.03128606
0.03111642
0.03094725
0.03077854
0.03061028
0.03044249
0.03019167
0.02994189
0.02994189
0.02994189
0.02985886
0.02969315
0.02952789
0.02928088
0.02895314
0.02895314
0.02895314
0.02887149
0.02862724
0.02838403
0.02806137
0.02798099
0.02790073
0.02766063
0.02766063
0.02758083
0.02750114
0.02742157
0.02734212
0.02726278
0.02718355
0.02686781
0.02663221
0.02639765
0.02616413
0.02608652
0.02608652
0.02608652
0.02608652
0.02600902
0.02531998
0.02524364
0.02509130
0.02486366
0.02471248
0.02448657
0.02433654
0.02433654
0.02433654
0.02411235
0.02388921
0.02381506
0.02374102
0.02366710
0.02359330
0.02351961
0.02337258
0.02322601
0.02315289
0.02307989
0.02300701
0.02278906
0.02271664
0.02264433
0.02257214
0.02250007
0.02242811
0.02235626
0.02228453
0.02214142
0.02207004
0.02199877
0.02192762
0.02178566
0.02171485
0.02157359
0.02150313
0.02129244
0.02108278
0.02087417
0.02066660
0.02046006
0.02032294
0.02018629
0.02005009
0.01984667
0.01971163
0.01957705
0.01944294
0.01930928
0.01910966
0.01891108
0.01877927
0.01871354
0.01858242
0.01845176
0.01832156
0.01832156
0.01832156
0.01832156
0.01832156
0.01832156
0.01832156
0.01832156
0.01832156
0.01832156
0.01832156
0.01832156
0.01832156
0.01812714
0.01793374
0.01774139
0.01767750
0.01748653
0.01735980
0.01723352
0.01710771
0.01704497
0.01698235
0.01691985
0.01691985
0.01691985
0.01685746
0.01679519
0.01667099
0.01654725
0.01648556
0.01642398
0.01642398
0.01642398
0.01630116
0.01630116
0.01623993
0.01611780
0.01593548
0.01581451
0.01569400
0.01557395
0.01545437
0.01533524
0.01521658
0.01509837
0.01463133
0.01445766
0.01428502
0.01428225
0.01428052
0.01410893
0.01410824
0.01393768
0.01388106
0.01382455
0.01365572
0.01354375
0.01348793
0.01343223
0.01332118
0.01321059
0.01310046
0.01299079
0.01288158
0.01282715
0.01277283
0.01250310
0.01250310
0.01239597
0.01228930
0.01228860
0.01218239
0.01207665
0.01197136
0.01197136
0.01197136
0.01197136
0.01181429
0.01171016
0.01160649
0.01145184
0.01145184
0.01134932
0.01129824
0.01119641
0.01109504
0.01099414
0.01089369
0.01079371
0.01079360
0.01079360
0.01069408
0.01059502
0.01059502
0.01059502
0.01059502
0.01059502
0.01059502
0.01059502
0.01059502
0.01059502
0.01059502
0.01059502
0.01059502
0.01049642
0.01039828
0.01039828
0.01025194
0.01025113
0.01025079
0.01025079
0.01025079
0.01010548
0.01005728
0.00996122
0.00991336
0.00986562
0.00981799
0.00972308
0.00972308
0.00972308
0.00958158
0.00953465
0.00948783
0.00944113
0.00934806
0.00925546
0.00920933
0.00916332
0.00911742
0.00902597
0.00898042
0.00893499
0.00884446
0.00884446
0.00884446
0.00875440
0.00870954
0.00866479
0.00862016
0.00857565
0.00848697
0.00839875
0.00835481
0.00826728
0.00818022
0.00813686
0.00805048
0.00796457
0.00796457
0.00787912
0.00775180
0.00766751
0.00758367
0.00745878
0.00733492
0.00725293
0.00717140
0.00709033
0.00700972
0.00700972
0.00700972
0.00700972
0.00700972
0.00700972
0.00700972
0.00700972
0.00700972
0.00700972
0.00700972
0.00692957
0.00684989
0.00677066
0.00677066
0.00677066
0.00673122
0.00665269
0.00649712
0.00641997
0.00634329
0.00626706
0.00622912
0.00619129
0.00615359
0.00615347
0.00611588
0.00607840
0.00600378
0.00596665
0.00592963
0.00589273
0.00581927
0.00574628
0.00567374
0.00560166
0.00553005
0.00545890
0.00545890
0.00545890
0.00545890
0.00545890
0.00535303
0.00535303
0.00531798
0.00524821
0.00517890
0.00511006
0.00504167
0.00497375
0.00490629
0.00487273
0.00480596
0.00473965
0.00470667
0.00467380
0.00460841
0.00454349
0.00451120
0.00444697
0.00441502
0.00438319
0.00435148
0.00431988
0.00428840
0.00422578
0.00422578
0.00419465
0.00416363
0.00410193
0.00407125
0.00407125
0.00407125
0.00401025
0.00394971
0.00388963
0.00388963
0.00383000
0.00377085
0.00371215
0.00365391
0.00365391
0.00365391
0.00365391
0.00362497
0.00353882
0.00353882
0.00353882
0.00345372
0.00334197
0.00328673
0.00325929
0.00320474
0.00315066
0.00315054
0.00309692
0.00304375
0.00299105
0.00299105
0.00299105
0.00296487
0.00293881
0.00293881
0.00291287
0.00286132
0.00286132
0.00286132
0.00281023
0.00275961
0.00270944
0.00268453
0.00263506
0.00258605
0.00253750
0.00246554
0.00241814
0.00237121
0.00227872
0.00223317
0.00218808
0.00214345
0.00209928
0.00205558
0.00201233
0.00199088
0.00194833
0.00194833
0.00194833
0.00194833
0.00194833
0.00194833
0.00194833
0.00194833
0.00194833
0.00194833
0.00194833
0.00194833
0.00194833
0.00194833
0.00194833
0.00190624
0.00186461
0.00182344
0.00178273
0.00176255
0.00174248
0.00172253
0.00170270
0.00168298
0.00164389
0.00162451
0.00147609
0.00143954
0.00143827
0.00140217
0.00136654
0.00133137
0.00131395
0.00131395
0.00131315
0.00127867
0.00124465
0.00121109
0.00117799
0.00114536
0.00114536
0.00114536
0.00114536
0.00114536
0.00114536
0.00114536
0.00111318
0.00109727
0.00106579
0.00106556
0.00104999
0.00103453
0.00101920
0.00100398
0.00097388
0.00094424
0.00091506
0.00088635
0.00076526
0.00073909
0.00038402
0.00037917
0.00037133
0.00037064
0.00036914
0.00036810
0.00035276
0.00035219
0.00034469
0.00034365
0.00033627
0.00032186
0.00030790
0.00029441
0.00029430
0.00029430
0.00029418
0.00029418
0.00028484
0.00028484
0.00028484
0.00028484
0.00028449
0.00028415
0.00028415
0.00028415
0.00027112
0.00025855
0.00021253
0.00020642
0.00020331
0.00020193
0.00019674
0.00019074
0.00014438
0.00013481
0.00012570
0.00012374
0.00011936
0.00011509
0.00010690
0.00009918
0.00009445
0.00009018
0.00008822
0.00008095
0.00007415
0.00007357
0.00007311
0.00007127
0.00007127
0.00006493
0.00006435
0.00006423
0.00005558
0.00005558
0.00005558
0.00005547
0.00005547
0.00005524
0.00005512
0.00005512
0.00004993
0.00003552
0.00003494
0.00003494
0.00003494
0.00002698
0.00002652
0.00002595
0.00002502
0.00002422
0.00002341
0.00002099
0.00001995
0.00001707
0.00001188
0.00001061
0.00001026
0.00001003
0.00000980
0.00000969
0.00000957
0.00000957
0.00000888
0.00000888
0.00000715
0.00000588
0.00000542
0.00000507
0.00000473
0.00000450
0.00000438
0.00000346
0.00000334
0.00000323
0.00000323
0.00000323
0.00000311
0.00000311
0.00000277
0.00000242
0.00000242
0.00000242
0.00000185
0.00000138
0.00000104
0.00000081
0.00000069
0.00000069
0.00000035
0.00000000
0.00000000
0.00000000
0.00000000
0.00000000
0.00000000
0.00000000
0.00000000
0.00000000
0.00000000
0.00000000
0.00000000
0.00000000
0.00000000
0.00000000
0.00000000
0.00000000
0.00000000
0.00000000
0.00000000
0.00000000
0.00000000
0.00000000
0.00000000
0.00000000
0.00000000
0.00000000
0.00000000
0.00000000
0.00000000
0.00000000
0.00000000
0.00000000
0.00000000
0.00000000
0.00000000
0.00000000
0.00000000
0.00000000
0.00000000
0.00000000
0.00000000
0.00000000
0.00000000
0.00000000
0.00000000
0.00000000
0.00000000
0.00000000
0.00000000
0.00000000
0.00000000
0.00000000
0.00000000
0.00000000
0.00000000
0.00000000
0.00000000
0.00000000
0.00000000
0.00000000
0.00000000
0.00000000
0.00000000
0.00000000
0.00000000
0.00000000
0.00000000
0.00000000
0.00000000
0.00000000
0.00000000
0.00000000
0.00000000
0.00000000
0.00000000
0.00000000
0.00000000
0.00000000
0.00000000
0.00000000
0.00000000
0.00000000
0.00000000
0.00000000
0.00000000
0.00000000
0.00000000
0.00000000
0.00000000
0.00000000
0.00000000
0.00000000
0.00000000
0.00000000
0.00000000
0.00000000
0.00000000
0.00000000
0.00000000
0.00000000
0.00000000
0.00000000
0.00000000
0.00000000
0.00000000
0.00000000
0.00000000
0.00000000
0.00000000
0.00000000
0.00000000
0.00000000
0.00000000
0.00000000
0.00000000
0.00000000
0.00000000
0.00000000
0.00000000
0.00000000
0.00000000
0.00000000
0.00000000
0.00000000
0.00000000
0.00000000
0.00000000
0.00000000
0.00000000
0.00000000
0.00000000
0.00000000
0.00000000
0.00000000
0.00000000
0.00000000
0.00000000
0.00000000
0.00000000
0.00000000
0.00000000
0.00000000
0.00000000
0.00000000
0.00000000
0.00000000
0.00000000
0.00000000
0.00000000
0.00000000
0.00000000
0.00000000
0.00000000
0.00000000
0.00000000
0.00000000
0.00000000
0.00000000
0.00000000
0.00000000
0.00000000
0.00000000
0.00000000
0.00000000
0.00000000
0.00000000
0.00000000
0.00000000
0.00000000
0.00000000
0.00000000
0.00000000
0.00000000
0.00000000
0.00000000
0.00000000
0.00000000
0.00000000
0.00000000
0.00000000
0.00000000
0.00000000
0.00000000
0.00000000
0.00000000
0.00000000
0.00000000
0.00000000
0.00000000
0.00000000
0.00000000
0.00000000
0.00000000
0.00000000
0.00000000
0.00000000
0.00000000
0.00000000
0.00000000
0.00000000
0.00000000
0.00000000
0.00000000
0.00000000
0.00000000
0.00000000
0.00000000
0.00000000
0.00000000
0.00000000
0.00000000
0.00000000
0.00000000
0.00000000
0.00000000
0.00000000
0.00000000
0.00000000
0.00000000
0.00000000
0.00000000
0.00000000
0.00000000
0.00000000
0.00000000
0.00000000
0.00000000
0.00000000
0.00000000
0.00000000
0.00000000
0.00000000
0.00000000
0.00000000
0.00000000
0.00000000
0.00000000
0.00000000
0.00000000
0.00000000
0.00000000
0.00000000
0.00000000
0.00000000
0.00000000
0.00000000
0.00000000
0.00000000
0.00000000
0.00000000
0.00000000
0.00000000
0.00000000
0.00000000
0.00000000
0.00000000
0.00000000
0.00000000
0.00000000
0.00000000
0.00000000
0.00000000
0.00000000
0.00000000
0.00000000
0.00000000
0.00000000
0.00000000
0.00000000
0.00000000
0.00000000
0.00000000
0.00000000
0.00000000
0.00000000
0.00000000
0.00000000
0.00000000
0.00000000
0.00000000
0.00000000
0.00000000
0.00000000
0.00000000
0.00000000
0.00000000
0.00000000
0.00000000
0.00000000
0.00000000
0.00000000
0.00000000
0.00000000
0.00000000
0.00000000
0.00000000
0.00000000
0.00000000
0.00000000
0.00000000
0.00000000
0.00000000
0.00000000
0.00000000
0.00000000
0.00000000
0.00000000
0.00000000
0.00000000
0.00000000
0.00000000
0.00000000
0.00000000
0.00000000
0.00000000
0.00000000
0.00000000
0.00000000
0.00000000
0.00000000
0.00000000
0.00000000
0.00000000
0.00000000
0.00000000
0.00000000
0.00000000
0.00000000
0.00000000
0.00000000
0.00000000
0.00000000
0.00000000
0.00000000
0.00000000
0.00000000
0.00000000
0.00000000
0.00000000
0.00000000
0.00000000
0.00000000
0.00000000
0.00000000
0.00000000
0.00000000
0.00000000
0.00000000
0.00000000
0.00000000
0.00000000
0.00000000
0.00000000
0.00000000
0.00000000
0.00000000
0.00000000
0.00000000
0.00000000
0.00000000
0.00000000
0.00000000
0.00000000
0.00000000
0.00000000
0.00000000
0.00000000
0.00000000
0.00000000
0.00000000
0.00000000
0.00000000
0.00000000
0.00000000
0.00000000
0.00000000
0.00000000
0.00000000
0.00000000
0.00000000
0.00000000
0.00000000
0.00000000
0.00000000
0.00000000
0.00000000
0.00000000
0.00000000
0.00000000
0.00000000
0.00000000
0.00000000
0.00000000
0.00000000
0.00000000
0.00000000
0.00000000
0.00000000
0.00000000
0.00000000
0.00000000
0.00000000
0.00000000
0.00000000
0.00000000
0.00000000
0.00000000
0.00000000
0.00000000
0.00000000
0.00000000
0.00000000
0.00000000
0.00000000
0.00000000
0.00000000
0.00000000
0.00000000
0.00000000
0.00000000
0.00000000
0.00000000
0.00000000
0.00000000
0.00000000
0.00000000
0.00000000
0.00000000
0.00000000
0.00000000
0.00000000
0.00000000
0.00000000
0.00000000
0.00000000
0.00000000
0.00000000
0.00000000
0.00000000
0.00000000
0.00000000
0.00000000
0.00000000
0.00000000
0.00000000
0.00000000
0.00000000
0.00000000
0.00000000
0.00000000
0.00000000
0.00000000
0.00000000
0.00000000
0.00000000
0.00000000
0.00000000
0.00000000
0.00000000
0.00000000
0.00000000
0.00000000
0.00000000
0.00000000
0.00000000
0.00000000
0.00000000
0.00000000
0.00000000
0.00000000
0.00000000
0.00000000
0.00000000
0.00000000
0.00000000
0.00000000
0.00000000
0.00000000
0.00000000
0.00000000
0.00000000
0.00000000
0.00000000
0.00000000
0.00000000
0.00000000
0.00000000
0.00000000
0.00000000
0.00000000
0.00000000
0.00000000
0.00000000
0.00000000
0.00000000
0.00000000
0.00000000
0.00000000
0.00000000
0.00000000
0.00000000
0.00000000
0.00000000
0.00000000
0.00000000
0.00000000
0.00000000
0.00000000
0.00000000
0.00000000
0.00000000
0.00000000
0.00000000
0.00000000
0.00000000
0.00000000
0.00000000
0.00000000
0.00000000
0.00000000
0.00000000
0.00000000
0.00000000
0.00000000
0.00000000
0.00000000
0.00000000
0.00000000
0.00000000
0.00000000
0.00000000
0.00000000
0.00000000
0.00000000
0.00000000
0.00000000
0.00000000
0.00000000
0.00000000
0.00000000
0.00000000
0.00000000
0.00000000
0.00000000
0.00000000
0.00000000
0.00000000
0.00000000
0.00000000
0.00000000
0.00000000
0.00000000
0.00000000
0.00000000
0.00000000
0.00000000
0.00000000
0.00000000
0.00000000
0.00000000
0.00000000
0.00000000
0.00000000
0.00000000
0.00000000
0.00000000
0.00000000
0.00000000
0.00000000
0.00000000
0.00000000
0.00000000
0.00000000
0.00000000
0.00000000
0.00000000
0.00000000
0.00000000
0.00000000
0.00000000
0.00000000
0.00000000
0.00000000
0.00000000
0.00000000
0.00000000
0.00000000
0.00000000
0.00000000
0.00000000
0.00000000
0.00000000
0.00000000
0.00000000
0.00000000
0.00000000
0.00000000
0.00000000
0.00000000
0.00000000
0.00000000
0.00000000
0.00000000
0.00000000
0.00000000
0.00000000
0.00000000
0.00000000
0.00000000
0.00000000
0.00000000
0.00000000
0.00000000
0.00000000
0.00000000
0.00000000
0.00000000
0.00000000
0.00000000
0.00000000
0.00000000
0.00000000
0.00000000
0.00000000
0.00000000
0.00000000
0.00000000
0.00000000
0.00000000
0.00000000
0.00000000
0.00000000
0.00000000
0.00000000
0.00000000
0.00000000
0.00000000
0.00000000
0.00000000
0.00000000
0.00000000
0.00000000
0.00000000
0.00000000
0.00000000
0.00000000
0.00000000
0.00000000
0.00000000
0.00000000
0.00000000
0.00000000
0.00000000
0.00000000
0.00000000
0.00000000
0.00000000
0.00000000
0.00000000
0.00000000
0.00000000
0.00000000
0.00000000
0.00000000
0.00000000
0.00000000
0.00000000
0.00000000
0.00000000
0.00000000
0.00000000
0.00000000
0.00000000
0.00000000
0.00000000
0.00000000
0.00000000
0.00000000
0.00000000
0.00000000
0.00000000
0.00000000
0.00000000
0.00000000
0.00000000
0.00000000
0.00000000
0.00000000
0.00000000
0.00000000
0.00000000
0.00000000
0.00000000
0.00000000
0.00000000
0.00000000
0.00000000
0.00000000
0.00000000
0.00000000
0.00000000
0.00000000
0.00000000
0.00000000
0.00000000
0.00000000
0.00000000
0.00000000
0.00000000
0.00000000
0.00000000
0.00000000
0.00000000
0.00000000
0.00000000
0.00000000
0.00000000
0.00000000
0.00000000
0.00000000
0.00000000
0.00000000
0.00000000
0.00000000
0.00000000
0.00000000
0.00000000
0.00000000
0.00000000
0.00000000
0.00000000
0.00000000
0.00000000
0.00000000
0.00000000
0.00000000
0.00000000
0.00000000
0.00000000
0.00000000
0.00000000
0.00000000
0.00000000
0.00000000
0.00000000
0.00000000
0.00000000
0.00000000
0.00000000
0.00000000
0.00000000
0.00000000
0.00000000
0.00000000
0.00000000
0.00000000
0.00000000
0.00000000
0.00000000
0.00000000
0.00000000
0.00000000
0.00000000
0.00000000
0.00000000
0.00000000
0.00000000
0.00000000
0.00000000
0.00000000
0.00000000
0.00000000
0.00000000
0.00000000
0.00000000
0.00000000
0.00000000
0.00000000
0.00000000
0.00000000
0.00000000
0.00000000
0.00000000
0.00000000
0.00000000
0.00000000
0.00000000
0.00000000
0.00000000
0.00000000
0.00000000
0.00000000
0.00000000
0.00000000
0.00000000
0.00000000
0.00000000
0.00000000
0.00000000
0.00000000
0.00000000
0.00000000
0.00000000
0.00000000
0.00000000
0.00000000
0.00000000
0.00000000
0.00000000
0.00000000
0.00000000
0.00000000
0.00000000
0.00000000
0.00000000
0.00000000
0.00000000
0.00000000
0.00000000
0.00000000
0.00000000
0.00000000
0.00000000
0.00000000
0.00000000
0.00000000
0.00000000
0.00000000
0.00000000
0.00000000
0.00000000
0.00000000
0.00000000
0.00000000
0.00000000
0.00000000
0.00000000
0.00000000
0.00000000
0.00000000
0.00000000
0.00000000
0.00000000
0.00000000
0.00000000
0.00000000
0.00000000
0.00000000
0.00000000
0.00000000
0.00000000
0.00000000
0.00000000
0.00000000
0.00000000
0.00000000
0.00000000
0.00000000
0.00000000
0.00000000
0.00000000
0.00000000
0.00000000
0.00000000
0.00000000
0.00000000
0.00000000
0.00000000
0.00000000
0.00000000
0.00000000
0.00000000
0.00000000
0.00000000
0.00000000
0.00000000
0.00000000
0.00000000
0.00000000
0.00000000
0.00000000
0.00000000
0.00000000
0.00000000
0.00000000
0.00000000
0.00000000
0.00000000
0.00000000
0.00000000
0.00000000
0.00000000
0.00000000
0.00000000
0.00000000
0.00000000
0.00000000
0.00000000
0.00000000
0.00000000
0.00000000
0.00000000
0.00000000
0.00000000
0.00000000
0.00000000
0.00000000
0.00000000
0.00000000
0.00000000
0.00000000
0.00000000
0.00000000
0.00000000
0.00000000
0.00000000
0.00000000
0.00000000
0.00000000
0.00000000
0.00000000
0.00000000
0.00000000
0.00000000
0.00000000
0.00000000
0.00000000
0.00000000
0.00000000
0.00000000
0.00000000
0.00000000
0.00000000
0.00000000
0.00000000
0.00000000
0.00000000
0.00000000
0.00000000
0.00000000
0.00000000
0.00000000
0.00000000
0.00000000
0.00000000
0.00000000
0.00000000
0.00000000
0.00000000
0.00000000
0.00000000
0.00000000
0.00000000
0.00000000
0.00000000
0.00000000
0.00000000
0.00000000
0.00000000
0.00000000
0.00000000
0.00000000
0.00000000
0.00000000
0.00000000
0.00000000
0.00000000
0.00000000
0.00000000
0.00000000
0.00000000
0.00000000
0.00000000
0.00000000
0.00000000
0.00000000
0.00000000
0.00000000
0.00000000
0.00000000
0.00000000
0.00000000
0.00000000
0.00000000
0.00000000
0.00000000
0.00000000
0.00000000
0.00000000
0.00000000
0.00000000
0.00000000
0.00000000
0.00000000
0.00000000
0.00000000
0.00000000
0.00000000
0.00000000
0.00000000
0.00000000
0.00000000
0.00000000
0.00000000
0.00000000
0.00000000
0.00000000
0.00000000
0.00000000
0.00000000
0.00000000
0.00000000
0.00000000
0.00000000
0.00000000
0.00000000
0.00000000
0.00000000
0.00000000
0.00000000
0.00000000
0.00000000
0.00000000
0.00000000
0.00000000
0.00000000
0.00000000
0.00000000
0.00000000
0.00000000
0.00000000
0.00000000
0.00000000
0.00000000
0.00000000
0.00000000
0.00000000
0.00000000
0.00000000
0.00000000
0.00000000
0.00000000
0.00000000
0.00000000
0.00000000
0.00000000
0.00000000
0.00000000
0.00000000
0.00000000
0.00000000
0.00000000
0.00000000
0.00000000
0.00000000
0.00000000
0.00000000
0.00000000
0.00000000
0.00000000
0.00000000
0.00000000
0.00000000
0.00000000
0.00000000
0.00000000
0.00000000
0.00000000
0.00000000
0.00000000
0.00000000
0.00000000
0.00000000
0.00000000
0.00000000
0.00000000
0.00000000
0.00000000
0.00000000
0.00000000
0.00000000
0.00000000
0.00000000
0.00000000
0.00000000
0.00000000
0.00000000
0.00000000
0.00000000
0.00000000
0.00000000
0.00000000
0.00000000
0.00000000
0.00000000
0.00000000
0.00000000
0.00000000
0.00000000
0.00000000
0.00000000
0.00000000
0.00000000
0.00000000
0.00000000
0.00000000
0.00000000
0.00000000
0.00000000
0.00000000
0.00000000
