2584
3718
3624
2285
3128
2226
1815
3304
2626
3901
2306
2618
1979
2846
3162
3217
90
2800
3494
2301
3605
2412
3780
1603
3860
3758
2223
523
597
1537
3505
628
3982
1703
1326
3036
3824
2849
1151
513
3194
3610
2983
1204
1199
3699
3020
2352
1125
1583
3368
2908
1473
389
843
1232
1869
3040
1512
2456
1900
2544
2418
3112
2966
1791
1672
3894
2722
1954
282
2496
2698
4077
167
2545
2307
3226
3043
1602
2549
1463
1162
3557
2821
2355
3196
2948
3056
852
2531
3648
2857
1451
2652
1343
1751
1833
2265
3714
1690
4
2625
1208
1165
3720
2493
2591
2869
922
2092
3291
756
3458
2346
2568
2424
3963
3230
1596
484
3367
1663
4061
3273
1315
3022
1631
2942
2771
2027
3437
1160
2132
2767
2610
3377
2199
1559
2333
625
2113
2286
2353
1329
621
2450
3188
3460
3681
1723
878
1996
562
1788
2393
2790
2758
3923
803
3093
3810
1689
2053
2081
3917
1339
2814
1700
632
2739
2419
3400
1472
2736
3665
3075
3156
3232
2551
3763
3340
2384
2921
3245
2599
2571
3359
2640
3074
4026
1533
3148
1536
1385
1379
2667
2961
2884
2030
1671
400
2956
3760
4079
3696
1409
2992
3670
2382
1963
1196
3887
1921
2314
2815
3284
3289
2923
1313
2694
3375
3776
3063
2795
2318
3235
1829
1885
1300
1529
3276
1382
3550
3897
1934
2299
2801
2507
3913
2329
3476
1120
3212
2612
2833
2461
2672
2397
1940
3014
1243
2075
3163
3353
827
4054
3352
1452
1895
4053
3427
1627
3065
2454
2979
1720
3303
2883
3011
2026
4019
3223
1416
1754
2642
3744
4120
1728
3115
1429
3942
2426
565
2072
2212
3826
1978
3957
3987
3738
1118
1462
4131
1698
1967
2453
2256
2838
3690
265
3261
3852
633
974
909
3038
3131
3165
3507
2631
1449
3091
3155
3301
3873
3523
4011
2202
3514
2089
2878
380
3317
1058
2755
1123
1312
3794
2700
1570
1526
3282
3608
3635
2746
1871
3285
2146
112
1580
785
3954
1715
2157
2832
2451
2078
1852
3270
3961
3254
3171
4114
4066
1611
1573
1718
461
1925
2203
1056
3649
3147
3945
2773
3701
3713
2553
2973
1398
1961
3792
303
996
1578
2006
3396
1880
3143
2502
3064
969
2210
2370
3675
3239
2273
2476
2356
1806
4027
825
2649
2534
3823
2061
3201
887
2459
3541
686
2327
2541
1557
3099
1033
4107
4063
2045
2514
3548
2010
1230
1668
2123
4130
2396
2468
463
1640
2309
3597
2766
2818
1970
2560
1401
217
3166
1851
3380
3655
2316
920
924
2321
2988
1503
3033
540
2558
3817
1691
3994
3745
1567
1356
2425
3500
2575
3830
1630
3513
83
3965
4065
3712
3267
1678
3931
3928
3883
1569
2645
3732
3459
3136
3634
542
462
3691
4142
4116
2428
1016
531
2866
3842
2864
4080
3501
173
3241
482
3310
4136
2278
2614
3737
2911
3725
736
3895
2527
3735
2710
3868
2705
3418
3916
3621
3240
3379
2989
3394
2868
3977
3905
3855
1333
3044
2410
1837
3999
1656
4082
2784
3778
3875
2457
1998
3800
3214
2947
3693
3808
3898
2112
3645
4134
4100
3249
2377
2769
2902
1532
3117
3493
4081
3736
2005
2371
2294
831
959
2519
3168
3269
3818
2508
4090
2465
3772
3440
1246
3862
602
2968
3308
2207
3416
226
4017
1101
2605
2093
3804
3992
3785
2932
1032
2812
3640
3496
1510
2235
4009
4139
1277
1779
3247
1390
1591
3025
3392
1597
4058
3974
2388
3867
3539
2711
3846
3768
1527
2434
4092
888
3439
783
3813
2439
3161
780
3024
3462
3404
3983
2635
2054
3774
3553
3411
3256
3915
2565
3716
1330
1628
2891
3642
1142
2997
3973
3845
1883
37
4094
3851
3704
3786
3672
3200
3975
2315
764
2841
1982
3452
2094
3329
2586
3870
3526
4062
3850
3190
3662
3173
3683
109
3757
154
1693
4098
3687
3258
2141
2613
2673
2263
3005
3960
3682
3436
2101
1323
3563
1620
2834
2578
816
2892
3104
4050
2044
2629
2837
698
1594
1727
536
2389
4014
1471
2757
2497
3577
1399
4126
4099
3333
1228
2825
3090
716
4089
1984
1868
3515
2405
2287
2958
642
1595
2539
4086
4088
2695
3995
2991
4108
2088
421
2004
853
101
2745
1304
2662
2659
3502
921
3607
1867
2665
4159
1664
817
455
1386
1474
1838
3521
3048
746
3483
1523
1180
1734
786
2785
3465
1311
3587
3584
3802
356
4093
2885
1514
1360
2130
2778
3158
1623
296
2269
3096
4015
31
3885
3799
3562
3170
3421
1884
3300
2195
2880
2185
4034
1081
570
1813
2246
1217
3812
1216
137
4103
2985
3880
2510
3711
1991
4051
3811
1373
2021
3010
3471
2532
3770
2183
611
2965
1964
4156
2198
1283
3485
1761
3590
3472
2563
1839
3413
3319
1541
423
3067
1368
2161
3297
3314
3428
1651
3042
3251
1520
975
2471
118
3154
3771
1847
3946
4101
3803
3869
4035
2211
1859
3593
2427
3463
3685
1524
2000
3088
2879
3478
3972
3393
4091
3567
2860
3384
612
2477
3909
3050
1632
2220
3779
4149
3305
3558
999
2487
3782
4007
1253
4117
1752
3332
3487
302
807
3341
3167
3678
2349
3839
1542
3503
350
2898
3466
2127
1377
1793
2616
1722
3532
2780
3570
3949
1797
769
3658
3451
3320
2720
2863
3740
3639
3547
2445
2765
4162
3967
1684
2900
367
3623
3943
2962
3767
3698
1951
3295
3552
3796
3302
3445
3018
1419
3492
3160
3809
3827
3667
3930
1450
2154
1444
3922
4109
2799
957
3970
2345
788
3661
2681
3728
2323
3307
2359
3512
4008
1737
3829
2933
1420
3281
1433
1397
2604
3766
47
600
2090
3432
3184
578
1988
4095
2602
1766
3087
3342
2928
2230
3534
2252
3215
2987
2601
2291
3904
1990
4029
711
1816
1083
3406
3109
1717
2126
1319
3348
2810
1265
4052
655
3187
2806
808
2718
4112
3077
3198
2944
3657
4104
2636
1174
1855
916
1827
3069
1508
1476
2494
4037
1950
3962
3900
1915
2686
3350
2003
1292
4006
3274
2337
3177
738
1887
2996
3140
3498
2270
3572
3542
644
3019
3355
1060
1891
2289
3519
3389
3556
1888
1191
866
3374
2546
3801
1906
3890
3047
3325
3705
3724
2266
2399
2521
2709
3853
713
2156
1812
300
2859
207
3781
2486
483
2191
3442
1468
2820
3622
1716
2893
2931
4138
2680
2598
2886
1714
2955
2590
1047
4157
244
3509
3464
2981
2927
2811
3530
3752
3694
3433
3068
2688
709
2917
3344
2029
3237
946
2976
2152
3660
2186
2277
3861
2107
3046
4042
3141
3175
4132
2209
1579
2783
1154
2922
1980
2953
2194
4022
3121
63
1116
2648
3872
3461
3430
3971
927
3518
2676
3231
3831
1400
385
3479
3082
1912
3337
3280
149
4030
3865
3636
2552
4070
577
4125
2001
2149
2374
22
2057
3110
3759
2375
1296
3936
2332
2963
3233
2056
3182
2716
2422
3385
3715
1834
3596
2167
3312
3730
3151
2984
1652
814
3474
3183
2118
58
1235
4039
2793
3378
3470
2872
2862
3910
3062
2775
3296
313
3663
2463
907
1657
3564
4073
337
2787
1410
3057
405
2259
796
673
1226
3877
3016
3626
3275
3844
3423
3318
1987
2756
382
647
3287
2579
2335
3268
2650
3504
1756
3079
3001
374
1286
1020
1504
2896
4020
3978
2708
2221
1794
2134
3516
77
2658
3292
2764
848
3242
3793
2296
2129
3000
4129
4059
3940
1202
725
2564
3819
787
2062
1287
512
4064
2478
1782
2492
3032
2938
2606
1820
3420
4133
3979
3234
2421
3775
3620
4049
3415
3529
2852
4160
2747
2789
2165
3997
4144
3889
2163
810
106
2441
3322
1054
3835
3259
3363
3674
3966
3229
1071
3632
732
985
3441
2741
2351
3754
4163
3952
2201
3969
1492
2542
3549
3405
3588
720
1675
3545
1161
1840
2930
1770
2781
3150
2228
3425
908
231
3041
3346
2304
3424
1221
3517
4016
3206
1092
1145
2328
588
3566
34
1989
2867
1843
3955
3594
2897
1043
2677
3654
3747
3551
1607
2581
3298
2853
3260
3574
3729
2174
4025
2729
2999
3986
3107
3116
3277
2561
3833
1280
1029
1240
3573
3702
3410
1753
3579
3598
4161
3750
2906
4111
107
2824
3366
3083
3795
4164
2972
3637
3822
3538
1778
3066
2679
982
1324
3137
3328
2096
2039
2136
2699
2395
671
3306
1464
3414
4128
3578
3677
1643
3710
2974
2723
2702
2692
3339
2233
2587
3246
458
3976
3097
2836
4071
3195
3948
2576
3656
3628
2712
3911
3912
3052
3821
3864
2918
2726
3531
2452
936
2858
2166
3935
2121
3929
3080
3761
3390
3908
1810
3920
1422
2611
2724
1937
2682
3765
329
1725
890
1636
1832
4123
3601
3627
1519
3263
4143
1074
3840
1378
4067
3144
312
328
3644
3951
2520
3828
3993
4154
2925
2559
3369
2366
2298
818
2608
552
4047
4046
3773
1072
3614
2731
2589
3176
1942
1210
2449
1431
2173
636
223
2910
2501
2040
4151
3473
3689
3600
1861
2192
2754
1803
2204
2669
4069
3123
4038
3197
4005
466
4001
3313
3365
3941
3395
4097
1317
752
1139
3336
3899
3106
3124
2002
3208
2437
1811
768
1959
3849
3354
2573
4121
4013
876
1850
1740
532
501
3122
3907
896
2017
533
2376
1800
3475
3100
2431
1758
1981
2284
3271
1308
1201
646
3383
3777
1917
1775
2402
1245
2543
2462
3981
3338
2959
2250
3372
2350
3731
2515
1494
3225
3153
2499
2851
2950
2570
2730
987
3357
1562
1681
2283
2234
1730
1708
3753
4002
2934
3327
4135
1922
2238
3511
3629
3216
3832
3113
2110
1344
3126
3838
3944
2548
2171
2035
2142
3371
3244
3255
4045
3924
4119
1743
194
1392
3034
791
1383
1340
1574
2796
1380
2
2753
947
3139
436
3604
1819
1406
2882
499
433
1113
2378
1683
1831
3094
1084
2467
730
1095
2128
3602
431
4023
2909
3238
3218
4041
199
688
285
1901
3708
1215
1046
3070
3447
3968
3647
3947
2229
441
3248
3456
2358
871
3132
4148
4118
3227
2637
3921
3283
2929
3105
3351
3906
2557
651
794
2176
1445
3401
3789
2413
3345
1705
3933
3669
3919
2670
3857
3939
3583
3769
4102
1697
3409
2752
2083
3985
3643
2628
3540
3684
2577
2019
2500
3998
3145
2290
4072
2943
3323
4137
3081
3469
443
1854
2518
360
3142
2690
1618
1012
1748
1288
2438
1920
2138
2772
2444
1414
4010
972
863
1653
1498
979
4044
4075
3599
2271
1176
2743
3457
2490
3797
3429
3293
3290
3286
1801
4122
3859
4057
1759
2446
2455
3084
1745
1736
3179
4024
3174
3262
2936
1696
2032
2280
2794
2108
3668
3568
3892
3984
2239
2701
3489
3224
75
1448
1530
74
2311
530
2566
1318
1975
510
3203
3717
1268
3202
3180
1772
2268
1780
657
965
1302
1358
3149
1771
1962
2274
3613
3727
2232
2949
1927
1082
2797
3680
3688
2982
3585
3790
2816
3896
2254
3449
3311
2537
1858
2322
1870
851
2525
1112
3866
3863
3205
3484
3266
3199
1943
3211
3335
3221
2034
24
1436
1564
3172
3482
3455
2774
3006
3902
1916
3527
2998
3980
2940
1842
2365
1997
3743
1676
563
1354
1042
828
2664
717
1335
2148
2014
1440
3434
2363
3191
1412
2217
952
3490
3037
2379
4106
3788
4105
2749
3964
2894
3279
4055
1309
616
3631
3841
877
1179
3029
427
3764
3576
3891
1258
3522
4043
2719
2870
3565
3956
2654
1173
2216
838
1011
3653
3560
4018
4004
4003
3996
4140
3559
1735
2369
3443
2727
3520
3646
3739
3886
3742
3617
3419
3102
3219
3666
3858
2678
2978
3546
82
3937
3265
1893
3959
3257
3544
2189
1781
2954
1126
1405
4048
3009
3422
3272
694
2150
3444
2506
3641
209
2660
2341
4033
2657
3388
3186
2491
3408
3762
4032
3938
3756
3791
2619
2403
2392
2251
2890
2842
3748
317
2585
1645
3045
4074
1127
561
2488
819
1454
1128
742
1646
3625
3129
724
1622
87
2344
2225
3697
3152
1804
3243
1188
2473
3569
3706
3918
3878
3856
1297
2480
3825
3807
2348
2295
691
2945
2275
3076
1960
2530
2638
2512
3382
1614
3431
2073
4158
3092
1692
3450
2409
3051
708
1052
2850
3294
3316
3058
1006
3103
3488
910
1314
1124
1521
3362
3784
4031
3815
341
3589
196
1809
860
3178
2214
2839
3072
2084
2777
3925
1441
2080
2051
4150
1376
775
3035
383
2804
1713
3480
264
934
2140
2819
1822
3049
2952
2847
1789
3879
3816
369
1137
263
1248
1166
487
2367
3746
2791
1721
1625
3533
2873
3555
3618
430
2482
2143
850
2135
268
2889
2734
2995
2653
3015
2485
3157
1157
3060
2826
362
1325
2926
2105
2920
3021
2533
2310
1666
524
2903
2458
3806
1225
1853
2261
3616
1948
1132
339
2964
3228
665
2907
1415
1776
1908
1327
2099
3703
4028
2068
2823
1351
2674
1106
893
1350
1251
1158
1050
740
2340
3581
3031
3486
2624
3958
2732
1274
4152
2768
3407
1952
2334
821
2432
2556
1644
1075
1682
1999
3017
3612
3397
1739
1587
3030
2104
114
2770
3250
1577
2623
1362
905
3510
1148
1621
3023
1425
2343
2740
2809
1159
1599
2844
1014
3535
3950
2887
2119
2569
1619
378
9
3127
1849
2594
2288
480
2735
1353
1919
3726
3837
4115
3990
2763
1857
1866
1393
617
1490
409
1477
1918
3749
2249
3189
683
1547
3446
2312
1088
668
2714
1146
2941
3135
2059
2049
2971
2164
2460
1438
1926
2547
2325
2082
3356
2240
2262
2632
1860
3664
3988
2218
1525
3671
2607
3086
3008
1783
1585
2116
1365
1733
103
2935
3561
1479
13
2033
2008
1732
3078
901
2347
1044
3536
138
1935
2071
2208
2407
2098
743
960
3288
507
2281
1019
2109
2031
200
1396
198
3435
2102
553
760
615
3399
605
1612
388
68
2390
1381
2644
2391
1977
722
555
299
2693
2643
2513
1168
3236
1936
1465
1933
2495
2498
2509
3013
1262
2805
2822
604
1093
2960
1747
699
2993
3185
1077
677
719
2055
1261
1135
3876
3326
2417
370
3586
2639
945
3477
1447
556
3874
1249
2511
1814
586
3543
2447
1458
1348
2466
1818
1408
3138
2241
471
829
3695
1947
1094
2472
592
1244
1571
2224
1212
2015
744
397
2357
2831
894
1795
257
1560
2994
278
3073
3499
2401
685
1516
2258
3373
2184
1685
904
1914
666
2622
2243
1898
661
1303
1742
1890
2555
1119
2279
1969
1835
1260
1808
2042
1334
2028
2430
1511
3118
1499
189
2621
1110
1932
3309
2596
3146
2144
2222
1233
2762
2048
1227
981
115
1896
1993
2633
1242
56
1090
930
159
684
1688
1790
1674
1546
2975
989
416
1495
234
2380
2813
3391
2205
1045
437
2877
2627
1039
3454
2761
3659
2951
1923
1266
2871
3606
2721
2155
2086
1659
1576
1413
571
3026
2843
1169
3741
2904
2668
2697
1294
648
318
365
559
1008
1140
364
2336
1606
371
1371
2300
3134
3334
2464
961
1515
3468
1507
2861
3053
913
1027
1121
2634
1111
349
3881
1299
2242
2206
993
2572
3204
1724
2759
2023
1028
865
2236
2282
65
1706
3004
3159
333
3884
917
1879
2292
3376
2160
1773
1163
3914
3169
1945
2065
3222
858
2717
2750
1549
4056
3679
2592
1601
575
663
2159
334
3120
1892
3002
1986
3630
2685
1417
2798
1669
2689
1109
2583
3192
881
1777
3438
2070
438
2646
757
2227
3347
1185
1321
3361
1087
2856
4076
679
2103
1929
3709
2117
3220
2385
288
2016
3330
937
3061
1320
2264
2706
3210
178
28
1738
765
2125
662
3007
2728
2666
1763
1264
2855
3934
3114
4087
1750
29
3798
2047
1387
1749
2063
1593
1878
2196
1295
408
3491
2320
3386
3055
3633
653
1994
1254
2317
2124
435
2641
919
1592
844
1694
1455
2489
500
3820
2588
1443
2313
4036
1418
401
2433
3991
522
3495
584
1478
2691
3071
1565
2529
2647
1904
1680
1341
3012
459
2077
1558
2115
1442
1974
1000
1144
1956
521
872
1566
731
1257
2151
3085
1604
2483
1802
1902
2703
2782
622
1531
323
963
2114
64
411
2854
3193
895
3349
2913
1291
1211
2615
3343
2600
2479
2977
2162
1223
652
2595
1589
1552
2169
546
1089
2058
2087
715
2630
846
2319
2368
1874
1031
3508
2253
690
2414
2423
119
1768
2408
1744
2875
3098
3537
3364
2338
2807
2970
4110
1634
1654
2373
968
3398
4147
3686
2038
3252
338
3331
3575
1957
2131
2696
1876
2429
320
2603
1150
1061
2213
76
153
931
277
492
847
2876
912
801
1022
1263
650
759
1186
1453
2523
1719
2120
3524
1687
493
1649
1972
1930
2661
3130
2326
1181
1255
1067
128
170
948
958
1911
1543
2830
1588
3467
3054
1955
849
3448
1626
1250
3525
2170
2914
2899
3003
1391
1824
1049
1062
50
1189
1282
705
351
898
410
1764
6
1269
882
3417
1910
1164
1545
332
2012
301
928
1068
2905
2219
2188
182
1798
1290
1305
1710
3871
1404
3264
3611
478
3591
472
638
2817
2187
1038
2448
971
1913
874
2536
1639
2066
1316
956
566
861
906
1487
771
21
2420
1337
1875
2442
2247
710
789
1273
2036
1762
1534
1491
92
702
784
2145
80
2181
162
1483
1403
2046
918
1065
942
308
2302
1769
1825
564
3403
180
246
797
2535
3723
1660
249
950
751
2916
1108
413
1017
1894
3412
695
1053
304
2901
745
703
144
1709
1924
1661
1198
1757
1650
815
1460
179
2022
3321
2597
1207
1247
2651
359
1662
2297
2050
447
5
2153
2404
395
161
1070
3278
11
1513
414
1944
1481
311
1205
2707
1555
939
1423
2387
1197
511
2267
1332
2303
1051
637
823
1953
2179
932
1502
1774
1272
1497
733
593
1184
1359
152
271
706
804
1025
1616
439
384
609
49
630
1105
2919
1863
2400
2024
943
1372
1582
1310
239
93
994
772
781
158
707
1699
2469
2100
1187
1785
1035
1864
23
2779
1563
864
2025
1501
243
2522
748
1796
1590
262
954
623
701
1958
992
1496
322
2683
806
660
1493
1553
175
1886
2957
1985
358
1872
1459
406
184
1638
1374
2617
639
1278
1881
1147
10
498
2398
1421
1968
1220
515
955
1856
2383
966
3095
2361
276
2554
1882
1293
2168
1897
656
1336
1097
19
676
460
211
2504
1219
2835
2516
2620
2147
1076
1279
1941
697
2231
1817
2742
1276
583
342
802
1615
2738
1480
134
1256
204
126
590
839
490
779
1648
1066
1836
1155
1695
2937
2177
1307
1457
1177
2550
1535
2272
1551
2524
1830
1647
1222
1677
2180
1702
1206
2436
81
2193
1755
2137
2009
345
997
1572
727
2122
148
1178
1456
1786
314
1236
2443
2381
2060
1807
1190
1679
767
297
855
1182
2760
2067
1613
538
1306
897
580
1509
343
2538
2255
608
941
2011
2990
100
1667
988
991
2475
1712
3125
2725
545
25
911
2528
935
1237
795
640
680
543
1426
2827
1467
1281
674
914
1561
2133
1841
990
1556
1175
1389
1846
2671
1234
392
210
428
1357
940
479
1036
54
1704
944
1482
1707
1862
1122
1171
1550
464
376
885
3209
88
2517
1021
1345
2248
2260
610
1270
206
1259
2354
225
2139
2076
3111
1608
393
258
834
1475
2052
30
2939
1034
96
1799
1141
316
1637
192
2470
1370
2415
1506
1701
799
1899
3360
495
219
2308
102
1469
1195
873
418
704
2845
1015
1192
481
506
886
889
718
595
929
1384
601
470
1214
1765
2656
2085
315
1584
1928
326
755
596
678
1767
777
682
978
1346
1193
475
3119
2018
1130
841
2386
2675
574
230
453
798
214
534
1844
629
2715
2704
1402
1355
2663
1156
693
1658
432
669
1172
573
1229
548
1009
572
1826
476
2733
1411
1484
1907
284
750
3253
664
544
1048
1342
72
1099
485
1055
1670
2020
1209
260
983
319
1805
164
424
1686
176
805
2788
867
1107
833
1136
2178
1488
1167
394
3164
892
1746
32
95
984
133
1966
618
951
782
2912
770
1361
1873
728
85
1461
1983
212
2245
607
1538
1271
1238
1845
181
2481
550
1568
1439
270
1624
1466
2324
202
824
1435
1903
1395
1949
1366
1129
391
1322
1013
1971
1905
884
1434
1586
452
735
336
1388
1726
130
1041
190
1328
1267
811
269
1446
1394
2007
649
1364
1023
1889
2580
537
2182
488
836
1641
1134
1784
2330
1367
1002
923
273
547
2158
591
1486
1673
122
514
949
953
2503
1078
16
800
123
171
136
135
293
2331
1115
2172
2655
335
1424
654
2394
1598
1040
1284
1605
469
2406
99
766
110
1064
2744
1352
2360
327
59
832
1103
729
2069
557
986
43
762
267
127
1231
1213
1760
837
1001
1194
835
859
446
1005
177
1252
1973
1133
658
325
520
840
1073
2064
2276
497
2043
1331
241
1100
603
631
496
442
186
1298
1241
1517
1729
995
1096
1581
188
275
774
812
396
589
505
1369
474
224
1609
353
357
1629
1098
1057
854
1
2416
558
2091
1741
281
305
747
402
712
1848
962
429
1617
1909
185
454
361
51
1203
1865
1183
407
2200
242
1347
1554
1470
568
624
1079
1275
1149
870
17
1539
2244
933
700
675
1427
259
826
822
140
1285
2197
925
813
280
2609
614
1104
233
899
1138
8
42
598
1528
266
1500
754
1931
634
379
403
1540
201
146
915
1010
1026
237
2190
2915
1430
582
830
120
1030
287
2074
1200
163
218
69
240
1938
516
1018
46
714
1575
1548
1995
366
245
627
1711
875
404
1004
1544
73
517
753
1642
902
261
457
290
842
778
1003
235
793
252
386
331
307
903
156
70
12
1610
581
560
672
519
467
667
1080
330
147
227
503
594
238
468
398
465
45
145
1091
856
1289
141
363
1731
2175
354
0
1518
977
687
250
1363
347
659
169
215
286
1301
879
900
426
868
221
220
1024
205
980
125
776
197
1131
1823
444
324
726
1338
535
809
739
569
279
1665
306
298
620
26
27
1143
539
477
117
585
41
845
48
111
528
1063
491
35
292
274
862
1059
113
626
1976
417
1152
494
121
1170
294
422
518
613
309
741
381
1218
160
79
440
373
143
283
734
1102
289
473
883
504
256
1117
508
57
165
1505
272
254
763
18
938
567
420
97
1037
7
39
525
749
399
355
489
526
549
213
681
761
15
247
502
344
635
1007
40
193
576
232
166
340
527
579
78
641
168
14
554
448
1086
255
291
880
229
869
216
412
451
71
643
20
445
67
390
486
509
195
36
541
773
131
52
1428
108
352
116
55
599
790
449
450
689
1239
142
792
692
1792
157
310
89
174
456
251
970
228
187
104
38
132
248
321
129
94
387
926
155
587
696
419
191
551
91
151
253
98
372
348
3
60
62
33
425
105
183
44
139
150
998
415
203
375
346
236
61
172
66
