1.00000000
0.91275462
0.86065021
0.81286254
0.76905436
0.72625793
0.68251720
0.63961959
0.59705922
0.55001349
0.50198975
0.44604074
0.37673681
0.29306623
0.12650074
0.02283151
0.00354108
0.00205720
0.00104546
0.00094429
0.00053959
0.00037097
0.00030352
0.00023607
0.00020235
0.00020235
0.00016862
0.00006745
0.00006745
0.00006745
0.00006745
0.00006745
0.00006745
0.00006745
0.00006745
0.00006745
0.00006745
0.00003372
0.00003372
0.00003372
0.00003372
0.00003372
0.00003372
0.00003372
0.00003372
0.00003372
0.00003372
0.00003372
0.00003372
0.00003372
0.00003372
0.00003372
0.00003372
0.00003372
0.00003372
0.00003372
0.00003372
0.00003372
0.00003372
0.00003372
0.00003372
0.00003372
0.00003372
0.00003372
0.00003372
0.00003372
0.00003372
0.00003372
0.00003372
0.00003372
0.00003372
0.00003372
0.00003372
0.00003372
0.00003372
0.00003372
0.00003372
0.00003372
0.00003372
0.00003372
0.00003372
0.00003372
0.00003372
0.00003372
0.00003372
0.00003372
0.00003372
0.00003372
0.00003372
0.00003372
0.00003372
0.00003372
0.00003372
0.00003372
0.00003372
0.00003372
0.00003372
0.00003372
0.00003372
0.00003372
0.00003372
0.00000000
