4165.00000000
3499.00000000
3057.00000000
2811.00000000
2511.00000000
2301.00000000
2054.00000000
1839.00000000
1567.00000000
1204.00000000
900.00000000
465.00000000
114.00000000
40.00000000
40.00000000
25.00000000
15.00000000
7.00000000
7.00000000
5.00000000
5.00000000
4.00000000
3.00000000
2.00000000
2.00000000
2.00000000
2.00000000
2.00000000
2.00000000
2.00000000
1.00000000
1.00000000
1.00000000
1.00000000
1.00000000
1.00000000
1.00000000
1.00000000
1.00000000
1.00000000
1.00000000
1.00000000
1.00000000
1.00000000
1.00000000
1.00000000
1.00000000
1.00000000
1.00000000
1.00000000
1.00000000
1.00000000
1.00000000
1.00000000
1.00000000
1.00000000
1.00000000
1.00000000
1.00000000
1.00000000
1.00000000
1.00000000
1.00000000
1.00000000
1.00000000
1.00000000
1.00000000
1.00000000
1.00000000
1.00000000
1.00000000
1.00000000
1.00000000
1.00000000
1.00000000
1.00000000
1.00000000
1.00000000
1.00000000
1.00000000
1.00000000
1.00000000
1.00000000
1.00000000
1.00000000
1.00000000
1.00000000
1.00000000
1.00000000
1.00000000
1.00000000
1.00000000
1.00000000
1.00000000
1.00000000
1.00000000
1.00000000
1.00000000
1.00000000
1.00000000
1.00000000
1.00000000
0.00000000
