1.00000000
0.98991597
0.97983193
0.96902761
0.95918367
0.94909964
0.93901561
0.92797119
0.91716687
0.90564226
0.89483794
0.88427371
0.87370948
0.86362545
0.85258103
0.84081633
0.83049220
0.81824730
0.80672269
0.79423770
0.78199280
0.77070828
0.75822329
0.74669868
0.73493397
0.72412965
0.71260504
0.70204082
0.69051621
0.67899160
0.66818727
0.65450180
0.64273709
0.63097239
0.61992797
0.60912365
0.59495798
0.58103241
0.57022809
0.55870348
0.54549820
0.53133253
0.51500600
0.50060024
0.48571429
0.47082833
0.45978391
0.44777911
0.43241297
0.41416567
0.39759904
0.37695078
0.35822329
0.33229292
0.31692677
0.30132053
0.29027611
0.26698679
0.24633854
0.21656663
0.18823529
0.16926771
0.14261705
0.13349340
0.09267707
0.05714286
0.05402161
0.04681873
0.03745498
0.03097239
0.02737095
0.02328932
0.01536615
0.00552221
0.00024010
