1.00000000
0.99001754
0.98003507
0.96998516
0.95983408
0.94958182
0.93929583
0.92840281
0.91740861
0.90658303
0.89579118
0.88486443
0.87302711
0.86210036
0.85053285
0.83896533
0.82770134
0.81569540
0.80436396
0.79299879
0.78173479
0.76986375
0.75849858
0.74679617
0.73472278
0.72359369
0.71192500
0.70002023
0.68787940
0.67614326
0.66447457
0.65179415
0.63928234
0.62670309
0.61405639
0.60181438
0.58930258
0.57682450
0.56397545
0.55122757
0.53790638
0.52509106
0.51163497
0.49797653
0.48512748
0.47133414
0.45706866
0.44310670
0.42830163
0.41359773
0.39747740
0.38280723
0.36793471
0.35221907
0.33596385
0.31751653
0.29947390
0.28210576
0.26416431
0.24281667
0.22251450
0.20035748
0.17826791
0.15509915
0.15479563
0.12845677
0.12552273
0.12309456
0.09861055
0.07827465
0.07793741
0.05979361
0.04026710
0.04026710
0.02472009
0.01295022
0.01288277
0.00290031
0.00003372
