4165.00000000
4123.00000000
4081.00000000
4036.00000000
3995.00000000
3953.00000000
3911.00000000
3867.00000000
3820.00000000
3770.00000000
3727.00000000
3683.00000000
3639.00000000
3597.00000000
3552.00000000
3502.00000000
3459.00000000
3408.00000000
3358.00000000
3309.00000000
3257.00000000
3206.00000000
3157.00000000
3110.00000000
3054.00000000
3012.00000000
2971.00000000
2922.00000000
2872.00000000
2829.00000000
2783.00000000
2727.00000000
2681.00000000
2629.00000000
2581.00000000
2534.00000000
2477.00000000
2421.00000000
2376.00000000
2327.00000000
2267.00000000
2209.00000000
2148.00000000
2085.00000000
2023.00000000
1956.00000000
1914.00000000
1864.00000000
1801.00000000
1728.00000000
1655.00000000
1569.00000000
1494.00000000
1384.00000000
1332.00000000
1249.00000000
1208.00000000
1110.00000000
1023.00000000
906.00000000
788.00000000
703.00000000
592.00000000
554.00000000
384.00000000
238.00000000
224.00000000
194.00000000
155.00000000
155.00000000
127.00000000
110.00000000
69.00000000
28.00000000
1.00000000
