3853
2709
3325
2996
1906
3047
3890
3724
3140
2266
2399
713
3801
2521
3705
3144
1832
4154
1519
3263
3993
3951
4067
4143
3627
3644
1074
1378
3601
3840
2520
3828
4123
3594
2897
2867
3566
3955
1843
1989
3747
2192
3313
3941
3197
4005
3123
1861
4001
3395
2204
3600
2669
3689
466
3365
3473
2754
4069
4151
4097
4038
2930
1675
1840
3346
2781
1770
2228
720
1161
3588
3150
3545
3425
908
3041
231
3857
1445
3933
2413
3443
3560
3559
3742
4018
4140
3666
4004
4003
3419
3520
2369
3102
3996
2727
3646
3219
3617
3739
3886
1735
3647
3283
2637
1046
3070
4118
3947
3105
3921
3227
4148
3447
3708
1215
2929
3968
3179
3262
3174
2108
3956
2624
3279
616
4055
2894
4043
3841
3522
1179
1309
3958
877
3964
2870
3565
4106
4152
4105
2654
3764
2719
1258
1274
3788
2732
427
3891
2379
3576
3029
2749
3486
3631
3848
1407
86
3734
1399
2825
3577
4076
2567
3787
2856
2373
2970
3398
1744
1654
2875
3108
3927
2106
3692
4110
3481
2646
3882
3098
2338
4083
1877
2802
2748
3027
3721
3836
606
2277
3861
3660
4125
2552
2107
2186
4070
3046
2152
577
3266
2274
3487
302
3332
1752
807
3084
2280
1736
2936
3668
4057
1745
4024
2446
3859
3489
1696
1801
4122
1759
3457
2239
2455
2490
3797
4075
4044
979
3568
3286
3892
3599
3293
3290
2743
3984
2701
2032
2794
3429
3571
3707
2526
3953
2924
2840
3834
1634
3192
4147
2807
968
881
3537
3364
3402
3370
4113
3497
3756
4032
2890
3762
3408
2403
2657
3791
2619
2251
3748
2392
3938
3388
2491
3186
2842
3730
3312
3151
2167
4141
3650
1522
3595
882
967
2828
3755
3843
1992
222
2254
3863
3727
1962
1927
3484
3866
3311
2232
2537
3613
2797
3199
3585
3790
2816
3896
3205
2949
3680
1082
3688
2982
3449
3109
1717
3090
716
3582
4040
3807
2073
1828
3042
1651
605
3322
3932
2980
2411
3453
2095
3814
2808
2435
2440
3751
2881
2111
3426
3805
2574
84
1633
3783
3089
3213
4068
619
2786
3903
2293
4155
3676
3382
3878
2945
3243
1297
3918
2275
2348
2295
2892
698
2044
1827
2629
2837
4050
3104
3809
2765
3160
2445
1419
3018
3492
3827
2176
3345
1705
3919
3669
3583
3789
3939
2670
794
3769
3401
2940
3455
1997
2880
1842
3482
3980
3902
2998
3527
3743
1916
2365
2649
4027
2534
2356
825
1806
3155
4011
3873
3301
3523
3572
3542
3355
644
3019
3165
3091
3507
1449
2631
3131
3753
1708
2934
3832
4002
4135
3629
3511
3327
1922
3216
2238
4158
691
3569
2473
2860
2480
2512
3716
3915
2565
1330
1628
3641
3642
2891
4041
285
199
688
3837
4115
3990
2636
4112
4104
2718
2944
3657
3198
3077
4126
1228
3333
4099
1689
3810
2053
2389
4014
1471
2577
3684
2770
3715
3596
1834
3385
709
4132
3141
3175
4042
3436
3960
3682
2645
3931
3883
1569
3732
3928
3509
3464
2981
2811
2927
2685
3530
3662
3190
3850
3452
34
3654
2094
2328
588
2677
1043
4092
3439
2434
1527
888
223
2942
1631
2771
2027
2508
3250
3818
4090
3270
3254
1852
3961
3691
2428
4142
3456
4116
118
3154
3771
2457
3875
3778
1732
2259
405
337
1410
313
1657
2463
3564
3663
907
4073
2787
3057
3913
3296
2359
2323
3307
3900
4037
2494
3504
3079
1756
3001
1033
2650
2335
1286
3268
374
3501
4080
3842
2864
1964
2965
611
2879
3972
3478
2695
4088
2539
4086
1595
3977
2989
2868
3394
1816
1083
3406
2893
1716
2598
2680
4138
2931
2918
3864
3821
4095
578
1766
1988
3184
2602
4047
3773
3614
2731
552
1072
2589
4046
3176
2294
818
2298
1942
2608
2366
2371
3922
2154
1444
3975
3200
3469
3323
4072
2943
3081
4137
2290
443
3409
1697
2789
4144
3997
3889
2834
1620
4007
1253
4117
3713
3701
2773
2553
887
3823
3201
2061
2976
3446
296
2778
1623
3158
2269
367
3623
3943
2962
1804
1188
3076
1614
3431
2530
2638
3825
3706
3856
1960
3816
369
2906
3750
4045
2171
295
2375
1246
3440
3862
2127
3466
3124
1959
1811
3899
3208
768
2002
2437
3106
3849
3354
2997
3973
3637
3822
370
1578
3063
3776
1315
3010
3022
3183
2793
58
2118
1235
814
4039
3474
2909
3238
2796
3218
746
3521
3048
3096
4015
3421
1747
3170
2605
226
4017
1101
3531
2712
2452
2726
3911
2858
3912
936
3052
1781
3937
3257
3422
3009
694
1405
1126
3265
4048
1524
2189
3272
3959
3544
1893
2954
3033
3499
866
2548
3126
3838
3244
4119
3255
2035
3371
2142
3944
3924
3411
3553
3948
3976
3246
2233
458
3339
4071
3628
3656
2692
2702
3097
2587
3195
2576
2836
2723
2201
3754
2351
2741
3952
3441
3517
2542
4163
4016
3969
3736
4081
2956
3760
4079
1400
3479
385
2676
3831
3231
2575
3082
2065
2750
2717
3169
3914
1945
3222
858
2220
3779
4149
3305
3558
1594
87
3000
3793
2129
2296
4129
4059
985
732
3632
3532
1722
2780
3396
1432
857
2751
1946
2054
3774
3645
3249
4134
4100
75
1448
209
2660
3404
3462
3597
2766
2872
3287
3062
3910
2862
3032
1820
4133
3420
3979
2606
2938
3609
820
1283
2198
2346
2568
4030
3865
3802
3636
1948
4161
2999
3410
1280
3598
1029
3579
3573
1753
3116
2561
3986
3702
4025
1240
2729
3107
3833
3277
927
3518
1191
1698
4131
1891
3389
3519
1060
2289
3835
3229
3363
3674
3259
3712
3966
3405
3549
4139
1277
4060
1980
2922
1112
2525
3950
3535
4162
3967
2001
2935
2121
4066
4114
2799
957
2345
3970
3087
3342
2838
3690
2616
3761
3080
1422
3390
1810
3908
3920
3929
2611
2724
3974
1597
4058
2484
2664
2653
3015
2134
3516
2686
3962
1950
1915
2478
3819
2062
2564
512
4064
787
1287
421
2088
853
2004
2991
1867
4108
3607
2662
101
2745
3502
1304
2659
921
1201
646
3366
3795
3083
831
2972
4164
3799
3885
3652
2339
3664
3988
3074
4026
3904
2291
3817
1210
455
817
3423
4023
2112
2136
3538
1778
2699
3328
2395
2039
1032
2096
3137
2573
4121
4013
3930
3667
4136
2278
1351
2823
2953
2194
4021
1431
2805
2822
3770
3374
3256
3870
686
2292
2237
1797
3949
3608
3775
2079
4153
2160
3376
1812
1319
3999
1656
4082
2438
3829
3772
2465
2684
2593
3844
3275
3998
2500
3867
3539
3122
1438
364
3615
1839
2563
3121
3877
3016
3626
1226
1503
3978
1397
1734
786
617
4111
3418
3916
3261
3852
3851
3704
4094
3729
3359
2174
2029
1452
1895
2896
4020
1504
1020
3700
4124
3433
3694
4049
3529
3415
2852
4160
999
3639
2952
3049
3710
3578
3677
3306
1464
4128
1643
1323
2101
3214
2853
3574
3260
1116
2648
4157
536
3717
3203
4145
2372
2441
2454
3461
3971
3430
3872
83
356
2505
3181
4085
2776
796
2688
3068
4008
1737
4034
4098
725
3940
1202
1265
4052
3292
2658
3735
3064
2777
2502
2710
3653
382
3811
1373
1014
4051
4103
2985
3337
3034
1392
959
2848
3638
3143
1880
2006
3602
2128
3318
3377
2165
2329
3476
3240
3621
1450
2110
2866
2422
2716
3868
810
47
3766
1180
3004
3159
1416
3917
3794
2000
2820
3800
2815
4102
2459
3541
2604
499
2347
4062
3526
3905
3855
3906
3026
2859
207
2026
2327
4006
1652
2764
848
2173
636
3475
3245
3369
1339
2506
4029
3983
3839
2783
3738
2679
2482
3745
1356
3024
3414
871
2384
1386
3640
4091
3393
2847
3740
1740
341
1809
196
4031
860
3589
3178
3362
3784
3815
2396
2468
3161
2439
803
4033
3014
2410
1837
982
1883
3845
4107
4063
4089
4065
3173
2667
2785
1492
3957
3987
1887
2958
1987
1047
1012
1748
3552
3088
2769
3683
3239
2038
2214
4096
1571
2486
1269
2093
3804
2681
3803
4101
3247
114
3616
3995
2713
3050
2477
3909
3288
2925
3317
4054
3285
1871
3025
3697
2978
1794
924
1859
4130
2021
531
2708
2878
380
4010
3767
2560
3350
3127
3785
3622
2497
1479
657
1124
3672
2877
1521
1967
1230
1311
2049
3618
3991
3324
2431
3965
3094
3330
3985
1508
2268
2850
1888
3798
2041
4109
3606
3643
1308
4087
2900
2358
2961
1956
3533
317
3356
3709
4146
2623
3782
2752
2898
3942
3065
3869
3540
3934
1476
3655
2920
3006
2774
2430
3695
1813
2969
3813
2444
3946
3114
82
3463
2540
3387
3686
3315
3749
3471
2829
1292
2874
4000
920
4127
4078
1714
3722
947
2812
3651
3358
3603
3847
1655
1225
3888
2364
3711
1939
2632
1498
1952
2218
3746
2791
2747
673
2932
2337
3039
3485
1375
1990
2895
2865
3893
3554
2019
3399
3619
2579
2806
1645
1682
3673
3698
3191
4028
2362
1981
2287
2705
3302
3581
3728
2105
3703
3759
3351
3661
4009
3592
1142
913
2342
2888
1296
1443
3044
3053
1288
2988
3989
3854
3334
2647
1321
2529
3768
2986
1174
2933
3752
3884
1027
1406
4056
3563
4012
1693
2270
2687
3679
3103
3145
333
3580
3434
3876
4159
2332
2380
1854
3786
3465
3881
3858
3719
3781
3510
3757
2903
1221
2467
2855
3299
3590
3454
3678
3726
3536
2756
3028
665
3113
1819
670
2601
2803
2195
2185
1314
4074
1092
3442
1485
891
3384
3556
723
3274
3303
2946
4022
3331
3528
1635
2518
3300
3493
2607
2613
3059
3506
2968
1441
3133
3207
2405
2673
3846
3472
3935
3294
1991
3992
2510
4150
2080
3925
2051
4084
2378
137
2566
4156
2532
2211
934
4093
2635
2315
3880
1542
1436
2374
1081
1580
1377
1526
3352
463
2471
1058
2159
3634
2010
1700
2767
400
3282
1343
3901
1472
540
1056
3400
2818
1723
2832
3005
1668
2030
2527
2814
3367
3513
3490
1447
2496
2157
2307
2558
2571
1123
3584
1630
3168
2519
365
736
2370
1728
2210
969
3696
2123
2425
1829
1885
1300
3500
3496
3289
1243
3649
2150
3459
2578
461
2236
3353
3675
2642
3230
3963
2207
3163
2869
3830
3329
3038
3427
3241
173
2698
3744
1678
3267
2424
1925
2203
3665
3136
1996
562
1954
2299
827
462
2377
3284
2841
2507
1473
3624
2948
612
2273
3413
3550
3314
1429
2081
2514
783
2256
2736
2412
2586
2810
154
2995
3056
3898
3808
3693
1603
1326
3561
2821
1463
1640
602
3792
3685
2911
3725
3737
642
1510
3895
2966
2301
2309
37
890
1199
3758
1690
513
4019
909
3605
3982
3162
1151
2191
3258
1727
1751
3812
816
1379
2983
2833
2979
1720
1979
3226
2614
2846
1869
3075
2450
2800
3117
3593
1204
3340
2487
2967
3212
3514
2665
3562
3515
2226
2314
1583
1970
2885
112
1754
90
1350
2352
1360
1940
1868
2889
2594
2884
2078
3994
2485
1596
484
780
3132
1984
109
523
3780
2758
922
1663
2849
2132
103
2003
1721
1153
2313
303
3149
3115
961
2333
2265
2045
3304
3020
1672
1793
3451
3320
711
2863
2720
769
3658
4077
1808
2456
852
3648
2531
2857
1532
389
843
2476
1385
3368
3557
1602
1451
3505
3217
3458
2461
2652
3101
2640
3860
2666
3826
1632
2626
4
542
3194
2285
1703
2263
2223
282
2306
2964
2199
1533
597
1514
2672
3043
2089
3036
1982
3437
2382
878
1978
2449
1743
2286
2739
2419
2618
74
2092
2790
2700
1335
3633
4036
2090
3445
2432
1054
2582
3008
2012
3403
1409
2819
1761
2212
3494
2316
1512
1529
1196
1718
3128
263
2549
2113
3273
3269
1791
1847
3945
2321
2235
1537
3295
2546
2947
3714
2795
3291
3428
2355
1324
737
2013
964
1831
1268
738
1118
3720
3763
3824
2318
2513
2722
1016
2418
1833
1788
671
1398
570
3954
1691
974
1963
3223
3224
2755
1579
1329
2908
1676
167
2545
1536
3100
1713
3699
2451
1248
2584
2310
471
1947
2317
1795
1251
2973
2907
965
1900
1664
821
482
1921
2599
3281
3874
2427
764
3112
3188
3319
1541
423
2625
1937
2426
3587
3681
2397
2610
1884
1208
2694
621
1671
3718
1567
2217
2902
1591
628
2737
1071
483
1870
2216
1368
2161
1758
3182
1815
3148
1125
2005
708
3037
785
2544
2591
2917
625
4061
1866
3547
724
2711
2164
2183
2458
2040
2693
1573
1165
3936
3308
1474
3040
2612
1390
3483
1800
2883
2628
264
1611
2056
1803
1232
3177
3060
600
3232
3610
2341
3432
2757
655
3375
3796
2910
1120
756
2746
3480
31
3344
3512
115
1490
2453
3171
1095
2138
1559
2072
565
501
1730
4120
2141
3503
1312
3310
1612
194
3498
3156
3298
1376
3894
3416
2393
3551
3604
1162
2126
3021
3546
1217
1160
2349
2551
4035
3460
3069
1636
3167
217
3166
1401
3380
1851
1313
3147
1961
3011
2388
1627
2119
3470
3383
3392
1462
2421
3926
3381
3066
1216
3887
2493
1779
3670
208
1562
2353
1139
2559
2363
1715
4053
2590
2261
1333
2146
2557
2083
1303
3923
3548
2407
2098
2960
2215
2202
1176
1344
1684
916
1855
2055
1994
3093
2955
3099
1557
2734
2037
1387
632
3242
1908
1993
2556
2963
2801
1683
3045
722
1249
1535
1166
1365
438
2923
3687
1382
2541
3297
1838
3196
2246
3235
2149
2488
3110
3806
808
2886
2252
3215
2230
3534
2928
2987
1468
1414
2562
1420
1523
2099
1618
742
265
2075
2784
2492
1782
1006
1317
3424
2304
22
1144
300
328
1433
1772
896
1849
1318
3567
3379
3635
1565
2130
1574
106
3897
1934
3067
2682
876
946
1570
2992
6
2501
1783
2305
198
2257
329
1607
2804
2017
107
1850
288
1393
2376
1646
3524
3276
3251
975
1520
2974
633
2284
2166
2984
758
3620
1692
3378
3386
1821
77
368
1302
1349
2792
2581
3570
3341
1725
3335
1600
1440
3871
651
2873
2008
1835
3555
312
2391
2283
893
2775
2082
1325
3336
976
1145
350
2882
63
2921
3981
1494
2515
1775
1917
2462
3225
1245
2543
2851
3372
2959
2950
3153
3338
2499
2250
2350
3777
2402
3271
1380
64
1918
3731
2730
2570
987
1965
1951
996
3007
3733
3237
2474
1998
3206
529
1787
434
3187
1224
1879
119
2155
2103
2951
1773
2063
2588
1558
3134
1777
677
1478
2763
1606
2205
2721
1549
2300
530
2311
2
388
1919
1137
2225
3135
149
1113
433
244
431
2162
1223
2977
1371
2627
2016
3391
2813
2282
65
1295
1264
1163
2621
1763
1169
1353
1932
1090
2993
1242
1233
2762
2144
2222
1495
1902
1878
2163
1114
2643
3073
2772
2042
3468
1507
1511
371
2668
68
2596
912
2831
3349
919
2583
1418
1000
1185
960
2102
1415
1898
2249
2569
3495
416
2555
2472
1790
401
3488
2971
1094
1560
559
2401
904
2224
2644
2028
615
679
2489
2871
3120
3220
3575
2047
3612
2014
3477
2843
1148
2782
1028
524
2325
1742
2188
2809
3118
3438
1680
1604
2761
2994
1146
1974
937
2340
1739
2615
1929
362
3228
1530
3252
2104
1106
2839
2109
1044
592
3086
2208
1892
1132
3444
584
1776
1912
684
3309
1706
1396
1008
1019
2068
828
2240
3361
3741
507
1052
1587
3031
3820
740
556
2547
159
553
2169
1666
21
2206
480
3138
2084
3072
945
699
1913
2706
1135
2674
2641
1577
2070
3316
2140
532
1822
1327
1750
510
1515
952
2622
1920
2861
555
1093
685
1458
3407
989
2433
661
2887
234
901
1039
2135
2229
1890
571
533
575
1547
1499
200
1525
1173
1084
2271
3058
3204
3146
2824
683
3152
2460
2728
2678
2242
717
2312
3326
411
2390
3030
2227
1749
1140
1477
2320
1042
441
1585
3671
1454
3055
604
1045
675
2416
894
1973
1548
2143
1011
1348
2281
1901
1977
1943
2034
2148
1085
653
1724
2592
835
281
1331
2367
1983
1644
1254
1427
2057
568
838
1659
1733
700
2844
1057
1244
1909
1073
1629
1227
2904
2336
811
2244
1100
3659
2182
1212
3397
2086
1154
2243
3373
844
1294
2768
757
396
1622
2394
1284
1605
1023
2197
1183
735
2580
2744
833
788
1115
1395
1229
2043
3189
1966
1136
59
1701
360
2704
520
336
397
548
1826
854
2007
1364
2481
9
2409
377
277
1923
1361
1408
1394
3233
607
2172
666
770
1873
424
798
595
2663
1538
1686
1805
1130
1845
230
488
2324
2464
777
202
2715
2234
1899
2331
464
3435
476
766
1267
951
1402
728
1771
752
378
447
2404
239
2196
376
3253
601
1784
550
1556
805
1896
2245
537
1345
339
1928
2470
148
1767
1236
1238
72
1637
2733
2386
2675
678
1903
481
1670
988
485
3035
164
3085
990
1015
829
3412
2059
43
885
1889
258
629
1707
2139
2912
1099
586
2671
2990
1334
1119
1786
2060
1156
3248
1679
2260
225
260
393
1177
171
573
2415
2330
544
2177
693
1658
2018
610
32
2788
680
1077
1261
2753
409
973
2483
1205
3448
739
136
1674
495
1624
750
2248
1306
345
630
1616
991
2153
418
2522
175
1480
940
892
1172
322
214
557
2354
2231
475
1097
1944
1070
2957
695
2517
315
2020
3450
972
3078
278
931
1411
2656
886
897
2024
719
1807
2617
795
2585
1355
2798
1384
1182
939
2022
2303
935
1841
1555
1949
181
3164
1846
1357
1608
2302
219
918
1234
1337
1561
2247
2651
1586
1446
2511
861
2179
2131
956
984
1281
130
1041
1171
2504
3111
1421
779
54
572
3278
1699
1247
1122
2827
2050
1501
180
1661
2308
1886
81
697
930
2067
1481
1482
2052
874
1836
2181
162
2939
701
2779
1818
668
1341
1576
1367
836
521
1958
2168
2475
538
1310
1021
3209
580
799
855
1817
2443
1214
3360
102
126
806
593
2550
1009
2076
2683
1844
1048
1320
543
2528
1677
2383
932
1250
1068
2725
676
383
3051
2633
1935
204
276
257
1207
2253
1211
177
190
1746
1134
459
1971
1389
669
928
1256
1712
1111
3723
958
3264
2180
184
566
3591
2178
733
1719
1050
2133
1342
1704
1034
608
656
515
1273
1601
563
3129
1972
1930
414
522
1186
3491
469
453
1907
914
243
767
864
1764
1263
479
1147
950
623
1346
1391
432
2322
1858
2170
19
1255
2595
2297
1189
158
1598
966
1374
1881
1924
3125
1067
1780
648
910
2077
311
865
2876
1502
534
2941
96
284
590
1467
1075
1599
781
804
2361
478
2538
955
839
1941
1572
898
1184
2414
1615
460
2760
3003
674
358
1404
301
1305
1087
1109
1457
492
500
1022
1159
2288
3139
1088
2071
1545
2360
1270
547
1426
1175
1260
2066
596
1563
1825
618
1796
1195
2267
1785
428
1164
3119
1487
3095
710
1497
1206
1222
2241
789
1626
498
1799
5
1550
1798
2436
1290
993
334
791
1789
1564
1985
849
3525
948
359
493
2368
650
2116
1013
1439
953
1435
654
1352
949
1370
1568
210
506
392
1755
1155
1638
1259
690
92
1209
304
1181
784
1237
2087
1362
1220
2905
3765
436
1291
1876
2835
837
135
189
649
622
664
192
206
297
1141
583
2398
152
308
342
1105
640
408
944
1469
1687
1276
748
2255
564
1459
2554
23
1856
2620
1582
545
1911
1332
707
1546
435
2048
1857
3348
80
3130
582
2091
2069
1434
452
1078
2137
889
1064
824
1613
470
1709
1765
727
2937
2025
1968
1336
3347
2523
1953
2187
1506
1882
705
100
1293
2046
2707
10
1307
992
2147
2262
1969
2533
3172
2466
11
1062
472
823
2326
1322
391
1107
1461
1104
841
314
30
1593
3157
273
1049
262
246
1650
2100
1359
2916
3508
1442
1065
2703
751
954
846
609
1055
1551
2696
895
430
2156
1358
2033
3211
2209
351
3061
715
2387
637
1316
2200
2689
943
394
1475
249
2524
3180
1424
439
1534
2845
682
1695
406
2469
1035
2600
1053
2219
1089
316
1639
2919
2742
271
93
2423
1076
2264
2117
2516
847
3907
997
1381
3879
819
1910
2914
2597
1824
395
1213
1673
3071
1905
1036
1484
2503
318
1702
826
490
1108
144
1403
1038
2448
1830
338
2429
1647
2926
2124
511
24
2447
1493
2400
25
3193
2854
3092
2385
1619
1653
863
323
2058
332
558
762
514
1167
85
2830
911
1710
1138
1590
978
1178
179
942
639
2442
745
1423
1483
1110
3611
772
2479
384
1667
2145
1453
2272
1762
182
1460
1589
413
3142
2535
2417
3210
178
2630
3343
1802
801
2691
771
729
706
2158
923
176
1488
3467
1129
603
631
324
1757
718
782
591
994
906
1066
1694
1872
1528
1957
2151
1031
815
2120
134
2036
1417
1681
802
1865
170
153
319
270
1531
1369
1366
971
2115
1584
298
88
123
941
1588
704
49
2319
1491
1669
1168
3321
834
211
1897
2817
2381
1662
2193
1685
755
1513
50
1642
1282
867
1219
3234
1516
743
13
3357
2031
2899
2125
2609
42
1466
884
287
212
1103
574
99
899
1509
326
1279
2738
1040
2085
2603
1026
872
660
1648
1203
1278
1127
561
1149
1388
161
712
3221
138
1938
3202
1875
1552
744
1128
2122
2714
1553
3280
268
487
325
446
1271
95
929
1190
1543
2826
2420
1340
1383
2015
658
963
731
1774
1769
747
353
1581
474
1430
76
1760
546
2901
2334
1862
962
128
1096
730
1726
127
1328
726
1002
1456
2740
797
1025
1413
1198
1005
1860
1194
702
765
28
1738
1592
2697
1814
2011
2213
1252
1133
1001
1729
140
759
760
1121
1299
1455
505
2655
840
995
2536
2661
1372
1625
1157
29
426
662
1425
2572
299
721
2258
1262
2975
1004
800
133
714
45
379
638
218
1193
1192
703
645
1649
320
1158
1437
2184
1999
2221
2343
775
343
1554
242
1975
851
1848
442
1017
850
905
3017
1621
3023
2690
2344
1354
2357
981
917
3625
2759
1566
1266
832
983
122
589
873
17
2074
1931
16
407
1768
2114
2634
259
986
73
830
2023
1298
2735
1061
1150
2408
1069
1197
1904
1412
879
240
1486
614
444
266
1894
1617
2190
269
652
1051
1544
335
2279
1272
497
1660
1496
2009
188
1231
56
1864
1098
1874
437
186
1257
305
1187
915
1853
1200
3543
410
3185
1143
275
347
496
245
309
289
163
1741
1926
1539
307
145
468
227
286
327
125
2276
2639
634
1540
933
925
3054
185
1241
859
581
2913
1955
2175
1010
1609
822
110
1641
1517
1500
224
241
812
2406
361
293
26
1079
357
422
626
776
113
977
1995
1347
624
842
403
1465
1688
1863
1914
2495
1933
2498
1936
3586
3013
3236
2509
3012
809
1575
598
267
516
233
477
46
1301
386
902
69
280
754
868
197
169
402
2064
1363
457
1030
237
1275
870
252
778
238
1470
1711
813
141
1285
235
903
594
793
517
8
120
2915
454
420
146
774
429
1
398
1338
1976
504
1731
215
156
503
35
0
672
201
560
1018
261
1518
12
1823
366
48
57
147
294
620
539
875
39
1610
1091
250
753
1003
627
363
51
220
440
70
465
856
1218
1665
659
980
221
1289
354
528
417
862
467
330
667
519
1080
121
111
1131
569
535
160
373
489
845
143
41
900
494
687
355
404
290
15
247
279
213
381
450
331
254
1102
1152
1505
1024
205
585
306
292
763
1170
117
168
938
38
635
883
527
741
27
734
491
67
1059
525
613
283
445
166
344
681
643
255
1007
272
549
473
425
509
749
1117
1037
274
40
641
761
7
526
1063
508
97
518
352
89
79
229
579
174
71
390
165
52
790
142
251
18
195
486
340
291
399
139
256
541
587
78
232
880
502
20
576
55
551
228
3
599
193
554
1086
567
183
449
216
412
869
451
689
14
108
321
116
692
131
36
60
1239
448
792
1428
773
191
456
1792
310
696
157
155
387
104
187
248
150
970
926
94
132
419
129
375
105
203
98
372
348
33
253
53
346
151
61
44
91
236
415
172
66
124
62
