1.00000000
0.81368547
0.71620648
0.65306122
0.59087635
0.53037215
0.47515006
0.42376951
0.36518607
0.29795918
0.24345738
0.17527011
0.12412965
0.08307323
0.02569028
0.02016807
0.01464586
0.01056423
0.01056423
0.01056423
0.00168067
0.00168067
0.00168067
0.00096038
0.00096038
0.00096038
0.00072029
0.00072029
0.00048019
0.00048019
0.00024010
0.00024010
0.00024010
0.00024010
0.00024010
0.00024010
0.00024010
0.00024010
0.00024010
0.00024010
0.00024010
0.00024010
0.00024010
0.00024010
0.00024010
0.00024010
0.00024010
0.00024010
0.00024010
0.00024010
0.00024010
0.00024010
0.00024010
0.00024010
0.00024010
0.00024010
0.00024010
0.00024010
0.00024010
0.00024010
0.00024010
0.00024010
0.00024010
0.00024010
0.00024010
0.00024010
0.00024010
0.00024010
0.00024010
0.00024010
0.00024010
0.00024010
0.00024010
0.00024010
0.00024010
0.00024010
0.00024010
0.00024010
0.00024010
0.00024010
0.00024010
0.00024010
0.00024010
0.00024010
0.00024010
0.00024010
0.00024010
0.00024010
0.00024010
0.00024010
0.00024010
0.00024010
0.00024010
0.00024010
0.00024010
0.00024010
0.00024010
0.00024010
0.00024010
0.00024010
0.00024010
0.00024010
0.00000000
