2471
1081
1377
3575
3490
584
1343
400
2615
1418
1185
1058
1604
1493
2871
1205
955
2424
1000
3400
602
3495
239
3055
2404
1360
19
2951
2256
2047
1207
100
2191
966
937
1558
1502
1526
3901
2538
2179
3820
571
1902
575
1996
562
1242
3230
3963
1881
2763
780
2782
2010
2555
2597
1985
2652
2905
21
3361
971
1028
1290
3352
1011
1147
463
1749
2450
1132
2861
956
1055
3665
1353
1254
1148
2030
1396
1879
3741
2433
1341
1890
1870
276
414
2081
3353
3095
3634
1913
2307
1212
2698
1668
2831
3282
1723
3086
68
1930
1972
1773
1878
50
1264
262
441
2971
1195
3289
1580
2496
1415
3005
2102
1712
677
483
556
1751
359
2993
3659
1181
459
1022
1639
2155
2814
1585
1847
2476
1469
3491
593
3226
2087
928
2621
1532
3744
3624
2299
3367
159
1856
2571
802
931
3309
942
277
2884
1742
2919
3075
3118
3723
2642
311
2086
2696
2914
3982
2728
249
2400
2412
513
1970
2336
2046
2767
1483
2832
1940
2983
1596
484
2697
2817
685
2603
2689
3248
3513
2226
1666
2103
1706
1495
3611
1587
2527
411
1379
3438
958
1184
3146
1056
1429
1031
2423
3427
2569
2592
1327
2301
257
1993
715
3349
2325
271
1506
2390
204
3994
2588
2308
3281
668
1978
511
2169
339
4
1186
1332
2482
5
2123
803
2026
2818
1606
1844
1700
3269
1771
234
2383
1977
1053
1941
1982
3125
2370
2779
1346
2063
2815
540
2535
1473
960
3608
1255
3868
2721
3252
3954
1326
1416
2876
1690
1472
1515
1295
1710
2157
3817
1273
182
3377
1525
1560
939
3917
2454
1123
3740
3204
1709
1038
2448
395
1572
2583
2016
2558
2303
1788
3056
1553
1798
2145
1761
871
3163
2092
1764
1777
3373
1652
1045
2616
3162
2511
1047
1740
2224
1135
2889
2596
2188
4065
3800
959
4033
847
1555
2312
784
23
2426
2414
1263
1250
2798
1062
3605
1718
3699
383
1687
92
2164
2667
461
2711
2672
2071
2253
2489
1869
1460
1204
1728
3552
3317
11
3515
2181
3014
3024
2132
2147
1163
2703
1739
3423
1278
1169
358
428
656
3245
2367
1339
1776
2628
1090
371
865
3505
3557
733
1898
3488
1638
3120
759
796
1954
1206
3318
1450
1065
1763
2507
2546
536
2922
1980
1910
901
4026
3074
2813
3391
2205
2302
2104
1191
384
866
1669
1887
3119
2821
1463
2273
3675
413
1630
849
3649
736
1151
1105
2681
745
4089
1829
1885
1300
93
1875
844
592
2758
2210
969
3256
3870
3696
2746
2121
1531
401
3037
25
278
924
2869
1882
699
1550
945
462
2627
173
3241
342
3477
3321
1724
1677
3412
4111
918
3038
2249
189
2568
2346
3697
1357
322
3437
3799
3885
1549
65
2282
1119
2144
2762
1233
2222
2904
1794
1172
282
1199
2833
126
839
828
3247
604
3587
3830
2514
2522
362
1068
2736
1932
3500
2425
1987
3134
2994
3444
3483
2835
583
2469
351
1533
2957
2899
943
3316
1730
2916
600
2604
1397
1356
175
1374
4054
2838
3690
1582
1953
1924
2229
2742
2300
1371
3468
1507
323
2550
1944
345
2442
545
1247
2068
1908
3745
1699
1733
498
1234
90
1446
2382
623
3518
927
4157
3435
2327
686
2497
3347
1243
2901
3121
740
612
985
3632
3003
732
1968
701
2466
1182
781
1545
1404
416
651
2377
3470
2170
2029
397
184
3458
2203
1925
553
674
2911
3737
3725
3767
3978
1719
2483
1260
912
1886
2708
930
2885
2978
2196
3839
3775
894
3314
707
301
1846
243
2633
3808
3898
3693
506
1222
2668
1822
1511
2231
892
1019
1491
3326
4006
1929
4102
2133
1391
2207
3173
3340
1501
2024
731
1173
646
1201
3127
810
2058
4010
1403
119
1210
4019
3852
706
608
3261
676
1337
460
2134
3516
2206
690
630
4051
791
1812
1319
2281
2958
2431
2340
855
3550
1681
96
1892
2320
1462
3618
3694
3433
3288
3772
2465
1691
1601
3533
2519
3168
2309
2595
472
2042
479
447
1608
493
2421
1111
3337
702
1678
3267
102
3655
2441
3612
2854
3193
3284
1979
2117
1825
693
1658
3475
1398
3496
783
3194
817
455
772
2846
3503
1888
3136
3785
846
3459
2000
827
103
615
152
1841
492
771
994
724
1381
480
2472
1192
158
1336
2578
695
963
332
2159
2208
3448
2153
3995
2841
2387
2683
2168
2908
1447
138
1478
4023
2556
2464
748
3780
897
1704
1895
1452
1070
510
1230
1897
80
2131
3584
1808
3792
1876
2573
4121
4013
2219
2020
543
3287
3062
3910
2872
2862
1839
2563
2456
2461
148
2796
2909
3218
3238
1963
3770
1510
2809
3224
4109
717
637
1146
2330
719
1474
2973
1109
609
2241
408
1674
2148
2995
555
49
3031
3639
999
1754
1442
559
3874
1662
1087
500
2015
861
3157
1481
1175
3916
3418
531
3796
1919
2352
1193
1644
1476
3022
1315
2120
586
2049
3525
2271
2961
697
1305
1685
1458
1261
1209
1189
2710
3735
1108
2985
4103
2524
1921
3130
1588
3591
2333
660
1308
246
3071
910
954
382
2625
3561
655
2648
2599
1116
2586
1571
2910
2391
490
3940
725
1202
4098
4034
3672
661
2288
1920
799
2052
2268
1537
2180
2326
1497
338
1421
2547
112
1293
1316
1139
1217
3683
2896
4020
2113
1020
1504
1094
1703
2178
2839
9
3895
1093
2358
3508
914
992
2887
3304
3983
874
1912
154
639
940
2272
3189
200
81
2939
906
1682
2866
1523
1648
3514
2084
3072
1583
2415
868
991
948
194
3685
2270
3360
162
2059
2124
521
2938
4133
3979
1820
2606
3420
3032
680
3020
909
2008
3060
3350
1216
1836
1211
1294
2177
1480
990
3051
3758
1563
3480
2014
3942
2725
2265
2067
1359
704
1994
2956
4079
3760
192
1482
3970
2345
2799
957
2429
1579
1602
3383
1974
524
3467
3681
2048
3064
2502
2005
2306
705
1077
1824
1477
3100
439
2021
1900
1076
3824
1790
3877
3016
3626
1226
1311
315
3574
2853
3260
1650
1676
2242
161
1577
3239
1958
1196
2199
3363
3835
3229
2286
3966
3259
3674
1050
2319
2028
574
3329
1307
1122
2800
3471
1667
1590
829
650
1589
2617
314
1097
3889
2789
3997
2165
4144
2361
3061
3258
210
898
1694
1530
37
1310
1967
2174
3729
308
1198
2752
3278
3872
3430
3971
3461
3621
3240
392
2513
3217
2694
1220
1282
3044
1750
4008
3718
1737
2706
4130
2626
595
932
3512
718
3045
1042
1370
3738
3494
144
1534
1089
2334
951
2470
1456
2285
789
2478
2062
3819
1287
787
4064
512
2564
2135
1236
878
1765
1637
1214
326
1426
1008
2594
2849
873
3220
2050
3795
3366
3083
2972
1860
4164
2100
284
1971
804
109
4058
3974
1597
710
343
438
1810
2724
3929
3908
3920
3390
1422
3761
3080
2611
1071
3043
815
1663
3413
2418
2486
478
2788
2078
2368
2297
1453
628
2516
642
2122
2070
2022
682
2227
2942
2027
1631
2771
1067
3607
421
101
1304
921
2088
1867
2745
4108
3502
2004
2662
2659
853
2991
1296
2060
1791
1647
2036
834
572
950
1237
1859
2151
669
3233
1141
1928
2355
2009
566
2926
2397
1389
1125
2560
1120
2979
1720
893
2651
1835
590
1009
2138
1039
3905
3855
3578
4128
3414
3306
1643
2844
1385
1464
3710
2656
3677
978
2243
1040
1513
2733
542
2907
1715
1576
54
597
418
1049
3128
3671
1417
2217
2912
872
2388
1813
1017
1227
1499
3264
806
3025
824
2674
3811
1373
2260
219
136
742
2329
3476
785
2126
767
1615
2216
1054
2920
2381
1064
304
1110
2533
2620
618
3485
475
319
3035
1424
982
2679
2443
3858
1802
826
3415
3273
4160
1671
2852
4049
3529
264
2614
3073
3152
495
679
2247
2722
2236
2417
904
944
2475
1457
2436
1178
2517
2528
1459
515
2076
935
260
2246
750
4035
640
1762
30
211
2845
1350
2223
2401
1803
3945
180
1640
3292
2658
3524
1323
2101
1612
3122
1785
2109
2707
2017
1128
1911
1176
10
561
1127
1862
3540
1177
1899
2056
1611
2077
2990
1484
406
3082
1400
3231
3479
385
3831
2676
1815
621
2487
1660
1622
47
3766
721
1256
2099
3865
4030
3636
1818
1529
297
2354
2900
1713
1830
2898
128
1661
864
2826
1025
797
2640
1190
1670
1411
1035
3440
3862
1246
2738
1279
88
1409
1656
2447
4082
3999
3135
1134
2289
1060
3389
1891
2584
3519
532
580
1083
3406
1816
1907
3562
2310
1166
1716
2893
3112
1509
2090
4138
2931
2598
2680
2234
2267
1702
751
3221
1136
1164
1956
1420
1084
684
649
1896
919
409
1168
823
2130
1873
2678
2116
1952
1707
1701
1627
1786
2665
563
1138
207
2859
953
2314
1348
2941
911
1342
2324
3368
1155
564
1334
2011
273
1796
2622
1593
1366
1345
123
2025
1352
1757
2671
1355
3132
176
2264
393
522
1684
3234
1069
965
2146
2812
389
3085
1376
2248
843
2760
2468
2396
1807
1683
2143
2591
1103
2137
2523
2398
2255
1026
1567
3228
214
2554
2873
1104
464
476
45
470
952
779
365
2663
769
1052
3451
2863
3320
3658
653
2720
2549
2033
3526
4062
1937
1528
471
153
530
1905
538
134
1021
1767
1799
782
1384
318
3209
573
2600
1547
631
1872
1276
133
2761
1270
895
2963
2419
2739
1561
287
72
4088
4086
2539
1595
2695
230
805
2804
127
212
726
3339
3195
4071
458
2836
32
171
889
1784
3097
3628
2723
3375
3246
3656
2587
2576
2233
3948
3976
2692
1833
3763
2702
770
1066
899
3117
3593
1395
3714
2395
2096
1778
3538
2039
3137
2136
482
2699
1512
3328
2704
714
2045
4009
2937
2213
1044
1957
2115
2193
727
376
711
758
1613
1159
1388
3907
2630
2777
3991
1435
1598
1402
1695
3604
1156
949
1616
1845
333
2561
3107
3277
3116
1029
3833
3573
1280
3579
1240
2999
3986
4061
1753
3410
4025
4161
3598
3702
2729
1329
1626
1805
2139
1817
163
208
1538
841
2459
3541
266
1607
388
2093
3804
3232
885
218
1584
591
74
122
589
850
378
3407
3794
1755
1535
603
1291
2150
3103
356
886
2536
95
3138
485
664
507
2427
629
1850
1219
1259
1680
452
997
3336
915
1565
795
1999
1118
3126
2035
1362
3838
3255
3244
3944
3371
4119
2171
4045
3924
2142
2548
891
2895
336
744
2775
3212
755
2085
2245
2187
1437
601
2184
2353
1621
2331
2112
269
989
3504
374
2650
1286
3268
3079
3001
1756
2335
1321
99
324
1975
1624
1034
1679
3528
1903
3369
2449
3653
3517
2351
4016
3969
1492
1208
3952
4163
1016
2201
1408
3754
4077
1454
3441
2741
2542
1746
2066
1413
1487
481
1364
206
1129
1041
130
1299
1121
1075
1367
2772
444
85
777
179
514
2827
2964
1721
1229
1603
1800
1015
3124
3899
1959
3106
2002
3208
3354
3860
1672
2437
3849
768
1811
3223
2830
816
1984
1099
867
570
258
1599
1033
851
263
1516
1002
1475
626
1949
1252
739
225
1503
728
26
2460
1551
3506
2575
2580
1023
1324
453
743
2018
2715
596
988
1281
678
1966
1306
1167
3295
1586
833
2585
240
275
327
368
298
295
3712
671
1573
1943
1636
2693
2768
2675
2386
2843
2506
544
468
2284
227
13
56
1726
1271
798
2847
3374
547
1004
432
497
1466
983
379
270
316
1248
164
831
2057
1200
1238
2376
2820
135
2925
169
1032
1496
645
3164
3010
1727
854
2363
42
3900
4037
1915
2494
3962
2686
1950
1488
1686
2504
1180
1568
170
1036
1328
1244
3253
2485
1774
422
1461
2158
4120
832
469
501
83
821
2966
2865
811
548
890
3214
765
1738
28
113
2948
2023
3802
2384
3359
1440
2
4029
2810
1107
610
2110
666
654
2544
1467
3111
1171
929
2276
394
879
941
546
614
1659
2375
830
3720
1826
2643
1130
836
293
2125
1556
420
607
1423
984
2602
1988
1766
2618
3184
578
4095
2089
289
1673
186
2479
3864
3821
2858
2726
1048
181
1769
923
1013
3912
3052
936
3498
3531
1901
2452
2712
801
2918
3911
2641
107
2318
2503
622
307
735
2406
233
2783
1543
335
1394
3059
2140
3188
2385
2481
442
288
976
1605
1889
57
1098
1439
1335
1284
1609
188
145
309
762
177
39
1848
776
2069
1106
496
534
2007
800
1267
450
1361
1079
437
2003
884
3733
1137
1272
2714
3054
3324
1115
2083
424
299
1322
2183
429
2757
1001
1983
537
1078
550
557
259
986
391
1539
59
1231
505
1194
305
1298
875
6
2655
241
812
325
1114
1486
3428
77
190
110
1729
2394
2644
2172
247
73
17
568
852
2366
3040
2298
4046
4047
2731
140
202
1909
558
1942
3614
2608
3648
1743
1072
3176
2531
818
2857
3773
2589
552
465
778
3017
446
454
1566
111
252
1575
425
168
1
238
430
1368
2161
2279
242
672
407
809
1096
2409
2182
1434
519
467
330
1080
667
2371
2294
1369
520
1133
224
1010
147
539
396
1213
440
835
16
1517
995
357
185
120
788
474
2091
747
729
1100
2360
598
766
840
2114
2257
560
838
2451
842
220
294
774
488
331
1741
2064
1617
2043
1619
870
48
1338
267
837
2744
624
1973
361
822
856
398
1158
658
43
981
1347
1581
1005
3008
2786
964
1831
436
2013
381
1275
516
1641
2986
1992
8
2175
1548
503
201
245
1931
2200
1500
12
2283
1149
353
1554
366
712
859
962
1073
1331
2105
1787
925
1760
2975
700
235
2190
2416
793
1183
1427
2215
722
2357
1432
1241
2197
117
862
403
627
1003
279
146
434
3403
2055
2458
857
582
1629
281
1057
1938
417
51
2244
1865
620
0
737
121
237
1203
675
236
1995
594
69
2915
1470
402
754
1823
457
2163
2162
1224
1223
426
3668
581
2074
35
156
1030
1285
70
933
977
1642
489
813
261
1711
1518
1363
1544
373
1430
1540
845
903
197
141
160
659
46
535
280
1095
2792
2609
286
938
250
355
687
213
221
634
290
517
1610
1131
1170
528
902
404
354
386
1091
215
1301
613
283
3595
1633
2751
64
3536
1780
617
3581
647
1783
1946
1947
2488
1969
377
370
329
2432
2037
2097
3783
2828
1725
2305
1375
1393
3191
272
38
15
518
363
1665
635
1059
549
509
1007
900
1349
3092
2969
2967
2960
2877
1014
2855
3101
973
1522
967
1731
350
349
1269
2261
2262
2581
1489
882
115
2562
2582
1646
41
491
741
18
79
27
585
681
344
67
1024
255
205
166
274
525
306
78
763
753
643
1143
569
174
1018
347
734
52
165
486
494
143
1289
229
352
256
579
883
504
473
254
142
89
125
1063
551
216
195
587
228
251
869
449
567
193
1086
541
321
14
55
7
36
1218
139
390
689
451
790
749
412
526
1117
292
1976
445
1152
191
399
980
108
576
60
131
761
183
3
3250
149
2880
2737
1365
2012
2881
3426
1877
1692
3893
3692
2567
2566
2747
2748
2980
3235
3497
2808
2807
2974
4036
2753
2734
3882
3182
3356
3027
3026
1436
2411
3021
2410
2041
2040
2237
3871
1438
2874
2031
387
248
155
773
105
692
696
150
203
375
348
792
104
346
419
132
33
20
291
71
970
40
880
641
456
1102
253
116
53
1239
151
508
477
1505
448
527
1037
554
97
62
1792
3641
1866
1317
1318
2372
1340
1344
1828
2347
1827
3381
3848
3398
3843
1383
1387
3826
1821
775
2342
3926
86
87
4078
4076
961
1965
3989
2341
1939
3298
222
223
3934
2338
2339
3927
2935
4083
2438
2440
998
340
129
66
187
926
91
502
232
44
157
310
599
372
124
1428
172
61
98
415
94
3721
1654
1655
3676
3454
3472
4110
2526
3453
1154
1124
3452
1625
3707
1524
1747
1406
605
606
1407
1145
3088
3089
3161
2646
2647
3751
1144
2095
3726
