1946
2751
857
1432
295
2865
2013
2372
3181
1633
3783
2808
2828
967
2967
1522
3595
882
2339
370
2969
368
2237
3615
1655
3403
1375
2874
208
3536
617
2055
3581
3191
1014
2215
3446
3881
3454
6
87
4036
2960
2877
2566
2647
2777
1947
3817
2485
2847
2855
1535
2815
2037
3608
3934
3917
1191
866
2568
2346
2616
2770
1360
871
737
2438
2026
934
1406
605
3377
3740
4089
1740
3490
1339
2482
3212
3288
3356
961
2257
2454
1565
2935
3423
602
1652
2083
3074
4026
817
455
2667
4065
1747
1416
2819
115
1732
2471
3885
3799
3014
927
3518
3024
3690
2838
2327
686
1532
2027
2942
1631
2771
3868
1980
2922
2958
2121
1490
3697
4111
4033
536
2347
1794
3800
796
3772
2465
1571
3552
2792
1821
2681
2105
3632
732
985
2310
2191
803
2081
3256
3870
2497
400
4
3121
1521
959
2652
3245
1387
2049
288
2708
1047
3916
3418
3317
1343
3026
1436
2432
1450
3767
2956
3760
4079
3250
3261
3852
1230
646
1201
4010
3770
1081
3475
1887
4023
3318
2796
2909
3238
3218
1356
3433
3694
4157
780
3749
4109
2029
3965
4102
1438
2747
1377
3672
1210
4006
1308
2358
1987
1596
484
2424
2978
924
2710
3735
1937
2097
1397
2604
1058
3122
3745
4051
1452
1895
600
3247
1373
3811
1940
3775
821
3406
1816
1083
2563
1839
1812
1319
3281
3127
2256
3794
3022
3353
1315
3639
999
4034
4098
2134
3516
2458
3641
1788
3889
3997
2789
2165
4144
1996
562
3456
3901
810
2053
3810
1689
3533
3512
1268
2164
3064
2502
2752
3269
3839
2872
3287
3910
3062
2862
3978
3065
3240
3350
3621
1835
1116
2648
4013
2573
4121
4007
4117
1253
2431
1349
2000
3337
3785
3954
1713
4086
2695
1595
4088
2539
31
2985
4103
3995
2594
3037
382
2559
1813
2893
2931
2598
4138
2680
1716
3999
1656
4082
1691
3683
2500
3998
2345
1603
957
3970
2799
1888
3400
1698
4131
2746
2910
223
3974
4058
1597
1859
3862
1246
3440
3330
3798
2441
4095
2602
1766
1988
578
3184
1978
3203
3717
2783
2449
1202
3940
725
2908
3463
4054
2925
317
3738
2001
2421
1124
1730
4087
2766
3597
3359
3729
2174
3363
3966
3229
3835
3674
3259
4062
3526
2606
1820
3420
3979
2938
3032
4133
657
758
3643
2426
3665
3476
2329
1761
1462
3990
3837
1847
2557
3226
1956
2132
3963
3230
3813
3292
2658
1869
2599
2268
3275
3844
2866
2194
2953
2101
1323
1827
1474
3367
1751
374
2335
3079
1756
3268
3504
2650
3001
1286
2476
3282
2388
1921
2605
1101
4017
226
3056
3618
2698
785
3005
3060
2092
4114
4066
3383
1526
3173
787
3819
512
2478
4064
1287
2062
2564
3033
3499
405
2259
3503
3224
4030
3636
3865
4139
1277
3900
3962
4037
1915
1950
2686
2494
3025
1718
2450
3480
3822
3637
4164
3795
3366
3083
2972
3540
3877
1226
3626
3016
4115
2884
3466
2127
3699
764
3709
3452
2094
3519
1891
2289
3389
1060
1737
4008
2900
1970
2964
4120
1562
2021
1476
2313
3483
1837
2410
2896
2314
4130
2859
207
4020
1504
1020
3485
2418
1139
1537
2920
2672
2846
3521
3048
746
531
2444
82
3855
3905
3010
1982
1692
2764
848
1508
1715
3470
2880
2679
982
2359
3307
2323
3574
2853
3260
1311
3239
3994
3587
2126
2459
3541
2110
3369
1204
2694
2198
1283
1952
3906
3529
2544
2852
4049
3415
4160
1682
2546
1379
3908
3761
3080
1810
1422
2724
3390
3929
3920
2611
302
807
3332
3487
1752
3823
3201
887
2061
1627
2496
2983
2461
2286
3471
3430
3461
3872
3971
1142
1721
2850
2961
385
3082
3231
1400
3479
2676
3831
3161
2439
3557
2396
2468
2307
1967
2010
673
2712
3531
3911
2452
2918
2726
3052
3864
2858
936
3912
1385
3821
1981
2898
47
3766
2589
3176
818
1942
2608
4046
2366
4047
3614
2298
552
2731
3773
1072
1296
101
853
921
2004
4108
421
2991
1304
3502
2659
2662
3607
1867
2088
2745
1723
3703
1180
2002
1811
3605
3578
3677
1464
3306
3414
4128
2966
1643
3710
2437
1959
2384
3899
3106
3124
768
3208
3849
3354
2030
463
356
4015
3096
4029
3982
3758
2486
2375
3967
4162
3075
3653
1386
3640
3458
3624
3983
2337
2305
1607
3020
2299
4071
3948
2702
3976
2587
3339
2723
2233
3097
2692
2576
458
2948
2836
3195
3656
3246
3628
303
2506
3655
1329
1292
3374
2463
3564
3663
3057
3296
2787
1657
1410
3913
4073
337
313
907
1533
1440
3291
1529
523
3515
3763
1954
964
499
1468
2560
2571
3145
2246
3744
3088
2860
3698
3942
2629
2837
2892
698
3104
2044
4050
3155
3873
3301
3523
4011
3478
3972
2879
3711
2785
2820
1797
3949
3507
3091
965
3131
1449
3165
2631
2610
565
2072
1409
3183
814
2793
2118
4039
1235
58
3474
3351
513
1498
1217
2332
2382
3759
3858
3904
2291
3011
2806
2270
2351
2542
3969
3517
2201
4016
2741
3441
3952
4163
1492
1870
3782
708
3754
1326
2577
3684
3781
1854
2688
709
3068
1032
3043
2767
2261
2814
3505
3957
3987
2952
3049
2265
3802
1979
2736
2653
3015
2412
3352
1176
2123
2885
3437
3752
1095
1994
1990
1580
3796
1524
1993
2352
3137
2699
3328
2136
2096
2039
3538
2395
1778
3223
3427
2430
3780
2507
2562
1199
655
2591
2711
90
3044
3728
3634
2226
2119
1668
2301
3924
3126
3371
4119
2548
3244
2171
4045
3838
2142
3255
2035
3944
1690
1429
2642
3069
2582
2932
3695
1883
3845
2632
1479
1714
3922
2154
1444
3163
1433
3930
3667
3116
4161
1029
2561
1280
3107
1240
3720
3277
3702
2999
3410
2729
4025
3573
3986
1753
3579
3833
3598
2520
2758
3289
3601
3828
3840
4123
1074
4067
3144
3644
3627
1378
4143
3263
2790
1519
1832
3951
4154
3993
482
3136
628
1288
2130
920
2363
1221
2878
380
2467
3961
1852
3270
3254
2217
3602
2128
2575
1033
1463
483
3036
2199
2216
2626
2821
1503
1728
786
1734
83
2218
2112
3162
3381
3661
1697
3409
2167
3151
3730
3312
1151
22
282
3038
2756
2979
1720
1743
2371
2294
831
612
1693
3459
3109
3090
716
1717
3214
1908
3546
3273
1640
3396
3143
2006
1880
1174
3860
3128
1225
3188
2818
3473
4097
3600
3313
4038
4005
1861
2204
2192
3689
1536
3197
466
4151
3365
4001
2754
3395
3123
4069
2669
3941
74
2832
3434
2612
3302
2306
4053
3042
3322
1651
3300
947
167
2545
2527
4061
3110
2628
4063
4107
231
1770
1840
2930
2781
1161
3588
3041
3425
3545
3150
2228
720
3346
908
1675
3148
2005
4035
3931
3928
1569
3732
2645
3883
1123
597
3824
1833
2508
4090
3818
540
1056
2157
1443
1388
2988
3094
722
3668
2446
4122
3174
1736
1745
2032
4024
3179
3489
2455
2280
2794
3262
4057
3568
3286
3797
1801
1759
3290
4044
3429
2490
979
2936
3457
1618
4075
2743
3984
3293
3084
2701
2316
3599
2108
1696
3892
2239
3859
2618
2795
976
3432
2093
3804
3701
2773
2553
3713
1871
3285
3829
2349
3712
808
3513
3991
1120
3678
3590
2897
588
3566
1989
2867
3594
3604
1208
3217
3584
3812
2800
3194
974
3232
34
1043
3955
3654
1843
2677
3747
2328
3675
3691
4142
4116
2428
2333
461
2534
2356
825
4027
1806
2649
2906
3750
3340
3113
3154
3771
118
922
3649
1527
2434
4092
888
3439
3112
2586
2578
1162
3494
4022
3310
2849
2529
3592
1578
1991
1925
2203
2370
1473
1758
1900
3806
2210
969
913
4159
3392
2287
736
1700
2397
2019
3992
1224
3168
2519
2833
2579
1727
3606
3303
2138
2873
2113
2584
2973
2456
529
426
2273
3334
3496
1684
645
2551
1672
2869
3803
4101
4056
2285
1321
3884
3053
816
3241
173
3329
3733
2040
2625
3776
3063
3258
2514
3394
3977
2868
2989
1573
1787
1583
1772
1683
2451
2225
838
3428
1313
1803
1232
756
530
194
1368
2161
1574
788
328
1671
1963
3077
4112
2141
2718
2944
3198
2636
4104
3657
1678
3267
1317
2099
3792
2601
1512
462
1071
3696
3442
2784
1006
2804
1754
3555
2518
2812
2309
1420
2558
2614
3378
1472
1663
2737
3087
3342
263
2207
2380
1630
3514
3556
1324
3103
2277
2186
3861
2152
2107
4070
4125
577
3660
3046
2552
2613
2189
694
3959
2700
3544
1893
264
909
3681
1126
3937
3265
3156
3422
4048
1781
3272
3009
2954
3257
1405
2841
4019
3500
2425
2982
2537
3936
3449
2274
3896
2254
2232
3199
3866
3863
3585
3205
3484
3613
3680
3266
2902
1082
3688
3790
3311
1962
1927
2769
2949
3727
2797
2816
2235
3308
1414
1318
642
3682
3960
3436
878
1868
4100
4134
3645
3249
1303
2665
3405
3549
200
1559
783
3040
3669
3857
3583
2670
794
3769
3939
1445
3933
3919
3789
3177
1216
3045
1196
2176
1705
3401
3345
2413
3620
1602
3416
2223
2883
2549
3413
1795
1300
1829
1885
3714
3926
3548
2911
3737
3725
3718
3314
1703
1325
1392
3034
3117
3271
2377
1125
3284
4009
2933
2195
945
2162
1137
742
1118
3167
1223
828
1815
1243
3895
3830
3375
3327
3832
4002
1708
3511
3753
3629
2934
4135
1922
3216
2238
1791
3493
2045
852
2857
2531
3648
1112
2525
3808
3693
3898
1302
1027
3562
37
1793
438
2643
112
1249
2355
2146
154
1510
827
3550
2968
1398
2419
2739
2963
1144
1390
2173
636
3716
2565
1330
1628
2891
3915
3642
1664
389
1344
2056
1611
1632
1165
3135
3593
2640
3171
3170
3421
2185
2263
2493
1612
1591
3368
388
2474
843
1451
1312
3894
3101
3147
2212
1265
4052
109
3679
1984
3946
1594
3685
106
4091
3393
2623
2673
3021
3846
876
2903
2488
2003
333
2487
2211
896
2389
4014
1471
3757
3386
1849
107
2017
651
2376
3115
149
1850
2453
3887
2202
2666
434
1541
423
3319
3320
2720
2863
3658
769
3451
3139
2317
3570
3304
3786
4093
1965
3000
3793
4129
2296
4059
2129
2284
665
3384
946
3067
3704
3851
2318
2116
431
1114
2283
1376
3460
3379
2160
3376
2947
1819
1542
329
3465
1092
350
1393
2775
2635
3411
3553
63
3251
975
1520
4074
2984
2955
4077
4094
1248
3670
3726
2607
433
1113
2805
2822
2492
1782
1365
1447
2311
2
2353
2159
1783
2977
893
300
1918
1725
1016
3736
4081
1351
2823
2422
2716
2405
2834
1620
4156
3558
3305
1600
4149
3779
2220
3274
1831
1800
2943
3081
4072
2290
3469
443
3323
4137
2581
1919
3073
2321
312
1350
64
2682
647
625
3166
1401
1851
217
3380
1884
738
1166
2825
1228
1399
3333
3577
4099
4126
2409
3988
3664
2705
3880
77
2365
1916
3743
2774
3980
2940
2149
2998
3006
3527
3482
3561
1075
2082
3610
1842
3902
1997
3455
1599
1160
3567
997
377
2163
2374
1567
1579
1335
2722
2541
3099
1557
1084
471
3294
2780
3532
1722
3341
2693
2089
621
2090
169
2772
2393
713
2996
3705
3140
3890
3100
2070
2229
2755
3344
1159
3336
752
360
3551
2923
1514
1039
1244
2992
1085
378
2709
1779
3724
2266
3325
3853
1906
2521
3801
3047
2399
3237
3196
973
2974
265
2590
542
633
1380
3235
3945
2078
3472
3450
2059
972
1054
1154
3149
1333
1961
2734
2075
3826
2334
1145
3050
3909
3187
2477
3215
2252
2987
3534
2928
2230
2801
3093
2392
3938
3762
2491
3408
2657
3756
3388
2890
3748
3791
3186
2619
2251
2403
2842
2644
3445
2768
2740
4032
3211
3498
3295
2427
3180
3524
3058
3206
3298
3923
1485
891
437
2895
2391
1998
364
2946
3070
3283
2886
3105
3647
2637
1046
3921
3947
1215
4148
2929
3227
3968
3708
4118
3447
584
1943
2641
2150
365
890
3066
1251
711
138
268
1382
916
1926
1855
244
1646
2975
1934
3897
3528
3506
2183
2292
2533
2513
3133
1838
3242
3007
3276
2341
1635
1544
4000
2532
1866
2889
670
1254
2364
3687
570
2008
2556
3078
2057
2917
2236
3547
2810
1523
3202
3132
671
2156
1543
989
1969
3635
3280
1570
1636
487
2757
3297
3207
3373
1771
2633
3055
2615
1515
3874
3575
21
501
1525
436
441
1706
2803
1011
1808
2995
1093
2148
1564
3035
1901
3233
905
2882
3815
196
3362
3178
3589
341
4031
860
1809
3784
3299
3719
2921
3039
723
2188
556
668
1348
571
3252
2907
1676
3248
2196
103
1028
3659
2728
2433
1749
2086
2678
555
724
2753
3182
3361
2592
2166
4150
987
2051
1441
2080
3925
1902
791
575
937
3907
3157
930
1604
1418
1109
2047
1857
2782
1780
411
1185
3085
844
9
2871
3435
1666
3495
1227
1977
2169
2390
3189
1822
2243
3092
2322
1858
3765
1261
1173
409
1000
3120
3820
1212
685
1050
3349
397
3741
234
1148
2271
1896
2320
1295
339
2288
1935
383
2312
2798
2994
1242
912
919
257
1681
1878
1396
3438
586
910
1920
3357
952
2281
1341
648
2417
661
1558
3146
3118
1111
3086
3031
865
3234
1898
2224
666
1415
2831
1742
2227
1353
2048
1601
3309
2249
592
717
2951
119
2555
2844
2763
159
1974
2104
1132
683
2034
1110
1260
1546
2241
1264
524
2622
2993
401
2102
553
563
677
719
2489
2221
1892
1327
1077
1763
2336
2904
1381
1890
2887
2209
2583
2621
3326
2325
480
2357
68
1739
1789
2464
2861
1929
1340
868
197
124
3
53
425
309
66
33
61
289
183
444
450
346
60
172
38
39
174
551
375
218
228
57
245
89
113
52
203
150
44
142
1026
372
26
422
236
321
91
266
1413
533
532
1502
2368
500
1437
362
1017
1427
2522
1773
56
180
2050
3134
1499
1853
3204
3723
789
2077
885
2354
1257
278
345
1345
3316
1088
2042
322
1442
1394
1790
3051
376
1495
2139
795
3185
1768
1189
1467
76
2744
2957
2140
679
1073
1911
2596
1944
2172
2414
950
1481
607
416
1478
1383
728
2547
478
2472
695
2827
1889
2340
1067
2569
2843
2014
3488
2595
2554
2135
1863
1750
2066
1211
2824
171
1845
886
2260
939
740
2617
3448
2181
1548
1310
1903
3220
1560
3152
3228
2109
1587
1143
2588
1641
2244
1015
3278
1976
2063
1923
3612
2809
653
1719
557
1577
960
1825
2177
1958
520
1458
1576
1530
1305
1331
230
281
2706
2971
2074
988
781
1679
2656
2517
538
867
170
125
2674
1817
894
1337
1115
3347
798
550
1358
1421
1042
2240
2208
1247
2264
1799
766
1099
3591
1291
3138
2043
2302
1555
2523
2087
1408
1661
1547
918
2206
874
3444
2481
464
700
829
1975
1068
1391
3397
1680
301
2023
615
3407
1089
582
510
507
1354
2231
1629
1622
2385
684
1164
2839
522
1294
3142
3172
2187
901
1273
1477
1100
1267
1694
1183
1556
1874
2114
3003
1776
1724
3477
846
2600
544
1659
269
2248
1957
1052
2697
2242
1238
3012
1320
1372
1146
1454
1914
727
819
1362
1150
705
2151
1999
1886
2143
3343
3348
1061
1649
1069
1430
1282
757
759
2759
1051
1592
730
801
1860
2826
1912
1171
17
863
24
1653
2420
1516
1818
1355
1411
1619
1008
323
3879
299
2031
850
1621
546
760
2408
851
2690
2258
2015
1566
3023
2344
16
1491
2343
2536
1685
2429
3017
320
564
1814
3221
1894
1266
334
680
1593
1480
699
1913
1856
184
566
690
2941
955
1626
277
731
623
2926
784
993
675
1687
2415
1147
2830
1699
1236
1417
1561
3072
2084
3061
2479
2914
1455
2117
418
2060
2704
1605
3508
80
1284
1972
1930
1404
1757
161
1545
2253
2404
1785
2071
747
126
806
861
1589
2779
2703
1538
1876
2916
1669
2671
396
2124
1805
1301
1122
202
3210
11
2145
1774
2131
593
393
1755
840
521
1361
1695
1707
2303
2262
3030
1938
1005
2394
2076
2511
2990
1846
958
1613
1733
805
347
1181
1135
1764
1119
701
54
2696
948
2331
189
804
492
1205
2423
710
493
1590
178
895
92
351
1644
2267
1250
2068
2715
715
1674
604
2182
1106
1276
2234
1019
2184
2714
1045
1585
1662
650
3671
2200
629
2297
1924
395
849
2018
3264
580
1155
1197
2170
28
1738
765
298
726
348
139
247
1040
105
1192
155
415
773
790
486
191
587
465
879
635
253
352
809
509
98
440
55
251
111
381
899
417
168
714
926
248
94
35
78
420
254
835
1182
1665
2550
833
2416
474
1347
641
2470
143
1741
477
1487
898
1973
1034
2937
3253
729
676
1540
2067
634
1097
447
1731
1049
2193
1470
1581
1203
2011
353
2025
2360
2475
162
40
3525
3412
2580
472
1807
963
46
906
2691
941
1531
1213
439
1865
2115
1551
2609
2760
2447
435
712
2367
2572
2213
2630
2219
2007
1534
925
93
32
181
1677
1824
2381
430
1048
276
1262
703
297
892
2069
1910
2033
1873
990
2308
889
1909
2168
271
1660
1055
1156
1881
2707
595
537
2483
674
182
1334
359
962
1841
1642
942
583
3611
2383
69
568
338
2905
839
1105
1729
2663
1022
1882
1968
1802
864
2120
558
204
459
1446
25
2245
3491
1065
460
318
280
3071
504
956
185
249
1983
1786
1149
5
1586
1402
932
148
424
751
837
1395
1062
902
1897
343
2091
2058
847
432
977
1953
1931
545
659
943
214
1307
1177
130
1041
1130
601
3209
1966
177
743
13
981
1316
1184
1231
779
2319
59
1021
638
1187
325
2125
1836
2901
1615
1102
485
414
933
2442
1259
2854
3193
1796
505
1493
511
744
1128
1985
931
1483
854
1107
2052
1127
561
1928
928
702
2272
3129
1872
286
1552
1650
1625
1157
1864
721
498
3467
1168
2180
1588
1553
408
1369
134
1830
2361
1035
128
1469
2939
239
2466
872
777
43
971
1704
1363
1198
1158
2689
797
2603
1272
802
618
1710
1193
1346
19
1798
446
637
2398
102
1482
158
413
2516
1709
3125
1281
1275
2503
1686
406
1322
1582
50
966
267
2538
2179
1234
311
1572
1506
1457
71
745
1425
911
1078
1209
1096
658
1108
954
609
884
1129
994
2020
2147
2742
1456
1862
206
1475
656
1207
2324
1256
1364
332
453
859
2817
2009
2046
1299
1121
543
410
1528
449
36
419
160
132
387
489
330
667
519
467
1080
20
451
344
67
579
195
1007
589
97
516
549
692
255
324
229
310
862
15
845
104
151
643
373
938
696
14
539
0
1252
1037
1332
51
1152
697
306
10
190
1117
1241
735
1439
1609
454
1461
3164
991
567
770
2406
241
1025
1760
1784
2655
2255
813
2683
733
940
640
407
1023
2326
1290
1134
476
1038
2448
1218
457
1036
3130
1186
179
1423
2788
748
1484
1133
394
1617
3095
133
799
1434
2178
2876
897
2400
1844
515
1342
1175
548
3360
800
391
1357
1673
1222
923
2443
983
1639
2036
2528
386
1031
2912
129
1563
496
870
215
1138
518
1424
131
873
2387
2330
1670
1066
1403
547
2535
836
992
534
262
205
2597
664
984
1178
585
1767
1229
2919
2137
72
1013
100
1648
1610
627
144
1765
1667
250
1453
176
1426
342
1359
392
1899
384
1762
811
1194
2725
49
830
1024
3321
1190
1875
1285
319
1505
1195
590
815
429
2899
135
304
428
1624
754
1270
1496
1550
1608
1907
1746
1172
290
2190
404
85
1389
1568
314
136
1905
224
823
1513
704
1293
1460
243
242
475
153
1053
2133
624
201
855
1030
246
1497
2100
122
358
1995
1001
152
315
402
1637
99
678
1206
336
970
442
755
986
2835
2524
261
1352
42
1
259
1306
832
608
3119
1941
639
23
914
293
900
212
2436
573
479
506
514
1076
495
469
929
978
470
2085
1367
235
2469
1647
1271
767
1167
749
232
2733
1384
2175
211
596
1488
1459
1279
2738
2620
824
1063
687
1064
163
260
660
1278
96
591
949
944
1701
1374
782
774
192
574
238
935
210
140
73
880
826
1638
2158
221
682
1509
1539
108
1598
1712
1435
1848
273
649
12
1702
669
572
1010
468
771
739
793
1466
1237
2122
116
284
1289
576
1949
95
220
1823
1004
875
305
841
45
2064
2845
237
707
1131
41
1518
357
527
7
1575
1018
741
772
497
283
883
279
654
834
842
30
706
1328
141
1086
528
361
494
275
1003
626
326
1141
753
581
287
1009
762
822
331
127
778
812
8
316
1336
452
594
693
1658
403
123
165
750
1220
1338
79
490
233
27
219
598
1098
915
398
88
354
980
1554
256
763
1103
1711
1002
1091
1366
491
2276
776
1104
1298
535
335
379
1971
81
554
1792
366
1486
1584
502
603
718
631
274
1726
1214
146
953
145
1079
560
117
689
614
995
1370
473
569
2915
856
327
252
270
156
761
399
120
1517
1059
903
363
307
227
291
456
213
1200
1500
340
48
193
216
18
672
412
1239
517
272
121
294
147
70
292
869
186
240
390
1170
613
620
166
526
188
1428
681
734
448
508
355
187
445
157
599
525
792
541
998
