857
1432
2751
295
2865
1946
2013
2372
3181
1522
2828
882
967
3595
2967
2808
2339
2969
370
1655
368
1633
1375
2237
3783
3536
3403
3191
2055
3454
2215
3446
3881
3615
2566
208
2874
617
6
1014
87
4036
2960
2877
3581
2855
2037
934
2485
1535
2777
1947
2770
737
115
2647
3934
2347
1565
605
2935
2257
2438
1436
2097
2792
1489
3026
1747
2083
1732
1406
2105
2964
2458
1153
3250
2432
1835
1349
2305
2745
1607
2819
1387
1867
853
2662
2659
2004
2991
101
4108
3502
421
921
3607
1304
2088
3749
288
2562
2658
3292
3456
657
2110
1124
1438
3239
2582
2920
2449
2313
3127
1821
1713
2130
1139
4051
2291
3904
1268
3641
223
3356
3442
3661
821
3096
4015
1714
1224
3434
3703
3493
2933
2866
4033
645
1990
1490
3930
3667
1562
106
3351
82
3470
4
758
3503
1292
2332
22
1827
976
4029
2806
2756
2599
2632
1692
1388
328
1317
2546
1433
3846
2363
2421
2978
2375
3837
4115
3990
4120
2261
3281
3381
3471
3728
499
1223
2162
3974
4058
1597
3967
4162
3684
2577
3034
1392
1987
3683
2557
4098
4034
2673
3483
3906
2968
2613
1952
2847
3678
350
3759
2783
31
434
3480
1180
3905
3855
3752
3604
3302
3640
1386
2268
722
2635
2270
1221
2952
3049
1981
2747
807
302
3332
1752
3487
2601
2820
2879
3478
3972
1095
2021
665
2705
612
3695
3994
2185
3546
1819
2128
3602
2903
3987
3957
4056
3590
1474
3556
4062
3526
2560
2256
3224
1373
3811
2126
3274
1725
2426
1468
2246
3485
3570
1721
1319
1812
3587
2518
3151
3312
3730
2167
3393
4091
3802
3983
303
3060
2119
312
3378
1225
2422
2716
2094
3452
2900
2359
2323
3307
2925
1462
1444
3922
2154
3165
3131
1449
3507
2631
3091
2506
1859
3394
2868
2989
3977
1303
1854
1288
1970
3653
4130
2653
3015
3400
1440
2694
3548
961
3946
3521
3048
746
808
4156
3618
2910
426
2850
810
3655
2001
2834
1620
1691
3757
200
3720
2563
1839
3818
4090
2508
3698
4006
3880
4052
1265
2418
3277
3116
3986
1240
4025
2729
1280
2999
1991
1992
1772
1232
4035
2711
1368
2161
3579
3573
3702
1029
1753
3410
3107
2561
3833
4161
3598
2604
1397
2612
1296
4157
388
2005
2389
4014
1471
2451
2380
1302
1594
999
3639
1965
2474
1116
2648
4017
2605
1101
226
1112
2525
3103
3465
2029
673
438
1326
329
3858
3411
3553
2396
2468
405
2259
3697
2467
3069
1344
655
3717
3203
1508
1174
3044
2985
4103
2198
1283
1787
2984
628
1682
2163
2476
3786
3087
3342
2225
1883
3845
63
3665
893
756
2482
764
1982
1313
3075
2450
2195
1880
3143
3396
2006
1542
2374
1887
3796
3269
3889
2789
3997
4144
2165
3369
2430
3374
74
1978
1652
3701
3713
2553
2773
3862
1246
3440
3282
1723
2977
973
3475
3170
3421
896
1715
1967
4050
2837
2892
698
2044
2629
3104
3173
2211
1532
2898
47
3766
838
1503
1006
3310
1940
4159
1204
2764
848
1476
2349
3010
2356
2534
2649
825
1806
4027
64
972
3450
2643
2444
2591
3901
3384
785
2217
946
1693
2948
3359
333
1201
646
2093
3804
3670
3729
2174
380
2878
3806
1398
4081
3736
149
3949
1797
1700
3948
3339
4071
2692
2723
2702
2587
2576
3976
2092
3744
3628
3097
2233
3195
3246
2836
458
3656
2767
1751
3383
3436
3960
3682
3691
2428
4116
4142
77
1871
3285
2908
4094
3704
3851
4022
2376
3620
1472
1651
3322
3042
3758
3025
3067
529
3982
1379
2880
1329
300
3699
530
3515
3392
1243
3217
2082
1027
2307
4092
888
2434
3439
1527
377
2287
3056
2397
3145
2132
3090
1717
3109
716
3112
1311
2194
2953
3839
2752
3926
1612
2488
2199
1600
4093
2405
3068
709
647
2056
1611
2299
3763
3437
1837
2410
3218
2909
2796
3238
3533
738
3995
2955
2382
3230
3963
945
2625
2061
3823
3201
887
433
1113
3822
3637
3020
3432
2966
1918
3367
3271
3865
3636
4030
1963
1385
3352
974
1829
1300
1885
2571
4074
1520
975
3251
3472
636
2173
2431
997
1393
1800
3273
2666
1737
4008
2607
2496
2598
4138
1716
2893
2680
2931
3643
3578
1643
3414
4128
1464
3710
3677
3306
3162
3045
3232
3605
3336
742
2784
3237
2640
3803
4101
513
2581
3884
1473
3775
2682
3978
2688
1166
1919
3113
3540
1142
1573
4063
4107
2000
3988
3664
3337
3163
3300
2529
2112
282
2610
1526
3868
2289
3519
1891
1060
3389
2226
1574
3561
360
4109
3021
1668
2453
3505
2642
3318
2337
2800
1443
4102
3557
3463
207
2859
3513
4061
2286
3291
1847
3294
2532
356
2734
3696
2388
1047
1020
4020
1504
2896
1324
1937
2265
3340
90
2527
3844
1325
2558
1630
2377
1690
2884
2486
2780
1722
3532
2218
3898
3693
3808
1075
1794
1399
2825
4126
3333
1228
4099
3577
4100
3645
3249
4134
2019
3830
786
1734
4019
2334
3341
2869
2758
3942
523
2818
1728
382
2974
1599
1510
1833
3289
2584
2425
3500
2141
1671
540
3718
2832
4088
1595
4086
2695
2539
1820
3032
3979
4133
2938
2606
3420
3634
2718
3657
4104
3077
4112
2636
2944
3198
3550
2216
2618
1208
1308
3223
982
1159
3073
1754
2551
1580
2679
3555
3379
2814
1084
1895
1452
3992
1908
431
4139
1277
2932
3270
1852
3961
3254
3524
1498
4053
4009
3247
2202
1512
3139
463
531
3829
3745
2575
83
2507
3284
3409
1697
4023
1085
2626
3567
2229
2849
1123
4114
4066
3852
3261
3781
1900
1253
4117
4007
2579
3194
3418
3916
3800
1569
3928
3931
3732
3883
2645
3518
927
436
3038
3870
3256
1365
964
1571
2565
1628
1330
3716
3642
3915
965
1564
1154
2891
3171
1591
3416
1954
2030
3375
2220
3779
4149
3558
3305
4111
828
827
2146
788
482
2210
969
3214
2317
2113
2652
2310
1033
2285
3240
3621
4064
512
2478
787
3819
2564
2062
1287
3101
2768
2409
3368
1056
2223
3136
3649
3711
2045
1356
3350
1081
2441
3161
2439
3043
1684
4010
2514
2833
2812
3167
3122
1058
1533
2724
3920
1422
3908
3390
3080
1810
2611
3761
3929
625
2456
2492
1782
843
3681
1683
462
1583
1071
2911
3737
3725
2370
2099
3624
3147
2157
3100
2983
2134
3516
118
3771
3154
3549
3405
2040
3033
1813
3824
2500
3998
2710
3735
2010
1125
725
1202
3940
3965
3275
1672
3499
2772
2306
1210
1803
1312
1537
1196
1663
1249
2273
1869
173
3241
2412
2736
138
3242
3094
1199
2301
3674
3966
3363
3835
3259
3229
378
3011
3782
461
1120
3000
3793
2129
4059
2296
4129
169
3024
2314
3999
4082
1656
1761
2860
3426
2923
2992
1039
1703
1248
1092
736
600
3007
2686
4037
3962
1950
1915
3900
2494
831
1979
2329
3476
1376
2862
2872
3910
3062
3287
1758
3794
1151
1783
3694
3433
3226
2477
3909
3050
3187
3427
1114
3494
2393
3016
1226
3877
3626
3610
2123
2700
3156
1815
2821
1463
2203
1925
3767
1698
4131
1377
2493
2954
694
3422
2189
1781
1126
1893
3937
3009
3544
1405
4048
3272
3257
3959
3265
2107
3660
577
4070
2186
1559
2235
1390
2487
2152
4125
2277
3046
3861
2552
3128
109
3314
3206
3792
2681
112
3733
796
2364
3860
4011
3523
3301
3873
3155
2353
3675
2867
1843
2328
3566
1043
3955
1989
2897
3594
3747
3654
34
2677
1162
588
3887
2008
909
2212
2
3514
3685
2352
3895
1996
562
876
1980
2922
2160
3376
3770
4119
2171
2142
3244
3944
3371
4045
3255
3838
2035
3126
2548
3924
3406
1816
1083
3066
3304
3780
1032
1888
1409
2159
3298
783
154
878
2207
2355
2841
2846
2017
2739
2419
3428
389
3552
4013
2573
4121
3474
3183
2118
4039
58
814
1235
2793
4000
1176
2822
2805
2341
3458
3574
3260
2853
3423
3753
3629
1922
3327
3832
2556
1447
2963
3511
4135
3216
2934
4002
2238
1708
37
3460
1451
1791
708
3714
2465
3772
2096
3538
2699
3328
2136
1778
2039
3137
2395
3184
1766
578
1988
2602
4095
2318
1323
2101
2519
3168
542
3148
3687
1054
3451
769
2863
3658
2720
3320
3267
1678
1840
1770
2781
3425
908
3588
2930
231
3346
1675
1161
3545
3150
720
3041
2228
1343
3207
1524
1318
1414
3039
3496
3059
2804
263
2121
1321
723
752
3750
2906
2995
724
2907
597
3117
3894
2975
2059
2614
2544
2740
2309
1429
1646
2852
3529
4049
4160
3415
3971
3430
3872
3461
3479
2676
1400
3082
385
3831
3231
3135
2116
2708
3110
3028
3353
2590
1618
2311
3512
1557
1676
107
1420
2541
3099
2070
2316
3344
1984
2803
3795
2972
3083
4164
3366
3084
4044
4024
2032
3457
3984
3293
2446
2455
2490
3892
1801
3290
3859
1759
1745
1736
3174
3599
3179
2936
3668
979
3568
3262
4057
1808
922
3429
2280
2743
2239
4075
2794
4122
1696
3286
2701
3797
2108
3489
3584
2873
642
3562
264
2578
2586
2885
3258
4054
2333
4077
2502
3064
1921
2623
1602
2284
3712
484
1596
1868
2766
3597
3969
4016
2795
2003
2263
2665
1727
1350
2424
2384
1492
2542
3952
4163
2201
3754
2741
3517
2351
3441
3088
1603
3166
217
3380
1401
1851
3970
2345
2799
957
2698
3849
3354
1811
1959
3106
2437
3208
2002
768
3899
3124
1016
3329
455
817
2072
565
3121
2127
3466
3876
3690
2838
3989
1544
3907
2943
3469
4072
3323
3081
2290
4137
443
686
2327
3913
1718
3785
1689
2053
3810
1998
1191
866
2294
2371
2531
852
2857
3648
3663
3092
2057
3202
3635
1866
3547
1969
1570
989
3874
3078
570
1380
3040
4073
3564
1657
2787
3057
3296
907
337
313
2463
1410
1635
1144
2785
3299
1640
471
1870
2138
2790
3005
3601
1378
3828
3993
3627
4154
3035
3182
194
3644
3263
2520
1519
4143
1074
1832
3951
4123
4067
3840
3144
1720
2979
3036
1529
3812
1780
1743
1514
1118
2357
3826
167
2545
985
3632
732
198
1956
3726
2148
924
714
3608
2650
3268
3079
1354
1961
1333
2322
1858
3445
2391
374
1286
2335
3504
3001
1756
1795
3738
668
780
2594
3459
2918
3821
3911
3864
3912
2726
2712
3531
2452
3052
936
2858
536
2889
3386
1627
3719
3401
3857
3583
3933
3789
651
103
1165
3177
3669
1705
3939
3345
794
2176
3769
1445
2670
3919
2413
1664
4079
3760
2956
2292
2081
3297
3606
2090
3074
4026
245
2988
1788
1244
2549
1416
3317
3991
289
2089
2078
3234
1050
2321
2288
1437
910
621
76
2427
2023
1592
2236
2690
3945
1382
268
3149
1934
3897
1412
2722
3276
2585
1069
1831
1543
622
423
1541
3319
2344
3023
3295
3498
652
269
3625
487
1904
917
3506
2461
400
3679
2026
1818
2114
1413
2143
905
760
1566
571
1768
816
3854
3188
2513
1874
2221
2209
1578
1935
1137
2358
1943
1849
397
2298
2731
2608
1072
3176
1942
3614
4046
818
2589
3773
2366
552
4047
483
1217
2149
3235
1769
1850
3058
633
3196
2365
3902
3455
1842
2774
3482
3980
1997
2940
2998
3743
3527
1916
3006
2693
1632
1160
1567
3308
2883
9
2961
1838
803
3413
2616
602
1340
1383
501
3435
3593
1681
2283
3180
1536
3189
3357
1523
2641
265
2917
3551
2769
3115
3936
2232
2254
1962
3484
3613
1927
3688
2982
3680
3266
2797
3449
3866
2949
3863
2274
1082
3199
3727
3896
3585
3205
3790
3311
2537
2816
2075
2755
3473
4001
3689
1320
2947
2902
1793
4097
2204
3600
466
3123
4069
3313
4151
3365
3197
1861
2669
4038
3941
2192
2754
3395
4005
339
383
1740
1450
3303
2533
3799
3885
2951
2746
661
197
1145
868
1789
3541
2459
3245
2672
2697
1914
2279
3051
2921
1653
863
1257
1863
2644
819
3012
1853
2183
2156
437
2757
3172
1688
1955
2913
2759
3543
56
3185
3054
3348
1636
1884
2639
1644
1132
2027
1631
2771
2942
1111
871
1666
3065
947
2241
2798
1857
3280
2987
3215
2252
3534
2928
2230
563
1415
2753
2871
234
1396
1230
1974
3086
3709
1242
1212
1585
1601
1896
2489
1879
3765
68
3264
2222
1233
2762
2144
2813
3391
119
1335
3133
3740
2763
3248
3132
2941
2622
3146
189
2621
2234
1163
1511
1932
1773
3022
1315
2714
1890
3488
2312
401
1216
2155
2596
1381
1977
920
2627
1090
2861
1442
1353
1777
2454
3316
2103
524
1549
2184
2042
930
2417
960
2390
2071
2282
65
1327
3152
2014
904
2401
2016
1530
3030
2300
1371
1260
2993
1525
2063
2102
2971
2271
4065
2588
1606
3014
2205
3954
2547
1495
2325
1625
2904
1157
2336
3444
1169
2115
1094
1507
3468
409
2973
1093
1920
1158
1733
2668
2809
3612
555
3671
3228
2721
3134
2831
1587
510
2555
1912
3817
740
2472
1119
2068
3347
2569
559
1045
919
615
3129
371
2667
3334
1560
1957
2367
666
1211
3037
1017
3120
556
1425
2839
1892
829
2104
1042
3477
1750
2249
1109
1999
1577
981
2206
3326
2824
2208
553
1546
1011
1790
959
561
1127
1576
2240
717
2028
362
2583
1146
1994
3361
1264
416
3813
2464
1266
1295
2262
1128
1621
2034
1993
3017
2926
1901
1776
480
1135
159
1674
2320
1898
257
2843
2471
3741
1028
1742
1106
435
1477
2433
3820
677
1019
2015
894
3118
3031
671
1680
2109
1008
719
2674
2196
2340
1923
1975
441
993
851
850
2511
3407
2678
2761
1622
901
1044
2191
1148
604
1547
317
1730
411
1458
3138
2887
170
2135
3528
507
3377
1294
3309
1822
3142
775
2086
3221
1110
3233
2815
1362
3063
3776
2047
1052
2810
1348
3157
2048
3659
2343
430
2213
1659
3397
683
1516
575
1558
757
1261
1140
3053
1771
679
1454
16
2243
648
2826
1077
685
2447
1619
17
1860
730
2169
2049
1088
1878
2466
1262
1739
1579
1894
586
2140
2281
1227
2033
1087
278
2689
2572
2242
13
743
744
2031
2227
532
24
1299
2084
3072
1121
1685
2994
684
913
1418
365
3055
2592
1334
3438
2958
3592
2460
2775
1499
2728
299
2633
865
1360
533
699
3220
1168
1814
318
2224
1604
1185
3491
3490
2628
1358
592
3575
1515
3252
1763
2483
2905
952
1929
2302
2497
1254
2385
1669
1706
2782
2153
1555
2247
3879
791
1719
2946
630
2504
1616
3210
3212
2150
1173
2124
3204
2125
1417
844
2844
178
334
1408
180
1662
918
2024
1944
1251
2077
2876
711
2957
939
2231
175
3071
584
162
1749
874
1687
890
161
2522
958
1337
2022
1247
861
2181
1764
705
653
3373
2011
2131
1911
153
3591
2735
1930
1972
912
2253
1391
789
963
2414
3495
3508
1404
3085
1068
338
2050
2651
1250
2595
322
650
1290
2258
2187
3003
2326
1255
3349
459
898
1062
323
311
1031
2429
3130
410
1263
1694
1049
849
1067
3525
2170
1913
2193
28
765
1738
2117
2615
1481
1876
1626
308
1089
3611
3448
345
408
2779
928
3723
1164
690
277
2854
3193
1186
1273
2058
414
1000
1341
2597
662
29
2264
3061
1802
872
1593
948
2151
1531
2937
1479
2696
2706
733
2737
956
2703
1065
2691
2916
3343
801
128
2523
1864
3917
2346
2568
1291
1902
937
50
593
80
2188
931
846
5
1589
1207
1478
2087
715
2479
721
2600
895
522
2179
395
1824
784
1487
1724
447
2420
472
1187
1455
351
492
1022
1679
2817
3467
1953
1639
271
731
2901
4089
2368
623
2145
19
2046
1147
1339
701
2469
1856
493
521
1491
950
710
478
1695
797
1015
164
1825
1236
2675
2386
225
546
3412
418
988
1882
2919
971
464
2297
481
258
1182
759
1421
1958
1272
2423
2177
276
885
847
1184
942
2683
1219
500
320
1305
1189
2408
1886
239
93
2066
343
1534
1403
2630
1556
2914
2303
839
2139
771
376
1345
610
498
609
230
2248
2260
638
1310
2404
301
1613
2361
2715
1588
1798
2387
2442
1660
2516
2517
2219
1545
144
1910
1205
2120
637
3321
1710
1483
2830
2009
703
1897
864
1924
1785
1501
1677
2470
1282
515
2060
2448
1038
1181
2025
184
1881
1553
955
1467
358
906
54
566
2661
359
1817
2415
804
1105
332
92
1192
702
1757
1150
1707
1051
867
246
1171
3111
1097
1649
1276
2827
1053
393
2554
1061
1108
1480
262
2475
1178
806
1709
2990
1661
2319
2383
886
49
2550
413
941
1316
2707
2760
1278
1615
21
745
1332
249
204
1552
2536
680
564
779
727
1774
751
538
1872
1372
439
1755
10
781
1699
2164
815
1453
2067
1650
1035
2603
2400
2535
3095
992
2899
1459
966
1572
1497
297
1457
1355
1122
1502
1551
1563
214
2036
1198
1197
304
1762
1496
179
460
1411
1985
932
1493
2354
1155
2835
126
1845
152
676
595
656
1115
2331
728
1841
2394
2147
182
943
488
1582
2742
158
2076
2172
695
1070
266
580
148
3209
823
1796
1423
1875
629
1667
1156
2100
544
2267
1025
1836
2481
3278
2308
1903
1099
2018
1641
1846
1359
2744
994
607
2617
1267
319
2180
1238
1394
802
1889
1786
1807
833
1177
1307
53
425
203
61
33
124
66
3
172
346
375
150
44
60
183
551
174
348
91
228
415
321
105
38
89
142
236
450
790
372
247
191
587
98
635
52
251
253
155
486
773
1629
3288
798
2656
2360
675
805
424
1642
884
2200
1605
1686
747
766
1203
582
1470
550
520
1973
2182
125
2007
1540
558
181
1548
1427
2043
396
1331
2609
1183
1143
281
557
347
2416
202
1100
2704
171
1976
1521
2559
1561
2168
1402
795
2663
2091
618
1107
537
446
1034
1865
1149
11
1430
206
32
735
2069
1133
1005
1938
2671
1805
840
1538
1048
1284
835
1369
634
477
1931
1513
46
254
1055
1129
545
511
1905
1590
59
729
933
353
1581
1799
2074
925
143
25
428
453
1346
1469
1424
1193
777
23
1281
3125
2398
568
543
100
1482
1475
1234
43
2020
1873
2443
990
1134
2538
1506
99
384
1213
902
1352
2524
1460
1928
1968
1712
1909
2580
674
2503
134
1357
601
1206
1347
837
799
1342
1456
704
991
1741
1229
1461
1765
935
1209
583
1966
3253
177
1026
748
485
954
1760
659
39
139
449
352
440
926
20
55
387
248
692
36
111
579
94
151
255
381
104
451
541
168
696
419
157
57
344
509
667
1080
519
467
330
195
160
549
489
229
373
78
938
770
1361
1130
1609
3360
2245
454
2788
1322
1096
640
69
2255
567
1256
2272
813
280
2655
51
2406
1152
391
854
503
977
505
110
641
1446
1484
892
1670
548
899
267
1395
697
2528
504
962
474
712
897
130
1041
859
1862
1729
1222
534
889
243
1285
250
1241
1983
983
658
940
1190
1218
406
457
1586
325
1665
1066
342
1617
1172
1270
2912
1941
873
1434
215
1195
2620
176
1175
394
129
811
2330
2436
1021
1439
1036
407
1293
1647
608
1702
1374
190
85
1426
1907
1830
1637
755
212
911
2085
1030
639
1076
2052
2324
1844
581
102
800
830
1899
2178
1364
133
496
2725
749
664
1024
392
660
1279
2738
1306
242
1389
1608
1138
479
2190
192
211
914
754
290
2133
1167
984
185
1063
1509
1568
386
923
1194
232
2381
1488
314
1610
469
1037
1013
444
2158
241
2733
2137
306
900
261
476
1023
1301
1078
1231
1550
273
649
1701
205
929
782
870
2175
309
3164
1767
2939
1673
2064
1117
527
136
978
429
826
949
944
284
762
81
590
1275
404
293
1009
1001
596
286
506
237
259
3119
516
1435
1539
1064
1704
514
547
572
793
669
1018
221
1784
210
135
224
71
72
475
824
980
1848
678
707
841
1995
490
42
315
7
855
750
1638
316
260
1746
682
739
1598
96
767
495
836
2845
832
772
8
1584
163
1971
432
1658
693
452
970
1505
589
822
687
706
915
883
1102
127
442
1648
654
626
573
1384
585
880
598
1004
753
875
774
402
574
35
1259
256
1624
1131
275
1528
468
1010
45
305
1575
741
354
986
1091
116
30
122
156
1370
1298
201
1949
1336
1328
494
140
879
361
1237
2122
2915
576
1003
336
270
591
298
1726
141
95
1466
1002
1214
324
1792
331
218
123
953
357
1271
379
528
399
1711
812
614
235
995
1040
518
279
1104
1367
1554
88
287
465
108
131
238
1363
778
1220
1823
1252
842
48
1
497
603
26
718
1103
27
834
763
403
1098
1338
776
631
1059
165
1500
120
398
417
219
113
624
0
1141
326
627
145
422
307
554
1517
470
240
12
862
2276
188
73
1289
1366
502
1079
420
233
186
1200
220
291
726
79
335
274
147
227
761
448
613
1486
187
491
327
294
117
363
508
535
809
845
517
569
473
1518
903
734
146
594
560
252
366
1086
539
1170
412
272
643
41
672
97
310
166
869
121
1428
292
70
340
15
213
193
456
355
526
599
856
1239
689
67
132
18
1007
445
620
390
681
283
792
216
998
525
