252
511
1007
848
127
1075
70
1115
569
1414
1234
938
830
1447
1292
316
1159
891
8
608
1484
221
806
1267
474
152
634
809
551
942
420
1401
130
1069
197
1064
725
737
763
867
772
773
106
1026
1015
833
167
168
1082
1092
175
180
1147
683
1179
75
656
766
648
1205
257
1199
1208
1209
58
616
609
580
143
577
568
960
550
1281
547
1317
814
501
510
1346
1344
526
1340
915
1336
37
490
1322
906
1298
1005
1396
1410
950
932
925
344
370
888
385
402
138
1262
403
1461
478
1184
751
822
823
875
881
889
890
979
998
1010
55
1096
1128
1018
570
680
667
47
1216
299
581
562
88
321
97
1174
1416
331
808
1357
1280
707
1358
696
715
380
1245
13
372
774
1375
1384
726
1444
406
762
758
404
174
1071
791
1310
1480
182
792
1109
338
721
1032
544
203
297
162
335
1338
784
1029
1341
1266
306
1459
9
1364
1349
879
457
876
543
436
988
843
714
1479
566
711
185
578
828
488
598
619
973
1368
1389
1055
1455
481
298
1452
768
1287
407
1043
1027
368
154
495
1284
1442
1182
305
871
813
720
469
329
342
312
972
116
300
81
638
502
415
678
291
1078
328
1436
1206
1252
1238
652
228
1477
1057
187
1246
68
565
1466
279
396
1123
855
706
816
1422
782
514
620
1014
1257
631
677
1282
147
1028
564
1467
1380
1458
1049
705
606
100
1244
1462
445
296
424
959
1279
234
29
968
276
904
1331
2
1407
412
1232
400
896
239
1223
1236
948
943
1103
1431
288
1188
928
1271
23
1309
583
149
798
1171
1165
215
142
1195
1250
264
0
644
374
188
164
1190
691
518
974
1224
290
1419
5
933
557
752
892
757
939
1079
1196
80
21
1051
754
441
545
1186
924
859
1136
803
872
589
701
349
530
1080
1502
1405
1404
1486
1372
1487
851
990
464
635
1099
77
900
1212
1359
140
853
597
245
103
546
1400
429
389
1063
596
826
454
1438
214
114
770
63
922
1320
908
287
738
1453
240
657
361
778
360
120
24
1440
426
727
1185
438
1180
1091
1066
242
976
1130
902
787
1273
1325
941
1204
117
1142
1013
641
834
674
1261
1046
1166
217
1020
556
78
697
1003
1305
432
356
1329
653
1201
258
1011
884
413
949
363
733
79
253
898
1132
1274
660
61
1413
1255
1473
1270
35
1086
713
614
458
1451
169
1068
1478
437
1233
333
612
1253
1157
216
278
886
223
76
202
1481
538
1220
1227
411
858
1388
523
1489
1501
1492
1494
1499
1294
1369
761
930
694
686
625
439
246
1469
1361
637
1393
512
381
1161
1446
325
1039
1230
112
522
491
952
670
642
1495
775
878
186
675
1395
158
991
716
755
1301
1385
1373
102
1202
22
920
184
1482
1318
560
273
345
1124
1100
384
1193
506
935
647
27
839
849
1498
769
1264
690
1105
585
282
993
986
1058
1319
476
885
43
1365
1097
704
133
1351
1017
953
475
1042
1303
1460
52
455
1053
969
661
807
748
1328
1106
840
1428
269
347
1330
1062
931
84
561
206
829
352
28
392
599
1249
195
353
1139
860
739
318
222
1307
1471
64
1437
460
633
801
517
1228
735
376
452
492
1485
1263
1323
1006
1004
909
1144
281
83
1241
945
802
795
1397
418
845
463
155
1076
1074
200
56
934
59
741
1470
805
350
171
310
243
913
1429
630
1312
764
923
1036
311
1093
799
1448
593
961
847
205
233
334
743
1038
1101
1137
471
507
905
699
399
1127
308
1207
1378
280
323
1464
977
649
26
346
646
247
539
592
96
499
1001
395
194
682
728
914
869
1386
46
957
594
685
94
423
865
136
397
723
553
1353
827
1135
181
857
1000
956
364
797
702
818
1247
776
467
639
975
1164
267
552
819
57
1030
554
199
918
936
1367
962
470
86
1315
821
72
435
1176
1121
1134
887
1348
1237
673
533
1221
319
33
658
16
527
1457
1025
1332
48
7
357
212
1450
39
129
366
873
611
567
617
192
105
137
689
1314
270
60
654
999
1256
286
1276
1149
937
1183
1148
1112
427
1009
1268
317
371
1125
304
139
640
414
919
250
1500
700
443
665
1044
1278
1339
500
67
1116
249
1217
453
466
50
74
894
480
191
369
996
536
30
1119
1327
824
487
1335
219
1191
1432
515
1411
1258
1381
1095
1197
31
254
944
113
337
183
1024
419
1326
659
852
62
767
1073
14
877
1131
1342
1272
1089
765
866
1168
277
1295
123
177
1059
1158
1061
579
448
391
1041
760
1324
226
703
528
1114
681
576
921
468
1155
248
446
262
430
157
742
1334
99
643
508
584
1111
708
1360
534
148
1060
1379
69
322
92
994
456
1
669
1415
992
259
1169
838
1283
627
1260
1362
910
684
115
734
1072
119
1050
793
387
1433
1474
307
1077
1418
1493
45
868
268
844
963
636
842
987
196
1374
1398
1140
573
618
1251
38
1426
173
422
1352
1497
582
1392
1146
555
846
525
623
1259
1023
153
513
965
730
229
382
740
1382
178
505
292
256
590
982
128
1321
1503
1443
1490
210
946
1210
607
1408
1034
193
1012
882
548
524
666
1468
1160
132
970
745
1240
1219
907
542
285
1435
1483
272
558
1313
1052
159
820
604
1231
421
93
359
1031
85
926
343
1417
532
1045
1173
19
874
1243
603
722
717
504
732
104
1297
90
125
1056
283
989
1070
433
651
145
260
218
1019
1198
1235
1084
150
462
244
756
98
983
746
1463
118
1296
958
465
783
632
377
676
484
672
1229
709
736
929
1021
780
800
856
954
36
1108
1316
1143
289
978
230
1299
25
1175
1421
354
1016
835
32
698
817
1222
1008
383
1067
1083
1214
1383
600
1189
348
662
895
718
220
236
1194
1399
1163
1441
1054
687
602
134
535
1033
302
789
121
1107
53
124
241
615
811
82
324
341
519
375
1156
1425
671
461
622
940
251
327
271
295
15
54
531
367
388
1225
997
472
731
1285
394
1181
274
837
1037
44
237
1088
995
213
529
503
1138
1133
4
1040
498
49
326
417
1406
428
473
17
1363
1047
574
1402
73
747
825
486
693
850
587
1187
339
1094
1090
1162
1427
571
156
176
477
777
1424
1394
729
679
40
520
416
336
1167
315
1496
917
294
1472
663
897
1113
781
1048
664
1403
1454
541
401
1356
172
1085
540
1129
1293
650
109
204
759
955
750
981
785
621
786
1170
496
951
1488
1098
1145
293
779
110
108
1371
1420
719
459
190
235
365
266
390
831
431
655
1022
12
425
198
1434
238
160
449
537
107
332
1449
903
744
161
144
1265
355
1192
1126
434
688
1306
232
373
485
1277
1213
1409
151
880
126
912
509
1152
209
166
165
227
927
1391
1104
1456
1300
1203
313
358
815
1412
11
1291
1065
141
1226
314
864
854
379
572
493
351
1035
275
494
1445
516
135
207
398
405
1087
408
629
3
836
626
10
1120
710
122
966
1254
724
1475
1476
1172
170
749
1178
1153
563
967
95
87
1002
790
330
610
628
1177
41
1370
1366
613
303
595
796
1288
447
1150
442
1302
261
18
1355
832
862
911
1154
225
668
340
34
1311
1333
586
1343
1337
712
393
624
101
1304
695
179
1122
521
479
71
409
1242
601
1430
1200
6
163
189
1350
362
51
1347
1110
947
1275
575
753
588
1215
309
1308
1151
1081
916
1491
1290
91
1354
559
