3426
3089
2574
2440
3751
84
3213
4068
619
3676
3903
2293
1992
4155
3805
2881
2786
2980
2411
2111
2435
2095
3453
3814
1485
891
3528
2946
3932
1828
3506
3631
3841
1179
3956
3964
3279
3576
2719
4105
2379
4040
1867
921
2004
2745
1304
853
2088
4108
2659
2662
421
3607
3502
2991
101
4158
1960
3878
3706
2073
2295
3807
3431
1188
2638
3825
2512
3569
691
2348
2530
3076
2480
3918
3382
3243
1804
2473
3856
1614
3582
3565
4043
3958
1309
3486
4055
877
3764
2749
2732
1274
1258
427
2894
4106
3029
2870
2624
3891
4152
2654
3522
616
3788
222
3178
3784
860
341
1809
3589
3815
4031
3362
196
4150
1441
2080
3925
2051
3843
3755
3650
4141
2204
3600
3123
466
3473
4097
1861
3365
4069
3941
2192
2754
4038
4001
4005
3313
3395
3197
2669
3689
4151
2727
3559
2369
3102
3219
3996
3520
3617
4003
3560
3646
3739
4004
4140
4018
3742
3497
2032
3429
2108
3668
3174
2446
979
2701
3892
2794
3489
2280
4057
3797
3290
4122
3179
4075
2936
3568
3286
3293
1801
3262
2239
3859
1745
4024
1759
2743
3457
1736
2455
3599
1696
2490
4044
3984
3084
2275
3791
3938
2392
3408
3748
3756
3762
3186
2403
2890
2251
2842
2619
2657
2491
4032
3388
1297
2945
1962
3680
1927
3790
3311
2949
3585
3205
2274
2232
3266
3688
2537
2254
3199
3484
3449
2797
3727
3866
2982
3613
3743
1997
3482
3455
3902
2774
2940
1916
3006
1842
2365
3527
2998
3980
4113
2929
1215
3968
4118
3647
3227
3070
3947
3708
4148
3921
1046
3283
3105
2637
3447
1991
2880
2860
3402
3951
4123
3627
4067
1378
3840
3789
2176
1445
3939
794
3669
2670
3345
3857
2413
3919
3401
1705
3769
3933
3583
3834
2152
2552
4070
3660
3046
2186
577
4125
3861
2277
2107
1735
3419
3886
3666
3443
2238
3327
2934
1922
3216
3753
3629
3511
3263
4143
3993
3828
1519
3144
3644
1074
2520
3601
1832
4154
4047
552
2589
3773
2608
2298
818
2731
4046
2366
3614
3176
1942
1072
4161
3579
1280
3702
3107
1753
2729
3410
3598
1240
4025
3573
3986
1029
3277
2328
1043
2677
3566
2897
2867
3594
34
3747
1843
1989
588
3654
3955
2542
3441
2351
2741
4016
3969
3517
1492
3952
3754
2201
4163
2094
3452
3663
3296
907
3564
3057
2787
4073
1657
2463
337
313
1410
3469
443
2943
4072
2290
4137
3081
3323
231
3425
3545
1840
2781
2228
3041
1161
3588
908
720
1675
3150
3346
1770
2930
1837
2410
2840
2709
3801
2266
713
3724
2399
1906
3705
3890
2521
3853
3140
3047
3325
2996
3793
3000
4129
4059
2129
2296
3272
1405
3959
694
2189
2954
1126
3937
3009
1893
3422
3544
4048
1781
3257
3265
3370
3953
1524
374
2335
3504
1756
2650
1286
3268
3001
3079
3198
2944
3077
4104
2636
2718
3657
2039
2096
3137
2136
3328
2395
2699
1778
3538
3116
2561
2999
3833
2692
3656
3948
2587
2576
2702
3097
3976
3628
3339
2723
2836
3195
458
4071
3246
2233
3571
3305
3558
2220
3779
4149
2171
2548
4119
3838
2142
4039
814
3474
2118
3183
2793
1235
58
2526
3707
606
1527
4092
3439
2434
888
1628
2565
1330
2891
3642
3716
3915
3133
1877
3924
2035
3126
3371
4045
3944
3244
3255
223
3641
1082
2816
3896
3863
3027
3104
3692
3848
2802
1399
3577
2825
4126
1228
4099
3333
1708
4135
4002
3832
3082
3231
1400
3831
3479
385
2676
3721
1422
3761
3929
3908
2724
3080
1810
3920
3390
2611
2918
2858
3911
936
3531
3912
2452
2726
2712
3787
1950
1915
4037
3900
2686
2494
3962
2567
3532
1722
2780
4128
1643
3677
3710
3578
3306
1464
3414
86
578
2602
1988
1766
4095
3184
3108
3161
2439
3481
3931
3928
1569
3883
2645
3732
2970
698
2629
2837
2445
3809
3018
3160
1419
2765
3827
3492
2338
1744
3882
2924
1654
2486
1852
3270
3254
3961
2373
3836
3398
1407
2856
1032
2646
2875
3098
881
3364
3537
968
3192
2811
2981
2927
3530
3464
3509
4083
1811
3208
2828
882
967
2106
3523
3301
4011
3155
3873
2477
3050
3909
3927
4110
3734
4027
2356
1806
825
2649
2534
3355
644
3542
3572
3019
2807
3088
4138
2598
1716
2680
2893
2931
3124
3354
3106
768
2437
3849
3899
2808
4076
3322
3042
1651
4147
982
2679
2748
1634
3595
1717
716
3109
3090
3461
3872
3971
3430
2294
2371
2785
4142
4116
2428
3691
3645
4134
3249
4100
605
1522
83
3456
3421
3170
2852
3529
4049
4160
3415
3783
1633
2812
3143
3396
2006
1880
3638
2848
3701
2773
2553
3713
1060
2289
3389
1891
3519
3804
2093
1504
2896
1020
4020
4017
2605
226
1101
2695
1595
4088
2539
4086
367
3943
2962
3623
725
3940
1202
670
2847
2769
3913
2577
3684
3729
2174
302
807
1752
3332
3487
3200
3975
2508
4090
3818
1820
3032
4133
2606
2938
3420
3979
3819
512
787
1287
2564
4064
2062
2478
4041
688
199
285
1620
2834
2287
3324
3141
1834
3596
3715
3385
3722
636
2173
1635
2575
3875
2457
3778
4050
2044
2892
3358
3307
2323
2359
2986
3158
2778
2269
1623
296
1033
4014
1471
2389
3821
3052
3864
1748
1012
1827
3652
3766
47
1449
3507
2631
4080
3501
2864
3842
796
2002
1959
3616
1948
3366
2972
3083
3795
4164
4030
3865
3636
3175
4132
4042
1448
75
3730
3312
2167
3151
2041
295
3299
2685
2339
3574
3260
2853
3816
369
3847
3985
4060
2976
3970
3776
3063
3331
3016
3626
1226
3877
4144
2165
2789
3889
3997
2829
2823
1351
4063
4107
3169
2065
3387
858
3914
2154
1444
3922
2278
4136
3609
820
3004
3159
364
3363
3966
3835
3674
3229
3259
3015
2653
2822
3615
857
1432
2805
3950
3535
3062
3287
3910
2872
2862
2505
611
1964
2965
3700
4124
2664
2484
2868
3977
3394
2989
3190
3850
3662
4112
1747
2713
2776
4085
2054
3774
985
732
3632
4153
2079
3549
3405
3181
2922
1980
2799
2345
957
3539
3867
382
3960
3436
3682
2292
4021
4145
3022
1315
3719
4121
2573
4013
3376
2160
3222
2750
2593
2684
1816
1083
3406
786
1734
2874
3988
3664
3553
3411
3121
4082
3999
1656
4081
2751
2237
2372
1431
4023
4078
2717
1945
3851
4094
3704
2895
3973
2997
831
3214
2112
3592
3786
3462
3404
3039
2796
3238
3218
2909
3510
3315
118
3771
3154
3191
1450
3694
3433
2441
3717
3203
3794
2660
209
1946
3359
1180
4008
1737
1321
4084
3803
4101
3869
3516
2134
4054
3064
2502
3337
1314
3423
810
531
3862
1246
3440
4115
3990
3837
1436
2687
2038
3991
3712
2623
536
4052
1265
3384
3478
2879
3972
959
4012
2384
3750
2906
913
1191
866
2259
405
2525
1112
1697
3409
2101
1323
3775
2396
2468
3207
3983
380
2878
3802
1210
3581
2329
3476
3025
4102
3541
2459
2214
1797
3949
2121
3823
2061
887
3201
1732
3679
1956
1283
2198
4127
2647
4111
3726
114
2529
3799
3885
2942
1631
2771
2027
646
1201
4091
3393
2688
3068
709
3686
3165
3091
3131
1392
3034
2648
1116
2859
207
3087
3342
1386
3640
2194
2953
4096
2803
3978
4117
3475
3829
3114
1578
1594
3622
3651
723
2764
848
3639
999
1269
2956
4079
3760
3839
3602
2128
2422
2716
1503
3049
2952
2438
3974
1597
4058
3603
1689
2053
3810
2985
4103
1967
3673
87
3466
2127
1655
3746
2540
2380
1375
4146
4000
3053
333
3621
3240
1939
3888
2820
2888
4029
3059
3770
2364
746
3048
3521
2506
2969
3884
3698
3906
2000
2518
3028
499
3822
3637
2342
4162
3967
3893
3618
2791
3590
3330
2332
3518
3782
3285
1871
2770
1027
2510
1645
3868
2604
1397
3010
3619
3334
2616
3942
3446
2029
3844
3275
4114
4066
3757
3709
3292
2658
2710
3735
4074
3580
3250
1319
1812
4156
3536
3772
2465
927
3736
2021
3905
3855
3798
2563
1839
2378
3318
1452
1895
3526
4062
2579
3563
3738
4087
2777
3800
3554
3094
3989
934
3845
1883
2362
2838
3690
2898
3768
1253
4007
4157
1479
2705
2783
4028
3374
2903
1277
4139
3655
3173
3472
2560
2607
803
4015
3096
2375
3465
3752
2291
3904
1542
3957
3987
4009
4130
3245
1952
137
2185
947
3256
3870
3556
2961
1174
2315
617
3442
3294
370
3935
2405
1819
3934
3745
1356
3881
3103
3995
3711
1092
356
1682
1854
3846
3946
665
2019
2988
2001
1124
1311
2566
1508
4006
4056
3033
3667
3930
4051
3880
3122
3261
3852
1288
2855
2866
3759
3643
3854
2865
3274
1416
2218
686
2327
2935
1373
3811
82
1476
2806
317
1443
3044
3356
3597
2766
3026
1859
3992
3074
4026
4093
2635
3113
3471
3024
1981
3418
3916
817
455
2431
3785
2850
3683
1047
3876
1225
3606
924
3695
2601
920
2347
3454
3302
3303
2430
2933
1296
3351
3728
4034
4098
2968
2211
2467
3817
3653
4159
2667
2673
1521
1990
2532
3300
2268
2110
4033
2877
2270
1652
1698
4131
1887
3858
2925
2026
3239
3434
2105
3288
2374
3317
2195
3065
1987
2756
2613
2568
2346
3813
2454
4022
3463
2049
1498
1714
4109
3540
1014
3350
3998
2500
3781
3499
3377
2681
2482
3493
3485
3247
3672
3703
2358
1221
2900
1292
2632
1888
3678
3749
2337
657
1794
3533
2708
3145
3127
3965
1693
3608
2978
3369
1406
2730
3372
2515
1917
2350
3225
2851
2462
2499
3981
3731
3153
1775
2959
2402
3777
1245
2570
2250
3338
2950
1494
2543
1813
2920
3661
4010
2932
2958
1571
3917
2497
1142
1339
4089
1230
3399
3014
673
2747
2752
1438
2815
3008
4065
1308
2501
2444
2166
2149
871
2882
987
1740
3740
3697
3767
3552
3149
2987
2230
3215
3534
2252
2928
1368
2161
2886
3177
1838
1514
265
2427
1855
916
3897
1934
3936
217
1401
3380
2078
2757
3344
3551
3284
996
2183
570
1243
3550
1016
1829
1300
1885
482
827
2869
3720
2921
2917
3547
1510
1791
3895
3514
3826
3460
1570
1536
2141
3276
3898
3693
3808
3562
2665
2948
1721
37
2966
3428
2967
3445
303
1947
2911
3737
3725
2089
1472
1118
3696
2316
2090
632
821
2755
1473
2075
1700
1884
2902
423
3319
1541
2487
3451
2720
769
3658
2863
3320
154
3830
711
1451
1851
3166
1636
1793
2377
3341
964
2737
1795
208
471
3212
3295
3188
2321
2992
2514
1329
2355
3792
3459
783
890
462
2150
2309
2313
3352
2425
3500
1071
756
1868
642
3593
2461
878
2833
2273
843
1567
1529
1630
1663
1727
2767
969
2314
1831
3101
3115
1664
2790
483
1933
3236
2509
1465
2498
2495
3013
1936
4077
1743
2285
3432
3117
2210
263
2700
2301
2318
1429
816
1335
2558
2485
109
1713
3241
173
2432
2810
74
3923
2370
2841
2923
1153
2317
708
2263
2821
1463
3167
1603
1979
2586
3298
1313
4019
3812
2203
1925
2451
3963
3230
3945
2207
2045
852
2531
3648
2857
3635
542
3926
3235
2614
3954
3258
1640
2333
2003
2832
3267
1678
1772
3427
3066
961
1054
3237
3005
2818
2456
2908
540
3289
513
2072
565
3187
2419
2739
2353
167
2545
3860
2010
2973
2527
3513
3714
2310
1058
3196
3494
3699
2626
2146
1537
1632
1324
1382
2412
1758
1596
484
3291
1251
625
2846
4061
3340
2801
2382
2883
3887
3308
2642
1984
3156
1751
2698
3093
1921
3353
2299
3038
2544
1996
562
3413
3624
2584
3763
2594
2226
3329
3132
1703
1123
3496
3649
1583
2983
3163
2551
1474
1580
2040
3136
3584
400
1199
1821
2612
1787
1248
389
2884
2424
3148
2132
1833
2217
3490
602
1056
461
1720
2979
3685
501
3242
3314
2578
1788
3780
2157
3040
1343
1815
3368
264
1208
3112
3437
2885
2286
3675
2055
244
2216
463
628
3375
2758
2012
2092
2223
1414
2736
2471
1523
1377
2722
3226
736
1627
1081
2123
2352
1006
2666
2964
3386
2030
909
1730
1318
2814
2236
2541
3099
1557
621
3147
1782
2492
785
3168
2013
1783
2562
2582
1317
1268
2804
328
3498
112
1579
3744
2449
2960
2800
3894
2889
2652
1512
3110
2849
3824
1611
3367
103
2113
1196
2507
2212
2081
3224
2098
2407
2873
3634
2610
2694
780
1602
3610
438
3417
3633
329
3100
3403
2215
1420
1646
1718
2640
3670
2164
1573
2581
1668
1671
2159
3304
1900
1151
1176
1533
1360
1612
2397
3733
1385
2625
3297
1409
2819
1532
3687
738
1998
3194
1162
2947
1490
965
3604
1489
2
2056
2311
2005
115
2628
2138
1125
3681
3505
1249
2746
2519
3605
1728
1849
2591
1869
3011
1978
3424
2304
2963
2202
3251
975
1520
612
1559
2265
1754
2493
2559
2279
1526
1350
3269
1232
2672
365
2305
2037
1850
1607
1803
194
671
1937
2496
2618
3548
1160
1600
3758
1120
3546
1672
2191
1723
3069
946
3515
651
3128
3182
3557
2792
3381
2306
1398
3282
2418
974
1690
633
1954
1144
3020
3043
90
4
1440
1145
288
1908
922
2450
3056
2784
2083
3206
1800
1591
1970
1095
2307
1376
3503
2795
758
1940
3217
1165
282
1779
3543
2256
2284
3718
3060
2599
2711
1692
2257
368
1379
1326
2235
1847
3223
3232
2974
3871
1387
1618
1535
2283
2549
3392
808
3561
2557
3335
3310
3162
2571
893
1963
1302
1217
529
1565
2225
1866
1447
1349
3067
3982
1204
300
2388
1808
2199
3512
3796
3273
764
3416
1312
3458
2682
2421
1139
3271
1216
1380
3135
2008
2556
530
3336
2393
1725
2130
4120
1390
2590
2426
1982
3036
876
3470
1344
1994
3901
597
1870
1761
896
3665
3075
63
2995
1965
3587
2513
3383
2474
3483
724
2734
1433
1224
77
1137
388
149
1993
2017
2162
1223
431
2376
1333
600
3806
2639
3480
1676
350
1166
523
3037
2363
3874
31
2261
3379
4053
1325
3400
3555
64
2082
722
1303
3378
4035
2910
1951
1684
106
2119
3994
3171
2163
2643
3045
3586
107
1835
2099
434
2977
3567
198
1468
2984
2907
3620
655
1574
2349
1691
3281
2246
6
1462
3185
976
2476
56
1562
312
1393
2453
22
2955
3348
2458
2126
2488
863
1653
1853
1715
3073
433
1113
1365
2391
2775
2772
1918
3524
1961
2693
742
3570
1683
2644
3021
1039
1244
2341
2546
2222
1233
2762
2144
1511
2813
3391
1926
1163
2224
1094
2070
1932
937
3349
533
1090
65
2282
532
912
1114
3007
1919
1902
592
2641
556
952
2140
2627
1549
1146
2809
3495
1000
1763
1777
2668
2782
2583
1371
2300
2016
334
1478
1185
788
3468
1507
2102
3120
1739
3072
2084
1173
1412
1773
740
2063
1499
1822
3058
2409
3438
3309
1418
2706
2057
1706
1879
2047
1148
2887
1264
2871
362
2994
1929
1558
2615
2634
2596
1920
1008
3220
1495
2472
2206
2588
685
2735
21
1454
2028
3051
371
819
1749
1227
559
437
1912
1943
2271
2243
3612
1515
1106
1878
2242
717
2240
679
1028
2585
684
2103
901
3625
2188
2843
2678
3741
3211
3180
615
2143
1169
3118
2831
159
604
2401
904
2390
2721
3035
2460
2690
1477
2014
653
555
1969
1977
2034
1348
200
997
1750
3204
989
2320
1666
2208
2824
3031
3361
1353
1742
1606
1530
1011
919
1135
3659
1358
677
1295
3078
1075
68
1776
1604
2109
3252
2104
894
2763
1052
1560
441
553
2155
2086
1901
647
2148
2344
1159
3023
3347
2229
119
416
2135
2068
2205
1458
1898
1019
1790
3172
1577
480
3134
2249
2993
3444
1093
3407
1396
2621
945
1892
1044
3138
1599
2325
3820
1680
1327
3326
960
2951
828
1084
1525
1154
2926
1516
2569
524
1362
1974
699
2674
3233
1042
3397
3280
1242
1923
1587
3477
775
2555
2844
3152
3488
2367
1132
510
2761
401
2622
1140
1415
1913
1320
2042
339
24
2385
1621
2971
1085
1999
1771
138
2768
3017
378
838
1482
752
1712
2489
3086
3139
1502
3202
2592
2020
1088
2087
2547
278
1261
3228
2340
2779
1480
2414
1273
2839
1337
1087
2260
1340
1383
2153
1068
701
1156
1944
2022
377
586
1263
865
1255
2116
2059
2343
829
268
487
1622
1291
1769
2331
3189
345
3343
1914
1236
3003
492
1070
2151
939
1250
2913
1955
1211
886
1345
3278
1688
19
164
2651
1164
2187
2302
3111
630
9
973
360
493
1388
918
690
781
2522
988
2050
2231
695
795
2139
1616
3723
230
2957
1015
2248
1501
2024
376
1067
705
175
1719
1555
885
299
2504
2715
418
2386
2675
2517
464
481
874
258
972
3450
1876
1543
719
507
3591
322
2826
610
308
2247
1481
225
1247
180
622
1881
1679
1681
2181
1404
2060
1957
2330
3264
1115
575
2177
162
1780
2861
1556
3157
1119
1055
2354
1045
1733
680
593
2322
1858
3357
2156
2511
3412
2533
1238
1089
1860
538
2219
2447
3879
1659
2470
2464
2312
170
204
1554
1147
661
2663
2196
571
1687
1890
1155
760
2169
1903
80
1724
791
683
1282
1421
1605
2595
2172
3765
2281
1294
789
2383
3316
2827
1585
1547
1764
1953
1694
1886
1212
32
2481
728
1442
2170
2483
3671
3061
2990
1357
1674
2689
730
2798
584
1394
1644
3146
1699
958
447
1817
2661
546
1099
2048
3221
2209
2466
1593
2117
2234
2394
892
2744
430
2288
2221
488
3092
2031
436
1446
2023
1354
1789
257
2357
1677
1205
3248
1128
1077
898
2264
498
1619
409
3142
171
2303
1626
2703
414
607
311
948
1049
1127
561
1564
910
2753
3907
668
1334
2429
715
851
1975
850
1707
393
435
1168
872
757
1546
743
1182
1601
13
854
2077
1930
1972
5
1911
2696
2597
955
1802
833
545
500
1254
1538
762
2179
1260
3129
844
1305
544
2066
1467
1846
1189
2058
2469
2554
1346
2760
3448
1110
2475
338
1639
801
1381
966
563
806
1805
1391
1050
2671
351
189
234
1685
2334
2550
1704
2975
3435
2368
3030
2178
54
917
1341
623
1904
1437
2740
2941
1695
950
1566
1818
905
2015
745
1413
1267
2523
1592
710
1109
1662
930
1310
1845
2124
1262
1661
652
2433
1195
411
249
2415
2788
2916
2656
1062
1207
1175
2297
28
645
3002
3630
1986
663
349
383
666
1290
29
1910
301
765
1738
2617
3525
662
2258
2704
2071
1545
11
748
1234
3210
759
214
1768
3373
2336
472
2168
2728
2067
1576
2904
2714
1958
744
601
2184
2408
320
2131
3125
1408
2267
1417
219
3253
522
16
1061
1150
861
2114
2262
93
1873
1649
1034
3575
731
1342
1506
23
3095
3234
1889
2133
1257
1157
2018
1590
1824
2901
1411
1097
1209
2227
3508
2324
2633
2182
521
798
1874
269
1266
358
766
1625
629
1307
266
1669
1589
100
1857
2404
1372
2835
3130
1105
784
1457
2241
3491
1825
136
395
148
2854
3193
2939
1017
92
3054
1985
2213
804
595
993
2125
1455
2033
1206
1856
1069
202
1487
2326
1158
1184
2536
1896
1968
1002
1755
751
3071
1907
130
1041
733
2253
2912
971
942
618
2937
3467
182
1550
2145
315
2245
478
262
1966
676
1493
96
805
2046
1355
849
1186
1909
2180
2691
2007
650
839
1534
1425
3611
1299
161
1121
408
181
1022
802
727
1928
721
323
1757
1276
192
847
469
359
943
126
697
25
1023
1875
2308
81
2603
608
1807
1814
1935
895
846
128
2479
2600
459
1785
2361
580
1796
1882
566
2319
1872
2899
1035
485
178
543
3085
1332
276
1038
2448
511
2076
1364
928
1053
2120
669
1178
397
297
1402
2725
954
2817
949
277
1531
332
2905
1650
2423
1316
1486
1552
564
1762
674
460
1709
1293
1588
906
1424
413
3209
327
931
2417
693
1658
2914
1710
981
1836
1122
735
1111
428
1469
2697
583
1483
1198
1971
1138
1894
2630
648
17
2759
246
1051
3012
1171
2572
439
750
779
1799
1924
515
2442
1181
1551
2830
1108
1453
2524
1460
50
2272
3055
1670
897
2011
152
994
1456
572
384
1192
1222
284
990
1844
179
2535
1774
1905
2036
1197
640
2443
1177
991
956
548
153
1352
506
2115
2387
1281
1193
702
703
707
1598
318
271
1572
1897
479
239
797
1359
1786
2538
1403
1172
704
1638
1134
836
978
342
1798
1568
638
2742
1686
2085
755
2707
127
99
2876
2100
1841
830
932
1488
444
1941
3164
319
314
944
770
158
1048
2620
914
210
2503
2919
1513
270
799
639
102
1949
637
873
2147
855
1395
609
2683
1361
1613
656
654
867
2398
190
940
772
1563
2400
2733
133
1553
678
1009
392
649
1219
1064
169
815
1862
1491
1608
1374
206
1561
1660
1389
424
2009
426
1767
273
3360
963
534
184
243
864
771
134
76
2420
550
1025
453
868
343
2436
1863
2025
739
1426
245
777
1021
1306
1584
1272
992
2193
1423
1434
1066
410
664
10
984
596
941
1496
1726
260
1026
304
1229
1624
706
1078
823
1187
1322
197
574
1864
714
1367
1497
824
212
1031
298
899
1765
537
2528
495
476
1784
1013
782
2052
1065
176
1667
3119
45
2516
1104
1459
911
1701
935
1004
2580
1899
590
1328
826
1220
1284
1641
1129
406
1369
49
42
1586
1615
242
2064
682
1076
1435
95
1036
1141
123
995
475
1130
1461
983
547
2158
2069
811
211
1107
1256
889
316
1270
144
2122
1648
568
841
396
379
1484
394
326
432
452
1370
289
287
324
1040
85
490
834
1366
1475
1647
188
3321
336
72
1702
391
1213
729
884
30
915
879
2137
1528
281
1830
1331
718
2381
767
800
1673
1336
1427
1637
1582
660
1237
470
2845
591
73
135
832
1746
218
598
1259
1279
2738
163
589
614
573
1278
726
2276
1214
1509
88
1500
923
603
514
305
1466
2360
2244
700
1983
1384
951
1136
1057
2255
309
1100
59
520
557
1098
953
1729
1231
929
1298
1848
259
275
122
1200
1103
177
1439
631
1539
1183
361
1629
186
1167
43
1073
497
809
2197
2190
516
2043
442
1190
325
675
240
1973
241
2915
1826
1252
1001
227
307
1271
357
840
1133
1548
1575
776
145
496
468
558
835
962
335
140
446
822
398
26
233
201
2609
1079
1
2655
837
2416
113
1005
986
1194
267
293
581
505
626
859
2200
1517
774
582
0
224
422
238
1096
517
146
1617
2175
2406
624
35
778
1430
1865
620
2091
842
1741
1518
1823
747
1581
420
560
1010
110
252
1760
48
237
2074
594
407
1609
539
812
1241
856
1338
147
870
8
294
474
712
1149
366
120
1275
457
875
454
220
903
1347
403
1931
1642
1938
402
793
1540
672
429
185
1030
353
363
1995
658
70
12
1363
57
977
925
121
1203
440
1470
261
331
535
862
160
111
373
465
15
247
141
235
1301
489
902
933
1018
125
528
1003
386
754
634
753
347
417
1285
627
1711
1289
1143
503
477
69
525
1091
425
845
286
330
467
519
667
1080
279
381
569
213
250
51
221
938
450
290
280
813
156
39
687
473
215
980
494
1610
354
166
1007
67
763
272
46
1131
292
355
404
445
659
900
117
1170
41
38
635
168
509
283
549
613
344
1731
734
585
504
681
1976
508
306
143
274
255
78
1059
1505
27
527
97
1665
741
643
251
1037
518
18
1102
1218
205
352
1152
1024
79
491
256
390
139
254
761
883
1117
526
229
216
20
174
165
89
52
291
228
193
749
142
340
579
554
195
1063
399
576
71
40
551
502
599
567
14
232
1086
587
880
486
641
541
869
689
7
451
36
412
3
116
108
1428
792
790
321
1239
131
449
55
773
692
448
310
157
456
187
60
1792
155
248
191
183
132
94
970
696
104
926
387
419
129
151
98
53
150
372
105
346
91
348
44
415
203
375
33
253
61
172
236
66
124
62
