4669
2692
6656
5412
6904
2587
2584
2583
2582
526
517
2469
4053
8266
7491
8097
6533
2360
5547
5566
98
5605
740
6934
5649
4177
6488
5657
5712
2045
2003
5522
6439
3938
7544
5190
336
3210
7755
6785
5133
3094
205
3079
5252
3028
5276
588
5289
8090
209
2925
796
2892
6671
6855
5009
5334
8053
6668
4982
4957
8059
7156
2729
5316
5724
2331
1838
4537
1766
8654
1473
1292
272
4318
6064
1084
7298
4890
1149
1096
1155
4513
6060
5997
8748
8974
1385
4700
6814
296
4947
3925
6389
7900
1690
2505
340
3835
8645
2837
6700
4583
6654
446
448
2611
6270
4540
4550
4478
6010
8392
2431
382
4254
632
7499
8449
7489
6175
6440
4441
1805
8560
1990
3939
6491
4059
8730
8384
2062
5226
7340
2724
2381
7257
2332
511
8962
2944
279
7018
1638
3584
1386
4895
7434
1475
4753
195
5491
2641
8100
7790
874
739
3532
5326
2088
6973
4575
4420
7192
1639
8641
1665
4450
5865
6997
6991
1286
8617
7055
6419
2152
2758
2518
3044
2712
8024
8044
7317
608
6830
6751
5639
6548
7721
8628
386
5948
6093
1516
8651
2406
2234
6256
7637
8692
7614
1206
8310
682
8986
8406
2845
249
5131
7242
4844
8172
8360
1686
7936
6924
8875
2580
6941
4995
6794
6362
2809
2900
6971
2901
1898
3112
929
2454
1911
6240
8066
1982
9009
5100
8982
4387
1075
5147
8942
1140
6273
4206
1224
5350
413
2769
1373
1300
1291
2154
8719
8820
5545
5346
8373
6096
2994
7376
6107
800
8037
7884
7883
7225
2888
320
581
8091
4716
2968
3488
75
3641
3871
3561
1503
5424
4267
5224
4762
536
4658
1922
131
7724
741
4013
7079
277
4382
335
5621
2667
6893
4529
2344
8718
2296
5568
4632
5510
1569
2099
5504
2185
8912
5451
8725
6125
4354
6461
3649
3750
8541
2697
3743
4189
8971
1997
8345
6147
8557
4247
8614
8603
8677
5303
1454
2373
5250
451
3699
2243
3700
1270
7859
6910
4394
2127
12
7962
3279
5661
2952
8422
5587
2203
7831
9056
1950
3375
8717
3285
4458
7583
2451
6347
2789
5148
243
8739
8335
8882
4719
3425
3129
313
4284
8697
7547
3740
5149
6701
612
2477
7877
629
5710
99
9007
3204
3430
8254
8277
6542
3847
6132
8157
7326
4903
3951
7439
2659
2307
6393
1987
5158
2000
4356
1867
8339
2283
2385
3710
5862
8010
1715
4708
8245
8042
6215
3026
4454
3200
5953
2897
6571
7349
5732
727
4268
33
2972
7433
8236
4704
6143
3867
4602
4511
1816
2604
5193
4530
5465
5118
5869
3556
8420
3662
1233
4063
7960
6799
8775
6733
2187
1336
5279
4827
4720
2166
6312
736
2478
3503
1835
767
2443
393
2739
5215
323
5347
465
1959
369
5096
6113
1428
5562
8186
5781
6494
1763
1650
6160
754
6216
2825
1038
2645
3927
2056
3261
8387
2194
2049
4236
2009
6476
3823
2617
620
5360
7855
1533
4863
6128
7364
8072
4654
777
1794
1850
1653
3889
4836
863
510
3552
1045
3839
7172
5641
7083
7035
781
7341
6207
7301
4200
8221
893
6938
1967
5915
1803
3479
8685
3675
2169
6511
8005
2178
2031
7792
3534
7675
8629
7194
4760
8267
2168
6641
5108
2046
3095
1173
4194
3459
3512
4574
2039
6360
7827
559
5623
6555
3701
8368
8830
8465
3707
6812
1202
3410
7402
2484
2083
1980
7027
7291
6407
4136
6057
4585
5264
835
5045
3382
4264
7280
3253
5569
2501
1760
3798
7664
6866
2186
6575
8813
735
8669
4614
585
4573
4008
2043
7838
7886
1759
747
3911
7537
3716
1088
7460
4623
5445
1709
4294
8606
4381
7113
6467
8134
841
183
8107
3837
1487
6594
520
5259
6504
508
4509
7342
2014
2085
2850
1818
7929
3979
8227
8945
9035
9014
3885
6131
2053
4833
3678
3158
5122
3115
1288
801
3104
6232
8793
8260
1434
71
7032
4363
641
7759
5420
7535
337
5846
6587
5372
1661
499
2149
1655
1852
4153
4739
8054
5448
702
5194
5287
4192
584
724
3811
3878
2362
67
730
6029
1568
2065
5936
3650
5186
2245
7323
2904
4699
4966
2579
3324
4378
942
1777
2172
1880
2165
3069
7795
1494
4872
31
2225
6350
5298
5530
1769
951
1855
358
5300
290
2591
4955
255
7436
2299
1449
1933
6510
8242
7503
5359
5838
4403
5684
3579
8348
8590
4497
7450
2813
5778
177
117
3374
4088
4495
7714
6811
922
437
1577
660
3132
190
4486
1384
5425
2597
334
2082
6397
5161
4893
5760
4556
6651
5554
7139
2673
1047
793
4417
3514
1323
6723
2956
8074
3316
4676
344
2001
8111
2425
6122
8027
3539
8033
5874
6309
454
396
7452
1484
7722
3496
5327
3015
1440
8323
5411
2117
2300
776
5429
3753
1499
1721
4610
278
7255
1913
1992
276
3231
3873
4979
3782
1632
8001
5864
6287
7945
6835
8232
8445
6670
3368
7902
7611
7564
5423
1282
3590
1471
1429
7915
819
6658
7913
141
7869
3047
8601
8663
1370
7588
553
7593
6854
8404
4757
2070
7116
7495
132
8458
8743
361
8844
1768
8162
2244
5909
8947
8675
2105
4948
4139
3511
4601
5408
8993
7171
6861
864
8958
6424
7201
1485
7801
4042
7751
8058
6086
4744
7952
5820
3796
1127
7131
6524
4109
4624
1175
3111
2764
1893
993
7468
2760
4474
6719
261
4822
432
3019
3423
4227
5336
4640
5713
5485
2882
6969
1053
909
3421
5702
3064
8760
6708
4256
6845
3023
3130
1994
3681
7296
3583
5894
5692
7625
4581
2466
7812
102
185
818
8118
694
405
1965
4022
845
8834
1778
1614
4174
7207
2656
8908
7279
1619
5672
8613
6495
2037
6191
2164
4430
745
1119
312
1214
4804
2396
4141
7641
3732
7228
2073
6118
5318
8737
7031
5200
6179
4171
1592
523
4475
7916
1151
7311
2613
3861
8872
8309
7922
2790
5646
2315
8343
3049
8088
4237
4649
6731
3625
8423
8635
110
3728
7872
1772
6239
7158
6173
3992
2428
6979
3741
5742
1630
8836
7592
2392
8762
5116
3416
8582
6115
1397
8777
8547
5008
5311
4518
8030
2206
524
8050
6449
5500
1594
7782
1064
7409
2976
2250
399
2314
7390
2051
4736
7432
1531
1813
3137
268
8910
4144
6523
1651
8571
1975
7577
706
1764
3483
4233
6610
7701
2455
1340
4204
7799
5443
3817
5989
7267
4447
686
1708
3097
933
1367
5239
5095
8182
6425
700
853
5274
7108
655
45
8808
3671
6387
259
6873
1505
4095
3695
4931
1899
6399
7512
6507
6833
2805
876
8318
7927
22
6760
6356
7345
3684
8389
6887
2765
123
5201
5374
5751
2648
8999
3810
1024
8859
880
2747
192
8198
2008
7274
8055
4746
6109
903
3004
3060
2057
725
4562
8056
2763
3537
2663
2839
6657
6257
6768
6554
1767
4337
5352
5370
6531
1048
586
7771
1007
4980
3092
6231
2856
3114
3188
4866
5409
1319
2063
2799
1217
3456
2081
1547
6631
5366
4056
8466
3614
7966
1131
861
1190
2142
4877
6361
751
7335
8746
4634
3498
8302
2711
6489
2606
2708
3638
6822
4479
225
2435
7829
8515
9058
9059
8630
7140
3168
7444
4238
4661
5126
8646
2468
2338
7783
4920
6759
7989
5565
695
8382
347
7046
3933
6616
6321
5761
7191
1117
4557
8501
1578
1062
5625
2158
6478
6415
142
8403
7980
3593
4187
8852
1133
1150
6376
1875
4476
4664
4496
1723
601
5611
7793
8949
4783
4648
7832
5738
5258
3381
5746
6369
1066
4079
7529
756
1199
5383
8623
4682
2576
6206
3530
4742
7752
4466
5389
1076
2980
1866
8018
4806
8085
4429
2239
6464
2773
5080
2719
3152
5208
2559
7981
2627
546
1573
1878
2497
5467
3280
1285
952
2470
770
4803
3442
954
6250
7930
1301
6003
498
580
8523
4660
7366
8899
4117
2479
6546
8715
3281
6935
4266
8247
6172
542
3346
7348
987
6758
8256
4547
4825
1103
8903
8832
8660
8084
4315
2935
2969
8713
6561
6783
3831
2564
3562
5470
8573
8405
4514
3265
7666
5068
3703
1315
3495
1903
3520
4110
4126
647
6402
235
5432
1167
1456
1819
7969
923
3246
1091
2541
7560
7354
6501
484
2316
7104
6079
4695
8835
6433
4272
2905
3053
5049
3995
5726
3797
7167
2803
66
6390
3899
6099
1648
4672
8297
4517
3591
7054
2200
3977
3651
1476
5794
4792
8009
4491
3883
6680
1685
100
8180
5322
2918
5337
1565
593
6672
7813
1439
8444
2978
1409
5438
2177
1311
160
4017
7249
6492
3557
7963
8543
4089
4215
8029
460
3958
8421
6789
4103
3441
4636
8370
5127
3989
78
4857
3385
1879
5791
8670
8954
7865
1712
5356
5284
6891
8320
6921
2340
534
2292
1107
8785
3323
50
4582
8753
445
4891
2464
733
3337
8394
2558
3978
5698
3985
6426
1672
1697
6007
1275
4316
5047
2297
7154
1283
372
8324
2275
7951
1550
4406
4548
4597
476
5401
7127
7322
104
8096
5013
5177
7413
1832
570
3040
8649
3214
8953
411
7184
7599
5680
5579
3944
175
1730
2216
8716
5932
6842
3711
5245
6632
2970
3238
760
4930
1207
7998
2821
3990
6763
7169
3030
7391
8589
6446
1358
2748
3360
4620
7394
118
93
6217
4263
938
1027
3941
8940
7325
1567
1490
6738
7650
3994
5039
4426
8784
5854
8871
7141
8226
8228
7303
4066
6643
6248
3922
4628
5281
3720
3833
8639
3407
6129
4910
5246
8101
35
3084
1387
3048
3457
4034
3683
6629
303
1621
3882
5106
6717
3549
7442
3036
2650
149
1331
4552
3039
7538
1923
1326
147
2351
8014
8175
8619
7143
6403
4697
8048
2480
3082
8862
2916
1724
2160
237
8799
2784
231
5815
1754
3005
4693
4533
6802
2728
8676
3961
4701
8682
7748
4521
8823
6877
470
8502
6249
943
3565
2702
4593
4390
4330
611
7252
7459
5206
2755
3803
109
7329
6051
3739
7181
6006
5378
130
331
4455
551
3746
7522
6020
8851
4184
362
3598
4555
116
5553
212
8199
2896
7781
8
1357
7800
7730
2097
4722
6781
8388
1952
3
7058
7203
674
2654
3891
2985
5674
5847
8506
5377
7814
8822
8825
7370
6011
5892
257
3176
914
5509
1629
4224
401
4577
3998
5072
2093
935
9039
2655
3915
6405
5914
3391
8831
3724
1956
3353
567
594
1532
1272
3038
7142
8124
806
6324
5940
5848
4362
1134
6417
6475
21
2366
6800
7791
4551
3477
6882
3854
4938
5368
2078
6111
2120
4882
3602
4789
5816
6563
154
809
8850
8870
8800
6183
6269
4467
2791
887
1808
3125
5872
5466
3558
6181
6693
3679
481
3669
8164
4535
2237
421
3594
4154
7606
8145
2064
456
4410
6375
5162
5269
7118
5489
8170
8520
453
5232
7103
1108
3056
7126
989
5515
3541
8462
4290
1158
1598
6946
1479
420
897
7908
7195
2054
408
2804
1124
6471
2524
2971
3435
763
5734
7111
6210
6229
4998
5683
6182
6878
8598
373
6669
2179
1244
4397
5898
2418
1416
6343
4917
8414
7579
7764
7758
8210
7806
1920
353
1156
8854
2319
6900
4102
7497
4093
1756
8797
3596
6876
8620
3266
7418
7305
525
5452
1631
6381
1827
3315
7662
1872
6263
540
1235
7403
3191
2061
3851
459
3809
4427
869
6649
1035
7189
7882
4912
1942
1669
7458
2236
1426
8693
8935
8996
14
3180
2844
4058
2390
5601
8131
47
5969
1958
4240
61
6081
406
8936
8156
6021
198
4064
1743
6714
6961
5384
1739
3487
3876
2271
6754
3792
159
1848
7414
189
2112
3138
8095
9048
7081
3163
8643
6674
3706
4125
3057
5253
7088
7709
8469
8884
1457
6140
6515
2258
4651
5608
3234
8584
644
1352
4536
7928
5021
8065
816
5535
7763
5251
7109
753
8248
2537
215
5001
1268
8636
827
1843
8128
1255
3667
7688
6236
5539
5042
4046
6579
234
545
4880
1081
115
3325
1239
2265
2787
982
974
2757
5942
4249
8869
1379
5670
5267
4534
1737
2768
6537
5348
3968
27
1846
4600
7072
430
2731
5234
8761
3948
4922
4510
6585
538
479
4460
718
5181
1859
7803
2928
6968
6627
4050
4527
1970
8484
6901
1182
2691
712
5664
3981
5643
3196
1695
7642
3133
932
1888
6208
3000
5929
8415
2629
301
5026
84
2483
5584
387
646
4749
6976
557
762
7331
1092
657
6197
1887
5355
2964
2494
5924
2800
5335
6448
6776
4421
5512
1636
4438
9015
3946
5818
4560
4758
46
936
847
341
2508
1339
6595
1842
4070
3872
4005
447
2745
5801
7259
491
4431
5428
3326
3022
5716
7084
2552
3304
1891
7985
7087
8361
2941
111
3765
2198
5840
4665
8550
3827
6026
2095
28
4018
357
2084
1545
6180
2391
940
4470
953
4558
4639
4027
1571
8416
8019
4276
307
3947
1126
4115
4434
6837
3278
6547
8749
8494
1792
5792
3075
1219
3917
6337
7580
7681
2491
8512
425
5235
4219
5052
7085
7251
855
3436
4670
7098
7712
7425
837
7375
6582
2642
4627
8977
3366
8165
2015
5168
3067
6484
5594
6513
5561
3309
4257
6707
4526
1360
2233
2616
8926
8925
433
4892
4307
6850
5739
4111
6675
7689
4543
2875
4295
6105
8706
566
4854
2375
4839
2021
2361
6735
843
5700
5843
3574
1918
2423
8897
1863
6261
8161
3250
3780
6331
5034
3135
6720
6032
3996
8220
1004
3183
2157
7591
3852
1366
7112
7798
7821
2946
6221
8495
4446
286
2651
4129
7202
4705
4368
2487
5255
1851
2534
9037
3093
2034
2303
7638
1042
5994
6028
7028
1026
7598
640
4243
2388
6307
1396
6624
4685
3086
3305
7858
8849
5928
5283
7864
971
2276
6744
496
216
2738
4091
289
2227
7984
1894
8939
8934
9004
9016
8959
8061
9013
4964
8985
8976
9044
7996
9042
7973
4710
6198
2047
6526
8390
5823
7174
8873
8456
4976
6040
5648
5117
7959
1195
1974
4779
180
5357
8581
8742
1335
879
1170
3729
7828
5012
1227
4327
1947
4336
23
8561
3965
8747
4579
1634
5521
284
1750
899
8790
8548
6560
4462
3828
4888
9021
6808
4944
1896
8028
6981
6166
8305
1141
2337
8904
6435
8268
5349
946
3131
1010
5779
7845
5171
1077
6549
2949
4270
7233
8069
7921
4790
5939
1702
4865
2504
3440
5572
1258
65
3543
7063
4146
5907
4020
8026
1574
2409
4576
2772
7319
7644
8741
6346
5060
2595
7557
2161
3779
1318
2732
3763
1745
5222
6664
6684
3718
8344
4076
8288
8155
5537
1372
1860
1781
2945
5976
8205
4943
2421
758
1749
1659
4508
7134
1408
5204
2907
3482
4019
4506
4828
133
59
4000
2089
3894
136
4899
6076
5926
8671
6082
5598
4631
2197
187
3148
2929
6540
3774
3957
4845
4835
7843
6311
4578
148
4731
7162
2286
7767
8233
3550
8264
4802
2495
5051
5849
3428
2193
851
5721
2389
5986
3966
6797
7737
5301
5574
4984
2377
7385
3119
7074
3117
6512
5025
5549
8476
4777
2263
4277
6154
2353
6816
821
569
444
6100
1839
473
5011
515
4775
945
6688
8486
8401
3676
7464
6502
5957
1083
5830
6752
4807
3470
2309
8973
9040
8964
9017
7075
1375
280
8230
3497
4085
2681
375
6423
8946
709
7849
5101
4709
4568
6288
2217
222
3155
8625
5744
5558
6739
4261
3708
1652
7353
3787
6788
1507
3371
7696
4501
1681
5578
4621
1071
4494
7245
7059
2291
2984
889
2020
5143
3412
5961
6923
3020
2522
7396
1458
3330
1074
995
1790
7002
8191
4380
3655
4130
424
7411
1618
504
3736
4493
5805
8703
6159
3329
7699
7166
7484
2248
5905
7407
6044
7773
3046
3099
4963
4674
3364
7912
7196
6078
3345
7297
2718
1544
2536
8004
7636
1910
2865
7897
1930
4118
3481
1608
4033
3101
3658
4004
239
5230
4830
2750
4481
5406
728
4024
7780
8701
1297
5260
1159
6421
1
704
1801
4841
4502
7144
3881
3533
2148
1988
8773
7024
2214
2446
4199
2734
7310
2370
5436
4369
6016
7551
3538
3473
4962
2675
8275
6067
7150
2590
5745
5478
8618
397
2661
359
4626
3235
2608
6371
6823
2951
2647
6150
4181
6527
7029
2336
1744
4217
169
3103
2792
3264
8140
5333
6933
4375
199
1719
6994
7616
1727
7204
1120
7979
8933
1234
7691
6602
1999
6025
5754
2831
8817
3510
4209
4482
8531
3288
1157
2981
458
1082
4415
308
2693
2430
698
3121
7110
7690
7787
1761
2926
1085
76
839
5044
3484
1472
6063
3943
1333
7746
8472
6083
5619
7423
6650
4308
4868
1072
4352
5718
1005
4073
1525
7667
1829
4023
1395
3219
1964
5305
7212
5502
1944
3143
6857
2104
7816
7
8062
5828
114
1736
4596
4119
1654
6677
7066
1963
6520
9027
2922
4156
326
7447
5419
961
6276
1871
7706
5046
1641
6313
7300
3577
2273
5160
3318
4216
4180
1422
6202
1901
2066
4821
3002
7030
1825
1692
3879
4587
991
3971
2957
3952
1436
287
1427
4488
8443
6380
2920
2328
2493
2401
6104
1605
713
8566
7186
3841
5461
6225
6567
5967
7456
6786
1735
8526
2429
902
1701
6335
4909
1881
3749
4399
541
6483
5015
7680
87
7304
2191
8325
490
4616
4838
2851
5134
1985
452
1822
6737
1540
8864
56
82
1312
576
2359
7995
7430
3840
2372
3003
3418
6957
327
4785
7061
5416
8296
8861
6881
5312
1363
670
1459
3589
2024
8201
8273
7473
4054
2474
5202
5107
2025
2927
7508
7250
621
3656
2347
1040
7082
8209
4935
6652
1815
6090
7369
3372
275
6463
5917
5129
2640
4166
3365
2878
8759
7226
8204
3521
3475
1961
5210
7918
1413
3929
7149
8284
8283
8867
1853
3974
5708
24
4991
2115
5679
3849
5238
6574
5020
6189
6308
1925
4638
4770
449
799
2496
881
8103
2126
1691
2815
5925
9033
8957
8975
3778
8826
7702
2618
1645
7377
7612
992
3864
1374
2208
1316
2938
1480
1791
5580
4567
8579
771
5689
2367
4145
5296
7153
5733
2091
6727
4293
4155
3793
7582
8143
1215
8160
4504
516
7924
1971
4072
1303
7866
7231
4647
86
5376
4633
1572
6015
5637
1028
5536
1460
2989
6209
2598
2213
6359
2684
5655
72
5837
7639
368
8016
3611
7933
3370
690
6728
7302
6080
5749
1682
3034
2458
8364
2059
4191
1254
7950
6839
5104
1293
442
3091
6937
7474
53
3725
1604
6843
1892
8806
8544
3225
8490
3213
522
6497
6713
2585
6841
6094
163
6203
2532
1196
4100
346
6490
2460
3156
8450
5887
4702
6334
8735
1000
8563
8385
2557
3663
3959
4152
1528
857
1548
7772
5184
3321
4883
2502
7568
8451
7289
752
3432
7802
2471
3822
4326
3928
1932
3737
6370
4202
705
994
4328
714
4696
4936
2828
8400
1388
203
6008
4761
4613
64
7312
8356
8857
3689
8510
5457
2967
6592
8447
860
2212
1817
1728
2270
3982
2264
2726
850
238
4756
3120
8178
4301
3674
7823
958
5033
6157
4258
5139
2405
894
8249
774
1637
5604
2695
7208
3307
4940
8684
8622
8668
247
3207
8346
8322
6581
4808
5390
7905
2707
3161
1660
8285
487
2281
240
4528
1601
7359
618
7219
1623
25
2223
1831
1337
1921
7443
6862
2434
2076
5629
3403
900
8736
7553
8530
8517
6034
3424
3258
8638
7234
5550
7475
6689
3298
322
6603
4132
6422
3017
3693
4291
8788
2404
434
7026
4853
3814
6410
4400
2547
7518
4859
829
143
4809
6682
374
5271
8441
6458
4133
3142
692
4312
5469
715
3291
6912
8139
5695
604
2363
8418
3174
2752
4185
4244
2523
8174
8211
1779
1065
6787
8087
659
5369
886
6406
8491
973
5711
688
3519
168
273
5719
1160
6920
4371
1104
1362
5772
4949
241
467
125
3570
8463
2044
8341
8146
3297
1717
3492
4172
1269
7875
6291
5449
616
3860
6853
3576
6199
7991
3146
107
1306
1780
2407
5254
97
8075
7972
4377
1919
2913
7426
3467
3446
589
345
1869
4977
5985
3186
2885
8039
7173
6810
1412
8758
8766
9034
6418
5897
5878
1030
7096
759
1180
6482
7187
1689
3848
4544
846
7939
7227
7857
7038
7811
4148
5519
2498
7600
7107
1720
5853
1013
3705
7896
3116
4298
194
596
4448
8681
8503
2334
5454
8237
8083
1070
4201
6136
6151
1260
7238
8367
8847
5074
7770
1145
3054
7230
6102
4675
5481
4099
7365
79
497
4657
4226
8012
5804
2615
2824
4386
6054
6849
2101
527
6274
4787
5295
4193
7862
8379
4799
2894
1995
3239
5642
577
1289
8535
4908
2284
5299
7558
803
1177
4734
3863
4867
5589
6438
3449
3096
797
5596
1341
1580
1591
5980
3572
3460
3076
1320
6747
2125
4469
3628
8568
2686
1755
5810
8858
7587
4142
3272
1290
3934
6925
8354
5277
4173
3761
5032
3812
6296
5819
8694
5557
2171
6761
1986
30
3343
7733
2467
4878
3691
3411
2302
8222
1663
6977
1996
4572
5150
7570
5959
1063
3757
4035
2246
1513
4805
4800
2517
6530
4190
1313
3356
2146
5842
2488
8810
3918
4028
5386
4590
7016
1489
6201
8950
1421
7446
1401
1969
6268
2413
8658
7211
2988
7001
139
7685
2026
8728
5361
6281
673
4087
492
8877
349
5787
5022
2553
834
8599
4928
4112
8648
7337
1433
3206
4811
8362
3950
1342
3931
8173
2153
4662
783
7533
6156
1937
2562
269
6430
2836
5913
4823
4794
4121
300
5827
1596
4025
2607
3760
8046
427
2017
8516
3201
6940
5651
7744
3355
4361
1152
7094
2834
721
3722
6374
4717
1527
4549
6277
2295
645
6119
3608
7734
7478
3037
8607
5263
789
4339
6167
3506
3247
6158
5343
8025
3499
2703
6709
3657
4499
5421
3500
2740
8876
3535
1488
8411
4926
5517
6224
2312
1746
8792
2482
6265
3631
4078
4950
2114
3236
3845
8801
3696
7546
5610
9030
6821
5797
6357
1900
6295
389
1977
2255
4057
2538
4084
2704
2229
5338
8492
3105
2204
3080
997
3179
468
5257
8040
8662
4416
7727
129
7494
882
8133
877
3341
5965
5474
6545
7520
3032
5866
248
5170
3303
3805
729
5381
4331
6035
5043
3544
9043
7940
7935
9012
8987
5297
7654
8276
4728
2267
2156
2943
4061
1677
7130
3249
8144
6647
5069
6444
2840
5731
8287
5571
3764
8588
3218
831
7513
1482
462
6959
49
6292
2737
1935
3489
3349
537
6694
2665
8271
1868
1262
5082
416
7193
297
2889
7698
6703
8795
4594
236
8229
1380
6259
6451
3472
5174
2190
4569
311
1834
3394
8555
8752
2510
8171
2867
3317
3522
3874
2869
1554
450
3808
1204
8554
2829
350
4698
3924
2030
4011
3400
4250
1751
2880
6213
3313
2181
8538
1161
3618
5756
8330
8866
5197
5765
4477
1477
7009
7269
2448
3913
2449
3347
3263
7873
2696
7788
2539
3916
8022
639
4622
6358
310
1731
7051
1089
5152
7129
8153
4487
4721
457
5798
4444
6298
6818
6614
6045
57
6637
2135
549
941
8478
8731
8532
7455
2209
1538
8691
1017
6859
6279
813
5991
1622
167
4512
3665
8794
7261
1351
8922
6655
6126
1438
4090
8804
5085
6392
1496
7891
5996
2635
5041
7240
6909
2973
4359
2511
6661
4788
1469
578
7090
3937
3853
256
1059
3528
4014
5396
5036
2948
6072
4465
8448
2348
6323
5313
5237
8600
3149
8314
2384
3311
422
6149
2698
6050
6516
7797
6002
8045
3769
7743
5351
6702
4212
4364
2998
2823
6809
1675
7532
969
885
8102
6640
8032
2975
3886
2589
2445
5518
6043
1098
3806
7975
5213
6945
3431
7401
329
7807
4563
7903
6617
4188
7947
7457
5084
4051
8704
8105
6447
94
4969
2180
4251
3010
3405
5534
1858
3284
5835
8580
6612
6528
8824
5057
164
4060
2274
7360
5614
5581
5592
1419
1008
1263
7601
6084
1317
8293
7333
2857
4461
37
1698
8664
5582
7287
5422
8355
587
6466
765
4398
4203
3659
4668
3007
8163
5784
7835
2716
1176
5064
6743
1742
3802
3636
81
6699
972
1515
7566
1526
8744
244
8386
8961
4689
6186
6596
3008
6916
5693
8686
7659
4832
652
8787
6061
1209
2796
2259
8104
1696
4766
8020
2380
4619
8558
2354
2848
2683
3212
7387
7613
8992
5217
4439
6112
6266
7392
2288
1674
173
3859
6434
8868
8480
2992
6922
5533
4990
6755
6073
4170
6863
1551
4993
8952
8721
3208
370
5956
2290
8114
2852
5667
3616
6499
2280
2862
8732
3016
2940
4655
3269
6706
4659
2256
155
4834
3486
1020
4452
7567
157
4855
7635
7836
1500
5795
4167
2914
3413
6322
7004
4077
2509
3704
2709
7328
8729
2842
5567
4939
6832
3448
1588
6163
4428
6836
1968
2349
5362
1163
5638
8709
7292
7753
3395
4248
3697
2436
6481
924
4973
8427
5966
6749
8632
2382
5092
5529
4986
768
1474
4198
435
2069
5626
4667
7762
6315
4772
3830
6698
5099
1307
2242
503
3273
3892
6996
5600
6214
4663
1984
2701
8633
4763
7440
426
4101
2736
8077
3029
2864
5137
1445
838
5832
1354
685
4210
4347
3607
1241
5054
3216
5785
2050
8060
7822
5532
6327
1189
4683
3682
262
7602
8289
8907
5934
3072
552
485
4043
5933
7209
69
7160
7521
6176
3582
3842
3829
1329
3361
1465
2876
804
285
1951
2960
5944
7033
7467
3742
7200
3501
1310
778
36
568
622
6018
4039
4713
306
2416
1166
6804
2886
6120
5130
5371
7067
5056
4353
4907
7784
7552
8909
8929
7246
5463
6300
1694
4002
1747
5831
19
5841
1841
3254
8193
5858
3292
6305
7073
2662
1556
2881
8963
224
1441
5634
4032
4559
3465
988
1232
757
4292
1954
3635
7285
5273
6275
4207
4443
5723
227
4801
8578
1576
2530
3362
633
319
4773
2215
3983
1029
1466
737
5288
5586
2175
8943
1122
4879
3991
7077
3450
1876
1452
2820
2074
3194
8190
5365
5895
6928
7603
1603
6791
6742
7844
108
6989
7710
8780
4780
6039
7214
2440
3333
1857
3283
3237
3181
383
3244
5403
2987
6404
6838
5179
4221
182
8883
7540
1432
1171
6139
805
3586
3021
2183
6385
6108
6712
4733
6293
6995
2447
2272
4436
4923
3377
6987
5632
2313
7408
8610
7358
8079
1908
2958
7584
2906
4222
5136
1680
7123
6796
4603
2311
2620
4522
2325
6536
5447
1242
6952
2525
2457
2847
486
6042
6888
3059
2289
8855
7850
3648
7397
506
3139
1836
5652
722
2182
7161
3935
8565
8215
830
3560
560
6544
7177
7604
7379
3127
5062
960
5195
3600
5225
3776
4688
7728
7994
548
9031
2715
5993
3643
4432
3150
9026
9022
1929
7138
1238
3088
1518
8881
3447
8542
8419
4341
385
6519
8616
8086
2490
5595
1350
2155
1273
4409
3766
7483
6220
5002
3923
7152
4106
6793
780
1582
912
4182
5620
4401
4205
3970
6286
4617
8488
7971
7735
3890
5673
3748
6517
3575
7437
4176
3507
7630
2535
3295
1509
8294
1820
7092
5499
2542
7682
4127
8280
1882
3623
5886
7117
7874
1807
2954
4735
5395
1481
2254
6962
6023
288
3786
8166
3795
4611
3160
5881
4305
6686
3358
2614
478
6856
6238
4941
4666
8559
3409
7809
1417
210
2
4160
5880
2990
463
2005
2098
7627
4246
6000
6815
5904
1019
2887
3694
5665
6226
623
2403
5950
1948
3452
5873
4703
7062
8827
2639
4852
8115
7889
2450
7133
2139
5102
3621
3525
4812
1146
7840
6623
1809
4715
5583
5669
7213
5627
1706
2261
2329
7999
8672
6106
294
512
7017
4065
4134
8699
3445
8508
4370
7466
1194
7548
1330
1926
4036
2298
5768
5962
6955
1644
4564
8413
6984
8763
1034
7308
3429
5460
3100
73
5495
6869
9055
3202
2622
3491
6750
2838
4092
4213
8521
533
7264
232
1546
1981
7097
4472
5520
7555
8591
1406
4671
4433
4392
638
3024
1349
8514
7736
3203
2531
2199
8915
1520
3542
4781
5775
7841
2573
42
5844
3220
7327
4889
1560
4608
4975
6860
6990
6875
7290
1915
8169
3668
495
2806
833
4813
6117
7493
5294
3282
5813
2100
675
8119
5885
8195
9025
7449
4220
2908
88
3588
7294
2221
5400
4630
6790
6899
4082
3107
513
7663
5955
8513
2660
4313
605
6062
7543
5893
4937
4296
6573
5691
7336
6600
9038
2019
6164
6543
8724
1442
7925
4055
6773
5814
3816
5696
1671
719
3988
6508
7590
867
7363
609
5373
2393
7632
7826
4169
2870
2072
5156
5382
8811
3690
6465
3887
1890
4325
792
1305
1599
5464
2717
6069
2808
4075
2766
7007
5728
1543
1044
1955
4342
7498
5061
3731
5951
2408
4829
8426
7334
5392
7968
2060
1478
2600
7596
1559
507
2843
152
5743
7511
4333
8303
4782
5896
1797
6819
4080
6930
2646
4900
5782
579
4319
3548
2744
7661
2122
3402
4607
3789
708
678
4442
5196
8960
101
3967
6363
1278
637
6834
7256
5038
6408
5483
4269
8860
188
8905
4750
5123
5954
528
5918
521
590
8529
7281
5597
4492
1211
1191
1230
3070
7362
2048
5482
2917
2383
6638
1972
5899
6659
226
137
1018
1740
6621
811
6227
5187
2690
2798
7239
1437
6792
5393
121
3338
1277
6691
1193
263
4945
171
4791
4306
5943
4335
3255
2596
6879
7040
7622
3660
4159
8252
9023
2249
1978
2087
697
1581
1111
8493
95
7352
7970
6445
8073
5492
8621
1181
3639
5516
472
2714
8188
4916
7260
2677
6678
7515
1810
2819
6988
7760
7534
2515
8043
299
5173
7856
2676
9029
4007
8047
429
826
1683
6820
5380
5078
9002
2163
6056
3759
6194
3973
4253
658
233
1938
726
7525
5570
981
4730
2503
3516
7410
2895
8151
252
2055
8944
202
8754
8430
8984
7293
271
6453
4195
4473
6338
5325
4740
1192
2666
2610
7485
8812
2506
3527
1298
4104
1216
1425
4218
96
7314
5974
615
794
6443
7179
5541
4485
814
7901
2868
6960
3367
4283
3869
5109
5577
3310
7178
4725
7048
8537
5503
6442
3172
8551
5705
3221
1483
4451
1403
4480
8109
6070
944
5879
3185
1321
4864
5645
627
5715
6306
1517
2143
870
1870
2912
5968
849
2130
665
2735
5358
1309
6618
5262
354
4814
4650
8377
3363
2822
403
2368
7668
6089
2609
4010
6817
3654
8845
4113
8240
3071
1174
6784
6601
51
868
8917
883
8098
2577
6416
466
2439
3027
8357
1562
6936
8489
6326
1624
6919
1575
6722
2038
4642
5884
4774
8126
7248
6667
1539
7332
2141
5280
9047
4545
5070
1393
5442
1448
3972
5546
4367
6036
5748
7983
488
7504
2785
3373
2861
7808
6847
8136
5342
2741
4062
6634
6204
6193
4396
1983
563
8372
4727
8459
8176
2339
509
2947
274
3768
3331
4797
7428
5119
2196
176
5006
1261
4652
8733
3274
1276
6066
4858
8399
6948
398
5488
1886
671
5513
5497
5666
4997
3715
7324
8487
3275
292
9053
1251
3536
5999
2797
5647
873
7168
8359
3396
7938
3334
5323
2323
788
7750
3553
4164
8031
7718
9011
7295
8507
6715
211
624
7136
8334
4898
2321
2364
7339
3144
6400
4300
2921
8783
6609
6153
2555
4321
5602
1909
5440
5526
5774
5103
2721
3758
1600
2774
2369
2742
2322
4414
3359
5166
4729
8539
8667
5686
5927
2512
2835
3378
7887
2833
8776
1169
6950
5699
366
2132
3419
4334
6318
3182
8274
7045
6696
980
2400
1824
766
7942
7217
7102
4678
8556
5293
3624
1447
178
7441
3178
5120
7078
6746
3256
1051
2891
7926
1205
1015
6553
2965
7824
6913
4887
6604
3893
5228
3302
1611
4348
6765
103
8185
1248
6030
5911
3408
8312
8197
8262
438
1099
3494
4425
3192
2982
3685
8353
3165
9057
1670
4411
5559
6740
4047
5340
3077
1741
775
3319
7804
7307
7273
270
4635
6908
5404
6038
1164
8397
3688
4978
6529
2251
6055
3735
8689
1916
8148
5444
5982
1748
6386
8041
1635
500
4870
2841
1953
7155
6576
2995
1137
5704
6320
3241
1602
7253
9036
4952
134
315
7505
1667
6486
7687
8567
3566
8035
4819
4418
1793
8722
8471
5528
3601
2689
3480
1144
7524
7492
5859
7404
5462
5803
5703
1673
5405
3807
1519
6412
7993
2939
2260
8846
7095
7695
91
201
218
2605
2570
7406
3513
6663
7023
6982
60
5552
6114
600
219
5023
3327
2986
2414
8774
4360
4140
5755
906
1718
3293
417
1052
5433
4009
4656
8612
5921
939
1991
6593
3434
1833
7015
8848
2879
4915
5248
8791
5019
7652
8338
3781
8843
4157
7052
812
1811
7218
6014
4373
3242
2779
1376
8815
1771
9046
8200
1960
4764
4843
3167
1006
5987
153
3564
643
2071
7976
5706
2075
8304
1225
5345
3268
9028
8927
80
2527
3605
5388
3702
1585
436
7879
3011
539
4884
1346
2884
5128
5941
3406
7732
8891
2966
6591
2365
6514
591
8771
4820
4691
6234
8511
3415
90
6254
3197
6951
6398
9
1212
3342
6902
3089
5418
333
4846
6135
5923
2955
6479
1845
3644
6414
3102
6825
7870
999
1142
2067
8840
2109
4918
4849
691
3531
3609
7000
7720
5275
6413
4897
8429
4692
7941
920
7122
5977
7388
6874
3733
2376
7288
4178
1121
6505
8498
8202
5315
5205
6174
3262
3504
2621
6103
5431
915
5135
4901
5777
1025
2499
619
9018
138
8583
6985
6565
1729
1570
1770
7953
1021
626
592
664
4934
367
7573
6620
4769
1800
5028
1738
916
1927
4609
174
2634
2594
250
3245
3960
2770
4637
6303
8080
4525
477
7571
8710
7842
4234
2664
5209
2411
3745
2540
926
8679
2415
330
4732
10
4714
1399
1455
2412
8879
5633
1415
8316
3545
918
1895
8243
5286
8149
2575
4162
7182
1789
1271
7412
3223
6826
6152
390
3401
2461
3259
2124
7895
583
5764
6095
6310
8995
642
7768
8642
2308
5901
6368
5088
5863
2866
2602
8955
1699
6628
1678
5243
3969
5762
4349
3799
6870
380
5937
917
2238
8138
7100
2103
1558
2753
5066
5227
5616
2232
4086
4343
8991
4778
7445
4197
3187
3267
8665
1949
3963
4747
8888
7132
5922
1914
1056
2687
3949
8094
6317
7266
4604
3414
1130
4796
2571
8218
3251
2722
4505
8680
5493
7683
7894
3653
3571
1296
26
571
5971
554
2426
2625
6583
8363
3630
17
6538
2402
2872
8052
8838
8841
2352
723
764
6770
4384
2632
6568
2699
3921
5332
1705
3762
3613
5998
7643
5812
9003
5889
8187
2959
113
6929
572
2129
3783
8819
5612
5439
1753
6687
4771
5867
2472
8147
5575
2224
7572
1679
4644
844
3083
282
7479
5763
4346
4850
1115
2032
6795
3073
4468
3794
4329
3517
8258
4625
2476
5125
3065
5484
4242
2282
8687
7658
7848
4741
8315
6566
8064
4861
8497
9054
4006
5086
3592
6097
1418
2855
2041
6493
3471
5387
5397
7427
7749
4239
266
5306
3224
4037
1492
1979
7501
840
8270
7206
7716
3909
7022
7556
6365
8705
7805
3001
3063
1656
489
1529
3986
7530
7692
2544
8159
1666
5164
7282
5876
7937
8455
5113
3260
5027
5146
8279
8281
5882
6665
2397
4795
1934
2812
8257
5806
4929
1031
7372
3205
260
8057
2723
3785
1775
6459
6569
2395
919
5159
7581
4965
5573
52
3866
3754
2343
2996
409
6123
7320
5682
5564
5946
3747
7057
5472
1897
1257
4724
8545
193
5729
5278
8644
2743
2486
4810
3712
2492
7705
4464
4561
7120
4376
7673
3905
1353
3698
7386
6865
7536
1612
1640
890
8409
7008
8913
5979
1405
3877
5075
6329
8994
8979
9024
7987
9045
8970
8967
9032
8989
8017
1795
8342
8473
7578
7276
3932
8802
2226
934
7747
651
5807
7754
3677
34
2386
5188
5591
5145
5236
3299
8998
7060
3751
4981
5363
8015
6942
815
44
7665
6503
3061
2567
5314
2379
5588
1135
2119
3821
4958
2669
1762
2042
428
2776
4745
891
8194
2569
7210
6237
3526
8965
1514
1814
5385
6918
1381
2257
1522
7490
5850
7318
6769
8596
8673
6272
1542
2279
7575
2934
6764
3692
4228
8650
7053
213
6027
5272
5599
4044
4690
5180
544
119
5617
3233
2121
3074
6993
443
1774
7037
2859
937
5455
3606
8457
3930
5014
2310
6966
8351
3339
1649
6302
3173
2810
1884
7424
7660
1284
7565
7506
2128
5576
3752
7465
565
8829
5172
20
4989
3919
7065
978
6048
7550
4871
4985
1826
5758
3721
6474
8007
7321
1563
1229
2794
3035
2780
2170
332
2643
636
8366
1324
5714
7330
6395
221
5735
7628
573
1450
5808
2746
2453
1256
5097
348
1243
7920
7164
6525
3308
1443
3767
7343
4456
2355
6844
4374
8216
4183
7265
200
6851
842
3045
4351
617
3926
6500
3090
7476
1823
3012
3376
8082
817
5165
5555
531
4404
4252
4516
6267
7949
4299
3322
7229
2345
1218
5456
4881
2094
8213
4737
7338
5112
6455
1732
6858
7165
2936
395
4366
3850
2612
2556
5635
3908
8317
4255
4067
2749
3340
5903
6271
3775
6450
8071
8597
8499
8919
6314
8772
731
6690
291
4279
720
996
1402
4532
304
6931
1812
2092
7830
4896
8319
4122
1185
3417
4542
2006
4956
1782
5802
342
5817
8980
8865
8536
1266
8655
3199
5094
3271
1132
6283
6373
2007
4281
786
7163
687
3290
6009
7398
5304
7106
8887
4128
4677
1259
7176
4096
7852
6732
3014
7429
9000
8272
4589
5560
2706
711
7223
4856
7316
3136
283
6824
5266
6457
7909
5004
7119
6590
7820
7723
9008
2599
3993
3619
1931
4765
8734
8023
8127
6521
1676
6599
2266
3804
3126
8549
2593
1123
2601
6379
6462
5450
7885
2268
7595
7243
1404
2561
2241
2357
7496
1102
7779
2252
6884
2963
6074
7655
2549
6673
8408
7761
480
5920
4471
3461
4041
6999
162
8154
4837
11
5678
1369
6460
5776
5675
1917
8576
5111
672
2931
4311
2145
7487
5115
4886
1583
4405
1359
6472
1287
4161
8479
7523
8893
4873
625
2102
5110
4413
7235
8727
2240
4942
3547
7839
4571
5413
5124
5707
324
5132
4885
1905
7562
2649
7268
4754
2192
5860
4592
3629
5676
3490
6218
8235
928
3888
7871
6734
6046
2720
1226
2807
3392
6059
975
8674
4776
1796
4848
668
6905
4751
7741
5292
4869
5053
4137
2398
2188
5615
2565
8652
5379
8464
8433
6871
7071
4108
5446
699
3896
7745
318
5992
7299
8880
6388
6753
8968
9006
3243
3211
3123
8013
5059
8158
1039
7482
3999
5091
1378
1613
2394
267
802
7451
8321
7861
1962
7944
70
3523
1541
8911
8328
3153
2961
2759
5757
3124
5203
635
6721
6886
4718
3587
3907
5947
1086
2624
8231
6211
1733
4071
4748
5836
2974
7356
3352
1411
2793
5427
5178
907
2437
8586
3788
7742
3404
62
1410
4906
3573
3062
165
9049
3578
3141
120
7700
970
127
3954
1201
5319
246
4902
7254
7145
1498
5636
9050
7846
2863
7656
5142
3640
6
7089
455
3585
5434
1267
1168
39
3383
6914
352
3568
4584
3451
1966
2269
4245
1097
2554
8519
3819
3217
1939
5740
4340
251
2068
4646
3228
4143
4001
6301
2441
6570
3195
7421
2262
229
607
6289
5268
1610
3463
6377
3940
6730
392
8460
3485
6290
6679
1222
6846
5394
1105
343
6116
2301
6101
7796
206
5662
3784
8637
7069
9052
8412
2781
6710
8167
2346
5207
6017
1849
493
6367
6577
8528
4419
2572
3936
6771
2528
8150
824
3171
7597
8477
2827
1468
606
4304
8751
161
7708
7361
8624
4323
5494
150
4149
8168
7272
6187
519
5511
3230
2442
7420
4960
773
1444
4618
1885
3455
979
8238
245
8605
6091
5048
2630
6145
13
7383
6401
7904
3726
6192
7624
2378
5908
784
1344
3427
2219
3226
5861
8924
4402
4275
4919
8786
5514
5697
5663
4851
2195
1228
8631
8081
2705
6065
7704
3976
8837
7954
6605
1106
7519
3162
2997
5824
8805
930
3393
2560
8533
1802
1642
2950
7180
4599
6336
1095
4083
9051
4211
3626
5871
8398
6619
4358
4303
4992
5507
898
6541
4168
1788
6235
8313
4684
2278
1589
3157
5055
5727
6827
6852
2756
1143
5040
3744
5214
2700
1361
6586
8130
2818
6437
7881
4953
2623
602
3597
3087
3559
145
6498
8807
7957
7076
2433
1101
2578
1856
8707
3433
7148
4987
8932
5501
6049
3270
7670
1183
1873
2159
7932
8189
8608
6896
6588
1711
5175
9010
7833
7382
3645
913
5919
1060
4265
5256
2519
7649
8089
8263
3622
4553
2079
5157
1147
7371
2022
7686
156
8051
2932
8371
4933
6729
6992
18
309
4165
3398
6195
1945
1033
5302
656
7034
8505
5144
1236
2410
381
3009
2566
8425
4694
4726
1061
677
1200
1295
1392
6130
1453
6110
2631
2520
5786
7070
746
7237
8152
5415
3300
4029
7101
402
5029
5410
4241
6917
6534
1889
3604
8972
5076
7351
4679
8916
7278
2581
474
2106
2930
469
871
4786
4904
2167
6608
4743
5542
1203
410
7634
2915
7676
693
514
4925
325
7554
2131
3844
7907
8828
5603
8990
5737
7678
749
1710
7462
5770
166
8683
1087
8789
3901
6196
6766
6233
2923
5471
3964
4285
4208
4138
2898
7914
5650
7480
5240
4768
3335
7756
5414
3875
2592
5183
6509
716
2294
7258
7043
6801
4026
5176
3306
1700
7888
854
2514
2860
5875
3052
3730
5709
6954
6383
5310
6774
2387
3147
41
4016
5659
8286
1398
1924
3145
1854
4052
2018
1274
3666
6880
2680
1036
2035
7774
2247
461
4988
144
158
6282
1179
555
7986
1009
2235
4445
281
4229
1037
5490
7617
6230
3476
5888
6911
5668
2991
5654
7906
6868
8768
3051
356
7679
1844
1100
6161
8938
8524
6578
5031
4280
6429
8381
5105
184
3110
6572
2090
5970
4643
1347
7834
8874
8708
8914
6963
962
3240
3453
8327
4045
1400
7044
3314
4286
6756
7531
7435
502
1431
6299
5441
6692
5309
5320
7183
6676
4320
6903
3502
1012
106
888
7415
8781
5856
8522
2588
5868
8923
5851
1220
6562
5407
6970
5624
2678
8452
6898
5018
790
1050
761
8206
7068
3884
8966
1943
4422
3914
7036
2619
8592
983
4385
1606
8116
471
2775
7315
7563
3296
186
146
7931
2016
265
6134
2052
5083
8898
5291
3617
5972
2771
3033
2140
1658
6906
1187
8666
3081
1002
338
4759
7086
6778
3563
2628
4515
7967
8569
6155
905
3154
3569
7955
7220
911
603
2133
5618
8407
2795
3910
4186
896
3159
1512
2422
2107
5459
5167
5750
949
2979
8358
2657
1208
1647
7190
1382
2173
963
1523
7898
1423
1643
2138
5016
703
7080
948
1356
1073
3193
6477
124
0
2674
6469
6185
2529
782
4423
5834
7825
1055
947
1446
8920
8902
8604
1414
2899
1390
8183
7064
3118
5270
7640
6748
4996
4968
6944
7454
5978
5701
4379
5
2725
3025
2546
6695
4297
1837
4793
8261
1054
8756
7964
1502
772
1407
676
5983
6033
214
5399
614
4706
3248
1154
4862
8269
5694
6646
1783
7509
4003
2636
8120
7786
1946
2174
5426
7633
1279
3838
8767
4818
4546
3846
1828
6986
5964
5307
6144
7021
8142
1495
5609
4580
4048
217
4273
5261
3140
8179
4260
6325
6088
1617
8653
6506
4681
807
6071
364
2162
6648
5063
7395
8878
2777
5505
7020
5077
8997
2858
653
8340
1616
2002
8587
5730
2633
5375
4120
3043
4289
5324
848
5182
1806
5437
5089
5653
7170
4463
8434
7393
1847
1213
4500
1765
4389
8306
7607
384
5780
8311
6895
4519
1537
858
4498
6889
8969
7674
8818
529
4815
2077
2563
8000
6630
2786
8239
4287
1993
558
1093
1249
5453
3709
6704
7222
8217
8890
3612
4711
2685
2873
2658
998
680
832
3719
564
2811
5498
2211
2526
5090
1138
5185
8034
6975
4114
6685
7355
8349
7050
464
6947
4974
8886
7347
4232
1657
6625
6280
3277
8461
4440
1799
3771
8983
2327
8778
3637
6391
8246
1821
3380
7851
376
305
6767
910
8796
371
1079
3903
4954
204
418
328
6864
5796
8244
7539
6294
1001
959
1252
4435
3257
5233
1902
836
8839
8076
8410
5839
2801
8223
6366
3843
1383
1237
7221
2427
3018
2475
8483
1467
5435
4994
6168
1345
7198
2452
48
4457
8207
1240
6556
4686
3567
5114
3777
1247
3953
3113
6162
2419
8393
8595
7776
6241
4150
8720
4924
2893
3386
8981
2374
2417
8500
2058
798
696
1486
598
2473
5769
5630
3642
5223
1116
3464
3815
7707
1773
7419
4503
4932
6037
5789
550
2136
8295
8892
5344
518
8615
3399
3906
4842
7124
1491
112
8894
7047
2151
8755
8011
8383
5037
1506
5981
1776
8562
7672
6636
1371
6580
532
2358
683
7911
744
6741
1148
6142
1861
3444
4332
7005
6551
5556
4484
8278
5527
3687
197
242
4097
6319
1178
4905
6598
1584
1865
5543
5809
6253
1461
2853
1524
1534
1511
5540
7417
8121
7121
4163
8003
2342
4723
6243
8931
7769
6615
3546
5211
8036
55
5000
795
8518
7197
7789
6171
6642
669
6330
2782
5081
170
8006
4983
1609
8177
6052
8714
3791
5098
5973
2080
1862
8585
3581
4971
8251
5783
5890
7713
3078
3106
4914
967
2277
6178
3984
379
4
7818
1011
295
7010
3772
2586
8657
1302
7711
6012
5883
4541
6939
1246
1299
3055
6341
7669
7615
8219
1757
3227
8333
6468
5930
8930
1245
5216
3031
1940
7373
4259
7868
2305
901
6255
3646
2682
8092
7125
5766
820
9019
4068
3580
667
822
8123
562
8300
5799
6926
3897
412
8308
5800
7817
6978
908
8889
5477
7486
179
5398
3164
3997
7974
5857
6718
892
4388
3555
6965
191
1294
8634
6622
2028
4860
7739
3379
6662
7576
5198
1713
6092
3610
8803
6223
3232
5788
8063
4355
6803
54
5753
8402
6328
6496
8647
7965
2883
859
1530
6205
6883
2108
7247
4712
2040
8988
1067
7159
3122
4131
5067
7056
8352
597
7620
5544
2399
5690
2694
3603
5430
1693
7157
6372
6807
3466
7819
654
8291
5631
6633
1688
1595
5229
4107
4235
2324
1684
8896
6001
314
5877
3426
1877
6564
4437
2176
4961
1464
4570
5265
3773
1188
7380
904
2330
4913
3717
7453
7853
2778
6165
8534
7013
388
3332
2287
1510
8470
5317
662
7488
5341
6431
8380
7589
1904
2942
3540
649
630
6169
8609
4539
6745
4972
32
365
4175
8250
4158
5155
785
4021
6141
2679
501
1633
1110
6557
6772
4970
3627
8504
1557
8481
2783
8265
3068
8259
1620
4767
6428
2903
3134
8253
3900
6013
3098
6409
8816
6998
1325
6956
1221
7961
3328
7438
230
8282
5402
2993
2317
8853
196
8738
7609
964
2871
7569
4116
599
3686
7185
1172
8842
4524
8640
2846
5241
3515
8553
4847
8070
5003
769
1014
5496
6907
5476
3727
5995
1280
8301
6047
4755
7471
976
4105
1470
1391
8181
5821
6606
6148
7284
8921
3824
6597
8602
4030
8234
1716
1707
3826
1928
8446
440
5747
1552
3042
8298
828
5681
223
7810
2933
1566
7514
316
7188
7151
5475
3493
5960
3632
610
2574
2027
8112
6351
6890
3390
6798
1752
6098
787
8821
5845
5685
4798
3980
3286
6589
3287
8329
6242
8122
7516
1198
5988
5644
8856
2937
1840
363
3151
986
1253
3384
6635
172
4098
6949
3524
2253
1308
391
431
8552
3738
4738
8525
1586
1463
5487
6535
7384
6724
6212
7350
7367
7244
3945
293
4391
355
5330
5531
2977
7114
2919
7357
8564
8723
8474
6681
968
2285
6005
7216
3825
7137
3834
9041
8021
5140
7943
4605
5945
5249
1906
5952
8241
7854
4123
5773
1553
5613
2465
3942
4565
6645
1094
5622
1590
7199
2116
7416
6354
3474
8375
4317
2761
2326
2230
2218
4489
5219
6972
5687
83
3085
7236
5247
7545
5007
810
4424
7128
128
6716
7631
5468
38
6831
6251
3175
5722
1114
628
7277
3312
6058
661
984
1231
6024
3198
1989
2012
7224
6441
2924
3420
3518
8496
3987
360
5364
7399
4490
3354
1186
6943
3862
4309
6137
4595
1784
8485
1936
7477
5030
3661
2551
2902
1332
3190
8428
6382
732
6611
5741
1435
2004
4483
5050
8192
1069
4831
7271
7919
2638
1128
2201
8956
4214
5417
6246
950
3599
8424
1265
3369
2688
4338
8093
7042
1957
3790
5825
755
2911
6019
7738
7725
6639
140
3857
4395
6304
1493
6247
5963
7469
8574
8906
6613
3013
2489
5935
2086
7765
2113
1549
3756
220
1058
6264
8290
5192
6958
6420
1521
151
955
8108
8690
1068
264
1162
4591
1109
5367
6138
5910
8184
7729
4645
5916
7990
8214
2333
6127
5902
1364
4179
3755
208
4707
8901
3344
1451
3422
3975
6075
3858
3469
7586
2202
3462
1394
1113
407
5759
4967
419
7470
7837
878
1615
4230
4322
6124
4921
4147
4069
6974
1607
5938
5660
8678
1139
2481
6953
4225
613
1090
9001
5523
8833
6262
2543
6284
5593
7147
7677
684
1210
1153
317
2184
58
2456
4951
8225
8391
4875
74
2356
3801
4408
1343
1787
1125
105
3818
3388
5590
1941
2147
7948
6539
2111
6840
701
4612
7105
1355
4784
2444
2671
2521
7988
5480
1049
956
5242
8350
2485
8779
7917
966
404
5391
4946
7517
5017
5640
8132
4324
743
1501
3670
7585
7378
2733
3350
6813
6558
1080
8106
2228
5010
921
5151
68
9005
6456
4357
2207
6775
6454
6980
8378
5900
3209
8255
4124
1281
4606
3912
5354
5093
2767
9020
1998
734
1046
8482
8365
8700
4459
8212
666
4412
1003
7344
1726
2568
2507
6780
8347
2545
4999
5221
7542
6022
7389
5826
6666
6872
253
2205
6200
2010
3595
2962
1662
5793
8527
7472
7878
7527
1327
8750
6480
3389
575
2513
2137
5671
6352
5220
689
3615
2548
6927
6297
1314
92
3902
7422
1129
1973
7880
5458
5829
6683
7146
5331
1322
8117
6805
4302
3673
8068
5855
1883
15
6285
7956
6660
1597
8099
6384
2730
7778
1165
7785
1041
6222
985
6892
6584
7684
7448
648
3351
1587
2727
6041
2826
1304
852
2144
5688
4038
5752
6258
707
7958
4554
5563
7205
7815
6121
4817
5607
4151
8141
6177
2830
4223
6068
7777
4598
6964
2371
7541
1057
4049
3437
7405
5790
2652
1424
5717
1785
5169
3962
8453
7012
8895
8661
2341
6885
7629
2710
7049
3336
1497
6188
302
3895
1250
1725
4520
1365
3320
5508
5506
7847
6087
1564
1078
5736
6077
3006
4927
5606
5479
8475
3357
2500
530
7502
7481
2533
7241
8110
8137
3868
679
4523
663
7876
748
2231
1264
7910
8440
5656
4449
5073
3647
6228
3215
6364
3439
6394
5725
7135
8049
6726
2672
779
4345
2814
6316
3633
1593
7099
8978
1734
631
6897
2653
6777
5931
1722
8129
1976
2751
717
3050
3458
6432
2817
2854
5153
3041
8369
3066
1627
6470
3955
1758
2462
6085
6848
3652
1646
5720
8374
5138
4911
3836
6532
8442
5189
2550
8659
2874
7039
3820
5975
4350
207
7726
6190
6550
1555
5218
2816
6757
7011
4407
5628
2459
5486
7507
6867
1112
3870
895
7719
122
6031
8798
3508
825
2603
1668
2849
63
595
4262
7717
3468
8918
7346
5282
6170
2832
6332
3397
1136
2999
7605
3170
7019
4673
7574
5024
7115
8125
5525
4507
7381
4135
5005
6711
4453
8937
862
6522
7270
7703
3672
808
6252
742
8740
7863
6345
5087
556
40
1334
5071
7610
4081
1328
6983
7731
5833
5191
7283
3184
5548
5353
547
8711
5339
1223
2762
4615
4538
4393
3229
29
77
856
650
3109
135
2438
7621
6782
4314
4687
2424
3289
6894
1561
1628
8928
6915
4278
482
7025
5912
6806
8726
4231
4959
2013
2644
4094
4874
1368
4012
990
1118
6967
8002
339
5811
2220
415
394
7500
927
8593
4040
1504
6184
5141
8782
7890
574
2134
1664
6146
3723
6349
4824
543
6004
7368
321
5891
6244
6411
5524
5677
126
3813
1804
6427
7262
7463
535
3714
4372
2110
6518
1043
8067
7794
1874
8196
7431
6333
85
977
8396
6260
6932
505
865
3348
8770
2293
5244
4271
8572
3128
6342
7715
1704
1197
8509
3189
8208
483
1184
7309
2909
1338
8745
5551
3222
6339
2713
1626
8611
8656
8626
8337
8336
3166
4015
5958
2788
7757
750
4816
3438
7653
2802
7091
6133
5990
6353
2150
2118
5290
7694
681
423
1786
1348
4629
7671
8438
5121
4282
8765
7275
6736
3505
5538
6653
8712
634
5767
2754
3800
6644
7623
2023
4383
228
7867
7510
8203
3620
441
3443
3865
5065
6552
3387
4365
1864
8454
8948
2304
4588
7306
3509
4680
7549
2910
2637
6487
4566
494
5870
884
2011
3554
1912
3252
7977
8764
7006
4840
7775
823
7286
7740
8900
7003
6473
1508
7618
2029
3664
5199
5212
7400
5154
7626
2626
1022
43
5285
1420
2350
582
475
8594
298
7313
866
1016
6697
414
89
3856
7232
872
8417
6355
5906
439
7982
8435
16
1703
1830
4196
3898
3832
7374
2320
5949
5308
5771
7923
378
2463
4641
8540
875
8696
4752
3680
5822
7041
5231
2318
3301
3920
7528
1714
1389
8437
7946
2890
6829
2668
738
7651
7899
2189
3770
4031
2420
5328
4274
7093
3529
931
3634
4586
6378
7263
8436
7526
7461
2432
4894
7892
8008
6340
2516
8292
7594
2953
6607
6779
3734
377
3956
3478
6245
3551
254
2123
1430
8863
1023
7175
2222
8038
181
351
791
2335
8224
6452
1907
2306
1032
7893
4531
6278
7619
4288
3713
1535
3169
965
7860
5058
2096
6762
3058
6485
5658
3294
1377
258
8307
400
8299
7014
4653
1687
2036
8113
5984
2983
8078
7215
7978
3880
5163
1798
7647
8439
7646
4344
8698
5585
6219
8757
6436
3177
6053
2877
6828
8431
7559
7561
5035
3454
5329
6725
8468
8432
7997
2670
5852
5079
3276
8332
3904
4876
1536
710
7697
8326
8627
2033
6348
6396
1462
8575
5321
925
8135
561
7766
6344
3108
6559
7657
8577
8376
6705
7608
1625
4310
8695
2210
8395
8467
8951
7934
5473
4826
7648
8546
7645
8702
8688
4074
8331
8570
8769
8814
1579
8941
8885
7693
