1354
1091
1067
723
497
2578
2095
252
2249
3286
754
590
2402
2706
602
1890
1775
1698
1708
1933
1284
141
8
1851
2869
514
3344
938
1361
116
194
2077
2645
1649
2617
2906
126
2527
434
1325
1345
2614
168
169
1347
2603
1356
1364
605
2647
2510
2491
1411
1413
192
2463
2437
2429
1443
1381
415
1287
2679
1044
1046
1048
1824
2684
928
146
452
969
970
2383
2371
2695
2347
996
1005
1012
1013
2281
1027
2253
1036
2346
139
2720
2725
2954
797
802
2949
803
97
98
100
101
804
733
1690
332
459
1589
2051
1530
912
303
3173
393
3159
705
335
1833
52
3111
1624
1919
1977
1595
213
1546
67
2984
3078
1942
3087
1619
1863
1540
794
3082
1758
3237
1736
645
262
1491
1484
631
1474
3322
2180
2964
2221
1777
1767
2177
103
414
722
3274
2587
1433
873
3055
2784
2098
757
2799
2157
1134
504
810
3329
3190
3202
647
918
244
2214
1423
3150
964
1315
313
3094
3214
2915
2330
3072
352
2944
142
2403
2475
2417
2435
2992
2471
2329
973
882
1015
107
527
2608
1950
1122
1464
1392
3217
39
1148
42
3271
1937
3235
1801
1788
1741
1687
3250
2838
86
2707
99
220
2639
565
405
1974
3340
3285
674
1150
2593
1705
2987
1597
2369
494
2660
3100
2392
2456
2548
1536
909
2018
442
177
233
278
1219
1417
1945
360
1802
1790
2561
866
3104
667
951
854
1836
1904
1064
594
319
542
528
3263
2377
2001
82
750
2303
671
2747
2629
712
2516
2473
2268
59
2144
2899
1793
1442
342
1837
1612
1060
312
1826
2813
1282
439
1771
1557
1053
2248
2152
2768
1822
19
2991
1796
2384
228
3038
3032
34
2900
1998
3335
2325
835
1186
222
1104
606
931
977
1483
713
718
1101
1398
1272
232
295
394
1133
456
2380
2480
1038
3360
825
661
11
1128
1166
987
3220
2895
2920
1988
545
2623
2923
1268
1773
925
1547
1080
2277
1815
1984
3315
1020
1276
3085
1825
1344
69
1823
2457
386
445
239
920
1047
2564
0
259
524
707
1264
1568
1810
2092
2134
23
3126
1734
290
1508
1952
2015
2228
1675
2722
2550
743
709
2842
3158
759
1086
889
2163
1693
351
3041
817
3043
3042
2492
1386
436
344
2259
2124
2019
2953
1738
425
2715
638
2314
625
85
902
2986
2643
1709
1331
2176
3229
1371
420
124
2946
2698
539
2066
2470
1915
490
1630
990
2000
1512
365
3319
3324
519
3347
2776
1158
1906
248
679
1453
3307
3301
994
643
3276
1762
1711
2820
2952
354
2361
639
2287
512
2240
2868
1766
1668
1632
708
2884
3316
526
550
1396
2299
224
131
2894
1869
1477
292
1322
684
700
1281
1968
204
1217
3075
2333
1560
2254
2882
695
1608
487
1336
785
1768
2545
1256
1222
939
1164
3320
2972
2260
744
2206
3037
883
66
396
3185
2879
1098
2305
1374
3241
2186
1819
279
419
780
956
1310
2678
2571
2917
3226
264
2765
2907
2921
294
1912
607
1152
269
2803
3349
3314
3021
331
3338
2562
3192
1088
3362
3361
3093
1577
3162
2395
1529
2161
95
2657
1908
3010
841
207
756
730
1193
1307
36
2607
772
2404
2995
3325
583
1395
3184
529
127
403
3206
3175
458
838
688
1539
1627
2883
3134
1571
2037
1390
575
3149
1212
3243
1924
2011
760
1635
2642
2636
3122
1633
3028
1610
273
274
1648
92
1492
38
306
83
3240
1424
1394
3130
1679
1673
911
875
191
2974
1230
216
981
6
1001
599
563
2432
3095
582
3257
2956
740
1724
652
1956
2172
2661
558
2119
2904
3289
63
1338
2415
3084
1201
3076
1434
2982
541
154
3112
184
2122
1051
2386
3234
1267
176
1700
409
1279
1054
267
21
3187
3207
1748
717
944
1922
2650
2943
2252
556
2272
1397
2505
3317
2854
1654
716
402
1958
619
1415
498
2885
200
1554
3278
120
1240
3166
20
1247
2646
2872
2945
2947
1224
2169
2848
2264
149
2382
2936
2120
208
832
3211
1559
2924
2979
390
198
1647
226
633
905
808
2855
2648
687
826
2412
2263
392
3057
395
2274
1779
1162
1829
2998
1313
2223
2468
779
341
2528
3298
1167
3242
1265
3218
1954
1910
2751
1499
263
2381
1274
2239
3345
3281
368
1718
190
1455
1245
1828
2544
890
206
422
1763
3230
27
1960
1859
1458
3272
1016
1369
1419
3102
1266
3195
1461
2966
2896
2175
1682
703
413
1609
816
2521
1188
1943
1333
416
2127
2724
1102
3359
1429
1549
2619
2116
1373
49
1662
935
2030
305
1953
1586
926
1095
1588
2989
1008
485
91
2575
697
1023
1888
917
1200
1740
2280
134
1393
2683
574
1062
1832
2541
2208
786
668
774
1120
2624
1170
1760
1486
1895
2327
836
840
1871
1534
1103
2164
1318
1041
1574
813
2074
349
1375
1343
1475
7
3003
2165
1818
1865
2802
1211
1024
1816
1494
1881
1525
2536
159
1749
742
35
1021
1039
1593
1367
648
2901
1703
1302
2976
640
2010
1293
2911
929
2425
1072
370
1543
219
96
3216
1607
2343
288
1938
1861
1316
2710
1636
210
3137
1181
1646
3264
1629
1142
1732
878
1628
1432
88
1643
2132
768
949
2036
516
1784
1683
3080
3117
1225
3013
1676
1248
128
2485
2588
3261
1581
820
1171
2375
842
3017
1335
2615
1096
1694
1418
110
469
811
1069
3174
957
704
153
1169
236
2108
1197
64
2512
297
2372
3183
1057
2630
1842
1730
591
818
1026
1179
762
122
1283
1288
1289
2602
1640
2758
199
505
2160
1153
2308
3006
683
2563
2448
3098
749
315
2858
1191
510
1727
26
852
1298
3008
158
24
385
2267
2782
327
2557
1309
2316
2741
407
1421
954
265
3132
1163
535
3180
2338
2580
167
2451
1873
1173
2985
2234
1695
2149
2322
2579
1541
2312
189
1385
991
1485
823
2441
1037
2910
1550
1746
1535
1813
1092
2191
1250
807
453
714
482
900
2041
930
1105
2422
1208
1795
2218
664
844
3275
2039
143
1075
2590
2504
1631
1076
3035
615
570
476
1132
1114
2874
630
1936
2912
2128
3033
2730
1947
3157
245
608
2469
2357
572
1141
1481
1520
104
1592
1644
2963
894
1523
1487
1030
2390
1002
3291
3120
1846
1868
1878
2360
423
2216
726
3119
356
1996
1137
1271
1011
2717
650
2733
555
830
1704
1834
324
833
308
628
1363
2406
114
2136
218
2055
1066
753
734
2497
1488
2833
209
2581
1604
243
280
1115
1341
502
859
1340
1206
1231
610
460
411
3127
2824
849
3135
3346
922
135
325
81
3252
948
978
551
1317
56
3092
2628
993
586
1728
669
2763
1213
1439
580
1071
1451
1084
2103
2027
805
517
4
1014
2517
1370
2584
1893
2304
2385
552
1932
1094
17
3280
3247
376
1383
579
3348
1716
2857
1035
2301
457
1093
347
282
2515
888
1138
1019
2958
1681
2220
1510
1410
2284
2732
1327
1835
2889
2029
1907
2061
1454
2121
1666
2080
1435
865
943
240
2114
1297
2843
3351
1521
3058
1412
1447
2616
509
1674
792
1198
369
1156
1427
3337
932
1900
2482
1126
2772
611
1220
1422
2389
2913
1407
2339
2107
2988
2062
2539
212
3109
612
3251
1827
2102
2508
2291
2827
84
2714
2535
839
2708
1804
903
1159
242
1672
522
43
2198
1079
183
78
2573
1346
1113
1598
382
397
662
2967
3282
3339
1680
864
1566
48
1185
2749
936
569
910
1712
3288
1061
1652
2873
1864
1362
1078
2232
299
1949
3328
2486
2043
1221
950
1216
2323
1884
2093
1187
2672
2150
2547
317
782
170
320
706
2173
1177
967
2397
2297
437
616
1997
1973
1291
2021
2217
2185
1722
1887
2847
2285
1063
1811
2534
2073
2594
2123
2199
747
1045
1050
1438
2634
337
2345
732
1087
161
2337
1879
2993
205
748
3358
1489
1099
3273
74
2605
1955
1584
937
340
2597
694
133
2554
440
1600
845
1841
801
1591
1752
29
1927
511
2549
2773
624
1299
359
2370
1500
1457
3164
2635
1874
2245
2693
2117
1467
2454
2850
1637
1359
1876
2583
1898
856
1745
1391
1040
301
2867
2875
1473
549
577
2738
901
148
3210
2589
1388
2309
2396
2335
1850
2529
809
14
1602
1121
620
2012
287
2184
1469
834
2444
2151
2313
3253
2474
2959
3140
1068
1903
1332
1583
2054
1518
1378
2328
2692
286
2546
40
3167
1840
1587
16
1478
230
1380
2599
2401
658
451
2472
3154
2282
1860
1229
2025
2962
916
160
2286
2807
2418
884
1661
1082
3332
2610
1459
374
2755
1328
3194
971
962
2088
3254
3212
1696
1305
2006
1750
2670
1175
491
3096
3070
923
2476
1916
2433
2745
2294
1073
2931
2085
2553
272
3044
309
761
2598
2421
2814
914
1856
293
745
2207
899
857
1236
108
32
891
2326
2201
235
972
473
37
508
2262
3011
2349
828
1337
2467
389
1653
2783
1269
1154
655
2483
2072
2129
2709
3147
3064
3069
1239
2351
2990
1735
1894
784
532
1753
164
2224
1314
2556
736
2156
2829
1573
2767
1875
1324
2864
1353
2728
1083
3083
3321
2115
1522
2922
1226
1295
2024
787
2187
2052
1127
2675
2671
182
2229
1149
270
1339
3208
2551
1808
106
2653
2757
1798
444
1428
2078
3327
3279
1791
1959
2455
546
1563
2084
495
2565
3106
1641
515
755
70
2205
829
2399
283
2352
682
1326
2354
1524
2719
1172
2828
173
2662
1426
1576
1145
1965
2153
3005
266
1572
2632
1886
689
1136
109
3186
1106
470
627
1260
2701
1623
2244
2600
3233
1032
3153
2560
766
2902
2652
254
1065
1355
2170
764
3125
793
2420
410
2289
2871
2774
3048
2689
2881
1254
2209
1605
2462
111
2464
2540
2835
2283
489
1006
1726
2950
2409
2257
2261
421
1233
678
3004
1402
778
822
2143
2704
1719
1399
1714
2142
1754
1555
2800
1223
102
2766
2368
2711
2925
595
2065
2104
561
2613
2777
1195
525
2023
3290
727
824
649
2526
474
1004
2005
1235
255
2042
892
2243
211
3074
3060
1552
642
690
2202
3170
174
1376
1192
375
1280
2543
1246
614
2702
1118
562
2379
1870
1692
537
853
193
3259
1622
1360
461
367
2681
181
2453
223
724
3355
1970
942
118
2525
1948
653
846
2568
2971
1304
738
1995
2311
2113
2140
1930
2569
1769
1517
2761
2509
984
2
763
2159
1789
2407
2344
2496
2046
3059
3292
12
455
2625
1321
1275
1204
333
3224
2567
3309
2928
877
2961
2200
2637
2975
31
1877
2068
3209
3172
557
2047
3146
493
89
1
1436
1941
1300
3047
2837
172
2812
1261
847
188
1100
887
1249
1358
2865
3181
3248
578
3284
1702
2748
1599
1579
1725
321
1055
1085
1991
1731
581
467
634
765
2082
3067
2488
798
1747
2048
1404
568
2213
268
3151
2266
1070
3197
2236
2501
201
2810
898
492
983
3148
1794
75
1400
251
256
2219
1645
2101
257
2500
2342
2934
544
250
1911
1966
1721
997
225
3262
870
1923
1669
2227
2271
2682
1182
3225
1209
1564
1781
1408
1242
404
758
3179
2601
364
1218
57
1401
478
1569
383
3144
1029
260
202
1999
1516
2317
538
2574
2002
2310
3267
644
3334
2522
1416
1034
2764
1462
2572
2233
227
2449
503
3313
1655
363
1548
1519
2640
2494
623
1329
941
2825
2014
1558
2178
767
702
1533
1526
3113
982
3036
326
2916
955
2655
431
927
600
424
601
959
380
2798
1286
3001
1585
696
2167
3333
150
2811
80
776
1889
2537
28
992
163
598
1688
1111
246
1847
1667
656
952
484
1308
1285
1311
2487
2937
3353
1155
1495
3160
777
2298
2558
3293
1759
2447
2862
2356
3199
2255
604
105
1638
2750
2658
1018
1985
1031
1594
1757
3039
1951
2410
3354
3022
1639
2388
71
1515
1449
2933
2631
2106
2440
609
2644
479
77
2518
874
635
2367
1420
2431
3142
1406
307
2586
1178
2438
1160
366
988
171
1043
1806
1440
3071
1656
1689
231
145
2735
788
735
872
1805
408
1831
821
1465
10
2892
827
3138
2822
1843
1042
449
1470
443
1117
2890
665
2242
2307
2891
2819
1866
155
2898
3266
221
629
1196
355
2053
3115
1319
1657
2699
958
1349
2430
1431
2659
481
3049
737
1786
1294
533
358
3270
584
3244
895
670
1056
1567
2957
291
2295
1116
417
636
1273
2502
2852
2293
1135
3024
237
2905
2319
1059
1785
2736
2306
2465
1351
3108
871
2973
1614
2939
1097
2087
2089
1125
318
2870
1143
477
2348
2146
906
1782
1917
3269
701
1691
2801
1161
2577
2026
1215
2225
681
1976
438
2079
44
401
1883
1620
140
2158
2193
666
3168
513
2687
989
3045
2189
2983
1986
2909
2139
3133
2667
2237
471
1896
2426
2069
2478
2978
2700
1278
302
1935
814
1290
2727
2445
65
2135
3343
3341
673
1176
2419
1905
123
432
1238
2638
1479
1262
2818
2611
2793
113
1706
1210
472
412
2697
1839
2721
1028
3305
880
3090
2353
1663
2826
2792
486
904
2442
1670
3077
3136
1377
3311
1471
2718
50
940
60
592
2796
953
3091
132
2676
2181
2846
1537
1844
893
2414
2130
739
1384
1617
2340
1507
1527
2452
47
387
1466
3356
3287
2226
2576
3105
3222
1729
1203
3007
1969
2246
426
3015
3097
3357
1776
934
2004
1783
2238
3302
881
2292
2145
2538
2320
2688
336
1174
418
2498
677
1761
885
1603
3124
2064
2183
2503
2378
1194
2861
450
234
1880
186
2665
3116
521
1505
2009
2058
2241
464
1058
1131
2138
2520
3331
3025
430
1830
1580
672
1849
2099
2816
1972
1237
300
924
373
1920
285
1445
3352
2620
197
2903
1227
960
2942
1542
2258
2008
203
861
2477
680
773
1854
1460
2374
3306
2086
869
863
2908
343
1739
2408
769
2641
1052
3089
2606
1243
1925
2174
427
2096
3265
2321
345
3014
1090
3169
2591
2355
771
1503
468
1130
2809
1756
125
1715
1531
2035
1743
3018
2017
547
362
2022
296
770
276
1659
180
2977
2530
1147
1697
2076
1764
178
1862
1258
3000
1296
1799
3303
3056
783
2878
2839
3336
429
2222
1387
1807
2112
1352
1450
1498
175
2270
1493
2552
699
1787
1561
1994
121
1480
2618
3030
3342
2797
2716
3295
1962
1545
2919
1780
1009
2570
3050
2511
3051
2265
913
115
45
217
1504
2446
1570
2951
2031
789
795
1897
945
281
1414
588
1306
1899
1501
1033
3118
2609
466
1800
3101
117
1944
1497
398
9
1081
2070
2762
2996
475
2705
613
553
1803
1855
2519
152
3308
2886
1303
1234
1207
2742
1983
2817
2786
1389
2612
1511
2499
806
53
1921
3029
2450
855
2028
1490
1918
162
2533
496
2531
1330
51
980
1882
18
1049
129
2279
2955
2914
1124
2398
850
2481
1713
1980
3238
33
3123
13
651
1277
1255
1405
1165
399
2815
2332
2376
112
2888
79
15
2997
1350
1733
3177
3300
1506
2831
2737
2097
3178
1365
2948
2196
719
2424
1456
2723
22
2334
1482
1678
2734
3312
72
506
710
271
621
711
1241
3350
1982
316
2851
391
946
93
2542
2513
1765
3196
1452
660
1809
5
2038
998
879
1110
311
2592
406
94
483
1077
1710
1853
2111
3223
3193
1180
626
3141
381
919
812
55
2823
1720
3145
1556
2007
348
463
2105
3203
2691
1502
2685
2461
2100
3258
2428
195
229
1228
3046
2654
1664
1993
2859
2669
2063
3066
2166
2686
2775
3256
2622
554
2585
73
3002
2532
500
3034
659
2490
338
800
2094
480
1590
1074
465
1891
2754
448
2059
1650
1707
2118
3163
2020
2109
1257
2863
2514
3323
3
241
1251
632
3188
2507
3023
2932
322
1963
346
2674
3129
2363
2780
2969
979
2416
1199
3268
2045
1425
2155
1253
2893
2154
868
2443
2434
731
2729
3249
1971
3330
284
1978
2056
3031
1252
622
1981
339
185
1214
371
1964
1263
323
1463
3063
2626
130
3026
3232
2057
372
3062
2300
999
2204
3255
238
3009
1292
947
963
2795
641
3245
3131
2666
2391
328
3068
3176
1872
137
2341
2466
2458
2696
1109
2756
2495
3139
2740
2941
663
2147
851
1582
2778
1751
729
1372
2771
2832
2276
3081
646
728
68
1671
2651
501
2250
2841
3198
2849
1342
1940
2034
968
1934
1913
3326
1606
1553
775
2789
573
2091
2182
2627
1621
3156
507
1852
603
2210
2231
3294
715
3201
2212
867
2090
1867
686
2866
589
2664
2137
2427
1838
1202
1660
2621
2694
2929
560
46
1845
831
314
1578
534
720
2918
585
3189
2405
3052
2192
2770
2081
1770
576
25
564
388
3228
2400
915
2489
277
165
1538
2926
986
2251
2358
2459
2362
876
2524
3204
2506
2760
157
3239
2781
1699
2566
2387
1119
2230
2296
790
2393
2876
2726
2555
597
334
675
2845
618
1848
1366
2633
289
1551
1723
2731
2523
144
2836
2131
196
3161
433
796
1686
147
654
1797
2423
3182
1885
2195
2785
1892
1270
3310
156
1814
2071
1003
815
179
136
2060
435
58
3277
2040
2288
1812
1744
3296
1357
1301
261
2460
1108
976
379
3304
1634
1157
2366
62
499
2269
2126
357
1737
2994
2331
540
2790
1979
2853
166
1379
691
1382
548
1685
1320
1946
2336
3016
2211
2559
1168
350
2044
2935
692
2365
41
2315
2364
1939
1232
1089
2860
2960
215
1129
2413
2067
1989
1626
1772
3171
1448
1312
2141
995
1437
2844
249
138
400
1565
1774
1430
1007
2787
1792
187
1817
1929
214
353
90
2746
1642
61
1446
1025
1112
330
2880
2791
741
3110
3227
2834
30
657
3236
1528
518
1931
985
1441
3260
2668
2179
1323
1184
1513
310
2877
2604
2275
2677
2788
1151
3299
2663
3099
2411
1990
593
2656
3088
2235
1444
1010
54
3040
76
1857
566
637
2013
2484
3019
974
520
2083
1651
896
2712
2595
3107
837
3128
329
531
2897
1000
304
454
2436
3152
1618
2596
3086
2479
721
1368
1928
1909
1613
848
3079
3213
543
2439
1205
3020
1967
1476
3219
2075
2203
2739
151
2840
2324
2493
1858
2290
2856
3103
378
2278
862
2752
907
1717
1957
2680
3073
2197
361
2999
1902
2769
1778
2927
2806
1140
2968
1616
2779
1820
441
3231
1532
2302
2649
384
3053
2970
2808
1755
3061
2804
3215
2753
2247
3165
428
1468
3318
536
1496
1821
2373
1975
2743
1987
2744
2256
2350
3065
2171
1189
2190
1596
2821
2673
1914
1961
799
1625
2887
1022
965
3114
2194
87
3012
1348
559
2713
2016
685
751
3205
1403
752
2032
1742
2168
1992
247
1144
2965
3297
298
3121
2133
2794
253
2215
275
966
2148
860
1926
1677
961
908
1514
2394
596
1472
1259
