1034
6281
4390
1830
6335
6341
4219
7350
7345
6388
89
4076
7317
5864
459
5817
5078
5406
5813
7311
7782
3900
3876
5799
6491
519
5471
3997
1790
8100
4472
5136
5147
5041
5005
183
4988
6020
8166
6031
6033
4863
4794
242
4776
4754
257
4743
4720
1645
4664
297
1691
4611
6208
4495
1070
6252
6527
970
466
2087
656
7836
2316
2317
2320
3754
706
2417
6844
7956
2448
6861
2454
1245
2884
2776
2763
7045
2715
1
7473
7173
3170
809
3527
6170
4021
3172
2050
884
170
3217
7818
559
7283
3447
6583
3539
935
453
7781
3821
3988
6654
2132
4938
6362
5867
2795
5045
777
2455
2444
7076
6801
2370
2342
5818
4980
7862
655
2257
2244
6741
2177
852
5771
6018
7675
1740
4117
4696
338
4269
6061
1322
301
7613
1511
5625
1246
1103
7621
1222
5576
248
4544
258
5545
8154
2639
1654
5419
4088
7390
5663
398
4079
4024
4786
2474
7505
2941
1925
5521
6317
4342
6618
7245
7859
2112
2161
7819
5086
2212
3644
3538
6151
7891
342
8073
4009
6572
5649
3440
538
1997
7202
5918
8177
7013
2155
6909
7867
2555
6288
7905
6932
2314
5071
6271
5930
7846
4485
1358
4388
604
6185
7547
1507
6110
7591
7418
4349
7634
1563
6635
5359
220
4609
5499
1080
4112
5501
7222
7603
2682
2730
7302
3388
5735
4973
1320
4762
7079
1973
28
1580
1988
2612
2097
7346
7929
6563
2432
6509
1902
3780
8136
962
1467
1927
1167
4624
5745
2522
828
1234
1698
7788
8174
2603
5633
2793
8197
1695
367
3939
1771
3625
3921
2713
2877
3832
644
6740
5155
7300
6663
1410
3533
5940
4001
2664
30
5612
5364
3874
5007
3369
5527
4157
3912
4899
8106
7935
4956
4646
1405
4950
3277
5839
1874
1953
4913
68
4597
3289
2336
2243
7647
5284
3193
4069
4667
971
1624
2948
8241
4005
2196
3030
3120
5732
6880
7928
3360
4625
4237
3847
214
745
7910
7569
278
6847
7948
2504
2809
2054
3476
1191
5465
3716
5788
6613
1860
1769
4119
4731
6369
4626
556
7154
5134
5912
90
6062
541
7493
2220
8195
7514
2880
3078
7484
5534
2385
3549
6643
3457
6746
4398
7403
7436
5511
8151
7255
8133
8192
7235
8230
8229
4457
8200
511
8176
7319
8203
8128
8168
2041
3914
1787
1776
7573
4227
2136
7269
5775
1670
4634
1533
5278
4054
3106
2777
4588
1106
3774
1947
7982
5400
154
103
234
5200
3138
4313
7995
1742
6092
678
8140
4686
286
1961
667
4714
348
7113
7224
7577
5791
5613
1730
6421
6655
691
6375
5073
5605
6621
4096
1693
4100
1618
8105
3723
2816
238
6725
6677
8016
5530
6156
6507
3103
5561
1603
4177
7329
7110
4223
7059
687
20
7878
1231
8165
8227
8156
7821
8204
6414
4111
5744
5925
1825
495
5056
7598
7109
3151
3326
4229
6079
208
1051
1938
3189
452
3450
3494
6285
5328
3775
7462
1756
795
3651
2124
4719
3946
401
3325
1146
1305
1140
3610
767
647
61
1844
3278
5348
5437
1404
4660
4532
6876
7619
7823
4316
3815
8163
3710
7763
3765
4896
7673
554
4752
4257
3731
1656
7312
624
4668
2225
3462
1612
1571
741
1817
4932
535
2589
4163
5137
3319
6475
5182
4637
703
3967
4995
4783
1188
6015
937
2398
4094
3530
4392
6702
6083
3153
6448
3769
6006
5504
3029
524
450
7847
6529
4274
6605
4530
3036
3829
2924
7468
8222
8201
8139
5960
2476
4020
6773
5877
462
7445
1333
3490
3145
7898
7264
3302
5883
1946
6743
2057
2540
5515
1367
4579
325
1284
2987
4805
1575
661
1800
6656
2510
564
5743
1448
5888
1754
750
1728
2025
3614
8036
1588
3564
7120
1829
7940
516
3602
143
5533
1837
4339
1862
2559
2008
1626
7800
3692
4151
6797
1849
6453
2174
2569
6574
5372
3587
7521
3177
7286
5524
7292
822
5825
3674
6167
4039
1865
296
2329
1859
1412
583
4874
1244
4194
5779
165
5099
6604
1453
3305
8019
652
6958
3417
2240
6217
1572
1954
7559
4862
7951
7188
4787
2058
1892
7014
2702
1292
1696
7757
5781
6813
5173
4126
5935
2210
422
7200
8142
7114
755
7078
4295
4171
6935
4807
2480
5312
6782
2792
1053
315
3074
4796
385
2706
3800
5493
3634
5237
6981
7084
7041
8150
4262
3222
6214
7316
7408
7684
1579
1200
7952
78
3910
5262
4828
1488
5954
3823
7968
6198
2750
6068
246
4469
3401
2905
1780
547
226
4449
2323
1331
7616
3612
3398
3213
7810
6756
2526
5109
4041
3953
7580
2671
2606
6640
6372
298
5695
1831
756
7504
365
8145
5289
5698
6758
404
5255
3072
4130
3150
952
3358
5318
6739
4254
968
4830
5585
4674
109
3730
2481
486
4726
5161
4966
3372
1539
1343
4878
6863
727
3223
6906
4873
1152
6180
7671
5676
5280
7260
6189
3023
7331
2976
3187
2649
232
4329
2710
6145
1782
2810
2271
6445
97
6649
4518
7186
3719
1979
942
2113
3767
2796
2837
1157
7481
4816
2005
2389
2550
6021
7769
7984
353
6700
2010
2071
1659
6019
3195
2344
3380
7649
3991
7853
3584
40
6175
3979
736
5590
1823
7833
1184
2638
2199
2690
1348
665
6558
3353
7802
5126
5827
3757
4116
1713
6581
247
4139
1788
4196
305
4426
8060
2118
5949
7546
1233
5833
3333
6034
2439
646
4564
4680
2831
7111
7739
6920
2209
359
3737
616
5117
7094
7766
7691
8033
3332
6168
4272
7632
489
6207
6885
6889
5574
4366
3361
5165
5412
3744
4332
443
6005
1021
6994
5975
3412
1806
951
6611
2733
4494
7289
7308
4773
4060
8038
1464
8059
916
5920
7150
3395
784
4822
1102
3365
5330
5896
1010
3415
6467
2785
710
4359
124
4033
8091
7631
3638
230
375
1427
1583
4947
6179
7792
3712
682
5741
6659
2338
5865
7326
796
2431
399
4708
5804
7428
4578
7073
7386
4442
1880
2438
1373
7443
1795
4831
6493
5632
5558
92
4519
5517
5803
6989
2211
1429
7069
1676
608
1040
6282
1252
5322
8014
2479
3175
277
2620
6323
7520
1480
5895
4456
3655
4979
6837
974
1589
7838
3026
4809
3895
1578
4174
7826
3857
159
7357
5844
7131
1527
7380
6117
3550
8099
8034
5687
3117
7313
2587
5852
5996
5555
7228
199
1752
7279
1029
5759
8101
2983
6593
5398
3994
783
2463
7343
4172
2735
6446
5880
3698
832
1228
3867
4415
6126
5650
5924
7618
3310
6236
7144
3368
1255
7495
60
102
1835
2236
4501
5809
4915
961
3679
3321
3697
893
3168
4260
640
1052
3715
6639
6463
1323
5215
2048
2964
430
2072
7314
6701
2717
7809
6044
1435
7555
19
6118
7389
7195
1181
931
6960
3328
4552
1526
2779
1764
6874
5508
140
5841
2001
627
3128
1576
4529
6653
70
7946
4778
3968
152
1621
8070
669
6809
6830
3667
2513
1091
2450
2818
3563
2375
3065
8182
6506
779
3787
5989
1487
4215
8037
7889
7726
5168
5752
4367
2865
1386
8095
5520
3298
5769
1015
4314
7277
3171
2933
4330
6512
620
6459
6386
3978
1074
7841
4839
5344
3335
6195
5981
7268
351
882
8052
3763
4604
7863
2428
6178
3267
2181
4025
7539
6983
3993
7945
5018
1111
2446
2517
6502
3416
7692
3246
4892
3431
1706
7082
2982
4023
7794
7633
4056
2692
3089
3808
4183
5183
5708
4526
1402
1456
2600
5232
4377
8243
7848
6476
8244
2846
5053
5490
3831
4521
3834
517
765
4358
6416
480
3002
7875
6750
3541
8134
3854
1908
1770
1220
5854
7042
7231
1627
617
1002
4095
4936
324
6248
6526
4797
4059
7534
1291
7095
7670
7765
6859
2278
6668
7467
7469
6623
2221
5916
4327
6779
1679
2488
2734
3279
5307
4470
5046
3960
6614
5758
2091
6141
328
6489
1153
505
2514
5931
7924
2661
3488
3461
6484
7318
6851
953
3224
1282
1088
847
2213
5176
548
7145
499
977
2918
3574
5122
3558
4220
3790
5573
2128
4185
4040
4022
7426
5805
1496
2822
1389
3956
2033
7215
2464
6704
3016
4148
2668
4812
4391
2207
6067
397
709
699
91
474
2093
7288
4153
1107
6504
520
8
1219
6992
6721
6394
1760
2274
1510
3306
6054
4748
1145
5416
3197
1415
6687
1413
3443
464
4213
7225
5868
532
1541
3580
3166
4636
7242
3226
622
4741
2662
3566
2295
3751
6540
2888
7779
7865
1724
5058
1931
4131
7991
6042
4412
7641
4782
6652
5204
848
1173
6146
7648
5017
3544
6894
5106
6519
5795
2357
484
45
3828
5459
6646
7306
2222
442
5994
3309
2311
4202
849
7197
4341
5643
6032
2959
839
3200
5642
2294
4192
988
571
3706
3159
6077
2381
6944
4918
4524
3975
2746
5552
4405
5417
8029
4574
6682
8027
1046
4881
1307
436
7486
1664
7961
2911
672
5263
5100
1548
5476
4994
4086
3296
427
218
3626
4072
4240
1872
4885
6436
2505
4715
7352
6097
1336
3573
681
1689
3853
8069
6477
8146
4834
674
2825
5212
7884
764
3258
7727
2166
802
1777
1517
5997
6838
3057
4824
3104
5593
5233
3504
5772
7038
6765
5114
5270
3686
4217
7895
7992
992
2499
203
8005
6121
3585
7402
8130
4749
4813
6662
525
503
650
841
1530
2619
4002
488
378
1838
2518
362
3230
318
4160
7600
4605
5235
1478
1933
6172
4093
4652
2722
5709
164
2827
5902
4826
7524
6488
1640
3227
3732
5486
6442
48
1744
7926
5797
6400
2617
1715
715
7422
8234
1196
4090
2725
6226
2421
6157
4013
7557
1081
7257
2534
6013
772
228
2944
1155
836
4870
1030
7372
1214
3519
210
3590
5149
2724
7254
1035
465
4499
6240
5224
1900
100
3976
4586
6397
6022
7148
5728
4036
6956
6472
4238
1623
1142
799
4433
3464
2967
3836
2739
4533
6139
7617
3654
919
6524
394
4844
2670
7083
4218
6753
2391
7052
814
1889
4425
3039
3379
3593
115
5327
5786
1717
130
5105
3
7096
4833
7730
1133
5287
4914
4310
2766
8061
1455
2873
3948
6478
5784
3496
2055
314
5429
5037
1177
4887
8003
7927
2377
5201
3589
4300
3234
7719
7551
6536
3179
4106
2853
2018
6516
5076
7695
8081
7180
139
1643
3009
596
6268
7906
2742
7377
1895
1048
5824
743
1542
2615
5142
4768
2898
1967
403
5297
3421
6579
4182
8051
8169
7857
3445
3343
8226
2382
5488
6113
3411
2029
7743
2812
6823
7688
1007
2141
1635
7410
4074
56
2726
3132
7077
6190
1108
4089
3045
812
3789
409
5581
2632
3760
7453
7391
6901
5607
6449
5874
5700
1864
2075
1843
1856
6231
2182
6060
6764
7411
4917
1748
1512
5531
3061
6541
1616
7158
3194
5580
483
967
2805
2868
4423
1714
7088
1374
3382
1887
2709
329
4527
5582
268
24
4556
1326
6293
6447
5430
3942
3888
5907
563
2023
2502
7890
5022
4407
791
2660
7048
7053
6712
2247
5662
1922
1784
5452
7298
3430
3331
5848
3920
5264
4338
4955
2042
5950
1489
7969
477
6426
4721
1999
374
3658
1649
4961
2537
5415
2774
101
3070
4867
5420
7021
6411
2473
3384
1117
5190
993
13
3546
5860
2759
8067
2893
2965
7778
1965
3083
1775
2117
2416
2975
85
104
1127
6249
1058
7416
8054
5823
137
6441
8068
8050
8006
425
5353
6462
725
4978
918
7511
5641
5379
2778
2452
1556
1663
3652
3970
417
6036
2857
4098
2720
3980
6419
5442
688
4053
1463
3797
5092
4380
5862
3487
7944
7196
4190
5596
6648
1986
7642
7918
25
2484
4016
2359
1112
1009
5351
4382
4736
6642
414
1686
2908
6625
8185
8129
7689
2663
2262
5440
1759
4417
1949
6982
3294
6936
5120
3347
7068
5629
3399
6799
2743
3705
6227
7709
2347
173
360
211
5157
188
6203
1515
4703
2842
7854
4965
1492
7487
6425
6074
1559
1716
3866
804
5617
6975
5656
355
3483
7575
2640
4507
869
5341
2688
877
5722
5337
637
3611
383
5992
1465
6877
4180
5213
6308
1269
2328
1930
1735
838
41
6530
1650
4734
4073
6584
632
6320
2625
7772
1996
3709
2378
2310
7421
7273
1202
4806
978
580
4075
206
927
4900
1089
6884
27
752
8119
8120
5542
7002
6732
6080
831
897
5887
4701
690
5140
7191
6967
5257
718
4301
5697
5947
1870
1554
2769
7720
1604
1854
5961
4655
4536
7907
5754
2657
3459
2471
2154
2817
2194
42
3565
1134
5162
4007
2241
1941
6578
1861
6585
1687
1235
4512
76
4905
1469
4129
493
5757
722
2232
1093
7597
3576
1667
302
2153
2142
4067
408
4221
3022
160
1601
3439
3075
272
3480
3084
8224
712
3591
3204
8202
7005
1384
7103
3531
3693
1004
6422
1807
4082
2228
6911
7323
2461
1600
7736
3641
1158
3810
3173
6094
570
2641
4704
1083
1037
4643
7973
6423
8093
4032
748
2214
7278
834
7392
502
98
386
5124
4224
2607
3210
1820
3208
6134
4186
4958
3619
7804
7957
4723
759
5958
3093
4795
1801
4066
7143
5654
5509
5885
2909
1568
6103
5436
5156
4877
6450
1712
255
963
2814
6276
5826
2775
2969
64
3925
1227
5095
5696
5403
6522
2061
6037
7093
3599
1962
2860
1655
7592
2139
189
7246
7643
2126
3792
5002
1254
7170
5917
4921
7138
5601
567
6370
3577
5497
2582
7407
933
1841
4205
6888
2034
815
866
1407
407
8049
441
1247
1990
5244
3676
1100
5597
7682
5898
5448
1763
4596
1832
3885
1218
8071
5240
5077
4115
2521
4498
2658
5006
2643
5919
3894
7955
6544
4291
6865
1978
1409
7285
3088
7770
8094
801
7997
7401
8057
3315
6617
3243
3351
2674
4050
3562
3406
4346
1610
940
626
984
2811
2800
5144
6769
4288
5567
1671
3452
4387
3672
2679
4693
4439
4859
902
8214
3741
5425
1240
6595
1520
6402
3181
7801
4814
2834
2031
7287
539
4438
4275
4027
6143
2926
4505
2623
1573
6938
5320
3499
5661
5677
432
2327
6856
6164
253
8208
1562
7542
1130
782
7125
7950
4385
5710
5489
2855
729
7669
6497
6470
1266
3341
5010
6270
3607
2049
789
4068
6106
7702
2169
3783
7711
162
4052
4158
1721
54
7056
6046
5034
1890
2788
7767
5479
4249
7525
7028
4312
4038
3687
889
4677
5731
4535
1960
4156
594
2541
4350
5485
3826
5910
6111
79
8048
4531
3054
4028
7753
4045
476
3393
4334
3664
249
1236
5166
3555
5884
6398
7885
6788
1537
3886
5029
7502
116
983
5557
5012
5009
7417
6304
1980
898
6192
5483
6479
2798
5265
7359
3777
7715
6695
119
3211
419
7915
5560
2986
457
7449
2647
6667
4990
6050
7760
2406
842
3127
1369
129
3791
2374
5551
4012
4065
3548
3303
6405
1486
2418
5395
7061
96
5339
1964
8007
6230
7471
4369
3699
3077
4511
6346
7737
7629
4046
5367
1411
7869
3001
2862
6501
2066
4764
5434
5102
6719
331
3846
2783
1224
2626
2487
3129
1866
5245
2224
6154
3616
2869
6716
3598
1599
178
1038
4727
3605
2273
6413
1910
3615
2044
1164
5411
4283
424
2339
2120
1646
4497
2645
3021
1855
4474
2572
1758
6559
2691
1786
734
4999
3840
5875
1431
2506
2707
2006
2528
5338
1816
5774
4336
3617
7294
7275
6620
1408
215
4189
1482
2105
1977
1697
1381
1737
6338
4315
3543
5836
4113
3628
7843
5132
1309
4730
5514
6082
7748
3668
3513
7034
4612
3570
6630
1958
7500
7512
1928
7174
1926
2781
3122
6570
4114
6284
8012
3665
4553
7105
4568
7175
3661
51
1359
6762
4566
5568
2400
1625
2939
1438
5167
3906
3176
8171
8211
7276
8162
8219
8159
7248
8183
8231
8179
4583
7790
7717
5247
396
3995
3556
1553
7263
4909
344
3734
1633
121
5829
4670
3485
2156
4228
785
6280
2932
633
5892
7184
5474
2732
3645
1439
2053
2931
4173
2466
4149
3855
6210
273
2330
2519
5386
1774
5720
4292
1481
3568
2801
6096
4483
5371
4582
4461
7320
3027
1719
6931
3357
6961
6485
1680
4404
1879
2121
5936
142
7980
6531
1504
1442
2348
4293
4455
5016
289
6545
5620
856
1198
7448
8104
8123
1013
1811
4793
5427
1545
3397
7089
5962
174
5801
3020
3285
3161
7827
1750
5378
3003
7587
2123
2409
326
7787
1169
63
7193
2191
3348
6371
3934
2256
5889
1845
2560
645
4430
3140
2032
4099
1753
5394
245
2624
7
536
5564
2635
1036
2543
8149
8167
8220
2100
6999
6622
2887
458
5505
3149
4872
2392
3050
5968
4081
2387
6778
6537
4614
4767
7789
2202
290
1308
1472
1452
8063
4850
3260
2829
6624
3745
3931
959
6014
7894
7522
1641
6730
7942
8023
5377
6325
4246
7241
8127
3473
316
2235
4607
1630
886
479
4832
1278
666
1115
7446
4675
4925
5470
307
6039
3048
1637
7628
1957
219
7837
1178
4722
5178
5453
704
7698
6984
6879
3839
874
4506
6561
5666
285
406
3126
6896
6907
5424
1810
6465
3660
969
593
549
7098
2686
888
5302
1498
2650
5070
3818
3675
4707
4864
6016
7354
1901
958
1208
256
402
3627
2231
4144
2140
7036
7214
2899
4170
6974
5859
221
2616
4413
2369
4019
3435
2950
2711
7406
8066
6073
2175
2978
3290
2204
4147
5763
2176
2704
5822
22
4048
2250
7385
1186
1470
5040
7533
6521
8074
7734
3160
3286
6420
7960
6352
8107
6105
3451
3174
7025
2180
7085
2245
6681
1657
5858
4317
2719
5281
59
5151
3733
1182
4279
2346
4837
2269
7614
5357
2318
7967
3534
7560
6023
7594
7676
195
5602
887
4761
4738
2284
2585
7510
7177
4083
6098
1183
6953
7808
6737
4162
1767
3856
6706
6749
1639
5982
612
4435
3950
2084
7060
5866
74
3425
1761
6269
6556
867
7558
5295
3938
7454
4421
7399
2234
4105
4431
4296
1327
4991
3428
6995
3080
3529
3364
2561
3301
65
634
864
7994
6087
4209
433
7479
2835
3292
2678
5719
2596
576
5753
88
4344
1350
7752
4142
6933
3793
4620
3820
1948
1172
5816
5943
6800
5969
4688
5899
3713
920
2293
1289
5187
2546
6348
5606
209
6833
6814
6853
6196
7716
738
1457
6551
4259
4481
7424
7645
4179
5680
7674
7897
2217
6063
1370
3025
5588
4361
7508
853
3927
3884
146
868
1160
553
7234
2101
3724
840
2039
6088
610
71
1690
6557
6733
1976
7931
4658
3190
6673
5062
3283
3761
4216
2797
2958
7152
7169
1972
4084
2740
4815
2111
3491
6297
6819
5458
6434
643
2408
5171
4322
2697
2883
3381
7332
7476
7340
3327
1054
989
4825
5787
1387
2046
1159
2770
3924
2237
2150
6895
3684
7966
1071
4902
7578
1827
6202
3919
5084
2465
4774
2840
8032
1139
6564
2261
7297
7051
1535
5254
5194
4383
2114
7420
5252
7840
7883
4368
5135
1283
3860
2850
3983
4443
169
6678
3683
2420
3965
1546
21
2022
2468
2427
2928
212
4845
306
6144
3871
5020
1995
707
6194
4309
527
7856
3813
243
6267
1920
7271
6560
5259
437
1031
4152
4465
950
1590
3329
3458
377
434
5506
4195
7677
4241
4882
8157
1025
1141
4818
6259
3470
7667
957
3206
3721
2611
3749
1203
5269
5203
4897
3114
2028
1726
2760
1237
751
4252
7784
5361
922
3402
1940
545
8221
588
111
7488
685
7585
4744
905
5598
4403
5468
6002
4188
4745
7342
7205
2821
6508
1039
3418
761
5389
5462
2863
2598
467
4015
6568
1500
1567
2411
1361
3330
6206
3376
3816
2575
5802
1274
5871
3012
1672
2637
4558
5293
1538
2591
671
582
3107
3245
4760
6378
614
6166
387
7861
2912
5768
3265
3726
6321
5032
2089
1185
5798
5311
7043
3472
3241
6351
125
1853
4763
6599
1783
1270
3750
1876
1426
6780
5685
1179
5869
4298
1116
3158
6102
5074
2227
4928
3799
254
4712
7086
8058
5229
7141
2060
587
5538
7609
5026
8225
6334
2999
3096
4964
6272
3768
2229
5915
3426
3907
3064
1061
3323
72
3011
4775
1043
1355
3345
2917
4379
7024
3125
4110
3248
1558
3766
330
6119
7699
3776
6857
4998
7981
4348
7463
5236
3317
4378
1768
4247
4231
3901
3620
4627
8075
2930
5369
2186
4467
6867
6360
6177
2070
4569
3521
341
1484
1277
6846
5024
5600
1259
6697
5065
2298
6752
2919
6806
2895
7731
883
6345
4320
2242
1379
6761
629
4087
1335
5208
5789
6979
5770
1057
4841
2807
8103
5346
2677
4276
4401
2878
239
3694
6612
4977
7037
6150
5375
5901
3586
2548
1812
7419
5326
3139
2654
5473
122
2921
266
2782
702
4508
3405
2352
1239
1223
7938
693
2910
2786
1204
6287
4817
309
5129
3532
2424
2882
7740
6991
4235
6616
185
2289
3666
4319
3322
7873
4753
6466
3119
6897
5559
4645
3240
2259
7764
6675
6834
2576
7018
3905
4798
2157
1803
415
1873
6821
6173
6292
6025
3897
4802
2536
380
4043
4541
4871
7284
2456
1360
1318
263
6432
713
2997
5658
3133
6069
3182
1334
3250
4251
3701
6052
2015
8212
5652
5218
6428
6825
2764
1705
7754
2056
2143
3202
276
2856
2936
2551
3284
4107
5610
4150
6306
2864
1314
4963
5080
2745
4962
5512
1329
2956
1897
6266
400
390
7820
566
3383
4304
975
8217
5669
7999
2069
7773
6948
4010
435
3889
7151
4939
3018
1324
6212
7777
6055
2460
2134
3056
8000
4653
6409
2275
4026
5667
7879
5154
1392
6011
714
7723
3481
679
780
6711
1950
3295
44
1929
2152
1818
1171
7639
7281
5575
7353
52
6632
6796
4444
726
1090
1032
5219
4560
8164
4145
2574
4676
740
7776
2276
6644
2249
6353
5782
7877
2963
55
1068
998
7237
670
1642
4063
2312
155
3649
7458
5447
2971
4684
6474
4373
7704
4239
4694
1586
227
6257
1078
3998
5186
1549
1121
2723
8001
6064
4258
862
1992
3865
6528
5684
1495
7301
6391
3146
2565
7564
4528
5376
3817
5742
3066
2016
86
2557
4705
1018
8010
4055
5435
370
5550
5294
1290
518
8065
4649
4101
3647
1794
2681
5681
2192
5451
2020
3786
2096
1617
275
7379
1766
2233
4838
5443
8175
6228
6610
2594
7916
3423
6587
1850
7081
1851
7164
6107
8028
7904
7405
3169
7586
512
4976
1731
4343
3526
6174
5000
6401
6165
7513
3604
6925
3949
823
5405
8152
2799
7244
7074
6332
8116
7470
4889
2665
7409
1564
292
1368
6763
1905
900
3469
7118
5177
6908
2193
2135
4729
676
4389
5205
3079
7850
7615
8153
7117
6057
3352
1505
4299
3517
3966
2322
4706
3642
3059
1362
8109
7303
4671
5977
23
2341
2977
4629
6577
6930
5491
372
3424
2636
5812
3822
7899
8088
5979
2190
5464
2973
4136
33
5528
1516
4253
3764
7033
5855
4487
3778
2306
6263
2554
909
3005
8199
912
2365
788
2248
207
2019
3917
4808
2131
5843
2149
135
3748
73
1215
6645
5959
1213
1917
4394
5857
3986
440
8144
2436
773
7291
5019
5180
4883
4008
2694
2695
3287
5444
7211
1741
4725
7530
7123
3463
1330
1662
2106
2291
191
1344
3601
1357
7355
6108
3650
2145
5659
7780
7039
3537
4480
6114
3095
2947
4181
2828
4178
837
7304
5507
7851
1275
8025
6181
3520
4570
2429
3977
6674
1848
5130
7941
4434
4340
6059
2716
7363
1773
7921
5366
5480
5279
5525
3131
2886
4554
3648
2553
7549
1560
3049
3755
5118
2549
2003
3180
5934
1743
7653
5985
7939
4613
1067
37
2583
7998
8209
8213
2263
4548
1321
7588
1555
7397
6340
4929
4175
3999
7012
5216
2038
4133
4972
5059
1042
1757
4476
2102
2423
638
5702
2133
3442
5611
7516
7518
2940
2453
379
3441
4184
8021
5355
2613
7953
607
6747
3308
7334
550
2533
1293
1294
3784
1045
8090
5345
3753
446
7104
4615
6090
5206
6852
1661
6373
4286
2756
2201
5036
3264
5249
1297
5713
2571
6744
2047
1423
5025
413
1264
5047
496
6131
5450
1839
1709
2653
1834
3685
6822
504
1216
4975
855
744
2267
2890
2925
6495
4821
1303
6772
7799
233
6535
3112
4827
1176
271
1684
1394
6299
1065
4911
32
1468
1105
5081
560
6275
8055
4669
3596
6547
3362
7003
4856
5694
973
1437
1704
7414
6575
6783
7070
1194
4321
5939
770
2085
2858
3196
6922
1944
5689
4514
411
3141
8155
3911
5258
6569
7786
7526
2871
2195
244
7432
2272
1677
2332
5577
3631
2916
6412
4203
4208
1328
6072
3525
4740
1681
4222
737
80
1842
641
3209
6101
197
2703
4311
4232
7485
3453
3646
3312
2577
3186
4538
1325
6454
7987
6496
6333
8215
6899
158
2340
653
4353
3414
4546
921
260
7438
1475
2441
7415
2081
7412
7830
6160
5093
5675
2990
7732
800
7253
2651
1433
4187
7435
8121
3567
2388
6840
4132
6898
4097
5409
3276
2437
5300
6148
6689
2946
339
4234
6250
8030
5133
5522
1114
7126
7019
6735
1792
7137
985
4137
2570
3578
3135
6153
7091
2251
7835
1499
4648
2535
7341
2588
6302
4912
3219
3316
1385
1951
4942
4357
3492
3714
7258
5454
5762
4599
1514
5556
5432
6213
6437
2079
4365
4140
5626
2784
7943
7026
771
917
6787
3094
5309
7886
7230
1417
1919
5197
544
5365
3032
6707
6361
2068
3984
3708
6048
6247
3671
5631
3155
7970
1606
6385
3271
6339
2608
1966
7640
1963
5031
6225
4411
4509
8191
3387
2092
3964
1287
3314
3385
8233
6651
241
3781
3618
3677
2839
2676
6927
7232
2532
5116
3253
3460
2894
4031
6277
3367
2077
3747
5478
4891
3099
3535
2511
2351
3877
6176
1497
10
3707
3320
2401
4854
3339
1211
6786
2308
2644
5820
7122
2457
3779
6309
2144
6666
2009
3670
3268
2185
3557
8216
810
5392
6676
2771
7912
7751
6835
6435
7540
3581
6628
7233
1648
3794
5402
2953
7108
591
4103
1824
5627
6542
8218
2435
7893
1398
8173
3164
1397
5746
5616
1416
5622
1833
7330
8018
2539
4243
565
521
6003
2593
5723
6417
1746
926
4695
5767
7811
1118
2333
454
6812
7962
6976
1148
5726
5094
4654
8242
1494
5260
7149
2872
448
7888
7738
3569
2989
4109
5881
1673
8207
4523
5967
5469
5891
7759
4908
4661
6430
1069
7478
2205
4898
6650
3403
1628
8160
2187
7032
3014
8017
4785
7990
5821
6433
6408
1079
3221
1582
3936
600
5986
7035
5308
4829
148
6380
7194
6514
4545
5565
4525
5554
4948
1273
1615
1257
5299
6109
223
5310
7602
4165
5231
5603
2104
6191
2755
4448
3092
4589
6188
6171
2927
3154
1685
7204
845
265
6468
8085
3216
1026
1987
7090
4191
7934
6147
2991
2315
468
5831
7067
786
5463
4875
7290
4944
8223
6440
7925
7132
2652
2268
2680
5999
4849
455
6586
613
4354
5712
4585
5562
6755
2350
4601
3773
6392
382
8111
3017
5050
6826
4381
7625
117
5496
7207
6503
6278
2669
875
4460
3981
4285
2422
7236
5362
5196
1383
3062
6328
2489
8240
2879
4987
4539
5914
5060
6902
6142
3982
3082
120
3255
7434
3408
4440
3232
6010
3282
4244
4792
5498
7442
6891
5331
2254
6487
6683
6483
3229
7572
3592
4946
2761
6748
5296
3205
6949
6123
2402
5965
6582
7627
3098
5682
431
5015
1772
3311
4847
5067
5707
2415
4935
3583
5324
6893
3759
4018
754
1163
7652
6546
3989
2004
8079
7491
8210
4639
723
5477
6892
2525
150
1805
8046
6406
444
7607
357
4264
552
3858
1434
1300
6027
7590
508
4360
1212
184
2164
7646
1124
2277
7896
5123
7023
2238
2648
660
1914
7349
2592
46
5842
2355
3134
1195
6805
2373
5628
4302
6848
4305
3742
820
3879
1557
205
6095
1745
7140
5038
5966
3495
7121
2994
7162
1828
3899
8232
941
322
5913
7364
6789
4432
7336
2621
619
7685
2988
2642
1904
5288
7917
2160
7252
675
3904
2599
6456
6590
3047
2434
473
3137
6256
5334
7839
5446
2500
352
1907
1085
6917
2683
721
66
811
6713
698
6187
2659
1342
3162
1147
5970
5408
4318
5893
5033
7440
5336
2179
2552
4402
8013
163
5128
4751
7713
4910
1491
2970
4335
5944
3635
18
663
6030
2714
2331
3892
1299
5248
6040
3891
6209
3497
3944
4893
6672
3239
6307
2313
2586
911
3220
4287
175
2708
642
451
5705
7932
2979
3370
7315
1445
2954
5592
4159
939
945
4903
928
1066
1984
4266
2512
4037
6869
3624
3893
4836
3055
876
2030
6962
6513
4895
5054
746
2011
2279
2772
7718
3680
7509
6955
5785
176
5621
776
806
6771
5146
6220
3689
4953
6075
8102
7433
4290
1011
2354
6718
3883
107
4584
6843
5541
6490
2119
1749
1840
93
3273
5223
5301
2494
929
5111
2520
7656
3336
3063
5510
6112
3926
336
6331
4371
4681
105
4248
8138
192
2984
996
240
2874
5097
4598
2929
813
7010
3720
7396
5983
4102
972
7712
261
7238
6957
463
3454
5275
7450
4167
2345
3872
1975
1710
4608
3909
3653
2698
639
3695
4930
2414
3484
7157
7882
7761
1632
388
6200
2859
4888
3378
5516
1503
3951
910
8238
5274
4959
1523
513
3961
1723
6698
7744
153
2897
5704
4685
4436
8190
4562
6615
1875
720
4265
4451
5926
3019
581
3955
5911
5937
4155
1634
3528
5780
5664
6836
3097
3033
4640
3233
5647
4118
1337
4500
4697
5938
7167
2065
522
4294
5900
3918
1138
3770
4446
2458
551
2
6977
6855
1436
7637
5715
7553
1581
1406
295
1165
4842
5384
6627
6344
7832
7568
5276
5266
6295
4468
2672
7714
1551
575
231
7049
4949
4717
2337
9
5335
6715
1903
5391
6326
1720
2629
6717
2892
5793
2321
1420
8239
7722
5049
2305
3028
8080
4540
2115
3547
7305
5407
4138
2078
6870
4641
3806
371
3524
4513
6696
2675
6887
2545
907
2841
3404
597
1699
6684
7860
7983
5340
4819
4970
2326
1189
7027
7344
1708
5923
4678
7106
1143
5906
3959
7881
3833
2935
2945
1129
1694
4758
6128
3272
7919
6601
7978
4993
8047
3130
6237
5008
7431
4255
293
7697
5519
2482
3594
7367
3850
7112
2758
5354
5796
5955
6469
3621
478
2573
4759
5692
3152
4983
4843
6458
3738
490
251
7517
2754
724
3068
2098
5170
1175
3801
323
4384
3663
7803
2364
3588
892
6724
6289
5690
6337
1101
4418
1906
1006
6736
7444
389
1356
8042
5317
6881
1518
5438
3199
95
7394
4429
3498
5282
3493
1529
8158
3795
4242
1132
4698
904
2000
843
3514
6795
2508
686
198
6831
2014
8198
4395
6794
2998
8137
1049
5500
3102
3434
3990
5150
5108
4801
1935
6641
3377
5942
3304
3974
4351
3354
6359
6816
6692
5886
7681
3852
3400
3758
2757
5101
6125
5251
5014
1609
3735
3478
6329
3691
1852
7735
1281
817
6244
4857
546
5396
1878
7160
449
5502
2469
3722
2116
5035
5878
50
6937
7337
6224
1739
3702
5333
3051
4479
6864
4866
5794
3843
2656
2386
7040
6550
6367
2151
913
7659
6803
4869
5388
2567
6438
987
5993
6261
3363
3373
4572
1524
6260
7031
1561
5957
6751
4289
1302
2162
177
1315
3819
3802
8008
1916
1380
4746
3015
7638
1458
1881
2163
280
7393
4742
3812
1899
3366
507
3475
531
6127
6149
816
6093
5283
2823
6657
7902
6049
1371
5013
2292
1502
6798
829
2107
2219
7124
5352
7206
7554
7541
1793
3185
1005
5876
7937
523
5423
16
7880
8077
82
3600
825
5304
1779
2394
3238
7400
7812
7593
5951
7168
7866
6705
1338
2891
3603
5614
506
3060
6283
7384
749
4447
4803
133
7550
2362
5066
2966
1501
1547
2751
5456
2127
7482
2109
2198
6099
6511
87
1261
2037
3118
1447
677
2922
7892
7576
1260
1396
5837
5068
311
4458
4282
4363
1566
2146
7299
4011
4593
5225
304
423
7498
3046
6552
151
5011
5851
1894
4245
6731
833
6952
3809
7552
1230
4550
7922
31
2067
923
4198
7395
134
1154
3237
7655
6517
5021
4306
4931
2579
7496
5139
1896
5314
5751
7460
7338
6946
515
5971
2172
1098
4766
7472
4957
948
8045
4623
3113
7216
168
6399
1022
5988
2914
3156
4858
39
5630
3522
3629
2426
3144
5152
6878
5028
1268
569
1598
6554
2130
2040
363
6377
4328
6298
1086
2443
395
4840
1242
6534
5226
631
818
4779
2749
3673
7382
4284
7008
1847
2442
7531
2938
6988
5665
7562
3413
4049
1602
4210
1884
1536
8205
2099
5004
6592
7190
1959
5291
5185
568
2633
4635
1301
6720
2459
7583
6313
1869
899
1846
83
1251
1378
482
5908
1306
3740
4996
4602
1619
7159
4410
4396
6954
6539
4450
6500
7057
2900
990
792
4307
2215
6197
2137
1241
3318
3356
2477
6807
2281
1585
2547
7497
7456
598
1024
1000
2815
7203
930
4739
5039
6028
3636
3560
1755
3386
6875
6221
4735
4372
6868
3037
2496
4250
7507
2631
819
7328
2996
5316
2981
3659
2851
3929
6238
8184
6265
1382
4804
2440
6734
4679
6693
6366
7213
4014
7266
6122
7596
2747
2628
2462
4880
4233
3108
2334
6451
2689
4277
2845
204
1263
2159
5184
5691
8237
1131
2390
7920
8108
3143
2360
6985
4603
2302
5127
5553
4211
5227
356
3394
1955
1023
7758
4622
4756
5467
6216
6204
3930
8235
6591
6211
5897
5873
2523
6343
1272
4212
4580
47
5158
3887
3772
2684
501
5138
3165
1364
2564
345
3324
8181
6850
2803
6943
2881
6393
7322
793
4919
8187
2934
6997
2371
1622
2767
6152
2509
4197
7339
609
4559
5748
6998
6959
4575
3842
1868
2304
3344
2960
6638
3281
3932
7274
3963
4471
835
1727
1471
6396
7690
4355
2412
5051
6291
3506
1137
1156
6637
7044
5457
1295
4647
4592
4003
4904
7515
7771
3371
6091
7087
747
2383
5349
127
2445
648
4161
1701
5756
3861
381
3552
6053
3067
7220
2495
2995
7130
3916
1483
7817
7724
7900
7979
4606
5199
1316
4537
4263
2748
1267
4356
6444
4424
405
8040
8043
7816
7887
2343
4940
1418
5418
1446
2017
5777
308
3844
2485
1692
1550
350
1683
577
7439
5828
6636
3225
194
1631
1092
5660
2568
7636
7050
1591
696
4941
1450
1808
6404
3954
4619
2907
6606
5383
4437
7683
2699
6708
6543
222
3422
8083
1262
1479
7310
2325
6619
2721
2773
4071
3510
4058
7523
4595
2968
5481
11
3183
2012
144
2376
6499
5104
5608
4610
5840
1016
4876
6793
6770
711
8113
5701
4475
1014
1939
294
827
4543
3717
7404
217
3256
1989
1574
1128
2952
7475
5381
5131
4733
7181
873
471
6051
4851
5253
186
6647
1400
2491
4757
6480
5537
3969
8064
8172
303
5234
1519
865
991
5358
283
8084
4577
7015
8196
7102
6565
3031
2915
2147
5838
5721
1711
6070
2286
1620
4662
7797
2876
4128
3923
890
8147
3081
5699
8188
6498
5672
2731
3069
259
4397
6081
2349
3690
3251
3110
2806
6251
2021
7134
4861
7128
269
6455
1725
6233
6872
7374
7556
7295
595
262
4278
6923
5207
7282
7398
2961
3739
6089
5678
5222
420
5679
615
5001
5835
7703
456
7755
4270
3952
5241
6634
7870
4017
5069
1113
106
5846
5584
7855
6035
2475
5945
128
5750
5974
3633
7413
2300
426
1605
460
1279
3212
2904
113
4591
5246
4780
4122
6576
3805
5849
252
7272
4491
4297
2297
543
7429
2701
2002
3870
3743
1937
6791
694
6757
3207
6253
1221
6993
3297
4386
4267
870
4848
5401
3482
141
1296
2026
6594
1027
7959
2024
6573
7325
287
6383
2885
4124
4784
5569
2867
6824
3536
5172
3008
3293
3259
4370
925
4724
579
5198
599
1751
6950
8194
774
6670
965
533
7501
6235
1877
2296
6970
4835
201
1732
5904
2820
2705
6041
2384
4590
1789
7229
5160
6384
4890
2627
562
537
1473
6598
7705
4894
7974
3622
313
57
1304
3407
2129
3864
700
621
8078
237
6410
250
461
6964
1206
6580
807
1096
1982
3512
2804
2361
12
1528
5082
1653
364
2366
7742
1286
4651
4502
3349
1047
1099
3501
1076
878
2507
6427
3218
2666
2183
3111
438
4477
8126
2007
5090
2833
8011
6222
1611
7868
6518
180
1821
6722
2307
6515
8039
2405
7806
34
3540
4650
7176
3814
5872
3058
4236
982
2832
7185
1444
7115
1440
3572
7333
3609
6460
7309
4633
5079
4907
7209
5518
7182
1644
7161
3863
4482
758
6
891
7217
6258
5179
1317
6523
7001
2059
2614
2052
805
2158
3034
5426
347
5163
3257
5591
2290
6374
2729
8110
6603
2849
2902
274
5112
684
3595
2531
4515
4214
5277
4091
5057
2802
4594
5624
491
6980
3269
6966
3518
2036
340
762
2027
5948
6553
7080
981
8193
6728
7825
1674
6264
3881
3898
2472
2992
7750
6132
166
4428
4273
5953
5984
418
6727
5760
3340
4169
2188
4206
986
4860
4146
4414
6129
5783
7686
7849
2258
1109
7199
2013
5532
6315
7842
5513
6919
2265
3142
5547
6199
4737
5586
216
7626
131
6439
5096
7993
8180
337
1271
7728
2913
3941
857
4984
2353
1913
2765
7828
6754
6820
2685
1857
2738
2403
1430
1075
5332
2301
6273
7451
4308
2490
605
5472
7608
5121
732
5091
4621
1162
5321
7368
2283
3824
1125
6038
5286
3727
3746
8236
3785
3830
763
4453
4399
1077
3038
2696
2824
589
5815
1932
2095
4473
2813
3718
1424
8118
7477
4982
635
1597
4960
1660
7996
4709
3254
4463
4204
2836
2425
7062
7226
944
7985
1059
366
558
2937
6415
4587
6124
3643
7198
6182
6205
136
7376
3052
1055
1592
4765
4261
1688
8031
7179
6056
5595
5298
1802
4085
6784
6972
2566
288
6929
1349
7348
5594
1738
6336
7178
5688
7635
3782
6854
6355
5083
4716
6709
2253
3266
7975
5422
138
5879
1924
161
2230
6633
3455
291
6310
7651
4853
3236
7171
7601
4409
179
6567
6525
5192
416
1915
4230
2197
7745
5272
3167
7218
17
1998
3849
6767
3261
4478
949
4772
3848
5765
2712
3040
2562
2074
7687
2216
6115
6219
2173
5267
410
6418
4420
8117
2957
901
2791
1390
1658
5544
5882
6229
6665
1056
190
6968
8024
5932
3449
6158
6685
3561
2580
5941
7247
1298
7729
145
2138
3933
1073
3890
3992
3091
5946
4771
5382
53
673
7678
7490
7506
790
708
2324
5410
1836
4281
1451
5290
6330
7815
692
2974
5380
5088
6376
4199
6424
8132
4728
1804
4657
3811
5671
7589
1736
6912
4419
8206
2501
6928
4547
1256
695
7116
3123
4517
1718
4937
2601
960
3681
2737
739
4166
2264
3396
6533
6365
4561
8186
5209
3637
8076
3696
1019
4504
126
1144
1651
4855
3203
7622
2363
4879
36
4865
4687
6403
2826
1094
7532
1243
7046
4672
6566
5
1258
1593
4323
5256
5413
3198
2741
6301
2413
6001
858
1209
1867
3163
1943
8114
1477
6862
5303
6973
5980
7581
6065
7746
705
3100
3937
529
3762
1666
3350
3971
3489
4581
6012
8072
5963
2787
7988
4632
1161
7852
2486
4201
110
5546
2524
49
6390
6354
3700
3656
6246
5749
4362
943
7824
8098
6047
1942
2943
1346
5387
1781
5445
3334
1485
3410
4364
6407
5808
7611
2920
6254
1540
5191
5441
4573
7365
798
3429
4769
1340
3270
3837
3878
4567
7030
6136
2148
5706
6201
3859
4486
3456
4642
6832
5845
2819
236
3249
2399
7964
844
6742
534
5640
1249
5052
3825
1063
5536
625
5421
1534
742
2838
2492
895
1082
213
753
5711
1332
2622
2497
4326
2870
5125
7548
2590
0
3639
1614
2358
4884
7499
1365
7660
5220
5217
602
6294
1310
1665
1474
4659
1149
6661
3053
4952
3390
4901
578
1636
299
3508
4057
1882
5853
3515
3972
5670
6457
1120
1122
270
6760
1584
2299
171
3201
1110
2170
6810
5414
2266
412
5397
2794
7725
6395
4303
7425
4702
4466
487
979
5374
1033
1265
3043
2218
7183
187
3551
7807
5119
469
494
894
5202
6239
4225
6349
5214
1354
500
6159
3913
6669
6215
2110
5044
854
7072
3342
7543
7388
7872
6318
320
6703
6934
7708
7371
2063
7630
3987
4004
4656
7004
4710
5153
683
5503
4933
7101
2602
590
7574
1250
7099
7227
1028
5390
2083
572
6597
3597
7133
5305
1934
6163
4484
7459
5755
5773
3467
6364
7107
7153
4352
343
4665
6505
6319
1577
4044
5460
5495
5995
7706
5634
5159
3244
716
6482
4922
1119
4800
4347
6839
2167
43
5683
7129
4886
4042
659
7545
1858
5905
7610
5810
2280
6759
4616
5563
2687
1652
2515
1126
8087
4080
2768
5648
1608
1087
4061
906
4951
2718
472
5273
2082
3728
2610
6387
4945
1569
7293
1084
5210
3178
7347
1207
4154
1733
5730
7000
281
7259
332
7834
2035
1375
8161
1702
5195
1419
2410
1509
6776
7270
5370
6026
5115
6243
6100
6004
728
327
7464
4522
5766
4997
1001
5063
8089
3313
5714
592
7537
6745
7064
8041
7612
2830
335
3511
1150
4078
7829
5570
573
2478
5175
5646
4280
3231
4790
2852
3192
5579
7265
5990
5228
317
7783
1232
1911
1969
6726
2125
2762
4777
6792
6915
5221
4489
6322
6286
7483
4427
3436
6486
3359
5636
1629
5064
202
8002
6532
7741
5716
6232
954
6078
6589
2165
3807
4047
7503
4565
2319
1587
1991
1353
5572
2270
4
7963
4985
6729
5292
1798
8053
1531
8124
7423
5964
4971
7528
3035
1669
2200
279
1168
2073
680
62
5717
7567
1352
172
7930
6245
6845
1372
7369
5342
5107
4490
2407
1366
1462
4464
3184
6007
4682
5987
1432
5921
4030
4924
2226
1891
4454
5870
2780
1136
6963
6290
3752
2728
4108
4699
8056
7563
2380
7075
3215
7058
8125
1166
2597
6781
3985
3235
859
4400
6303
1513
903
3214
618
1064
6804
6910
2843
7262
6262
3516
1319
149
99
5998
5250
6873
147
5972
803
7913
5635
997
1041
6790
2493
3756
7805
6076
6817
6785
3392
7321
6342
7249
3391
7006
936
2080
6461
5619
8009
156
2906
1190
3242
3502
719
4459
3274
7584
1814
1050
1506
4035
5739
6775
3438
557
8022
7092
3013
1443
3613
4551
8115
5604
1700
7538
6130
7427
7100
8086
1313
7461
2043
585
2901
7147
6312
1441
1883
2753
7135
5790
3841
4408
3940
2985
4256
5188
730
1525
5543
3579
7489
2419
4986
668
1403
6363
3711
498
3446
7223
2045
4732
1765
794
6133
3136
6357
1466
4852
4271
7864
2498
196
2088
6866
2086
1454
6043
114
7280
6494
1826
4934
5927
7700
7756
8178
7947
5549
6608
2875
3076
392
29
6104
235
5933
3736
3505
6473
3121
995
321
540
6808
5952
3943
5832
955
2309
7672
6883
1174
2605
808
2447
445
5566
7494
7361
5356
3947
658
5261
7327
4718
6255
735
4943
584
4516
528
6492
6886
3571
760
5956
2404
7208
7474
3682
1678
1945
6155
3280
6690
4462
1425
6904
697
3071
7457
5639
4617
1312
6723
6694
7822
346
555
1104
2634
312
871
7155
1785
7747
7535
5539
7136
5807
4974
1981
5404
7604
5976
5736
1647
6316
6520
5609
5238
999
1095
1565
4134
2578
6671
7605
3688
3477
6815
7775
1395
3875
7696
5644
2208
4923
3945
2972
1722
5075
3468
7492
1012
7054
2949
5061
373
530
5455
3044
384
4557
5169
980
1421
7519
8044
881
2618
5645
4168
7858
3973
3147
2556
8228
4337
7989
3157
7933
282
4029
2630
3575
4989
5363
6084
3545
8026
6679
4820
3374
7480
6000
1363
75
7189
2700
1062
4846
5819
6664
7774
7370
3471
3437
319
863
6186
879
7654
964
5110
2667
966
6009
542
7749
1993
1813
5055
3868
5323
5903
1288
7250
5673
7785
6926
4690
1020
2604
649
492
3542
956
7437
5048
1863
7187
766
123
6602
4916
1339
6549
2790
14
5181
6382
1968
4064
4630
4445
3288
7029
58
3073
4534
976
1729
3703
7986
7721
1778
1747
5433
4034
5085
4493
851
586
7219
1994
1570
6555
3228
5347
1952
1197
3704
94
4496
2252
7599
3010
5373
2736
5764
5164
6464
7710
6300
5242
6571
1391
6296
636
5143
3798
5313
5145
1912
5042
932
7358
67
181
4125
7650
4666
5466
2288
6379
6774
1225
947
3896
6818
7668
7011
5734
5655
3409
4135
601
4711
7430
6688
7020
5526
1388
3788
8148
3024
1044
4868
2866
4823
5674
6828
5315
1888
5737
3582
3375
6045
5693
6305
7527
8035
8004
5089
4375
5657
361
7192
850
193
3000
8097
108
4123
182
7903
132
2727
5350
5800
5540
526
5428
1791
1422
1253
4628
6024
5978
3006
7795
7016
6116
6241
2223
5928
3657
3915
2239
651
1734
5329
846
994
3109
7007
3803
5027
2368
5439
4967
1461
1552
733
2184
4503
6588
6161
2203
781
717
2693
7375
7119
6971
3042
821
3116
8189
3507
6169
7466
3420
3880
606
7666
1205
3432
7620
1449
623
2108
3479
1886
5834
3958
7356
5529
3105
1921
4416
4689
4441
1596
6443
896
4226
3827
3725
1135
6882
4141
880
1008
7360
5030
5482
8131
2451
7212
3882
826
2189
6691
5072
1345
5724
358
5909
938
6193
4006
4571
35
2335
4193
5890
6138
7707
1229
1151
2396
1893
4492
4811
4576
1217
662
5494
1476
1170
3346
5686
6223
1180
4927
7066
4406
4644
2282
7221
2393
1971
2260
3962
934
7441
2752
4926
5343
1544
7582
6658
861
2655
1192
5599
1762
6324
1796
7595
6029
6699
7455
1970
2246
5141
7579
5003
611
6842
757
7156
1187
7679
2303
6274
4906
5243
5856
4691
2094
3862
3729
3678
7065
6978
7378
4692
5431
1885
4488
7366
4127
3300
3433
6538
224
84
4092
5618
8170
5271
7071
3908
6871
1401
3247
6768
7324
5578
2483
3148
5113
3804
7958
1543
4791
2530
1918
2563
6452
6279
1682
5043
7261
3427
2467
510
6481
2808
6777
5174
2538
5098
2285
628
6311
2542
6841
3796
4422
7387
2122
4325
6714
6234
2993
1123
4555
1280
3085
4062
7097
5475
5651
5211
5523
1594
7351
1226
3640
3275
3500
267
8092
2980
7383
5148
3559
3630
6924
1493
6356
5587
2430
946
6607
7876
7701
5449
4969
5792
6596
2379
2889
1341
6471
2449
3996
768
470
7874
3957
5623
2529
5747
4331
3606
1003
3835
6389
6327
797
1799
1521
6900
3007
657
485
5776
3448
574
5484
3262
4954
3087
5703
7307
6086
2397
2527
3903
689
1428
4663
2848
3124
5727
5589
2861
1201
3608
2544
1522
7017
6218
4324
2581
5385
5492
5571
1017
7373
6660
8112
1983
1097
4077
6135
26
5847
4992
5894
481
3090
3632
2287
4104
1347
7009
5922
4510
428
7936
6431
5811
7949
509
1393
69
7243
5583
6162
2051
3115
6242
7142
2103
3291
3553
4810
5548
3086
1675
475
7022
3928
1193
4051
300
4549
1399
8141
7680
885
731
664
4747
2558
3338
2062
6071
2470
1490
5863
6738
5637
3669
1809
2516
2903
6811
3922
7163
6996
1909
2372
376
5725
1276
5399
872
6314
4713
5653
4374
3873
4143
5325
6184
7954
6140
2844
4452
3041
4799
369
4000
3188
5806
1210
1707
5306
118
349
1985
6609
2951
8122
5718
514
7977
2076
6368
3299
112
6905
6802
3474
7845
2503
2356
701
5230
7813
1668
3004
429
4207
603
6017
284
7172
6429
2171
5193
4755
4750
5368
4618
77
6965
6629
1595
2595
7814
3845
2178
5738
6987
3466
4345
1613
4700
1072
6680
7452
1460
3935
6600
3503
561
6631
6626
4968
2433
7844
7871
7571
7570
7831
5189
5535
3838
3307
8096
6686
787
6347
3444
5850
6916
1923
4164
3771
2896
778
6008
2609
6058
7793
421
6947
5103
7447
4981
7624
3419
3851
5973
2923
447
2367
1060
7923
775
2955
4600
7047
5239
5761
1351
6510
1638
7664
264
3623
6350
1815
4121
3191
6766
393
1797
4631
7911
439
4393
2646
6137
5740
5319
6890
3252
1871
391
4070
3523
2744
310
654
4200
830
1898
2090
1956
7267
1822
38
7139
7762
5285
7972
6849
6918
4683
1508
7971
7239
4673
15
6921
1238
6913
908
2673
3486
2168
8062
334
7566
1285
7733
4268
2206
6381
225
914
915
2064
1376
4770
333
200
7529
769
368
1248
1607
3355
7146
6710
7166
7662
5668
3101
2255
3263
5615
7210
7536
5638
3554
5087
2584
3902
7165
3337
5268
5023
6085
6990
924
4638
6183
6358
5830
157
7561
1377
7335
1703
630
4376
7256
5733
5360
2847
3509
2942
4563
4781
5778
7296
2395
3389
7909
7663
81
7644
7661
229
2854
6562
6120
2962
354
5929
4176
5861
5461
1532
4120
6829
7381
6945
2789
4542
7914
860
6914
7796
7063
7965
5393
497
4788
1819
7465
1311
6941
824
6940
6548
6827
4789
5814
7665
6858
6860
6939
7658
8143
1459
4333
7657
7362
4920
7055
7694
7693
7623
7976
7606
7544
3662
7798
7240
6066
3869
7791
7768
6951
1974
4520
5729
8082
8135
7201
6903
7901
8020
7908
7565
1414
6942
6986
