516
5570
1088
279
5547
1728
287
2754
3549
2455
5512
759
1700
2451
5498
1614
4848
342
5832
5833
5838
3863
4873
988
2819
3299
698
249
957
3506
1340
2586
3468
5750
4036
5671
1634
1072
1328
2589
3522
3462
3456
2629
864
861
1661
3911
4682
854
1674
1350
1054
1486
5431
924
3971
5285
2877
4115
3249
5785
2713
5789
3230
1908
760
2540
2551
328
2022
872
3618
4784
5814
3763
932
1890
5623
3428
3772
1875
1750
783
2101
1197
457
164
3690
4553
2753
3650
3319
5436
5745
5746
3312
5660
4529
2133
4528
2842
5762
3304
3302
2853
112
4522
4721
5250
1385
961
2772
683
2041
3492
1000
3012
5131
2944
1953
1823
3752
2880
2430
396
1441
4137
2875
5243
2018
5317
4193
1437
3797
395
1517
687
2375
696
563
3990
4987
1993
618
4953
3059
3073
4900
4908
2319
4343
4980
3526
4394
3009
5125
531
980
2096
220
233
5518
5885
3846
3871
5535
296
5231
3649
3947
2682
5942
4677
1016
2395
576
4103
4280
3664
1544
2447
1338
3305
3651
5682
3306
359
4733
1526
1825
1979
3645
1348
3337
4346
3636
3632
4371
3626
1970
746
4679
965
4276
4271
5342
2815
5749
1307
4228
2812
3714
2383
4239
836
3712
3710
4799
2493
2010
4783
5713
4782
5333
2006
1320
5707
5703
379
1810
149
377
2425
1840
1961
293
2314
1233
2315
3208
3986
5001
2709
3989
1751
3239
549
2348
1185
1761
4990
3499
523
1092
3542
5800
5044
2262
4416
3951
2310
5792
1721
5021
3521
1928
2718
2281
794
4440
556
557
4840
5608
2520
3368
4197
1852
4853
2500
1848
1390
4812
1389
4024
4480
1849
1040
4018
1604
4222
1460
5540
672
5078
5855
5322
3592
3440
2867
5425
4490
5308
5304
3387
5136
5291
2118
3002
2836
4882
2821
3141
5155
5159
2808
1035
5402
2178
1591
5198
3044
1282
5875
1162
2908
4125
3884
3160
4923
3128
4129
3156
1958
1778
3486
4688
3701
843
5346
2459
4243
4714
2268
2123
1414
4576
2933
2847
838
5240
4584
373
2075
409
157
1375
5701
3679
4234
4523
5223
2802
4087
714
393
2664
846
4503
725
947
1339
1519
925
2039
4425
3269
4021
61
2210
4654
1672
3439
4839
2458
3594
5434
4810
256
3614
3422
4770
1140
3563
232
2506
3006
4710
2353
2524
5357
3984
2903
4110
2227
3822
4945
827
1297
5918
3509
1931
3180
42
2561
104
4920
1535
3186
2164
2615
2622
1507
301
5375
5031
5319
5764
5062
3493
3502
4006
1099
3595
471
3407
2305
5564
2344
2361
3338
4746
1239
4878
2460
2280
3350
3402
4901
5562
4601
1975
4247
2229
1074
4072
3771
2708
5097
3787
1933
3314
5583
3313
2286
2905
3647
4386
1764
1474
4555
3207
3123
231
246
2556
4407
602
3369
4930
3894
3505
4605
1660
1255
4486
54
5087
1983
1654
1950
5153
3258
1910
281
3540
5008
3463
3225
1668
1057
1341
1221
3133
5700
4073
1337
3603
2077
1397
4136
3255
4942
5915
4151
1176
5497
2696
3039
1288
1134
1126
2779
5903
120
1434
5102
5101
3892
5144
3514
4064
3101
902
4574
4380
3166
3167
5060
3742
3292
2234
5553
2171
4777
5309
3424
543
2469
4302
3411
187
727
5260
1469
3145
3019
3226
981
3144
3561
3423
4540
5479
2402
5819
878
3479
5053
5556
3596
3751
3569
579
2256
1324
2481
4595
97
5621
942
5028
270
2230
1402
5213
1400
2860
151
2398
2599
2734
468
123
3738
4062
5407
1781
214
4852
1194
326
4970
4323
4622
1659
2147
1581
754
5791
3718
1232
5670
4748
5364
1873
2820
5467
2098
5384
1302
3343
5035
2964
1186
3902
4263
4497
2008
3968
1470
1443
5605
4719
2731
5633
4816
20
883
1318
1963
1956
1316
1364
5694
1313
2407
2097
873
2683
5245
1305
2571
1329
1030
4949
2897
1639
2323
121
1199
3910
1653
5638
5693
5365
3987
387
4277
4928
3944
2916
5088
5186
4238
3086
4893
790
4962
4793
663
3719
1698
240
1311
4766
1555
4162
5276
5817
4279
4984
5302
3403
2534
4626
2804
4895
3090
2837
5077
1909
2848
3860
1646
1621
4982
1003
560
2732
2473
1947
4352
3519
5689
3004
101
956
4088
4803
4204
4233
4123
2704
5185
2482
4697
3826
2410
5340
5022
5354
4738
5732
3641
2914
2975
2076
5655
3117
2063
4322
9
4214
1527
5508
4377
2355
2437
1059
3316
394
3856
4669
2645
1524
2863
4835
1208
2574
940
5489
5914
3907
1949
113
5455
4681
5779
5907
5579
3676
1645
2494
3038
762
5012
4732
2620
44
2755
2677
4906
5574
5879
4518
3879
4133
63
202
3480
859
325
5545
4019
5602
5451
2248
4905
4252
1945
4143
2832
3240
4078
5506
5742
2611
2943
1042
1110
3023
1610
1413
2341
4997
5541
799
5940
3716
5445
708
5708
3658
4185
5184
2766
3191
5460
3413
3273
2851
1067
3176
1163
604
5842
3309
544
3250
3212
5300
2625
4315
5324
5528
4542
4274
4821
3272
2567
4832
4311
5253
347
2706
3782
5561
2199
3745
3600
3193
1406
2771
1597
3621
3684
3045
223
184
2786
3723
5861
5688
4559
4504
939
5711
4981
3905
1843
4095
226
4195
4634
443
4464
1902
5692
2499
4884
4972
2026
4068
3068
5363
606
819
4686
780
3646
2263
5383
2762
4431
4637
3991
2895
2810
2952
238
255
1094
996
5648
3187
4826
372
4944
879
1352
1930
4091
4385
771
5542
3342
1214
4712
781
768
5755
1967
4471
2265
2387
2656
1803
4179
2938
4004
5066
99
4351
5769
3800
1230
2244
2374
192
1589
3663
3558
5549
3182
5079
2747
100
1759
2510
2100
3419
3379
1386
3007
3415
829
4845
5868
4155
4510
632
452
102
2275
137
1600
3757
3996
2555
3294
5413
2373
5120
1822
4968
1283
5610
1820
3642
4038
2951
5166
3662
5214
4778
152
3457
502
2602
2081
3465
814
4388
5624
5236
4741
1564
5774
5615
891
2457
5793
520
5447
3740
363
945
4075
1835
5057
302
1595
1222
3332
4435
2192
4921
2142
106
2530
1719
3842
1713
2985
4205
349
1254
2129
5702
5761
2480
5550
3406
5462
2588
2711
697
2057
2685
841
4093
5894
3093
1937
383
4833
3170
2764
5157
5828
1546
2040
3203
5162
2705
2511
2428
862
703
1004
4287
3781
5533
4466
1599
3743
4534
3965
2859
3731
3765
4899
4871
5003
682
5594
3741
897
2692
3282
4446
1735
3321
3015
3694
3014
2409
3720
4420
5584
1002
3392
3983
1864
4625
2236
3077
2942
2456
5147
3150
479
4824
3520
489
5033
750
1529
4963
5296
338
4684
4615
2850
4321
3281
3890
146
4937
1874
5063
3217
3926
1234
3031
4061
1231
5094
2504
5929
1943
5459
5454
5921
5951
5934
2572
56
3998
368
5522
5481
2920
4406
2639
3814
693
3074
4188
3311
5449
2676
5108
3755
2630
5048
3534
5103
4250
4632
1790
1834
1625
3553
4780
5259
3624
518
1259
1296
1816
46
532
4880
1841
3028
4374
552
527
1025
5607
3112
2061
3243
5841
5798
597
765
5056
5199
154
4187
3344
5151
2554
3794
567
1078
5480
4955
2444
1459
5337
5222
1503
1064
2144
1379
3279
5820
5098
4400
2893
5168
5902
900
3096
4372
3103
4376
5536
251
711
1860
719
1732
1286
3483
1171
3137
3516
2066
806
1418
534
5519
1066
5195
2339
1695
4104
4363
5823
4696
4235
3185
1392
1783
4139
767
3401
4378
5111
4954
4342
3798
2176
822
4334
5019
5443
3064
1972
2854
3598
297
704
2
3393
2699
1558
5025
4961
2033
3942
115
5825
3510
5194
5691
4338
5444
2292
2452
5880
5343
2579
5733
1540
1045
344
4211
5955
786
1951
2912
5117
4413
3108
3461
2958
4266
5936
5932
5947
825
3547
3963
2443
1889
4011
5344
1235
2535
1894
779
1011
5863
2367
5795
2765
5336
4817
2368
2536
3213
3079
1671
3875
331
1455
1466
5258
5146
5140
5954
5945
3449
4513
3140
4894
5715
4527
2573
5643
340
5358
4015
1245
4758
4933
1428
4725
5458
3589
3151
1252
1518
5653
83
3107
4156
2381
729
3721
3373
4172
2141
5696
129
5007
3638
1476
4715
4499
353
5595
1684
5
1551
3070
2558
707
245
5854
5770
4175
566
1073
5372
4100
5049
5086
3634
4190
1980
807
3416
4672
5318
3359
3082
1173
3760
1986
1114
3322
985
5900
5739
2797
3048
5850
1918
4049
5328
4890
1545
91
3268
5598
3813
555
3535
3287
4050
3874
1244
3588
2080
4891
299
5695
4171
204
1417
2521
234
5874
1207
4231
643
1789
4822
3181
3979
5006
4642
4640
39
4805
4874
2947
3622
2740
5723
1155
4505
161
4289
973
3333
1633
3134
5015
5558
595
5427
4273
1068
5586
5437
2450
5387
3448
5719
3859
2488
5190
5202
5275
1952
4763
4761
2126
5876
346
3106
4735
4648
4883
4491
4563
3385
541
5710
2102
5397
1744
2189
5777
4892
3570
4161
960
1941
1907
3935
1757
5145
849
169
1265
3517
435
5630
5720
4989
171
820
832
1567
143
877
5530
2225
2439
1885
105
5148
2887
4086
1153
80
921
5045
571
5645
3532
1969
3643
1506
1411
1924
5652
1720
1278
674
2746
2940
2420
1209
290
1136
4607
3290
4449
4429
816
3869
3686
5262
1150
62
2163
5544
2349
5589
4751
4306
5492
4678
300
37
1608
3722
4787
4492
5852
4567
5726
3865
5647
2925
4092
5824
668
5263
1396
5908
655
2004
2760
2909
5426
3051
4444
2926
912
5197
3238
4191
322
1453
2515
5392
5013
2331
1343
3766
4124
3732
4744
5666
2777
2781
243
608
651
1995
2162
1561
321
3962
2112
310
2202
886
1285
3957
1260
5563
627
1479
5554
5587
817
3100
2518
5731
4752
3148
2392
5177
3906
2662
4543
972
2605
207
2150
4851
5121
1048
3057
1212
4326
3809
3933
1028
421
1663
267
922
1821
3872
3585
1801
3654
1613
3348
4028
4082
2849
2304
1399
418
944
2224
1616
4860
3838
3839
5790
5290
5369
677
766
3460
5494
3934
4571
5404
3126
5502
3370
4295
5892
1485
2302
1549
5827
3554
4927
4986
4557
336
4620
3943
4152
812
1018
1680
4950
5869
1499
609
212
5781
4781
2193
2730
2089
5265
5267
1791
22
5521
5248
1731
1124
526
1833
1495
1137
3078
2001
3674
3324
3020
95
5634
5862
1590
3637
5600
5456
5609
852
4060
4829
1268
3330
3421
2241
2623
3459
2397
5360
1566
2902
4673
5665
51
5683
2023
2707
1915
823
4331
3601
188
5612
5389
288
3291
4476
4919
775
5326
4477
3726
4699
4387
5366
4437
5654
4976
3482
5754
2988
4099
2641
1423
1851
3242
4246
4381
3940
1521
4459
4904
5164
2103
2206
4602
5232
2166
3063
650
1148
787
5216
4094
12
899
2840
540
199
896
2592
132
2568
1281
3737
4217
5538
5269
3220
85
4379
2533
5756
616
1782
4383
4800
1842
2684
1999
1899
4724
3736
1576
5527
5815
3546
1883
723
3489
2346
513
5356
4291
2278
4111
5466
4134
4164
2165
357
1107
4469
5311
3844
41
4002
4818
2153
2288
1942
4357
5071
1147
3047
1631
428
4265
4414
3967
3954
1241
2388
5757
399
4267
1300
4519
1179
1577
1034
4828
1368
1117
476
5298
261
3950
4703
103
2750
1505
1670
538
5187
3689
5571
1756
5037
2805
2389
5718
5288
1490
1251
2967
4767
26
5637
2498
1129
4564
283
4977
4335
1240
630
4192
809
5765
4030
671
679
3105
1901
1676
5279
4147
4706
5219
3298
209
990
2742
3904
3866
2246
2086
4727
4641
5314
2329
5620
4723
5752
3308
1788
3930
2557
2203
2538
2490
1839
4448
2720
2953
5771
4680
3274
2614
3375
5172
2276
3536
308
837
189
5027
1031
5534
3977
2269
3828
5092
277
1916
2068
348
1525
1643
901
3675
451
3382
119
2702
1912
4583
254
4081
511
1113
4768
3408
4451
2666
11
4253
952
4638
3083
2028
1481
2976
2882
3730
3854
5178
1678
413
3088
1111
4665
4554
193
2095
1682
1886
5059
2757
1478
4023
1280
334
3361
4369
5421
3873
4022
2191
805
469
4368
3728
117
1697
5018
3941
4305
2738
1795
3966
4245
5865
5576
1753
4958
5616
3253
5859
1652
1812
4861
4667
1978
5271
2647
2073
1299
3888
4760
2034
3110
3735
1574
2489
312
3973
1049
1605
3352
1053
978
1013
398
5080
1001
4509
2282
2783
3394
1580
1667
2822
466
3270
835
2139
4856
5922
712
5138
3241
2679
3155
2680
1142
1085
2000
1116
5870
4581
5505
2106
1504
3444
392
3443
5161
5330
5801
5509
5712
2717
4879
4539
4801
3232
654
229
3566
2479
5821
1516
1298
5227
1888
4911
2011
1725
4109
4493
4843
4855
4218
3246
5380
2173
386
3257
1679
1863
1336
1966
3104
638
5840
1408
5163
938
1818
3725
706
3017
3544
5667
5249
2885
803
3432
4916
3877
3349
1093
2793
3568
3530
4118
4048
4538
5784
5760
537
3143
94
3417
423
2155
3709
273
1355
1579
2898
839
5523
3470
5450
5310
1968
5927
3857
385
3503
2634
2448
89
1861
1562
3025
869
470
2056
493
5588
5613
4597
1447
2334
2231
3523
5252
1383
2411
1077
647
5149
3717
4014
752
4450
5211
3174
5529
4080
64
73
5772
565
1716
2156
2099
926
236
5065
1249
1578
2461
694
4258
946
3747
5816
4764
1800
72
1596
5601
3660
1238
1195
3897
1108
2245
1189
5737
449
5877
5438
4630
1484
2982
1125
918
1557
3708
4730
181
4260
4359
5721
4618
5143
5414
1876
1395
3748
5287
4181
4070
4671
179
1070
4750
3378
2673
4754
48
3429
2067
3364
2380
4220
2085
2212
1270
4623
3713
5206
2932
2780
2186
3922
858
2661
5388
2093
4813
1510
3847
2168
4960
5355
3135
2309
3850
362
4991
2999
3154
5625
77
4225
673
4656
3832
733
810
3729
4012
3000
4514
495
1206
180
92
510
2800
4314
3668
4194
2787
3543
4531
1026
2454
2609
5189
258
3165
1203
2043
18
3018
2055
2228
4795
2303
522
2044
2108
4127
197
263
4651
21
1755
5325
1154
3545
2901
2517
4762
390
4067
128
4925
384
907
2036
5572
2569
486
2688
2432
4551
1191
3142
4462
139
3775
1984
3792
3572
3033
4285
1926
2663
3472
3132
4695
1082
3611
3978
3297
432
3099
515
0
5690
1913
314
2300
5000
1118
5362
488
4142
2271
1640
450
3354
198
4745
5251
3233
4396
5327
5858
1824
3678
5395
1763
1272
388
3685
2828
2915
3583
4913
4303
2512
908
5401
3115
773
653
5856
3111
490
796
1762
5681
4148
4297
2091
2145
4230
1243
2105
596
4898
3473
4203
4717
4365
2054
4666
2472
5469
3631
5122
5565
4456
2703
3498
2492
3590
1650
4395
2654
743
4694
1723
2386
5107
4934
3820
1794
3046
664
2759
5273
5748
3806
4166
645
3562
2195
4653
5205
5338
2502
512
4771
871
2565
910
280
4317
2839
3363
1664
2528
3058
2294
5382
4057
3538
4098
3938
3628
2809
4888
4355
1380
98
1765
4144
345
5722
1120
831
2981
5525
1322
5139
10
3157
306
3515
3396
3518
4501
5293
5651
1542
327
3118
3975
5307
2182
4999
3504
4074
4089
5740
5115
624
5370
5706
3377
3325
5948
467
4598
4059
826
5886
1865
2745
4938
1036
2252
5782
1556
3993
1570
2385
4309
93
3450
4772
3670
1138
3982
5160
5780
3390
5580
2610
4903
3655
3036
3032
4255
782
4454
4443
2945
3060
219
5484
4947
4774
4472
992
5727
175
1317
1041
4631
5567
4275
4635
4262
4196
1373
4627
3653
2823
459
4951
2071
2197
4872
2617
625
3442
1746
2213
474
5266
1405
404
3575
1704
1565
4052
722
2338
2892
1021
5416
1960
5135
2259
1855
4675
732
3500
4037
3770
769
3412
3351
4875
3843
4668
5415
5590
5113
4929
911
5812
4952
2340
1568
163
3398
1055
1688
777
4983
4808
150
4836
2548
2991
4716
2928
4083
5738
2946
257
2789
2254
1957
2741
3052
1279
1807
889
2767
3386
4436
1347
5385
5359
4520
2496
3367
3211
4661
168
4483
5284
1665
529
430
2024
1891
352
3511
1715
4870
4248
5247
5256
1853
851
4465
3695
4116
1127
3288
4885
65
3680
4202
2638
587
5537
2187
2727
1333
845
4479
3831
3400
499
3355
2012
3069
276
3524
3289
2537
425
4978
2070
1198
1321
5606
5068
1537
757
3767
737
1992
3749
3285
2937
1944
4016
581
678
5933
3488
1560
2729
1623
1871
2876
5196
4163
2519
4034
5399
5257
5082
1014
1304
1998
5224
3248
2831
2440
1541
4633
3229
3066
5488
5130
995
5024
2581
2031
2541
4242
2644
3409
1237
830
2242
1693
2562
3900
3190
186
3097
667
2183
1594
5860
4392
1378
3584
3560
4757
614
156
2788
3802
1862
5818
923
3372
2930
4728
2417
3855
5461
2697
2803
2963
5857
4498
2237
4613
3283
699
2215
3830
2445
4154
5200
5629
2643
4329
1169
3328
569
4849
205
2716
4442
420
3197
3054
4603
2337
5069
4132
3829
2406
4140
1919
3939
317
3447
269
5747
2879
2675
5109
4401
1882
954
3234
2298
3789
5072
5736
2475
4580
5668
2255
572
4157
5100
898
680
1548
797
2695
3494
162
1644
3301
3320
2311
4614
4066
3548
3501
225
4619
2834
4792
2260
2180
1815
252
669
1730
1290
5047
4535
3124
2284
3693
5490
721
2082
5261
3602
755
2698
461
4692
1921
1357
1457
3452
1325
1819
4864
2316
501
2140
32
4537
2801
3221
2358
5203
266
915
637
1261
3816
1149
2200
3484
4788
2179
2365
1804
71
4031
127
4644
3849
969
5268
491
1076
2017
5767
5751
1131
1303
2194
2978
4886
1371
3445
5499
1424
1180
3016
4126
1293
5351
4017
2653
3358
4791
776
2735
2752
3067
43
1575
2312
4722
815
3955
1745
3336
657
2009
4517
4130
5808
3591
4526
2670
3353
5377
1391
218
3266
4964
316
1501
2117
3307
1006
1384
294
1084
4867
4300
4561
4058
895
3216
1425
25
5837
3310
1095
155
5294
4356
380
1830
4063
4594
4612
1691
4042
82
1884
2889
3081
5282
514
3848
5809
2357
3357
3490
5335
761
753
3744
5866
3896
3418
3476
4495
167
3917
176
584
75
3700
259
3491
3005
2651
3427
509
1227
5725
2084
253
4254
5500
445
575
5017
4010
354
374
1572
2866
4299
5242
2674
4438
1772
3573
2151
4173
3661
1896
1160
248
3609
3692
2868
1308
3267
1172
5132
38
5517
4398
967
190
3478
4600
4496
3893
1629
3405
4029
5074
3924
802
4207
1488
2198
4404
3852
4200
411
3810
3864
4055
4176
70
1284
2266
497
2816
1196
5393
1161
709
530
3365
5169
570
478
1612
5312
568
315
1061
5830
2350
3380
3075
736
1515
4643
1242
3657
813
2576
726
2370
3346
3326
1058
2111
2913
620
4430
3790
4361
2782
1514
3022
1420
5628
351
1797
554
4439
1592
4470
4863
5441
3557
5787
1708
427
5709
2968
27
564
3475
4001
4304
3616
5209
2318
5412
3648
2416
2184
617
2216
1269
2584
4749
3431
5569
5176
785
5281
3159
4241
5597
4325
3656
4360
3094
3681
1310
4659
1215
2299
2768
1115
1642
3091
5361
1250
440
213
931
4806
5803
4532
3495
221
2974
1769
1044
4327
4568
145
426
4040
1994
2686
1935
3236
5802
4169
1711
670
5504
3958
4114
5796
5181
1037
311
4804
2936
1439
983
3768
3851
4973
5532
3129
4533
3750
2726
583
2835
5093
2014
905
3801
850
2352
623
2973
4458
3391
4324
4683
2997
3795
462
114
116
5786
5400
1431
987
1177
2539
1705
1023
3608
1954
2002
1714
2929
1388
2354
4759
2484
2972
5887
1988
4765
3599
1768
2047
5778
2941
4432
4467
170
5931
622
1294
3430
1585
3024
2694
4043
2590
1193
4117
4206
1327
1062
937
1463
2861
1415
1452
2423
5350
1724
747
5378
619
5046
629
856
1451
2778
528
5919
4511
2931
2979
5899
2114
2297
19
1904
5011
4573
1433
2264
1105
4344
3925
3887
341
5374
4286
2935
2468
1987
2642
3474
2824
5897
4183
1707
1500
1528
4645
402
1182
1416
4926
4742
5174
5052
477
5055
4811
4737
3754
295
5826
2434
2211
5229
5030
5193
588
4293
5349
744
3604
2962
2580
3119
524
2955
5297
3997
3696
1895
4915
1771
5881
3683
5783
5516
4362
2405
34
1866
4347
109
4186
4610
3275
4785
244
5283
5501
4056
4340
4312
728
1971
4740
3171
2435
4658
496
4854
1144
3010
4051
1407
4701
159
2113
2222
649
2330
4318
5485
5208
5406
2441
1091
2116
5503
1356
2092
45
1363
4045
3818
1796
1859
3841
1204
4032
2798
975
3340
1404
2501
1291
3168
4463
2830
5345
1858
4512
5482
4320
5096
5238
2806
5278
4165
3959
804
2003
1444
2485
200
3867
5320
3152
5043
2799
4544
2970
968
4865
3823
4862
1421
5939
4069
611
4264
1934
4687
5180
1121
5687
3586
412
2655
1737
857
982
1573
5119
3121
5831
5105
5446
2120
371
1370
4545
1813
3919
1583
3629
548
2109
2188
3835
2196
5486
1628
788
5114
778
5353
1429
5893
5811
5626
3610
2872
4670
2378
3125
5381
3235
1477
417
4974
686
3437
1468
2415
1686
3923
5089
2751
1946
3436
2865
2393
4586
1472
4624
2604
758
951
4948
3256
2065
4796
561
4550
5081
438
2317
5705
68
3761
2550
3756
4122
1878
235
3251
2598
1977
1802
3995
3927
2394
2856
4159
1033
2917
78
111
1940
3946
2427
2328
3778
5873
1814
5004
2382
5890
303
1024
2838
5582
3824
2613
5420
1487
29
5901
3669
3303
692
5599
5568
3254
3912
824
3080
1112
2161
3001
5794
634
3438
5274
1736
3293
2980
2544
684
4478
3231
626
5352
2503
3682
1702
5672
2749
2308
4588
2507
701
2291
1636
339
676
5871
4907
3687
535
1143
2862
2356
3388
2400
2160
763
933
4844
1808
2497
2829
1593
2020
3673
3446
2770
429
573
1948
3030
1017
1332
1015
274
2379
3883
2412
3711
1219
4971
1292
5807
2769
605
2253
5548
1974
1532
5788
1738
3264
158
3116
2391
2239
2529
3453
4859
3027
508
4382
5313
3555
4932
2069
4106
2918
1187
1607
5716
3630
3659
2531
3262
2062
4269
1508
2714
4965
3525
5051
5367
284
1295
3627
2701
1083
1774
999
949
3727
798
1905
4707
4802
950
2251
2442
644
2135
3734
3138
1552
4747
1106
407
1696
3076
2965
2027
2325
2509
2470
222
1213
2079
2175
1799
2426
2146
4367
603
5165
2858
893
3633
1836
3055
5763
2122
1257
3613
17
2104
1588
1139
1809
4210
1274
483
4629
2296
282
2290
1856
2710
2665
382
1611
2270
86
1982
3817
4085
1427
3635
3976
1587
4457
1202
4150
5191
2343
1603
4660
1775
136
3175
5299
1190
1141
79
2994
5714
2761
5511
2048
2078
260
1991
3420
3901
2883
4814
4112
5394
998
485
1475
5128
1493
844
1903
3237
1677
2289
5435
3399
2321
4418
5797
431
1740
2233
1981
5592
1465
3389
4698
2667
5237
3
659
930
3021
2306
3937
5428
1598
6
504
1366
5949
66
3362
2691
1192
3746
5038
1103
941
4158
5192
2900
5292
577
4370
4481
2372
3041
5064
5822
1258
2687
5233
1442
1109
195
1543
3697
2956
5341
1892
2025
90
2088
5618
1287
4405
3994
185
3169
3053
3571
5867
5847
4711
5474
1248
5891
1445
3455
3953
5221
1377
1726
2273
5468
589
3652
3597
4027
4609
2185
5882
1046
5220
416
2438
1346
5217
4411
2542
481
2575
5730
3471
81
3574
3605
3252
4969
2998
4959
2401
2845
364
2287
88
1224
1748
2733
880
5409
1236
1655
1622
3698
4427
391
4284
4223
2869
4585
47
2646
31
4489
4298
731
4232
1845
5872
5423
4769
2235
3196
5039
5167
5729
3705
3836
1449
5041
2190
2874
633
1482
2060
1246
964
2560
5878
3644
2884
4718
3527
4922
5546
1312
3539
2258
1264
1323
5619
1374
2277
410
3496
533
3177
3244
1432
5014
453
1792
2174
1742
5391
2419
3704
4182
1829
1436
4896
3531
2431
4282
3796
5552
2064
2172
2725
3487
3013
5912
742
2421
3092
4153
1440
4663
464
4858
3552
2032
4113
3724
1152
2595
5315
2700
58
3774
4515
1456
1784
2966
5255
1229
993
5016
5526
2624
4967
3130
5649
484
1624
4224
4628
3812
1754
3122
4415
74
1786
400
3920
4869
971
2474
5179
3564
5334
292
1706
4992
3932
2463
3065
444
2449
4201
979
934
4756
1080
4575
2127
2719
3259
2059
419
1467
2414
3612
2030
4837
5390
3688
4268
5270
3808
585
1098
330
2591
4180
4128
3764
194
4390
4790
4177
2035
5264
1817
580
4008
559
1430
250
1175
1854
3885
3323
621
3098
3085
5386
2960
2107
3284
5531
1497
828
5396
5909
5210
4857
320
3315
1699
4834
1051
4604
5806
5124
772
4881
370
1632
2478
3948
2796
2124
210
4189
4330
2600
1351
1929
3414
3918
4408
5685
2058
460
909
1939
525
1637
1167
5408
3026
1887
2984
3981
2148
1012
4428
4079
4475
665
1880
5170
323
1157
662
2336
3780
2826
3040
1410
1798
375
1464
5321
4713
2619
3529
2601
23
1584
1071
3513
4608
5403
1273
4138
5183
3699
2672
3811
5555
378
5853
639
4077
1563
4101
4452
1253
4313
2722
319
3035
3189
217
3114
1
507
2693
4184
929
3805
2132
4007
635
2429
4292
4743
5471
2404
1009
4547
135
1419
1673
1306
3580
4689
376
2552
1382
3921
1523
1263
5175
962
4278
3762
67
730
1178
3961
3666
1906
1689
3903
4249
4577
5848
5627
792
3146
615
4020
2995
970
2052
1217
4257
3161
4375
3426
3577
5410
1394
1225
2177
3071
242
4820
5419
1666
1454
2051
1228
4348
1047
2649
3607
791
3567
1766
3779
4402
3640
4720
5845
4592
2992
4674
1354
211
2467
986
3061
2158
1216
3178
955
5411
3228
3833
3791
2597
278
3985
5573
5316
5664
2899
1128
860
4149
2403
989
28
1218
148
801
4345
2115
1609
4216
594
1675
5303
5478
122
2527
5843
2855
2508
1520
1985
2532
936
5904
3451
4301
2149
5622
1630
2948
4208
4593
1210
1019
4998
3878
1717
3819
2993
2486
4316
5646
1174
2794
660
2005
2841
3215
3579
455
2547
5491
2045
2923
441
3034
5844
3964
309
1119
5099
2257
1502
3587
4842
3980
4307
1831
2525
1335
3551
646
107
3671
230
433
3845
1489
5578
3783
3615
1200
5042
3620
3769
239
4524
2776
285
874
4807
5085
5753
881
4847
2635
764
4044
4685
5323
5675
2817
2813
4582
1893
76
2811
5212
5661
4054
2648
2351
4199
5514
4337
5182
5566
1267
4912
4995
793
4736
1773
4013
2514
4565
1462
3508
1211
5759
397
1145
124
1448
2890
2566
5215
3127
1522
593
5617
304
717
2169
2990
5697
33
5329
4076
1104
2650
2559
833
4213
2046
4412
974
1692
2596
50
5642
4739
2019
2618
1315
3623
1923
3260
2301
631
1602
689
1226
5463
1741
5849
5889
4702
4135
3862
5640
355
5744
4917
5254
1827
3247
2029
367
2159
4957
1262
7
3374
4121
2585
2631
4815
3049
1976
2756
2743
917
2223
3120
5204
4336
5201
1571
498
1914
1471
5156
894
1844
3245
547
1925
599
1990
4979
3960
15
716
5810
2136
1870
458
4453
5398
4364
1811
3703
2583
1220
4025
5070
3970
13
4005
5076
1166
2543
1330
4649
5677
5091
2546
1393
201
4209
4866
1635
3512
3296
1936
2152
4119
1156
60
3889
3356
4065
4358
3214
265
5112
2921
840
5884
4541
2016
1403
2037
5679
5123
4599
2320
1181
3087
4918
1657
4579
4994
5127
3776
5348
4831
3715
4461
739
333
5032
4924
434
5910
108
2689
2347
1722
5207
5888
5475
30
1079
4212
2818
3345
1701
5543
1358
3972
4349
2587
2570
3858
3334
4708
3339
4877
4168
5332
2658
1959
2971
5002
2871
2042
875
365
2295
475
640
740
118
2083
658
16
3147
2864
369
3914
36
3992
705
2924
598
492
2721
4572
4071
366
2465
735
3706
4830
5246
5095
2668
494
5073
1065
4946
948
1301
2137
2959
1917
3868
2577
800
5230
4897
1734
4548
4488
2483
4
1846
2545
1010
2986
3265
5551
1690
5851
5728
2723
2396
1681
1022
3785
1911
5836
2870
1586
4229
3619
1496
4502
3909
131
3113
2376
2119
855
1498
153
550
2217
5559
3625
1641
4589
4797
1387
1793
3210
5635
14
642
2293
1473
4825
959
1426
2736
3331
3895
1123
1101
307
5614
3537
4434
448
3204
1334
2739
4560
2564
1277
1483
2626
3062
2758
3261
1492
710
5686
206
4652
1710
3050
4160
141
2911
1361
439
888
4850
4270
1648
1360
1964
1170
4566
1779
3095
5611
4650
2487
3153
2327
4616
5834
3507
1806
2748
2205
5596
4596
691
5515
3606
335
4046
2477
3815
1168
2987
1205
5829
216
5026
5286
553
3974
4441
2424
1032
2910
1461
2886
690
4700
756
5673
2218
446
3931
2307
3467
5669
5473
5439
1877
4308
558
5050
5799
5603
2791
5142
2919
1063
84
3952
4775
4215
3286
2240
2774
848
1569
271
5301
3565
1480
147
2843
454
3691
4003
2446
4272
4773
4786
4530
2131
1868
1777
1369
3464
424
2087
456
1165
3329
5058
4988
5680
887
4705
4939
2894
1805
5084
2724
4296
1365
5924
789
3840
3758
648
3786
1435
313
414
2232
4244
2204
1749
2607
1932
1638
3481
2049
811
1027
2332
2790
4819
4423
984
2632
4590
436
2094
1618
5158
5864
3192
4041
1927
3497
4734
3198
2505
4399
1776
1401
4178
5604
4943
1669
2209
935
3799
1275
3200
953
4350
183
1043
1276
546
2408
943
876
3533
853
3898
286
3224
3617
272
2433
4090
5118
5218
2907
3969
2737
2272
1512
5775
1694
574
191
2462
5430
4096
3263
2715
821
3188
3466
5040
3915
718
3280
2669
126
2927
1758
3149
2744
447
3341
2857
5054
2594
1450
3008
3777
4332
2637
927
3667
1780
3793
3335
2422
2167
2549
4000
4421
8
55
4993
770
738
1184
2364
1828
4419
196
3223
562
4108
2526
2038
4198
1530
1897
1649
5883
4591
4507
4290
4876
1422
1491
3194
3164
2961
685
1718
172
5557
1709
4474
2170
3227
1962
5376
2523
5539
2833
2513
4936
1554
262
4281
1409
5717
675
4709
1685
134
4455
600
1102
3205
1376
5656
5657
3861
5510
1683
3559
5464
3172
1130
2690
1029
5129
2996
2977
2657
5636
2712
130
652
3916
1760
4755
903
4914
661
2582
808
774
4473
500
913
2563
4809
3072
2138
35
5234
5009
1060
591
1052
4288
1832
1536
3347
1662
1271
227
3056
4251
1345
5289
2220
4578
1559
3410
1996
681
4549
87
247
4562
4397
2612
3300
5241
1826
1256
2636
5905
2659
5126
3158
741
4417
140
3384
2090
4587
4226
4482
4494
2335
3317
3541
2377
177
628
2359
4102
482
2633
1326
4366
5141
539
3089
5768
2950
865
5524
1005
422
724
5766
4221
4445
2939
5075
2007
3435
919
1658
5650
208
4105
505
5735
795
4354
2221
1342
215
5941
4521
5938
4047
69
4909
1857
517
4391
1038
1869
4403
2652
138
3433
1627
3672
1069
1344
5083
2015
5422
519
1615
3109
5741
1620
2072
2904
5944
3753
1096
2678
5188
3827
551
5457
5743
4838
3639
3593
2522
165
4798
1712
745
2362
4174
4985
3870
337
542
1008
5560
2128
4259
2553
3084
5339
3278
3469
2208
582
1626
5368
2326
2384
702
4131
3999
2825
966
5061
4373
2121
1920
4485
241
2881
5805
5371
4726
1955
2324
976
5137
1007
4868
4693
1787
3434
867
1164
613
174
4328
5813
4426
4789
4889
3988
356
5632
5631
5133
4294
601
5928
847
751
1362
3043
1881
2792
59
2413
4500
5331
5593
4753
1247
133
2891
1438
1703
2399
2681
2773
2896
480
1367
1353
3707
5448
415
713
5674
5442
2906
5433
5106
2775
4422
870
3945
4384
403
1223
4237
4433
2053
885
2418
1539
4646
4410
4341
1087
3882
2464
1922
5487
3184
842
2207
5228
1727
2261
406
2050
4516
1039
2491
5010
592
784
3949
3853
4240
2578
521
389
343
289
275
578
4975
298
5676
607
4794
991
1183
465
2969
2466
3360
1398
1132
3029
5641
5663
3162
2495
1534
5926
2333
1151
5585
3556
4556
5472
4956
2249
5023
5591
358
160
2954
3276
5226
2345
2922
4662
5110
473
3880
324
4910
1733
3037
5295
1050
3371
5036
610
401
442
1547
904
5699
656
463
4776
1531
142
2363
49
545
2640
4621
5734
715
5846
1550
2110
2807
178
997
1752
2957
408
5724
4657
2888
1075
4664
590
734
1089
536
1122
1381
2728
5704
1989
1446
3528
2878
5150
5662
4546
4097
1146
882
5698
4676
749
506
264
3908
2342
3807
5239
4729
5373
3195
666
3891
2784
329
1973
5305
1314
4283
2983
2949
2516
1687
5090
1081
2143
1770
890
5496
2436
2125
5152
3773
2369
963
2785
4035
1785
2814
1331
5225
5379
3582
2660
182
3381
5507
4823
5424
2844
863
3458
5452
914
2606
3821
1020
2247
5116
5577
3899
3327
1898
3956
2371
4310
3318
1266
5658
2214
5171
3739
166
3881
1747
2243
4570
958
4779
5034
3173
3665
4887
4141
1135
1158
994
868
5465
2795
291
3702
3485
1767
4261
1850
4039
3209
4447
5306
3218
2021
224
237
2285
1533
3179
920
1651
3202
1056
3397
437
5104
4996
3139
3825
360
4966
1879
866
4333
5440
3295
586
3886
1538
1086
636
1319
110
2603
2934
4655
5272
612
4084
4639
4569
4606
2390
4552
1412
4827
3199
1513
1872
5429
5020
3271
1601
1289
3804
1739
1509
2154
1309
3102
1743
2181
1867
24
3677
3136
2827
1494
2013
4941
4484
4704
4731
2134
487
1511
3163
203
2593
4409
2219
5277
332
3803
5678
96
5895
2250
2201
3936
1647
884
1201
1838
2627
5575
641
2283
361
4846
4339
1965
1458
2852
688
5405
2846
3376
1090
892
3131
3913
5432
5418
1617
2074
4460
1997
2628
1619
4353
5280
1606
977
3788
4647
3183
4487
4940
5953
5943
5946
5913
5925
5923
5495
5911
5917
5477
3201
1349
1159
40
125
4508
695
5476
1553
834
4931
3578
3219
3383
3425
5493
1837
2226
4690
5644
2453
1097
5154
4256
4219
5896
5898
5520
5483
5906
5470
3834
5930
5916
5920
5952
5935
5950
5937
