81
158
161
78
116
152
57
168
42
72
153
164
12
34
45
15
24
92
194
139
141
123
192
73
172
171
71
170
147
100
183
122
68
167
30
1
111
184
65
125
121
130
19
86
79
39
156
10
51
60
146
186
89
63
109
127
176
124
53
26
46
11
48
85
143
21
115
17
149
132
66
94
27
129
136
33
189
16
120
23
87
36
118
175
40
76
105
148
114
28
145
91
90
185
62
43
144
162
191
77
126
25
182
133
155
59
131
84
102
188
150
180
138
82
52
101
128
110
61
41
55
14
99
163
29
8
165
177
80
98
35
75
134
2
154
140
142
178
187
44
104
106
22
54
174
32
95
64
74
97
70
113
179
49
193
47
50
159
190
169
108
38
173
13
