261
320
318
68
379
497
197
495
398
175
460
454
338
121
481
200
393
222
474
166
376
352
451
233
259
20
289
205
297
378
362
40
254
186
373
147
256
148
478
357
437
102
188
98
401
201
132
33
133
111
330
360
165
412
168
219
316
22
420
470
319
169
348
195
498
349
103
285
269
128
177
52
192
159
26
356
483
62
417
144
430
87
446
248
115
89
380
136
305
301
381
472
461
438
48
279
242
119
271
7
331
184
34
273
88
296
140
18
214
416
333
287
291
313
336
353
191
385
414
82
467
32
286
274
372
264
246
90
174
157
455
207
161
421
368
37
363
151
224
10
108
93
41
125
299
493
499
228
346
39
96
283
79
14
295
389
189
154
143
240
130
150
67
49
339
490
361
280
81
276
303
153
4
17
427
340
355
167
400
6
410
266
100
311
127
354
452
268
123
342
312
16
97
392
196
407
46
432
218
239
439
314
255
284
156
453
442
86
9
419
257
162
94
15
78
116
114
21
60
146
267
59
171
42
194
326
25
170
45
13
263
66
180
244
426
337
64
173
399
190
199
471
496
281
54
431
347
262
396
488
468
473
91
321
221
252
0
63
80
377
12
31
423
384
179
27
332
58
145
383
65
158
117
448
428
11
69
129
51
489
56
104
395
469
270
371
234
364
475
28
325
164
327
387
445
187
107
139
134
206
230
293
110
374
358
328
288
443
457
193
253
50
35
464
484
487
485
465
447
99
329
8
237
251
106
436
212
258
229
480
366
322
112
71
292
53
202
5
57
404
232
23
369
36
138
210
429
113
2
118
492
204
435
491
211
241
413
92
70
278
405
275
181
83
73
131
415
343
55
227
370
382
477
434
160
309
441
277
243
149
47
418
105
24
397
198
163
409
29
367
290
216
137
238
3
43
388
142
235
351
76
458
85
247
466
217
304
135
223
176
341
101
476
84
365
74
323
225
208
359
406
213
403
440
479
500
124
185
308
482
307
391
203
209
249
350
75
265
72
335
394
30
302
215
315
182
334
61
449
155
141
126
44
120
183
501
306
411
231
459
408
375
444
486
250
344
77
178
463
462
