110
313
122
312
692
926
302
698
937
135
707
860
285
281
938
278
117
274
701
719
736
904
684
500
995
996
501
326
873
454
669
1013
872
146
983
429
985
987
76
493
991
888
485
474
221
217
155
568
216
855
795
159
62
153
61
777
645
100
840
617
84
342
347
608
1017
597
423
622
295
173
589
558
546
539
648
1028
521
822
676
191
1071
464
770
194
473
1065
764
1063
821
842
417
811
1038
1039
1084
1040
188
384
235
390
183
1074
1073
1094
665
880
415
668
814
762
42
514
1055
47
192
11
803
1110
403
495
503
1075
1112
240
21
862
305
209
722
695
211
713
565
114
885
257
256
253
878
120
625
113
626
992
247
662
1001
997
994
656
276
651
282
981
592
1080
930
396
600
397
400
918
1068
1067
125
1127
447
361
85
1090
358
619
944
306
136
942
831
190
866
418
199
609
610
200
612
201
204
341
934
531
935
535
542
954
958
557
960
562
229
444
30
233
809
451
34
35
712
37
452
50
689
569
1103
549
99
226
750
237
1086
916
892
835
832
324
438
663
908
636
370
374
641
2
578
171
584
658
672
520
517
906
721
583
702
141
18
964
404
629
639
900
780
661
733
298
1113
586
727
635
13
1020
254
363
815
868
882
348
339
440
65
40
10
522
1098
458
460
467
913
94
746
945
364
990
587
897
207
518
350
776
477
414
812
566
224
169
158
1031
715
391
963
604
150
559
580
431
706
1011
56
214
71
511
172
979
599
484
642
682
941
961
734
929
1004
310
79
428
829
541
647
1124
708
116
395
507
164
513
757
874
922
519
978
1056
245
931
156
611
105
813
532
383
723
1129
590
465
466
289
321
92
932
412
151
492
1010
875
309
426
784
652
167
385
162
378
796
711
948
846
867
64
799
1072
654
472
468
681
1041
252
325
86
564
807
756
509
785
879
267
459
512
957
858
555
166
294
405
176
182
655
57
825
323
14
82
914
763
759
748
808
264
213
115
552
345
910
827
623
366
317
462
890
678
705
999
304
360
70
435
1025
277
262
248
834
259
895
1101
838
919
77
165
510
766
633
1030
984
60
138
107
620
1021
232
352
355
1036
225
1029
362
258
292
300
421
752
947
49
266
343
489
691
1131
25
1079
54
955
782
781
653
1087
649
523
572
205
1045
455
19
544
319
186
241
331
1108
242
67
1102
1107
315
220
1121
1116
389
208
563
273
989
1117
222
630
387
974
441
936
732
561
437
402
430
1023
743
993
902
486
53
582
478
330
132
820
903
463
596
121
170
80
699
797
3
81
154
494
142
249
508
844
909
769
178
1050
778
83
771
1083
819
144
614
962
236
1077
849
1024
297
55
124
828
553
591
1049
933
1096
206
891
624
246
792
805
382
1008
1119
93
666
373
219
605
58
31
905
670
15
538
800
638
506
982
1115
1042
179
607
870
1111
824
967
108
920
446
269
704
921
859
181
871
318
789
1015
1032
720
334
328
634
547
1097
354
744
416
1061
534
469
724
408
439
189
499
48
1062
965
817
332
646
536
369
760
754
234
227
1088
550
271
223
303
174
413
737
230
175
101
367
850
296
1078
664
602
368
4
953
29
731
1003
775
9
433
38
1126
1091
735
1082
1005
598
442
1012
399
422
787
311
427
745
28
487
923
91
697
793
243
68
51
1128
657
7
356
530
718
126
865
927
393
856
1006
1105
687
637
260
650
959
210
44
616
952
1059
742
848
839
491
380
329
381
127
686
976
798
972
1007
1130
606
674
255
574
111
881
1058
228
410
424
379
613
479
577
1069
157
830
579
886
307
1022
461
939
949
956
23
143
694
453
322
288
738
977
1123
119
1081
548
1100
496
145
690
320
449
595
774
185
160
299
741
490
841
96
161
823
1027
1014
730
286
375
529
72
98
968
22
388
680
231
1046
783
632
244
168
0
419
526
283
667
152
818
445
940
551
1048
1093
915
123
758
280
893
284
335
854
675
470
476
359
761
901
540
740
502
833
46
261
911
876
139
443
1044
268
1053
351
272
409
615
250
104
543
802
794
483
251
137
575
346
1037
693
1125
20
751
683
434
853
1054
673
425
603
971
89
218
660
950
1118
1057
1106
1035
392
772
287
203
504
26
1000
270
924
925
528
198
524
327
631
779
618
943
78
1043
643
594
32
725
450
700
36
17
679
571
215
97
767
498
74
1120
239
1066
1122
263
786
710
193
265
573
411
567
316
883
863
726
371
896
851
59
75
570
130
69
482
279
129
1076
1089
73
537
1051
5
177
1018
560
106
134
333
109
753
527
986
340
457
41
1033
432
714
843
8
398
480
301
88
975
917
861
1060
847
884
628
768
806
585
497
709
765
969
505
621
90
488
845
87
1095
593
556
401
344
988
1009
836
481
677
394
293
826
1002
27
998
790
946
456
1026
1104
601
837
773
899
6
1016
45
816
852
877
788
365
112
147
864
1052
1034
420
717
545
195
102
436
516
471
