45
204
3121
351
3729
1327
1128
5468
692
1448
1756
223
729
3247
230
2337
374
248
3503
4044
325
96
517
1678
4765
3793
44
2054
2867
1673
471
100
1792
1314
2306
1597
1935
305
519
1276
509
462
448
339
1338
1273
98
2246
1415
3007
414
1181
162
5788
2027
357
831
1480
1876
3876
309
437
6335
1059
5507
115
358
542
436
331
1618
687
1583
12841
1126
2286
126
1446
6128
9240
1654
1499
1000
2644
239
311
919
1289
197
943
1969
999
5358
5196
4311
426
359
2619
116
342
585
6870
1445
2499
1309
2273
758
254
945
196
2733
2924
2727
2275
228
71
2864
2036
1631
4485
672
267
1373
7912
2755
2277
1528
5078
1540
1903
5666
1408
3192
33
4018
1293
4013
1704
398
4420
1406
2190
8015
11269
2501
299
1322
556
260
875
1313
721
534
670
4217
2336
2239
1989
1648
2669
154
3125
2632
4047
3720
3552
2976
1024
257
1092
18
863
3402
7685
85
1526
3092
1532
1205
360
2014
1355
659
53
5278
1250
3792
1420
4885
348
1771
2410
1456
1552
1923
3070
7172
2340
1118
107
956
1459
1590
2695
367
253
5973
2617
2287
7706
1009
266
6653
3467
189
2248
1218
2391
546
1563
514
1038
997
3500
125
3077
1140
6838
343
1662
6405
2256
1545
317
9668
6124
219
4061
1025
338
310
69
3777
6428
1714
1236
1028
2664
4172
1397
802
559
2970
111
3740
750
2459
201
7673
2097
9266
1594
899
1016
1357
3996
2177
1881
1712
5403
158
13454
1091
4531
1191
7784
5050
3542
2237
7077
964
712
5237
4867
6283
524
735
1958
2543
7897
9235
13465
1407
1991
1365
1684
319
13082
2469
2525
7371
3137
3097
272
513
11381
2225
4567
580
1427
5168
4042
1081
2247
7201
2121
2671
3201
2144
4874
2398
3529
1738
2656
2510
1936
1168
1602
4682
2560
874
762
10389
7455
2969
4320
1535
2370
8163
3031
1666
1630
4941
1674
705
300
4782
5281
1542
4291
7780
1475
2146
1017
632
1902
6277
1752
1219
486
2533
1372
1615
9658
4737
6064
1203
5740
1569
7146
353
1892
292
1452
2505
2179
891
8441
5135
4276
1884
5494
306
49
1035
491
586
2992
3315
3728
5262
405
65
7023
4469
1390
9183
730
3931
5150
3696
5134
6594
386
232
3632
4054
4064
4818
11673
9178
32
2473
2537
2184
2113
926
7586
10
487
407
2051
2561
4640
3230
6227
965
11007
324
2645
4986
6174
152
623
504
4405
888
2982
3198
183
1716
3949
20
15961
1883
8707
3317
939
2705
2971
7180
6078
3532
5831
393
2462
1610
829
1075
3718
365
5239
573
4097
1174
1801
1180
4355
14865
1242
3559
691
3444
5775
226
473
2979
6242
3448
1348
714
1557
2693
646
3665
5624
1298
106
4451
10835
3445
1120
2886
6553
3909
1486
989
950
2710
642
1029
4863
4401
1994
7475
6820
5045
3904
1011
1828
3211
3564
3221
4662
1988
2624
8388
7752
2854
3407
2518
656
285
1087
1295
2016
11650
4148
4078
2293
2613
3171
1920
2037
4723
4219
3540
2491
9411
6206
1694
399
788
3361
4240
2412
2646
4298
434
8565
2300
6988
2534
601
6021
1713
666
1008
3233
5585
7786
1323
336
2614
2381
6998
600
1502
5594
1363
5053
3921
3382
1899
3364
4980
8027
5087
2419
4516
6806
7472
3950
3744
6261
1303
1177
2539
1940
8480
3506
3469
7696
3441
3272
137
1099
5839
5207
198
9746
2484
1290
1179
850
2333
1500
2574
9259
658
4691
3076
4535
1609
4967
5681
780
105
2077
624
427
1593
329
1366
3568
1587
6467
1913
1510
2597
1384
3466
1911
4462
1401
11276
2451
17
10095
380
11407
1224
17872
1553
6185
1278
5116
1806
6490
605
7365
795
5338
3261
7104
5976
936
252
7342
4006
490
1946
1259
1030
1455
3674
3454
4436
9523
1575
9067
4293
2478
10266
2627
6110
1607
1274
74
2796
1759
6933
1944
7115
8181
466
3254
3463
9060
1918
2067
2590
1073
1109
3205
3051
949
1709
2937
5109
387
3354
481
2482
2915
4081
4897
5553
2007
345
4681
552
4526
3560
4428
931
1633
337
2042
11105
6233
737
4798
3152
806
2569
6169
871
1493
2757
1743
3589
9087
699
370
3489
4623
675
6004
5461
7785
7409
719
39
421
7066
8126
2945
1429
369
2686
8122
1277
2035
10214
341
5923
5245
7380
4792
2252
543
636
5439
922
2500
5912
9806
1021
13846
4721
11025
2933
4395
1465
1284
11333
5627
6572
5693
1292
1346
134
14373
5111
9
1066
684
1462
225
1468
1683
6354
5888
2927
5783
3025
1227
265
10392
5007
3072
1215
4261
1167
12967
2836
6009
7047
67
847
3044
4793
8524
4287
2083
322
11038
3130
5817
6921
2477
8199
3742
8669
1636
2955
10068
5008
4892
4684
284
3681
961
4510
3328
2917
5149
1388
15454
8243
2651
11814
6413
2128
7957
10310
4068
117
4235
8360
9046
7572
756
3796
19
6938
11693
6730
282
3686
4117
7158
3480
2046
563
5400
4292
5689
3298
5889
2548
355
5407
5592
7794
805
3401
4781
5117
12019
734
6323
5436
10206
5480
8979
2294
1549
5987
1836
1032
6231
1085
2045
796
12108
12730
8197
7746
1882
1564
815
3750
1515
14008
7032
2776
1734
1005
6379
11047
6853
4572
5088
6649
9991
1308
4476
119
498
5200
7345
5662
1970
2441
5091
1750
2626
13128
7767
4931
3371
4896
4533
6214
769
3150
2005
1957
5136
3184
2967
696
1817
279
3030
6172
3933
4178
1175
4375
9211
535
7772
929
5377
1255
1745
6579
6503
6903
389
16964
2268
3854
1536
2347
11502
10186
86
3512
2493
10102
1907
4313
2109
8919
817
485
1870
36
6052
12974
3635
5124
1523
2894
1697
13996
11364
6
12141
4626
5667
6686
4390
1928
459
2916
508
268
3203
8330
169
6188
1813
11717
5736
3131
1412
5906
1497
3843
2654
10716
1856
2964
6900
6858
5549
1613
4954
4534
8425
8112
5122
5998
10417
6826
3888
9376
1783
1134
1321
1782
11196
4844
1047
901
11503
1367
3717
813
944
3858
8107
2253
7432
6907
1860
5769
1993
2512
1306
1901
1810
4470
34
8366
2822
9274
60
8982
924
3731
3418
3111
4266
15524
2783
2848
9592
2063
3543
2947
5600
4538
4027
5665
7293
5418
16992
2519
139
6566
2043
1857
1503
1551
5768
8634
6300
7352
1596
6485
4222
1430
9576
1249
10919
787
7237
711
4817
3024
718
1665
326
3987
5183
8200
167
205
13155
12365
2289
4639
7222
8702
2934
12733
4845
1888
12835
505
7635
5202
4947
2029
3958
1561
4321
9187
6161
4707
2961
4124
2061
6187
5672
2996
2680
19766
1135
5391
8793
80
7910
8221
1417
13626
3326
8571
1826
3536
6663
1490
4079
657
2228
8229
12588
1094
7692
6465
5473
1190
14703
3209
3168
3162
2524
2068
8844
9728
249
381
3296
4650
7450
2756
10900
5803
6121
1664
3847
1130
3782
4757
6383
4789
1570
561
5802
3316
3033
1598
4502
8396
6548
1943
7904
15159
3591
4907
3969
2663
8715
3376
7843
11854
5488
611
1579
217
3621
1151
4155
1419
4138
8758
927
12368
4100
3112
1269
290
2653
2437
6841
160
1954
3575
21974
10432
8132
296
2255
2238
5577
1159
9903
7588
3872
1111
3450
14884
332
2773
5197
959
4354
9271
5039
7865
654
2850
7611
16103
8302
4629
4520
6069
1012
5241
7296
12427
4322
13724
5269
11362
6089
1265
4367
8745
4615
2600
1498
4763
9141
1582
1150
768
3237
2508
2282
7815
6033
1484
682
451
12567
6505
4213
1979
12079
1283
3700
3243
1033
9446
2421
7287
844
4161
11554
4754
13531
7913
14110
10818
5031
8521
2158
2566
4095
19362
2963
1635
273
7307
7294
4515
8499
2661
3453
2361
1517
2325
13652
1079
5663
8001
16082
1504
5893
6768
3395
14930
10851
10335
3481
6897
11742
4135
2408
812
3882
3370
13510
708
5140
5484
447
5163
2935
5113
3960
7978
5645
5131
81
12230
3196
816
12924
12900
6255
1659
12639
10821
7533
1905
2165
307
10800
1803
450
5926
4634
4021
6193
3739
14870
9468
5254
10309
4272
1930
9596
11109
7021
1543
5096
1572
8057
2913
2647
2952
6411
4249
16887
3497
1742
1222
17489
6015
677
2141
6943
5505
1660
5164
4109
3084
16440
14792
2055
472
8286
2204
5139
1643
2457
4658
679
960
898
6107
4804
4788
4458
5596
6956
5061
3074
1492
11148
11488
3901
639
4632
7927
6581
7510
8888
362
2154
3730
840
587
128
8672
5287
363
3857
2975
972
13365
11091
12679
9780
1067
7244
2980
2511
5590
17511
13553
454
7067
9057
1975
5343
1620
1853
7864
7111
523
2438
5063
4211
7334
2604
2896
4274
5609
8751
10850
3852
9812
1691
12846
5586
5603
4156
4773
8039
4968
5395
2715
903
2339
7303
8859
404
3723
9617
4089
327
79
7500
566
2563
8446
5044
3804
11718
8088
10544
1377
4347
3218
7708
6687
11432
12171
1231
5218
2224
2006
915
2843
2461
7938
11405
6494
1381
8638
746
1458
9142
11182
1343
3343
10024
5019
785
20813
5908
8470
5360
8076
9810
951
1164
6961
4842
7774
9461
15679
2492
6476
4995
2887
9385
1147
1915
10367
1774
8418
1726
1334
1680
5080
12848
13973
14347
3856
4426
11957
10217
4359
5982
6075
567
13790
10528
5252
1898
3861
2436
11906
2466
10930
4120
2932
1387
12511
1256
6434
9068
5363
7521
1241
2456
5289
4716
3619
4295
8487
9157
15244
14383
7499
3145
5443
10224
3056
7430
5371
14168
14840
3541
9877
1364
13841
967
1192
7770
12450
11929
825
4336
3625
13588
4969
4163
10347
3413
4877
5379
1440
14356
3906
6008
6707
12312
1740
7143
1434
5767
591
11477
15374
12117
791
1325
3244
6421
12867
9714
4950
3981
11662
1461
16430
531
1736
2809
14555
10425
11621
2890
1973
12332
76
1052
515
3505
1336
4029
11712
2209
4806
21004
1178
12112
5393
5959
12519
6186
3682
4930
3789
2623
7295
5723
6713
11730
8987
136
6307
19788
4558
1868
13334
12407
9515
2683
3600
9415
11248
12131
6633
1578
8596
15729
5446
1391
13771
6109
2640
2101
2160
11956
5799
4212
16838
6326
4866
4865
392
10702
9572
384
10254
4461
2740
5127
7325
5742
11056
1600
13614
3656
9099
245
6422
2222
3639
8292
1328
2414
8864
12401
185
7356
14800
9126
4688
6890
798
2015
4143
1951
1148
11671
7826
6822
6761
4816
1078
13223
5055
836
6250
9713
10046
3884
4091
2326
7805
4852
3604
1297
4727
4008
7332
5854
6223
10603
7311
3499
3305
15156
8399
9407
8620
315
2849
1622
3392
832
648
8948
1760
7304
10327
6964
4976
4121
6395
7262
8640
7018
12643
13182
1960
11301
8290
3951
3702
13342
5
5567
5524
558
21561
5612
3239
12666
3515
1700
909
1023
2759
6785
9597
17020
4698
2851
14400
9195
10126
4236
8964
6568
2430
9886
7948
4955
2202
3147
1739
2460
6197
6291
13187
6173
6037
6366
784
2760
8294
4324
6039
13902
8505
7819
7467
5246
5459
11258
10400
6518
3737
12291
15875
9478
2250
5789
4306
1141
5293
8593
3581
5939
9021
1064
3134
10710
7227
4007
9251
9964
20104
4457
15770
11081
3339
19432
764
8944
10669
4486
9895
4372
19218
2311
5517
3612
3393
6346
12196
3638
19317
4529
724
3271
4674
3342
8799
9491
2356
5560
4368
18519
11863
9554
99
15693
6916
8711
8820
11058
18912
3791
621
15382
12176
4870
16690
11493
12735
16854
1442
15178
9885
8932
18900
5658
235
9041
1850
753
277
246
5107
770
6537
11869
994
281
3299
1835
3001
533
7558
2495
12379
7241
9522
554
2447
918
1362
2726
14025
24
17571
6947
11861
6102
7027
6044
3863
10384
21905
7318
12455
8314
4895
4260
8752
6363
10656
10954
1244
7435
18862
2515
8356
1832
590
8978
5809
4618
9121
3722
14925
1514
131
7645
6712
8622
12658
8683
16511
14070
7514
2648
7126
14181
3786
12081
3103
3095
6213
7299
18886
8344
823
12706
6830
6926
1208
6361
6750
4542
2778
3691
6368
2148
4452
9162
8452
7136
3180
7601
7198
3176
2383
3
8795
11355
9477
1785
1822
432
27
3194
21956
5936
14469
401
15901
1925
2448
2708
5763
4071
4058
6157
12343
5718
13336
3027
8503
4003
2180
7135
2885
6821
9007
828
73
1986
9760
13368
10034
4557
13594
8906
6700
1065
5325
14615
5589
4439
2092
5141
10600
6221
932
5922
7667
1020
8383
11404
5886
4285
1658
13879
1353
14867
584
8316
12188
9218
983
12981
17794
9254
10743
15375
1997
11123
14142
9368
11233
2884
5522
2928
6949
2071
10172
8843
4984
6408
6874
2956
11353
7341
1848
5902
578
2582
7232
6333
14201
12909
13312
21563
12772
3860
4880
256
5264
610
3833
15418
14649
5455
16380
13840
8121
3802
10301
18955
674
4131
8587
11347
23577
9761
3658
2946
8329
18224
5705
3099
16309
3501
109
803
4586
1981
5384
8072
3816
22061
1395
10379
15075
6549
9914
4598
14185
2290
17952
4199
2677
241
5536
8777
10936
1096
5819
2742
6967
269
102
16626
19447
4223
19716
8127
9074
5777
11
3844
3128
13139
820
4854
4052
2272
10810
2844
1057
10531
14732
3101
11557
3089
814
356
3357
11850
1789
3687
11236
11385
13555
13534
3924
12393
3946
373
293
14095
5715
14699
3673
17482
2936
14176
2334
6547
8839
2011
7662
5899
11232
1796
14583
12756
10075
2806
1747
7593
14924
7229
104
6457
3514
16277
1463
1589
2344
1152
1213
1424
978
7283
8411
10510
8128
12594
5548
5855
568
1524
6952
2855
5744
2389
2729
5916
10169
16444
3976
6540
500
5169
3932
4703
5051
5003
10210
5946
1138
6090
948
966
2260
12367
11587
2161
10995
13448
5352
3423
1165
13199
7035
7546
10260
19370
16204
1827
9044
7208
4762
18071
5233
4411
1275
1731
2545
12129
2575
11264
3330
3999
625
9593
16472
5255
20359
6804
16686
4937
777
9918
5450
2186
8824
13227
3859
2040
18979
6061
8297
6696
7881
4010
8282
9657
669
11580
7230
11746
5470
13815
11691
1980
6409
2610
9122
440
11986
1382
1474
18351
3734
540
6166
7867
250
11296
7240
2189
2227
1776
15974
16447
3783
3106
10391
3439
7605
975
8195
6388
17999
510
15914
16721
821
6682
7189
121
5582
5942
7417
5798
6382
1722
10329
14459
304
18499
19142
4059
224
8228
6105
6697
15935
1119
3795
5291
4676
8595
3666
168
6266
4884
4465
321
10570
1019
6511
8754
11725
7276
4577
15261
6891
8385
12522
9908
12912
17508
1385
8251
8075
10467
6045
653
12691
5464
6007
4209
6885
2556
7231
5288
1529
12166
2140
2081
4076
12597
6604
10415
3922
20952
1556
11714
12676
11442
8002
12302
14199
1604
5945
3626
8322
2692
238
13351
11359
2911
8800
2685
6599
7268
3086
3374
3474
82
4621
1728
6901
5949
7609
3486
3482
917
9958
7080
12819
18708
4653
14456
408
9053
4072
2371
7961
16801
2481
4093
1976
3617
2825
6836
10526
18207
42
8935
8775
4020
4770
3788
6402
16749
6384
7314
9272
3806
5453
7042
11113
1841
14667
11524
469
474
6819
9214
3075
9286
1101
9837
175
8657
8018
1437
10470
3346
9473
16110
2951
5199
6979
3873
8536
17463
9540
5171
21966
16448
5368
2753
4472
14761
8260
5727
11534
23196
3046
6746
8354
4685
3781
7280
13738
13125
11708
12653
2862
6601
11685
6774
14954
13670
11190
1287
21470
1638
17113
371
2770
839
10311
2330
13225
14304
12197
5999
16547
17765
1955
4741
609
5035
8143
6031
7050
9500
5300
477
749
5710
9038
5528
8123
14193
13190
8150
11030
6202
13271
6203
19324
3038
6844
21380
2309
1444
7224
1875
13263
16227
1791
2612
1852
7452
767
9359
6859
3601
5506
8117
715
2901
6244
11388
1054
41
5333
9569
6580
2216
1501
13736
3045
7928
18389
5447
8145
9232
7761
7876
9625
1534
12714
3570
6050
10256
8684
3595
316
22058
13382
3688
6716
19466
10074
5827
4036
4090
826
1645
8453
15030
2513
4983
15869
7941
18097
11519
3292
14240
3615
10453
5029
5231
6816
779
17920
3059
21432
1912
1779
15531
1717
571
5389
5152
9419
4268
4850
3135
15090
6636
8874
7323
5867
792
7952
2881
14253
10048
5463
449
8940
2449
214
6219
2188
13347
378
2215
9724
10747
6542
6695
9556
11443
4216
8338
3242
2302
9342
2509
2331
14307
6497
9788
8000
1584
9025
628
14738
12690
790
430
200
16471
12552
4552
1768
1964
14994
830
16612
15533
2690
4351
18236
1627
4210
6194
10103
15013
12241
15123
14448
3706
1137
3245
9450
3039
18075
7914
1045
862
9236
6142
7758
11454
289
2732
1507
1761
7507
1624
773
5546
4918
6309
8091
2517
8967
11918
23
1453
6919
14915
20711
4846
1344
19730
11897
5508
2828
9725
17720
7117
2056
64
2047
2159
4919
3313
20980
2072
1145
21858
938
16916
11472
12395
11579
9733
17877
4296
2203
10503
855
10923
8794
3036
3870
312
2660
4304
6937
12625
12620
14318
11423
15412
1799
14255
2090
22805
1595
12500
10236
7564
12104
16832
2094
10846
13000
4666
17243
15795
732
4186
15193
2012
13468
8907
20096
499
4906
17774
3191
5514
14425
3225
11911
1941
5067
2480
7322
11903
4851
8749
9282
153
5228
9916
9148
3518
4513
15646
12804
12232
5341
5752
3649
211
9744
10388
194
2824
6832
16995
703
8357
4265
3893
15603
5409
8556
16580
3363
12680
3069
10718
4878
3743
6148
11802
6839
7213
12514
14108
2573
14222
3384
16450
5083
19339
4370
4732
2085
3109
5551
6459
5800
7372
3100
7375
7141
3458
2716
8608
3216
3096
7740
6714
7094
7703
3830
17598
19939
7579
3210
3848
3614
3582
7502
9443
11684
13424
1897
11561
5172
10261
11546
4408
2966
12497
5640
14611
1763
2166
2243
8040
5801
12879
5126
4802
12193
1547
1877
7368
761
18508
14247
8730
13562
1959
7140
15829
1246
6140
14148
10849
1139
1049
141
4342
170
1271
9643
4280
11184
385
13711
9278
4652
2503
4174
7972
990
13476
14395
7965
20152
14629
1422
12244
8675
2764
6632
1922
20037
8899
9681
8885
3832
8104
388
14231
2823
7051
3594
6749
17892
199
17187
4221
12311
418
19035
7061
6268
5201
16711
3434
15872
10969
7290
2032
1253
853
1199
7403
4379
971
6578
3417
2605
7919
8567
3668
877
11789
8533
9987
2249
4823
6253
5449
11507
10326
3108
5162
11759
8540
3320
4887
8465
11792
16560
7577
18551
2724
6367
2868
4337
3028
12224
14455
8938
12377
833
1550
14029
4837
1816
11732
4840
7535
13150
13924
8997
21
4414
12405
11496
8591
2193
15923
2752
589
22184
9898
3158
2712
4126
16347
14232
6218
3435
4740
1166
16225
6782
14252
3724
2245
9487
5629
615
893
8530
10831
8025
328
2631
7547
11600
8256
8724
16795
11614
4082
12036
4387
5604
15796
11447
3197
5830
7620
4815
1505
2943
14380
15529
1155
5337
14882
18447
665
8564
921
4283
12416
2987
6915
7239
8883
6375
12698
2748
3554
13126
9401
1971
7400
8156
11116
14627
19429
2104
7527
15009
5968
19014
4678
1161
3772
7461
4614
1368
538
12520
17452
1216
6741
11147
9353
2431
10100
14190
4398
8058
5010
12446
12313
16185
15464
14518
113
26
2008
10358
18255
3141
10630
11511
18398
5376
6523
2552
851
5308
7392
14401
9884
1641
10565
11813
3098
3000
6315
12817
17198
14976
18292
2606
4752
38
10342
494
9206
1077
9200
2058
9834
9137
488
20115
8920
5845
7469
5692
7570
11872
9103
4794
12606
15664
12033
4959
11849
6764
16583
4022
6453
10922
15917
2602
9459
8522
6562
4944
422
17586
15488
7887
14341
1472
6980
3356
3295
18390
16803
10727
18939
4205
8373
3066
10159
7186
17569
16834
12211
3151
2422
12785
1651
4537
13610
3431
8810
10676
8884
13308
2200
9816
6295
1352
6097
13289
9919
10641
11596
186
7004
17196
2428
14546
15234
1376
3944
10753
1652
6275
8198
13936
10407
13606
9748
13644
12320
424
13581
574
8172
2562
13925
17285
5960
9333
766
7631
551
14871
8365
10010
4696
8010
19214
13935
10289
8685
2507
10780
6860
1968
10394
11299
3698
9005
1725
8950
4234
47
57
14849
11097
8927
6622
6661
17683
7011
2242
19893
8309
9686
8544
11994
19445
1699
8891
9161
11094
10604
14938
439
10429
3590
478
13212
4196
2735
4934
6072
7874
3275
25670
7275
6397
7556
11617
1006
3711
9855
2315
10948
9653
8427
4302
3754
12640
14162
7935
2829
4467
4528
569
411
5329
6127
17636
19681
4670
7320
4665
13096
11141
13967
9309
6238
9184
10563
6904
11397
21281
6587
13175
10717
2532
8201
3447
1157
7801
3839
5700
7504
1301
2678
5271
4363
8972
84
5870
9080
7544
6286
8767
16799
1051
8443
4244
5216
14474
10983
1585
2138
11199
5883
11413
18077
8867
4673
644
20431
18008
17130
1554
10683
2621
5933
19615
5704
6948
2476
5894
7321
5598
11819
10118
8348
16835
3647
7301
2876
3213
2387
4393
835
14490
14387
15045
10868
9731
6778
731
1106
21933
21573
7982
6647
12527
19999
5914
2584
3968
3428
23350
4833
2057
231
11303
2364
597
20315
10836
2053
58
1351
7133
12637
2957
4949
2870
12743
13703
12797
16476
3285
16577
5572
13522
15600
24051
1938
7340
2650
9270
9874
1949
1034
14509
9619
7751
9451
14429
4180
3359
1855
8660
4084
3927
5868
8082
1818
2310
15510
7837
4777
4362
10057
21923
16828
6499
8420
222
9673
12409
4057
22860
2472
2536
6040
9267
3611
9338
15210
8217
7833
1209
12116
5527
6096
881
11053
4325
20714
3657
1386
5076
1072
8875
11972
18887
10098
1998
3231
5344
3341
1162
11470
15450
17605
17266
10381
7457
7009
9932
313
2588
6924
6880
12673
11836
5765
12993
12777
7749
14784
980
19816
16461
15064
5267
6181
9071
4641
13916
6942
10294
12541
22055
28
8865
4848
6699
2039
7053
2261
1637
5576
2106
5299
6766
10731
13728
16327
3124
6517
7394
13262
952
4009
7376
19115
4953
15104
14191
2426
1267
8235
4649
8696
5025
4290
13284
9241
19857
6217
4787
15677
2506
13898
5896
7845
5342
4810
20844
18867
18113
5021
4487
9938
4909
1880
14906
10574
10269
11307
15992
3809
3251
13680
17617
3517
4197
9802
16944
7456
11099
3646
3304
913
1780
650
13013
21872
4474
9849
9700
2728
12412
4996
3405
13964
19280
7907
14433
7446
17118
6431
2762
12985
6305
12442
3053
15293
3394
13240
9570
8192
1721
5913
10352
5806
13090
4911
4049
1967
3265
15913
1808
10430
11528
11739
8334
428
2483
8590
8421
2630
757
20932
16362
16510
14394
13141
1802
13440
21208
7402
21498
3914
17596
852
9441
14055
5860
21915
14015
77
7155
10005
2877
2962
3637
13789
15172
12907
8770
5173
2066
17189
8284
6742
9166
20666
1601
9639
26265
18524
4045
13421
717
12283
1871
1846
179
2717
9655
11189
21989
5319
16138
14937
12017
1686
911
5947
633
13596
11033
10965
5014
11807
8255
9394
7959
9463
3519
2288
3940
14426
11623
9910
8955
2292
8337
3819
9829
8249
10847
8582
9640
10751
8466
13953
2912
10929
3287
12540
9110
4333
9174
13412
15641
6349
11245
14165
3735
10838
2406
11392
3774
1044
1335
6486
1487
21746
9455
11675
12796
1784
1014
9906
1225
7194
26435
10056
6460
13050
2000
16630
12632
6519
12507
5121
5940
5309
16000
14434
4407
287
22701
2291
12072
23920
6719
22324
6394
4202
5397
14566
16391
5060
27374
5302
6420
1807
6370
9403
8469
22296
4797
9289
7089
4177
9220
20897
1311
20681
742
12968
728
3520
5059
7889
10356
10331
5225
6513
7759
1187
977
9504
25700
21937
6510
2615
12605
1193
13943
2995
21041
12201
5698
13963
4764
16774
12184
7033
5726
13462
6018
18742
15058
18736
10357
16743
212
8597
6301
17905
17512
17276
11696
13380
4187
15910
11611
10129
8106
11859
5305
15737
17064
13425
12783
7310
10061
12987
15585
7405
13762
1004
16272
8231
4440
7017
8968
24043
3268
647
5184
3776
9341
15391
3558
11093
3138
1863
3827
18583
12031
15740
13663
11194
3177
6401
5320
3770
4702
5158
6796
6898
15521
24697
541
11380
18589
8153
15903
9999
22613
9277
4882
8834
12269
18318
8257
216
4925
3875
2639
18165
13766
17680
16948
12484
4987
16136
9249
16666
18654
5146
23721
8263
3377
11293
3961
23246
17278
22777
140
20340
638
2978
16575
409
4694
801
11168
8971
12933
9880
5049
12686
14449
4566
22091
8644
9454
7985
11395
8298
10491
8245
8823
5758
11560
14175
15490
22062
8467
4859
3324
3009
1781
13102
5041
6683
10215
5909
11479
5263
14273
4532
17848
7339
14903
17610
3050
11478
19341
476
15360
1787
5348
5615
7571
6076
953
2514
12114
20327
19205
11298
10173
5485
4419
2424
6805
10398
12330
7553
17199
298
1929
94
12906
11283
6802
395
6655
13120
9107
6595
11411
10569
15126
3780
6997
23484
16994
12254
9527
16443
8523
10711
13001
7630
2689
330
1071
12118
12641
14806
8387
2139
15217
10440
544
5661
2348
20718
12839
161
20335
12487
671
12799
301
3812
15042
7707
3115
1724
10786
9578
4130
14575
786
420
13913
6432
19502
5790
8445
27906
68
1758
2675
9209
10549
12479
13239
22459
2341
23653
9095
9732
7832
16407
1232
37
3890
22871
9968
9951
1800
2301
21681
4560
17415
10373
16849
10585
5487
25
19029
15586
11212
20821
5428
2744
7162
7968
12342
4814
10833
11139
1370
1359
13246
2814
12958
16308
10690
13791
12465
18149
8869
4549
12530
6743
9629
8943
25289
3352
20234
14080
12001
700
1982
12921
11292
747
15459
2706
27803
6393
10767
4171
5093
17813
8878
8963
14210
18792
9245
13161
9584
11137
8247
18387
7999
5474
5316
13378
6593
17626
7790
11326
7007
3023
22264
202
5257
1942
13627
12899
11304
8671
10617
11781
3270
14402
123
243
10017
10509
1248
21058
12576
19539
21686
1398
3338
12186
8050
5193
24894
7487
9202
4635
3915
7357
12239
6842
14198
14452
20635
3664
23921
14712
4675
8877
2130
10887
4233
7096
1900
1990
11344
16190
18216
7902
2730
1007
8517
7109
1494
4627
4284
10693
2064
16616
8802
7802
9776
9029
2691
15830
19287
22268
3853
12820
4133
10564
6318
15950
12053
16479
4418
5499
13874
22501
13895
19658
1616
2895
10187
19861
3060
532
15004
5556
4253
13719
1002
11698
10088
10580
7973
3508
2749
20904
16463
18651
16073
4556
16839
9217
9154
21300
6637
5755
5748
6353
3886
16219
8980
3477
9711
14494
18582
1258
6483
14686
11670
11885
2925
25001
1965
5840
9600
15676
9551
10597
1703
11417
9363
880
4189
3410
11523
35
3610
9034
5863
4677
1948
4758
220
8896
8833
6410
20128
10658
7792
9207
16975
5128
5211
13489
11249
25328
1108
5653
9850
1934
7861
10198
8667
1916
19213
3167
14839
12009
18426
6118
406
1329
14437
16918
9064
19401
16813
6189
15897
10671
3262
11133
21328
18494
17764
7407
7058
21108
5307
12298
19924
908
10122
1511
9288
3008
18970
4748
18880
4434
2974
13039
2798
13705
5314
9054
689
10527
10677
10218
1670
10633
12562
2133
6584
24952
3977
2489
13428
18510
7319
17726
10516
1647
1435
2025
3165
2550
12013
6469
6145
14728
5621
3166
9552
22329
11517
20434
19377
3971
4592
1254
12372
6854
5957
1588
5610
21322
9136
10482
3408
10723
3571
14071
25121
1450
2114
3082
14586
8693
4104
6147
4982
14842
8204
6396
6688
4778
15139
5022
9703
12073
12087
9669
6306
16892
20475
4881
5004
13268
2703
3367
8563
16855
9343
21264
124
5702
6680
18532
19872
17862
7494
15408
13721
11998
9580
16645
14290
8585
12722
12526
17120
13275
14005
19085
10789
18543
3329
15329
5733
18376
2413
3280
22691
1657
11791
7917
4588
18674
9719
22251
19838
6279
17541
7901
2794
17273
3332
17426
18824
12838
7253
12750
19333
11702
9066
1280
14283
13912
17290
12285
17666
10913
4000
5525
10090
8089
14965
191
5932
19108
3910
3821
16031
15028
12297
6954
10505
11636
15738
13216
3498
518
8664
17106
3047
15688
23877
18774
17799
2859
13948
10286
15530
25186
16070
13803
18611
13701
15629
3279
10826
7664
3040
2386
8614
4473
3733
19189
10555
10006
3200
24231
20089
13906
3709
5250
12617
16531
16231
22203
14934
10952
4774
2745
1053
11603
10197
21688
4853
6265
14460
13074
6170
18734
9881
8065
3747
2549
7065
3818
5570
10252
13047
8708
6149
2598
10506
15337
4477
14505
18706
11227
2820
4075
10276
4488
11985
1599
5787
4602
11629
12011
3457
8154
21011
5969
8787
15140
24514
16724
6872
9453
9334
526
6058
5717
16412
1512
15328
8289
23273
15291
8024
4105
1711
5630
3704
8490
9134
5622
5593
24083
22185
17156
20171
13144
18729
1374
1693
680
10000
15777
8074
8184
6582
18273
20806
14472
3005
16650
6212
20845
2861
8435
10782
9429
22379
12792
1102
8882
3136
6985
15405
8325
11599
4751
8791
24061
1748
12306
5542
11486
11315
886
18569
10002
8458
896
14820
15180
8285
16404
20733
17926
13466
6067
19005
11674
12951
11620
18800
19072
6783
681
12599
12478
10306
8333
6081
18633
9977
16790
7519
6527
19714
12063
15684
9512
2264
23079
19813
22988
6685
11877
25490
14413
4523
10078
19292
4386
3186
8041
19174
2299
5782
6777
8023
91
9085
8761
4297
4406
7396
15131
1566
1921
18869
23974
14112
11426
3714
7858
1350
4185
8526
3760
11158
3360
17109
23534
9247
20280
11778
3663
5540
20200
8658
15384
5406
8271
6703
4756
5032
3235
18211
12788
23507
8506
23547
14147
8319
11905
5865
22549
13477
14130
9177
11073
4825
10899
14722
12431
10806
13119
2307
2766
6753
13217
6390
2030
20353
19543
19086
12560
846
5652
5361
617
2324
14256
14262
13435
11440
21174
4165
6833
5955
15931
4356
15513
12916
19200
16798
9888
9437
22323
6334
2367
21668
7545
15939
20225
19262
1196
13211
23468
11103
493
10732
3340
26099
14777
22856
4548
10337
676
13129
7246
9337
10156
1371
4509
2625
2415
2411
25593
5595
21527
1411
17704
12831
8424
1966
21828
8125
1229
12056
3310
23914
7364
14386
11655
7557
7138
18257
12854
7178
9752
14146
19854
18700
11351
16550
14242
12615
390
23469
8084
19496
765
22270
11935
13811
13134
26050
2842
10247
15949
18595
10848
20251
17082
879
3164
793
25788
13714
12897
1483
5079
7413
5541
23690
13157
16906
4645
9167
11583
15125
110
9040
11377
11008
184
148
19161
7195
7234
12236
456
14817
21624
9448
19007
13348
20596
2440
22880
10862
8415
21274
25933
19182
3990
12693
3905
1176
19206
10520
3898
11378
8130
10171
5937
17976
9712
27927
2119
8034
16370
26547
14021
981
15741
3677
4597
5631
963
13542
3767
8783
19428
18816
10027
9800
7002
19550
15596
9097
7629
3871
13592
12043
12040
15967
2235
12165
19511
2471
9708
18362
20970
10928
294
12159
25732
11368
17537
2212
13928
15338
11682
5738
19973
6014
21871
9650
17695
23364
9028
11369
7196
25528
6478
11894
5101
20276
13327
17913
12551
548
4251
12776
3485
11332
12470
8006
8417
8617
10688
521
5413
240
3502
10188
22962
11491
10971
12437
6444
15546
286
4345
7955
7458
3195
11193
2641
998
3193
3651
18237
935
17326
4170
10679
19509
15269
18108
12778
12461
15636
3925
15610
5659
15381
16139
9637
4340
2564
13325
7434
11549
2594
16003
3120
23304
6618
18243
2214
21666
25091
24874
2276
10412
18396
1840
10493
6606
22018
364
12711
5075
10246
12544
20047
15033
3869
19074
20946
19059
4024
13972
16454
2345
6380
5457
11504
2317
6884
14228
849
22646
14926
22661
6771
15773
1573
20737
14843
13059
24144
9781
17280
10646
3202
16884
10073
6034
14351
23635
16498
12192
6418
27919
24890
435
8191
19375
10610
7619
2156
12669
10014
22554
8083
15981
20853
4902
12855
16804
25904
5741
18640
808
5084
6861
10854
24390
29249
18536
12543
15499
9039
10249
18542
5210
9027
1978
8857
12574
5401
19430
7001
13456
17650
13173
13894
11006
24684
13286
1291
4263
25017
22069
2488
7543
6177
2697
15347
14166
13546
9244
23962
5489
12973
21537
7445
17908
9393
9793
15572
1315
15435
14502
1332
6784
22767
8584
21910
22749
15036
6338
10475
19134
4314
15108
12366
16181
25261
19103
3187
12418
5259
5781
14596
15211
11799
51
15001
9538
13345
4102
8008
858
5529
17985
18771
16930
5713
5650
3344
25172
22722
7649
8554
7632
19125
21513
15501
3491
12294
9795
9317
9369
19873
1866
13571
13918
10368
4430
13960
9809
7522
17992
16235
16489
8296
19299
6083
3983
12098
263
3021
9484
457
16535
14681
27994
12337
5651
5222
21775
8332
13450
20181
2395
10084
2407
10386
10303
673
641
3727
5178
12277
10137
6610
11556
4731
15327
10081
15243
14320
7464
1041
14749
1439
4074
14746
1235
2010
5510
3337
13818
5118
4610
23331
13532
10705
20762
19003
9243
10607
12717
6017
25073
14953
12655
8925
12489
13459
18348
4335
4399
11951
6955
7615
10498
12661
17260
690
11495
13422
7256
2401
12859
21511
14214
2196
18091
22535
17899
13716
10907
3752
1089
6125
16730
6571
24273
10749
904
19621
3022
14189
1896
4329
8529
26147
4015
3462
18016
11481
6104
15480
7672
19144
8688
6701
8663
20317
9575
7882
12055
2930
5606
962
6555
8045
6672
6674
8048
560
17036
13883
11215
5835
26775
13959
3596
6504
4433
17800
27161
14343
12289
5980
5538
10807
1814
16869
10621
12592
18649
6995
20947
14788
18818
2321
13178
16229
8633
10590
6314
22399
6299
19769
19728
10539
4821
3006
19158
23191
1460
24719
18801
13998
7453
14125
14155
20137
26615
8977
12564
14475
14451
14107
7382
3525
10240
3824
536
7298
7419
24329
577
17423
14094
1330
18559
2571
13499
13774
27044
985
4993
1403
14690
7119
9622
21139
12738
14616
15930
1914
4281
11923
15973
15311
21307
15645
9995
18032
14610
18050
11383
7821
11439
14770
5238
4098
16008
66
15284
15257
10366
1755
6344
6342
19237
17184
15115
19373
13691
9417
21355
2618
17751
3300
6051
17507
2423
6226
17272
6258
6271
26190
11628
1356
9549
17050
17299
11518
1522
17727
4672
1766
4873
4879
163
4893
1727
19556
11273
5069
9786
5086
18852
5327
18665
11341
18445
18442
18416
5558
11425
18334
5695
6400
5871
5964
6423
16336
1300
7836
14670
799
12424
12425
14428
9144
8110
8135
13985
13910
12509
13876
12524
8375
13756
13741
8459
8548
592
13167
8717
13076
13045
13029
8887
8913
7828
6427
14757
14797
6474
16909
9482
276
11873
16437
4644
11896
16066
15909
15632
1036
15522
7335
15440
12012
7377
26889
15402
15322
12187
15065
7682
7690
14889
14886
14812
7788
20031
6155
8945
10441
2468
10476
9974
2652
2342
10978
1996
3962
21138
3929
22075
2832
21257
20701
10601
10883
22800
3746
24220
21615
3644
10627
3105
3110
3122
3178
2195
10698
22118
10037
20564
23238
4391
23852
9922
4441
2439
1862
10438
23888
9939
27240
10947
22703
7052
9843
14113
20541
17820
20092
17085
16570
21459
7781
3577
20562
20313
14026
3911
6046
17896
21629
16861
22784
20563
20561
10668
9791
1127
19799
968
13487
19885
2131
2369
8868
22702
13579
15283
15258
7063
17224
15871
17364
7775
7671
14431
12451
7823
3379
19372
14219
2711
18289
4278
13269
13153
11083
19315
4011
18546
2620
8374
15071
3579
3578
20494
21146
1764
17086
16102
4728
234
20650
16109
1606
17688
16571
9319
9845
20542
9844
7054
63
8912
8649
13467
7642
23309
11436
12397
5821
22945
376
8161
2926
12084
15288
2922
27982
15307
15309
13404
7872
7416
7414
22426
14184
12715
23080
9326
27646
17679
16401
16399
9204
6619
20826
11211
17681
9979
6143
13940
17263
17264
22812
17660
13938
3787
1851
26257
9194
14966
21422
21423
1183
12940
11131
21533
14780
6002
417
415
1847
11129
21701
22810
3490
27030
20363
17306
14024
1103
1105
12202
14089
3014
12203
8339
5581
6184
12885
23285
22318
7958
164
15248
5963
15277
176
2593
7983
23415
7915
16072
9192
24876
19756
15048
5850
27033
2444
9063
19043
2464
4711
9108
7895
15091
15310
21493
6436
2985
6660
18439
22832
8170
8690
21978
6514
4872
11207
12272
19394
6583
11367
15495
8764
12390
15606
6458
22707
8676
16494
16131
14294
8410
16485
29108
18592
12062
12619
15674
22659
26837
12603
21834
6640
26853
9109
23553
5422
9998
4150
13854
13834
9434
17210
13829
9426
17173
14643
4175
14790
1055
17768
24139
13607
3759
20710
9651
14250
26530
5573
13
14226
26534
14208
9739
9594
29
7367
3865
9854
13995
20765
21084
15862
13341
13451
27488
6912
21150
2362
14885
8223
4294
3894
7353
759
25694
12205
8315
4062
12253
15628
12459
6811
12322
13104
4094
3436
4503
7379
6558
12383
596
13085
7116
482
12340
6740
21387
15051
295
15823
11848
19226
14293
22342
2972
28743
20464
21349
20474
629
4308
3941
25205
7285
14325
6468
7812
11959
11981
21315
323
13210
20319
14984
14404
13132
20786
3415
21936
19627
8077
20964
15315
21722
14779
13639
458
15112
789
13615
15272
8036
15262
19686
8016
12920
6708
21048
4365
13496
3333
21051
25419
4286
13473
446
20963
14921
15349
14677
14875
15451
20182
19579
13926
13025
4118
21845
14602
12569
13397
11800
12595
6930
21121
12611
3602
12963
13191
12645
12955
14635
20893
8105
15364
13808
25992
4198
3234
1464
9090
11039
1226
5001
2232
6063
5707
10115
2720
10080
16383
1061
23143
16552
1027
5416
8574
16495
8580
10911
23649
9604
10935
29325
9587
10968
18879
11014
4730
5503
17977
18750
9438
5532
16213
4690
1798
24410
24912
5580
10792
4839
17134
5165
6241
5226
26157
10397
237
10063
1156
5273
1074
16797
16727
17530
9971
10596
17583
9933
9909
10623
16624
17645
9862
22794
22742
10777
8721
8602
9139
9262
16013
2769
16121
16166
5729
24006
9128
9198
9268
24595
8781
15
24445
16019
18124
18141
11387
28265
16728
28804
12647
16729
21737
16193
21738
26661
5818
807
10622
12565
2768
11597
16623
19530
16020
16021
19531
22797
19941
7460
26274
5272
24262
17137
17136
17135
11796
23175
20492
6290
23150
22054
14606
14607
14614
6281
7465
23142
15895
16928
28893
22056
20436
28877
25397
28871
236
22057
20435
8066
7573
27837
24536
22796
12549
22795
28595
28594
11002
26591
7289
19734
15192
12357
28560
11041
19733
20162
5502
26895
12178
12256
5979
7783
16165
28528
7860
22377
26537
25247
11169
1797
12200
5579
5986
5430
16144
5429
22126
21739
21760
283
3705
16037
10770
21761
19806
22165
22741
10791
26960
5637
20380
10839
16090
5415
24466
19735
1022
10910
7250
25040
11374
21892
10934
24456
5129
8062
5110
24801
24254
13135
18239
6496
29524
27241
17823
24900
18279
2143
21403
23606
21404
21405
25995
9127
27506
23580
21177
17648
17647
17646
13470
26056
9089
25747
20606
9047
13469
18913
23648
9603
24113
21194
25841
25842
6855
8680
18140
13795
24869
13794
18810
4729
13788
13486
23746
27270
27269
27267
27266
14003
25555
27095
24885
8776
23944
9574
8780
18623
29470
9931
24852
27118
19116
27751
652
27750
10062
14530
27408
24965
3488
24241
3035
21516
29081
24787
14515
24990
26156
25701
24005
29098
29097
17341
27741
27429
27119
24015
1316
4958
23987
14
4965
8318
14825
11457
22252
22258
7408
7410
2540
2538
22239
22366
7423
11373
22430
11360
2470
11300
22639
7422
22644
7388
22207
21897
21898
11559
22003
22034
22052
2662
22208
2658
11513
11500
2634
2629
2609
2608
7386
22098
11257
2403
7490
7576
23159
7582
11065
11050
2181
7598
11088
2172
2157
2152
2150
10982
2136
23411
10942
23305
11090
23055
23011
7491
11246
2392
2378
22774
22793
22845
22847
7518
7528
11166
11154
2305
7541
11152
11127
22993
21885
10940
11633
11635
3284
7072
7086
20723
3252
20728
3249
20669
7087
7093
20783
12047
20908
3173
20995
21013
20747
11988
20649
20629
12279
12248
3409
20419
20427
3390
3385
20631
20454
3358
20527
20585
20591
3323
20598
3311
12185
11950
11947
21155
21530
7249
2883
2882
21677
21695
21696
2914
21705
11695
21732
2808
21767
2791
7312
11640
21706
21489
11787
2938
21156
21175
11922
3062
11904
21224
21229
11901
11891
21324
2984
7210
7211
11831
7225
11811
21449
2747
6991
2084
2080
1281
25620
25643
25654
1233
10052
10051
1285
1220
10040
25813
10033
10029
1194
25853
10015
10050
1173
10131
1299
1413
10193
10190
10189
1380
25343
25344
25554
10179
25411
10166
1333
25485
25494
25496
25535
7976
9984
26013
1115
9684
885
26708
9670
9656
26790
9646
9735
9645
26934
8266
774
26966
9558
9557
9517
9613
26510
9772
9773
26083
26108
8090
26133
9944
9942
1080
26169
1039
9872
8124
26310
26337
8144
8146
8158
9774
1421
23486
25184
10211
23930
23940
1904
23963
7732
23985
24009
1945
1878
10666
10665
24079
10661
24145
24147
24183
1872
1812
10772
23817
23499
23500
7647
2069
10888
23540
23562
23818
2022
7675
10855
2009
7680
10805
10802
7704
2020
24193
10605
10602
24662
7877
10355
10353
24800
10296
24835
24649
10280
1481
1479
10230
28099
24218
5427
5425
16562
492
15621
19417
496
244
13947
18155
27466
19899
5243
19411
18133
19410
16525
19396
14608
262
19833
24336
5643
5642
14006
15672
5623
5617
5616
27514
1769
16483
14585
13992
16506
24276
1772
5496
19827
14709
14710
4861
4858
15491
14781
14783
19313
14787
19995
17962
15462
4808
4807
4785
15447
17939
14808
14810
18012
21415
18025
4876
19365
16656
5073
7806
19949
16714
16716
5020
13821
14742
6876
16758
18854
16763
13782
4914
13781
16791
14028
5725
19463
6642
15886
6621
6603
15881
18422
24517
24516
18604
18609
14259
16173
16184
18629
19688
19689
18632
27779
6303
14302
14310
1668
15985
19597
10536
18497
1663
6808
6807
6893
16030
10557
10558
16039
16041
10588
19618
6728
6959
15825
18637
6260
15730
14085
15727
308
14077
14076
15726
464
18294
5813
19810
18293
14557
16392
16394
18283
14559
15017
16342
6010
19499
6259
14212
6245
14211
6211
18646
18352
24455
4715
15791
25129
19748
19749
25150
6084
16304
16306
25163
15789
4714
19976
20030
3989
3988
12726
20192
17221
3973
3970
20193
12728
17244
12745
3938
15205
8557
12763
9201
8586
3993
4012
8538
12688
8463
4145
19026
17123
8464
17792
9263
9258
3889
8485
93
17778
4083
90
4063
17777
17773
17772
12687
3885
8588
9180
3549
3494
19181
8866
17484
17485
13122
8872
8848
8990
8988
13181
13205
17521
17522
13206
15020
13221
13147
17101
9035
3584
8639
8645
15169
3808
3807
12874
12876
12881
17436
17339
9140
15117
9119
12983
17409
28067
8815
8817
17653
17099
4035
6878
4692
4667
12411
12535
4301
9400
12534
4638
4270
4358
12521
15396
17878
8341
18922
12485
12482
12469
4497
4695
4668
17879
14866
17833
19239
4547
8408
17835
9265
19257
9280
12585
12607
19295
9402
12392
20051
23139
23137
17312
3238
27112
3248
15434
15438
9562
12352
22589
22605
24972
6209
9589
20716
1198
3276
7847
23810
3281
7853
9611
15410
5154
27158
20622
7899
7898
9514
9524
15356
9528
25714
15369
15378
18628
3206
18617
3212
9533
20671
1239
12434
5115
18545
15489
22523
15567
18493
18490
7778
1124
27025
18484
12207
12181
7768
3362
7764
1110
5077
12170
3369
12168
18480
6247
3334
20797
7831
20730
15505
9626
3301
20768
12255
18533
6234
20779
15534
20781
20785
12235
12233
20788
20790
5095
1144
20620
18662
25698
3161
12685
12684
18784
20457
5249
1393
20465
15168
9390
20476
23711
12636
6111
5236
6113
12622
6115
15203
12652
12695
23689
20418
8061
6056
27312
18830
8052
8051
2981
20386
2989
8037
18820
9355
1436
9367
12747
8029
1425
18805
3019
3080
19641
9414
7971
3129
20569
22656
7937
12518
9471
20583
5195
25678
1304
7920
23755
6159
7918
23756
5189
12493
18678
1302
12548
6137
27205
1358
27233
25658
7967
5221
20531
20534
1345
5220
15230
9439
20539
18727
15238
23735
1331
18724
6134
12558
12614
7756
9679
20842
11765
3634
4942
25863
837
9866
7495
3648
11768
6415
11741
16091
11740
18116
3659
4929
29005
24823
3650
7525
22387
3623
3586
24854
3588
21070
24850
18172
21076
11815
873
21080
9851
16024
3609
7538
7537
6392
18146
3622
18145
21140
22406
26784
9889
11606
16211
6462
745
11590
21226
741
738
11609
3753
3756
4883
24788
11575
24142
11567
725
723
16233
21205
16197
7421
16117
9911
11686
24089
24809
11666
3697
3699
7447
16146
16149
11648
781
16153
22337
11641
16182
3716
25896
24078
12802
9830
26845
5038
12020
3459
23932
12014
23935
9723
11992
6293
18339
15801
11965
24892
22464
7652
993
992
5011
9742
18381
7698
12048
18451
12130
5066
20861
10336
24212
22235
10133
8547
21882
3964
19610
5655
7016
19598
10803
5648
18000
2093
3524
13354
5638
5635
23065
7041
19568
7046
28933
5626
19557
20870
19554
10819
10820
2111
10788
13313
23041
6945
13257
17911
15696
23003
8601
17919
4843
15682
6971
17930
10766
4847
10769
7062
21455
13277
21879
10781
17951
5671
2123
13292
15637
5669
17958
21444
17961
10136
3959
24226
13255
2062
28917
7147
4232
7150
4230
11547
13516
7156
23135
13520
13523
7163
8409
11542
23146
7182
21925
7188
19453
13552
18223
8379
10872
7200
18233
5531
25288
18238
10876
13568
2001
2003
19484
5569
8504
13407
7071
24161
25231
912
7081
4246
3980
10111
7097
19535
7101
21411
4248
10110
13445
13447
5587
22212
10101
7121
19515
10091
7125
13464
10082
8475
10079
20910
8482
1956
24251
17898
10670
25094
8747
17677
26178
603
13031
17687
5795
13051
10674
8734
25100
13056
15977
15965
13063
6799
17722
6803
10691
24348
10181
15947
6815
13069
13071
643
6825
6772
6770
4744
2312
24401
12941
10636
22884
8782
12946
4726
4332
17616
12956
10195
17628
24398
17631
8728
5829
8771
4734
6747
12970
3917
27758
2322
25083
24383
27762
6759
2318
581
12996
8773
10148
3928
17746
6896
24285
17845
17846
19701
27851
10164
4820
17855
17865
10162
8630
17871
6911
10158
2173
21467
11252
21465
13235
17882
3561
5697
17884
13245
26218
17889
22260
21463
25145
22968
19712
13172
15915
22923
13094
17755
15905
8703
10707
6849
15898
5756
15882
5751
17780
24312
4768
8677
5746
4299
694
13131
6867
24306
2220
8662
8659
24300
5735
19731
13160
6888
4796
8368
8367
7217
11095
23371
14631
14065
8097
1676
11107
14612
19076
19073
14099
11111
14595
14103
11370
9782
1656
14579
14111
19053
5285
1646
28287
9792
9796
4092
26302
23267
5046
19968
25551
6358
6359
3880
19964
8838
25556
19945
3896
3912
19911
26389
24475
22751
26327
8900
24537
17539
6343
12161
17469
25522
3823
20080
20067
8974
24571
4016
8956
8931
6331
24544
8928
5058
17517
8923
6340
3850
4998
4025
6477
8352
8349
4136
1824
6629
1823
4140
1815
4119
8321
6646
8303
8272
8269
6665
8261
1777
6676
6645
20098
6576
4108
22820
4988
4040
24416
1947
1932
4971
6526
4110
12829
1908
12857
12864
12868
28080
12904
4101
12926
1919
3813
17453
9016
26659
26654
2522
17227
22104
25439
27555
17241
22070
2487
26616
17255
429
22176
22186
22195
27609
9325
22154
29296
17203
17197
11410
11412
11415
5988
11435
5994
2596
11453
26666
11463
22041
17170
22042
25417
2567
2551
11522
6038
11468
19319
2446
9304
20223
29243
20209
512
20184
12070
25506
525
9146
20153
22413
22429
17429
20122
9024
20120
26488
17444
9069
17274
9147
11943
20369
9290
20356
20350
20334
24690
11876
27662
20242
17332
2373
17358
20293
2368
17367
20283
24663
9185
9227
5977
8242
6684
13899
23504
4701
23517
4697
13958
13961
13965
13969
23901
13983
7622
13988
14002
4484
14019
18260
13896
4713
14682
25990
28432
14768
14767
4404
13812
4422
14741
14740
7566
4423
26007
23443
26001
14715
25999
4437
4719
13869
7735
25947
23581
4508
14269
7362
14299
14301
14305
14419
14414
7297
4575
4595
14344
18438
14359
4605
4607
18419
7324
4611
4600
13778
14473
14487
18282
7220
23602
18295
4517
14538
4660
4519
14235
23608
14521
25934
7245
4648
14504
7252
14179
4559
4656
24008
13770
13765
8180
26167
15041
19163
8152
15032
19156
19137
1695
19118
15000
23201
1626
14991
23233
23234
26112
1608
15011
26105
1702
1708
19308
4191
4192
13231
6709
19267
19264
4203
19204
6723
19256
14898
21271
288
19260
144
10909
146
333
2722
21780
150
1586
11000
18897
17068
17031
14975
11156
11228
16569
14943
2813
14941
8203
21636
18896
165
10284
16248
14892
2857
14893
10918
1518
19031
9962
344
1571
21607
28324
10408
19221
2637
19222
16346
129
17034
340
10513
20997
17008
20990
11013
16348
16530
26890
5481
16507
23357
2893
13750
16618
10419
8224
21262
21669
19254
207
5486
18877
16294
14967
21673
10433
16655
10227
17075
11220
5495
16515
21360
4188
16858
5431
2787
21981
16564
26886
9986
14973
13733
10479
3419
16990
14916
16311
5931
5930
16648
1496
21765
16280
10423
8212
2818
16561
16651
8218
26035
314
14371
10207
21694
11256
18977
13630
10351
16875
5367
13625
9808
16756
10946
5920
9801
13669
5898
1537
5362
18963
16456
16751
26842
16537
10963
21278
5380
27462
9828
3400
16913
5373
23313
16423
16428
16614
24025
21304
10951
10370
11217
1469
11330
4369
14853
11235
13636
13661
29429
2694
16829
10545
2958
21718
56
54
21559
21830
17011
10320
16631
13616
23253
1476
16632
2920
2718
21576
9757
10447
5445
21698
5844
11310
2827
16677
16363
21793
108
21729
1565
5841
16376
59
17016
27411
26071
11281
280
10552
21727
1591
16257
11069
2754
10221
21822
16959
21819
27385
13686
10454
16782
13688
78
17043
29649
29645
24343
26566
6371
8674
19016
28996
19282
8905
12729
27993
25899
27992
18448
10449
19638
29014
11068
23734
13086
23763
9397
11234
15016
5359
22284
21860
19327
16620
16619
16825
10434
25415
21279
1082
13863
22647
26556
10435
23709
2819
20218
28013
2721
21280
13857
20581
24696
6074
24032
21270
21908
452
27020
17035
11087
26755
14010
23627
21947
15715
22210
23252
10319
27481
7454
1568
18926
18925
12158
20325
24462
7337
26898
28111
28110
11219
17947
25749
29628
29640
0
8552
22405
8566
8568
8569
22393
22392
22390
22389
22388
22384
22378
22391
8545
8542
22422
8535
8534
22425
8528
22433
8519
8514
8513
8512
8511
8509
8508
8507
22376
8594
22367
8600
8697
8692
8691
22290
8687
22292
22295
8681
8670
8668
22319
22320
8654
8653
8648
8647
8646
22325
22326
8636
8635
22334
22335
8632
8631
22340
22347
22348
22361
22442
22443
8498
8497
22498
8422
22502
8414
22508
22510
22511
22512
22513
8405
8402
8400
8392
22542
8362
8359
8355
22560
22561
8342
8340
22578
8331
8328
8327
8326
22587
8311
22597
22497
8699
8426
22493
8495
8494
8493
8492
8491
22450
8489
8488
8484
8481
8479
8478
8477
8473
8472
22462
22463
22471
8456
8455
8450
22480
22481
22485
8440
8439
8437
8436
8431
22494
8700
22283
22280
8970
8966
8965
22068
22071
8958
22073
22077
8951
22080
22081
8946
22083
8942
8941
22085
22088
8934
8933
8929
22096
8918
8916
8915
22109
22110
22111
22112
8895
8973
8889
8975
22049
21958
21959
21962
21964
21965
9084
9082
21967
9078
9073
21976
21982
21983
9062
9061
9059
9058
21987
21994
21998
22004
9037
9036
9006
22037
22038
9000
8999
8995
8983
22600
22130
22135
22221
8779
8778
8766
8763
8762
22237
8757
8756
22241
8753
8750
22245
22246
8743
8742
8741
8735
22255
22261
8727
8726
8725
22262
22265
22266
8719
22275
8709
22220
22134
22219
8786
22136
22138
22139
22143
22144
22151
8863
8855
8853
8846
22170
22171
22172
22179
8831
8819
8818
8813
22197
22201
22202
22204
8801
8798
22214
8792
22215
8789
8788
8784
8305
22601
22602
22986
22987
22989
22990
22995
22996
7834
22998
22999
23000
7827
7825
23005
7818
23015
7808
23019
23023
7798
7797
7796
7795
23039
7782
23040
23043
7777
23044
23045
21613
23375
23374
13140
18514
13142
18513
26158
26159
4002
26160
26161
18512
18511
26165
3995
3994
18509
7350
7348
10827
13133
13118
4037
23386
4034
4033
4032
23384
4030
23372
13123
20378
20379
26137
26139
26140
26141
18523
7346
13124
13151
23369
26173
20402
3948
3947
18473
3945
23345
3943
23342
20401
18467
13193
26216
13194
23339
13196
13197
18464
7393
10798
13117
7381
10808
26174
3984
18500
3979
7363
23363
10817
18495
3955
7366
23360
7369
7374
3963
26194
10811
18483
10809
13165
13116
13115
13114
10858
13057
13058
20357
18568
4115
10856
13062
13055
20358
23410
4107
7315
7316
13072
26073
13073
20364
18565
26077
26054
7305
23422
26036
4142
4141
23421
10860
23417
18578
13054
7302
18576
26046
13048
4129
23416
18574
18573
10859
13046
26223
26078
26080
10844
4066
7329
13099
18540
23392
13103
26113
4069
26114
20374
13107
4050
13108
18534
13110
13111
13112
23390
23403
4070
13091
26081
18554
13078
13079
18553
4088
13081
4086
13092
4085
18549
26092
26093
13087
13088
18548
10845
26098
13083
26224
23338
7395
13294
20442
18380
18378
3778
18377
3775
10746
13293
10745
26359
13305
20447
20448
3765
13309
3763
13310
13304
10741
3785
23279
3814
10765
18402
13272
13273
10762
23293
7451
23278
3801
10758
10757
10756
23286
3794
10755
10754
23280
26334
3815
7476
26369
26390
23259
7488
7489
23258
26395
20452
7492
13330
23256
7497
7498
20456
10729
23250
23249
26408
23248
3721
7477
18355
23260
10740
7479
13317
26374
26375
26376
13318
3749
18356
3748
23265
3745
13321
13322
3741
10737
20451
10735
18363
10863
13267
13265
26249
3899
3897
7406
23327
18446
23326
13219
26248
26259
10785
26262
26263
3883
23321
3881
23320
7415
26260
26267
26247
26245
23337
26229
18458
3920
3919
20409
10795
10794
26246
26235
29615
29618
18310
18335
7179
18333
7184
7185
18325
18324
10663
23447
23436
7193
23435
10659
7197
23432
18308
10662
25637
7175
23474
23473
10686
23470
26301
23467
26304
7176
23466
23464
23463
23462
23461
10682
10681
7164
26306
7177
23428
18305
3695
10619
18256
10618
26411
3689
26412
3703
18254
7248
26420
10611
3675
18244
10608
10606
3685
3708
3710
3712
18304
18303
18302
7203
7204
23426
23425
7209
10652
7212
18290
10647
18286
10643
7221
20411
20412
26293
3817
10695
3669
23537
23536
20326
7075
18436
20336
13020
13003
23523
13027
20341
13030
10721
23513
23512
20346
7090
7103
18450
12999
20309
23556
12975
12976
12977
12978
12979
23539
23555
7057
23544
20320
20321
20322
20323
12998
7056
26238
26239
18413
7127
10703
26269
3841
7129
23490
7131
7123
26273
3835
26275
26276
10701
26279
26280
26283
3836
7122
20352
23501
23506
26242
7105
18410
18409
7106
23505
3867
3866
7108
3864
3862
7110
10714
7112
7113
10713
3820
7261
7265
20308
26560
3516
26563
18151
18150
23316
3511
26559
18148
23315
3507
18144
3504
10542
26576
18139
18147
18137
26557
10551
18176
20477
26535
3546
3545
18174
18173
26554
20478
18168
20483
18164
18163
18161
3530
18159
20479
3492
20501
20503
10522
10521
18111
10519
18109
26617
10518
26610
3452
3449
26621
18105
26624
26625
26626
18103
20516
20513
20512
3465
18130
10533
26588
23300
18125
26593
26595
3478
18123
26598
18121
20508
3471
26602
26603
26604
26605
26531
7263
18179
26526
10598
18225
26458
7274
26460
18221
3630
18227
18218
26466
26467
26468
26469
13242
13243
3616
18217
18213
26452
3643
7266
3661
3660
18230
26439
26440
3654
26451
26441
26443
26444
26445
13226
26447
26448
3645
26442
18212
26478
26479
10579
26506
26508
20468
3573
26516
26517
18195
26518
3566
3565
15864
4938
19154
19153
19150
11962
11963
11964
4927
4926
4922
11968
19146
19145
4917
25264
4912
19140
4939
19136
11952
25239
19178
4975
19177
11932
4972
4970
19173
11937
25228
25230
19167
25232
19166
4952
4951
25238
4948
4946
4977
11980
19132
19101
19100
19099
12026
19093
12032
25333
12035
12038
4835
4834
12039
12042
4828
19082
25347
25349
4857
19135
19106
4862
4901
25279
19128
11990
19126
4891
11995
11996
11997
25291
12004
12005
4871
12015
25310
25311
25312
25314
25350
4978
4981
19286
19283
25085
25090
19271
19270
19269
11820
11828
11829
11830
19259
5102
5100
5099
5098
5097
5138
11834
5142
5145
25047
25048
11782
11784
5167
5166
25054
25056
25057
25061
5156
5153
19293
25067
11795
25069
25070
5143
25215
11835
25114
11900
25189
11907
11909
11912
11916
19188
4997
4994
11920
11921
4991
4990
4989
19184
19183
11925
5017
25113
11899
11893
11842
5085
25122
19247
11851
11852
5071
5070
25135
11858
5054
5052
25154
25157
19219
11879
25168
5023
19077
25355
4812
12218
4596
12219
18933
12222
4591
4590
18932
25546
4587
4585
18930
4582
4581
18928
18927
4576
18935
4574
4599
4603
25499
25501
4642
12189
18959
18958
25516
25517
4625
4624
18953
18952
4616
12204
12208
12213
4604
18936
18972
25557
4568
12263
12264
4524
25592
18894
18893
18892
4518
18891
18890
4514
12273
4512
4511
4507
4506
18884
12261
4569
12260
25583
12237
4564
4563
4562
18918
18917
18916
4555
4554
4551
4550
18909
18908
12249
4545
4543
4541
25584
12175
12174
12173
4769
4767
4766
25394
19046
12090
4761
12092
12093
12095
4755
12096
4753
19042
4750
4749
12099
25392
4746
12083
25386
4811
19070
4803
4801
19066
4799
12065
19063
19061
4791
4790
25374
19058
4786
12074
12075
19051
12082
4745
19037
19036
25449
23187
6990
10160
3139
3140
3142
3143
6986
6984
6982
17783
26864
6981
10168
6976
6975
13261
26854
13260
26852
26851
6973
26849
26848
13258
10170
17797
10174
3174
3175
6992
13251
17771
17769
3093
3094
10140
26908
26907
20554
26903
3104
17748
17749
3107
10145
10146
10147
26897
3114
17757
26891
3119
17758
17759
17760
20549
17762
20547
20546
20545
17767
10157
20544
17741
10176
20530
26789
17841
10202
6935
6934
10203
3240
3241
10204
10205
17852
17853
6923
6922
6918
3259
6917
17867
26760
26759
26758
26757
10219
17874
17875
17876
26747
26745
26744
17840
10177
17839
26793
17803
17804
3183
26833
3185
26832
6962
3189
26828
6960
6958
17811
17814
17817
6953
17819
20520
20519
20518
26805
26804
17830
17831
3219
26800
26798
3226
3227
17837
17838
10226
26915
26920
13426
17642
2948
2949
17643
13420
13419
27035
13418
10076
20611
13414
2965
17655
10086
20602
17658
13401
13400
17661
17662
17663
13395
27010
13394
13393
17664
2986
20597
20615
2988
27045
2940
13457
27080
2899
2900
20632
2904
2905
2906
2907
27074
2910
20628
17623
10058
13446
10059
2918
2923
13437
13436
17634
27055
27054
27052
27051
13431
20617
13429
20616
2941
26916
27001
17674
7034
17710
7031
17714
17715
7030
7029
7028
10127
10128
7024
17723
3063
26937
26936
17724
17725
3068
26933
26932
17728
17729
17730
17732
7020
7019
3081
26921
3083
7038
20592
7039
3041
2997
2998
20589
26993
26989
26988
13376
10106
3011
10107
26981
13370
3016
13369
17685
20582
10113
26972
10114
3026
26970
17693
17694
17696
3034
10120
10121
17702
17703
3042
6905
10228
17883
23645
23652
6693
6690
12894
12893
3603
12892
12891
3606
12890
3608
12886
10413
10414
10416
6670
6669
6668
12872
12871
12866
12865
23680
23681
23682
6659
6658
6657
6705
6656
29605
29600
29597
29614
24363
18741
19819
2296
2297
9630
9631
18739
23075
27590
15605
20840
17138
27587
17139
17140
9633
17142
27582
27581
2303
23076
17126
13784
17114
24366
5749
2267
9616
2269
2270
27614
13793
27612
5750
9618
24365
18746
25702
25703
2280
2281
18745
2283
2284
2285
13785
17125
17143
9635
2263
25716
9649
5760
5761
17168
2351
9652
25719
2354
2355
20825
9654
2358
2359
2360
17172
4273
2363
17174
2365
17176
13727
2357
17162
17161
17159
9636
18738
13760
13759
27573
27572
13758
17148
20832
13755
24360
17151
27565
27564
27563
9641
9642
27559
27558
20829
2338
4279
17158
9634
2262
17112
17177
17063
20885
17065
19805
18773
18772
5730
17070
20880
25675
20878
17074
27682
20877
18770
13850
5732
17079
13847
9585
24379
17061
24384
4326
17058
13893
7282
4339
13888
24389
18782
25662
27715
25663
18781
17084
17048
24388
19801
13878
17052
13875
17054
27702
9567
4327
2170
17049
18764
18763
13839
13819
9601
13817
9602
27641
27640
20859
2240
13814
17102
25689
20858
13809
27629
27628
10784
20852
2254
20851
13801
13800
27621
13810
24367
13822
13824
9590
2205
2206
2207
2208
2210
17090
20866
20865
10790
13823
5739
2218
2219
20862
9598
27656
13828
13827
13826
27652
13825
2217
13725
17179
13723
27396
13604
25770
4215
2526
13601
4214
9738
17286
2531
9740
20752
19846
25773
23198
25774
23200
19847
23202
5793
9747
13605
4218
13608
25768
25753
25754
9716
9717
27423
17262
20773
5785
13622
5786
5794
20766
24334
18694
18693
18692
27407
27406
25766
25767
13611
23185
17271
27375
4206
20744
17325
5810
17327
5811
2585
2586
20721
20720
13547
4183
2580
13545
27330
13543
9778
13541
13540
4182
18666
13537
13536
2603
20717
20777
19858
13557
17303
19849
20740
19851
4201
25782
13574
23216
21931
9408
2033
9409
9410
20921
19764
19765
25877
2031
16908
16910
20915
19767
27793
9421
24479
27788
18612
20916
19763
20923
27809
9378
9379
9381
9382
9384
5511
16877
25858
25860
9391
20937
2017
25867
24490
19760
27813
27812
18622
18621
5533
19746
5534
5535
16946
9449
18588
9452
19786
2098
2099
25912
27754
9456
25914
25915
27740
2107
2108
27739
9460
24460
2102
27755
2087
2086
18608
27781
18607
19770
16925
25893
25894
9435
16931
16932
18601
2073
2075
19779
19780
27761
18594
18593
16943
27784
9462
1992
16863
1906
22969
27923
27922
27921
27920
13929
22970
9315
20998
5477
22975
27911
27910
13921
24530
9322
18673
5476
22967
25808
16796
22955
5471
16785
16786
9306
9307
5472
1887
22961
1890
13942
13941
13939
27935
27934
13937
27931
21000
9313
13917
19744
20991
24529
25831
20969
9354
18658
18657
18656
18655
27862
25830
19736
18653
19737
24513
18650
27854
20957
20956
1987
25837
20972
27872
9347
1931
22984
22985
19724
27896
16819
13907
9330
9331
9335
27887
9336
20981
9339
9340
1952
1953
20979
20978
25815
9464
2115
5557
6886
27523
6883
27521
20713
27510
5701
20705
10566
6865
13533
6863
27497
27496
6862
13528
19913
20700
13535
10568
5685
5684
5634
5639
26014
12110
12111
26020
19863
19875
10587
19876
19877
12133
10581
19881
5674
19887
13570
13569
5682
20699
5633
20698
27486
19918
9666
2397
9667
2399
17205
17206
17207
2394
2404
9671
20685
6834
27454
27453
27452
24315
13491
2405
2393
24320
24321
20696
27484
19917
2375
2376
9662
17195
2379
6848
6847
2382
13513
2384
13512
13511
6846
13509
13508
6845
20697
24399
20795
23225
23154
17003
17005
17006
23157
9493
17009
5584
23153
23161
23164
9498
17018
17019
17021
17022
17024
17025
25949
5574
16991
5571
27730
23126
27728
7689
25489
4400
4413
4416
4417
11414
4427
18981
18982
4397
4431
25457
11398
25454
4444
4445
18994
4450
4453
11386
11402
25442
4396
4381
11508
11505
11501
11489
11487
11485
11484
11476
4346
4384
11475
4349
11467
11462
11460
11459
11458
11456
11446
11445
11474
18997
18998
4460
11320
11319
11317
11314
11313
11297
11295
11285
11284
11321
11278
11260
11242
11241
11240
11239
11229
11222
11221
11213
11263
11325
19034
19028
11379
4464
4466
4468
19008
11372
19009
25426
25422
4481
11366
11365
25414
25413
19018
19019
19020
11357
11356
19021
19027
11509
11210
11529
18875
11736
18703
11734
18704
18711
18714
11720
25786
18718
11748
11716
18720
18721
11705
11704
11703
18730
11697
11688
11679
18719
25745
11762
11767
12350
12335
12327
12326
12324
12308
12307
12290
3562
11766
3563
25985
25981
25975
25974
25968
25965
25964
11779
11777
25986
25744
11677
25741
4245
11572
11571
11570
11569
11568
25629
18844
18845
4239
18849
18855
11552
11551
11550
18858
18860
25606
18864
18871
11558
18833
25646
25647
11669
11664
11661
11660
25724
4154
11645
4169
11644
11639
4176
18790
18791
18809
18814
11601
11598
18823
11592
11591
18829
11530
18099
4663
11183
24736
19594
19595
5179
5180
24730
24729
5188
24716
19590
24715
19612
24709
5209
5217
19634
24685
19636
19637
19642
24712
19649
19589
19583
24813
24802
19541
19552
24785
24783
24782
19555
19561
24742
24772
19564
19571
19572
19573
19576
24755
24752
24750
24749
24771
19650
24669
24668
5303
5310
5311
24612
19699
5317
5318
24608
5324
5301
19705
24603
5328
24602
5330
19706
19708
19709
5339
24589
5326
19687
24628
24629
24667
19651
19652
19655
24657
24655
24654
19663
19666
5268
19667
5270
24643
19671
5276
5277
19672
19674
5282
5283
5292
24815
4664
24816
19517
10992
25042
25041
19346
8011
28568
21402
1182
6786
12476
12477
10272
18004
20172
26707
20173
18005
1171
21413
1169
28581
21414
24832
10001
26711
1163
21418
9130
21401
9131
16113
1188
13673
1210
9123
28547
20164
1206
10012
1204
21390
21391
21392
21393
21394
21395
5411
16119
14249
27436
14251
28561
27435
10273
6787
16114
9132
9133
10268
16068
16067
21440
21441
16064
6776
1122
12494
6287
12495
16059
1117
1116
9993
6284
21448
16055
28629
9992
16053
22699
12498
16050
26722
24848
26721
1132
16089
22727
1154
22726
24840
28596
21425
21426
21427
24841
21429
12467
7292
12490
1142
12491
16077
26719
13658
6292
1136
21435
21436
1133
28603
9536
14234
22768
22814
28472
21346
21347
24201
1288
9120
1286
28477
6352
22808
22807
6351
14183
6350
16177
10275
13679
6347
10274
16172
13677
24195
1294
14173
9510
6356
14151
1320
16206
1318
14153
14154
16205
5405
18001
23599
18002
1270
1310
21334
5408
6364
28460
12443
6362
12444
24203
24202
12447
9509
9502
16049
24194
23618
13675
13674
9529
9530
9531
22776
1873
20161
16142
16141
16140
9534
14224
28531
14225
9535
28534
14227
16137
14229
27444
22770
22769
13676
24188
26685
10021
1266
23619
23620
21363
1262
20155
22792
24192
24191
21367
28502
1268
28503
28505
22787
20156
16156
28509
28510
1247
16155
1245
28512
28513
21368
28445
1104
16047
17239
17240
20008
12529
24930
24931
8012
6232
18013
18014
15938
9149
28785
24129
7418
9966
28789
7420
9965
14461
6224
14463
14464
22608
24126
28770
14440
24138
9973
2463
22623
28749
19503
22621
24916
28753
28754
19501
14430
2465
24135
973
24921
22614
24922
24923
28764
17237
17238
22609
14441
9269
19481
23727
27307
19455
12554
18019
15894
12556
12557
20211
14506
20212
15889
5780
9948
9947
23752
16578
24981
24982
883
882
23753
9946
29583
29595
17387
6263
20113
20114
21491
6257
6256
6254
6252
24288
1031
24287
9935
19473
24284
24283
2122
9934
24963
6264
1048
20675
28653
28654
28655
9960
9959
1070
9956
9955
28664
28666
9953
9952
21473
21474
6272
6270
20108
20109
1050
2124
2125
24281
24988
25021
25025
21548
25026
24253
16971
16972
16973
15880
16974
24252
12502
20141
14328
20142
20143
14331
14332
6207
25020
20637
19441
28738
1018
2127
1015
2129
9930
9929
9928
5562
5563
19516
9927
24271
24270
20126
20127
25008
25012
20131
28735
28736
25002
15982
15983
20095
22911
10494
10496
10497
12361
12362
12363
12364
22912
20040
14122
14123
20048
10511
22891
22890
10512
24868
20041
22913
22914
10492
22938
10472
22936
6389
6387
22930
20033
12355
12356
26730
26731
14098
26733
26734
26735
5458
26737
14104
14105
12374
12375
12376
14141
9297
9298
9989
9988
9302
22838
12410
12413
12414
12420
20084
20085
15999
15998
19522
21452
15987
15986
20094
22849
19421
22850
23572
14143
12380
12381
12384
12385
22873
20057
22870
22869
20058
20059
16044
16043
20060
22864
22863
9287
20064
23571
20065
20144
16983
10469
2860
15754
15753
19338
15750
15749
15747
804
15757
15746
6133
15742
6132
15739
14484
14488
15735
17588
17595
15758
24213
21658
19355
6150
21641
21642
834
12545
4710
4709
4708
12546
4706
19349
19348
24216
2866
2865
24215
2863
24214
15731
4679
17587
9864
752
23776
6103
12578
12579
6100
6099
20187
744
743
20188
23781
9853
739
9852
15694
20189
21712
15691
12577
19356
754
12575
23761
6120
28939
28940
6119
23762
28943
9863
15721
772
771
21685
19316
28950
21690
23767
23768
14513
20185
17576
6152
6153
6154
14369
15842
6183
6182
28810
14375
14376
14377
19393
15837
19392
15835
14384
14385
2891
14388
22665
21598
14392
14368
29486
29577
28309
28310
6607
6608
6609
6611
10229
16270
16269
10231
10233
10234
16263
16262
6625
28305
21128
15059
21126
16319
21105
21106
17897
21109
21110
1432
17935
1431
17902
17903
6585
21116
6590
6591
21125
17901
16252
16251
10243
21197
21200
21201
17989
17990
21213
28412
28394
28413
21216
28428
28429
10302
21236
21237
23141
21215
16320
21196
28385
10244
21160
16240
17950
17953
17954
28365
21190
17960
17964
16218
16217
17965
16215
16214
16209
16222
21244
16321
1451
19828
16429
28153
21029
28175
28176
16398
19829
16397
21046
13649
16388
16387
21053
28193
21054
21045
26660
16436
6461
16492
6419
16487
16486
28087
1634
28089
28135
6424
16474
1621
6447
6448
6449
6450
6456
1628
16322
21062
16374
28242
21087
28244
28245
1471
16338
6556
6550
6557
16330
16329
6563
6564
16325
1454
16324
26631
21063
13698
28230
16373
1513
21064
21065
26656
21068
21069
16352
28212
6532
6533
16361
16357
28226
6541
28229
28214
21245
10316
10317
8250
14355
14365
14366
15681
22680
22679
22678
15663
8220
8219
15656
22660
15652
8209
8252
8253
8254
14339
19385
19378
19376
21600
21602
866
859
22651
28852
854
21631
21632
28858
21633
848
14338
21630
22650
15635
22638
15576
15575
667
664
8148
29045
29046
29032
15565
15562
15561
15555
21789
21790
21791
21792
15564
15818
21764
683
22637
28979
21728
28982
22631
22630
21736
21763
15617
710
709
15611
15598
21757
15592
15590
15616
930
19406
4725
21272
3289
3290
18037
10340
10341
21284
26481
3306
10350
21303
10362
3321
10363
10364
21310
10349
18067
26482
10324
6726
6727
21248
6732
6733
6734
6735
10328
6737
26494
26493
23128
23127
21256
10323
21258
6738
16493
21313
18069
14054
10426
10427
3403
3404
10431
3412
14036
14075
3427
3438
22946
10464
22944
22943
15861
17215
2816
2815
15321
5354
15323
7888
23874
21930
21929
5355
14593
14592
29247
29246
7890
5353
1746
17606
7870
15301
15302
7871
1741
15305
15306
29274
21945
21944
5884
29270
5885
5350
1744
423
10882
425
10881
16765
27320
10867
10866
27319
6054
6053
5911
27315
461
27314
5915
465
16615
467
7911
15299
10870
10871
21922
21921
29238
29237
17216
12678
21916
438
12677
14578
441
442
443
14577
16766
7909
21895
14624
383
23703
24407
5856
5857
16585
17504
29344
6399
6398
14669
14668
16589
15268
14665
27358
23702
19952
15250
23923
23922
14701
24415
23695
10944
10943
2698
16572
16573
6088
19953
17497
17498
15249
14664
2709
19947
14661
1737
10905
21954
14639
14638
21953
5878
5349
15294
15295
5881
5882
14628
15298
14626
5346
14625
5345
7857
29321
14660
10915
20214
20213
1732
7849
7850
14653
7851
7852
19946
12703
7856
29306
14645
470
29207
21894
23795
6028
21816
9707
9196
6027
29107
9709
1788
23787
9191
2767
15472
2765
9710
23796
21820
23797
15443
21829
5971
564
565
21827
5972
15448
15449
8007
2443
572
8009
575
27231
1790
598
6025
29089
6022
15492
622
9172
9171
626
15497
15498
1809
27242
15502
15503
8055
8056
1805
27247
15442
618
8068
15476
8032
8033
17557
17556
6024
607
608
6023
12616
1794
612
8069
17551
17550
1795
2442
5420
6032
7945
7946
7947
15548
5370
29178
2789
27294
2788
6813
2785
9690
5434
5433
9221
7944
9691
7943
21881
27310
16617
475
23848
21889
21888
8102
8101
5366
17229
484
15376
29193
29192
14014
21880
2696
9219
2784
23814
23813
7987
23812
23811
545
6035
547
1858
16634
16635
1854
7997
7998
27275
539
23822
537
7981
6812
9216
5951
16719
16718
21854
21853
9215
5953
5954
15416
15417
21848
29449
29397
29396
29484
2687
20021
15056
15055
20020
20018
20022
9847
20014
16520
20266
20013
20019
20023
23947
3380
23946
23942
23941
12794
12793
15079
15080
15081
15082
24225
9878
24239
17362
12805
12821
12822
10974
14999
3355
6016
7590
7591
20003
9841
12836
9842
10993
15022
12834
27164
27163
10989
23976
10987
10975
10976
12823
12824
9846
20270
12770
20271
181
180
14717
10986
14720
14721
3378
15106
27121
14998
17027
17028
9096
2649
16548
7763
9094
15207
15208
2643
17432
17433
2636
16533
16532
2635
15223
17439
17438
1672
1671
1685
15232
16558
15231
1688
1689
15227
15226
16528
16529
1687
15107
16559
15188
27120
7686
7687
15118
15119
12760
12759
12758
12757
7694
7695
15127
15128
15129
9896
9897
5804
17470
17471
17475
17476
17398
17397
15189
17396
18087
15147
15146
15145
15144
5805
2684
3353
29148
16519
19959
19960
14911
5620
20804
5619
30
14923
24038
11135
24037
2878
9789
88
89
12952
14799
14798
11130
14795
14794
22
12508
14912
11060
12961
75
24059
24058
14837
24057
24056
14831
14830
12965
14932
14933
14826
12510
7429
14823
14822
20814
12964
14819
20812
19957
19958
72
11061
14813
7428
14961
11136
14922
132
24156
24157
12
19984
4
135
14986
18083
24004
133
18082
7
14987
8
19985
18079
19987
19988
14759
18080
14979
24076
24077
7562
13485
24021
21317
