91
98
628
698
606
358
819
519
801
878
872
357
76
873
704
119
1429
366
28
75
604
2513
1437
85
663
933
287
11
44
359
1744
302
89
800
820
363
2645
127
929
661
369
840
581
108
1199
799
821
161
342
68
112
25
822
915
544
852
374
78
17
37
34
13
283
167
885
393
2406
531
855
88
871
99
267
87
154
168
296
236
370
242
803
832
114
90
380
280
96
286
925
77
579
823
364
961
564
122
960
826
292
470
1047
371
274
825
765
309
899
80
4
126
121
304
831
53
9
22
103
362
700
170
365
795
39
55
827
1010
842
295
2151
2111
84
884
901
288
839
1222
20
253
51
699
2124
835
2
686
361
927
427
43
50
7
689
590
82
290
830
282
974
976
975
977
973
376
643
609
101
847
258
31
841
293
808
809
0
95
169
368
562
833
508
575
285
1028
829
1747
860
375
40
172
1761
1032
607
906
932
684
828
946
257
893
2025
887
27
620
435
431
2096
372
914
367
2148
1006
582
902
301
939
2231
408
671
271
1841
1791
231
854
207
284
62
573
882
2628
2224
2230
1027
2504
1382
978
998
2740
155
343
1372
811
654
1562
971
949
2165
2027
994
2146
390
1202
2119
868
583
152
1612
1667
1704
905
148
1015
586
2766
3029
997
1836
107
1040
373
2830
687
635
2731
1162
3365
1009
2117
2479
2078
30
392
276
1092
2223
768
383
1777
32
851
436
391
694
129
3049
1893
2064
15
930
337
1453
788
681
1053
2741
641
1551
163
824
297
1
1475
213
888
738
934
1455
2426
1707
1823
2248
494
2026
1039
608
281
2940
1769
2923
47
883
1077
2851
948
2738
93
1466
3
1508
947
924
523
1303
134
2273
2602
230
666
1789
2636
2147
702
563
33
708
1780
984
2948
16
1706
130
2769
1708
856
2228
1067
648
1273
1221
289
175
875
910
1149
909
86
911
3231
2633
659
762
903
26
451
912
1699
124
876
877
377
920
2800
3273
1805
113
3083
388
550
2974
1377
2018
2632
2387
1444
503
2338
614
1035
623
1995
1228
3731
679
706
857
2172
2952
545
3024
988
384
220
2234
272
153
1462
2778
2335
1399
937
3770
1592
838
1837
2423
308
2002
1715
18
92
1223
3431
2081
1033
3466
1415
151
814
1484
1062
1393
804
14
1700
181
631
104
2413
81
166
567
3082
1011
907
1068
592
667
3041
1317
395
2821
577
199
2122
1206
1775
3412
1278
3728
19
1403
2192
3665
664
1809
171
680
2881
351
3888
1016
1216
953
3290
892
165
986
2095
1003
2820
3421
1320
2103
2269
964
3432
2618
2833
2626
2227
918
3577
3303
1420
674
2133
3531
2991
2734
4107
805
613
2106
3121
1877
896
198
1186
2399
3232
2132
1300
714
513
908
262
1736
2266
3098
1785
173
2225
509
3358
1158
2682
898
2510
3556
3393
3762
2430
266
145
2916
1659
2976
1386
1452
1461
278
12
1977
1284
861
870
1591
1772
2921
646
3973
963
2145
73
705
1082
1991
3678
2804
548
619
589
1485
1994
381
3104
3347
3623
566
724
4072
385
2070
2069
2770
72
1964
3068
3895
2932
3018
1985
1450
2879
1695
422
1835
3574
2537
4056
3894
2337
2631
904
867
1404
2951
2105
3019
3247
2924
35
959
2807
2651
3455
117
8
3279
149
478
1735
2402
3081
1285
458
1235
2194
3676
1071
3670
1383
1045
4123
106
131
312
2239
58
2226
3144
3118
2024
174
111
3292
3384
143
2082
1307
125
1605
1770
1782
387
222
2681
2270
3631
3630
1050
1017
2749
2743
2748
3468
192
2765
1359
2477
3295
1168
1842
858
3124
2896
2435
2601
298
2400
3087
423
512
596
1618
3243
490
2229
1664
3115
678
4069
1480
128
802
3529
3669
2053
1834
3407
985
1342
1150
3274
1381
2816
720
4082
279
2233
2878
299
335
3850
419
1740
520
2456
1784
1627
2455
1339
1282
1702
3916
1701
1272
1255
1690
2872
3241
3395
958
3324
4064
3316
1072
1118
3261
1204
4075
3196
4076
3398
1224
3102
3099
3097
3089
1367
1412
1426
1456
1483
1505
2935
65
3150
897
889
3456
3984
3957
277
3938
306
3914
4010
399
3826
3805
2014
865
560
3721
3514
1724
2126
3109
4021
2116
591
2431
2627
1781
2827
2100
1205
1200
1232
2779
2791
2767
1069
2803
160
191
1811
2697
1803
4095
1801
3999
1768
1762
2736
1057
2758
1059
1727
4083
1722
2420
488
2009
1857
2990
2028
1844
1445
3744
3309
2453
2065
2073
3896
74
1830
1000
996
1319
983
2407
3898
2120
63
2123
316
1061
2609
2599
1998
3834
3823
4050
3057
142
3079
3084
3837
3096
144
3105
2641
4001
2653
3242
1474
3515
48
3253
2128
1207
3540
709
120
3810
3808
2643
4112
3058
775
249
962
1621
952
950
1590
3966
2919
900
2351
879
874
3413
1561
2823
1373
2166
2179
4129
456
584
570
3788
4029
3663
2232
617
3572
1927
672
1923
1495
1482
2222
1479
1369
3021
3023
4061
4055
3998
3997
3831
1970
3858
3859
1979
2384
2030
3926
4164
3560
2137
2660
3420
853
3380
2759
1585
3323
1030
3120
3055
4140
4163
4151
4137
1748
2871
3553
3797
3800
2624
1907
2774
3791
3790
1904
3244
3786
1723
2454
3804
1024
1712
1049
1567
3820
2630
3546
1924
1922
1042
3811
2876
2875
3550
3806
1036
2771
3246
416
415
3764
4135
4127
637
2905
2396
638
318
3575
2393
834
1385
3573
2389
3576
3659
3571
3570
1698
3885
305
3886
3887
496
1378
300
3400
3401
1955
2760
3705
1941
3840
2612
3842
917
627
2892
916
2412
1022
3849
1195
3763
2832
2834
3767
3768
3329
3328
3327
2838
3778
2842
1431
890
1833
1427
2847
913
3310
2848
3308
1419
1416
1411
3293
3291
2861
3315
429
3761
3759
3720
2511
3722
473
2509
3725
3726
3727
3729
465
4111
4091
4126
4116
4100
4114
2369
1864
1370
1366
3286
2403
1363
1879
1338
3852
3854
360
3855
938
3860
940
942
1345
2379
2376
1335
2600
1814
2794
2507
463
1764
2501
3735
2499
3737
3740
447
3743
1406
3624
1264
2575
3972
3971
3970
982
3968
981
2296
2297
2959
3668
216
218
2732
3956
972
3677
2737
2947
965
1937
3947
3976
233
1279
2949
228
227
224
1275
1939
987
3979
193
2588
3205
539
541
3647
3628
3697
2551
2552
2555
3683
1638
2597
1614
535
536
1611
3637
3635
3632
2607
3626
3621
634
2671
621
3565
1569
2638
2532
588
2635
3593
3601
3605
1599
3620
1573
3745
3750
1732
3980
3983
3986
182
3990
4060
4057
4049
4038
2098
3110
1494
1486
3530
3522
3521
3507
688
685
1751
2764
2777
3464
3462
2781
2752
2432
2342
3902
1999
2205
115
116
4033
1965
2252
3901
3996
3993
2261
2263
247
250
254
2783
2258
3406
3411
2170
3142
2790
3037
3093
2155
97
3010
2149
863
2171
864
3175
1151
70
2934
2968
1251
3103
1126
1131
1310
845
2012
