1.00000000
0.97993134
0.96477784
0.95208377
0.94273490
0.93296812
0.92186869
0.91496506
0.90580082
0.89531893
0.88625364
0.87858440
0.87139674
0.86200774
0.85488835
0.84691467
0.83985802
0.83502369
0.82670636
0.81669440
0.80674275
0.79770998
0.79043491
0.77725419
0.77049471
0.76586462
0.76041068
0.75539357
0.75122545
0.74209626
0.73714016
0.72932677
0.72114794
0.71707553
0.71017871
0.70371814
0.69568381
0.67343456
0.66989239
0.66010704
0.65387884
0.64845350
0.64305065
0.63882141
0.63537150
0.62964264
0.62697794
0.62318115
0.61977379
0.61562204
0.61336327
0.60923539
0.60698839
0.60362577
0.59915678
0.59618672
0.59322392
0.59063752
0.58842511
0.58584921
0.58291224
0.57998277
0.57815553
0.57633117
0.57378260
0.57123899
0.56978803
0.54860988
0.54541344
0.54081252
0.53904813
0.53623178
0.53447500
0.53272098
0.53166996
0.52887230
0.52608213
0.52503768
0.52121759
0.51844807
0.51603074
0.51293128
0.51086971
0.50915490
0.50675901
0.50539247
0.50266493
0.50164400
0.50028438
0.49621693
0.49452692
0.49317698
0.49115554
0.49048265
0.48177703
0.47911430
0.47844971
0.47314961
0.46820769
0.46689419
0.46558266
0.46263831
0.46068064
0.45840180
0.45645301
0.45515613
0.45256812
0.45095421
0.44998726
0.44966517
0.44837797
0.44356924
0.44292979
0.44101456
0.43846691
0.43751345
0.43656102
0.43624378
0.43560963
0.43339388
0.43181457
0.43086837
0.42960839
0.42866461
0.42835024
0.42615294
0.42396163
0.41866545
0.41742345
0.41370854
0.41062558
0.41001034
0.40908836
0.40694110
0.40632864
0.40449402
0.40357826
0.40083722
0.39931881
0.39871211
0.39447860
0.39297194
0.39146817
0.39086747
0.39026723
0.38727306
0.38488640
0.38221087
0.38072785
0.37983943
0.37629646
0.37511904
0.37364986
0.37247660
0.37072028
0.37013572
0.36838493
0.36809352
0.36780222
0.36751104
0.36721997
0.36547610
0.36258192
0.35883437
0.35825927
0.35567818
0.35424775
0.35367634
0.35282009
0.35111105
0.34969008
0.34827199
0.34600895
0.34516204
0.34178651
0.34066445
0.33954435
0.33870551
0.33758852
0.33563858
0.33480447
0.33397140
0.33286225
0.33175495
0.33120199
0.32927061
0.32679700
0.32569985
0.32351131
0.32214707
0.32160219
0.32024222
0.31942748
0.31671943
0.31509999
0.31321601
0.31187368
0.31160556
0.31026670
0.30866456
0.30759831
0.30573693
0.30441076
0.30388109
0.30308746
0.30150331
0.29966154
0.29573190
0.29520984
0.29338629
0.29079101
0.28846524
0.28640597
0.28512258
0.28281987
0.28052616
0.28001771
0.27900221
0.27849514
0.27722951
0.27521049
0.27445526
0.27319919
0.27219626
0.26994648
0.26919852
0.26870045
0.26646497
0.26522701
0.26374538
0.26177653
0.26079469
0.25957034
0.25786061
0.25494290
0.25373239
0.25252476
0.25180135
0.25083843
0.25035766
0.24891882
0.24820061
0.24676729
0.24486279
0.24343916
0.23967016
0.23779333
0.23522493
0.23383036
0.22944256
0.22829408
0.22646257
0.22463833
0.22327502
0.22236849
0.22101209
0.21876082
0.21719189
0.21540547
0.21451497
0.21274031
0.21097257
0.20811668
0.20527911
0.20440983
0.20310972
0.20116715
0.20009179
0.19752454
0.19645968
0.19476090
0.19328042
0.19222652
0.19075584
0.18700333
0.18617384
0.18514011
0.18328657
0.18164615
0.18082853
0.17960568
0.17879279
0.17596364
0.17455662
0.17415566
0.17375515
0.17275590
0.17195858
0.17116322
0.17036970
0.16938049
0.16898552
0.16800011
0.16603910
0.16370295
0.16312069
0.16080519
0.16003612
0.15946044
0.15888592
0.15754982
0.15621880
0.15565004
0.15508232
0.15376214
0.15058254
0.15021017
0.14965248
0.14854091
0.14817108
0.14780171
0.14724852
0.14688031
0.14614537
0.14559530
0.14486348
0.14413350
0.14249896
0.14177510
0.14015358
0.13961492
0.13871981
0.13412996
0.13290250
0.13185459
0.13098450
0.12994420
0.12925297
0.12584019
0.12516015
0.12499040
0.12062808
0.11996257
0.11913284
0.11585280
0.11520032
0.11487477
0.11070884
0.10943594
0.10832794
0.10675567
0.10597323
0.10519366
0.10517775
0.10455629
0.10424619
0.10378192
0.10285717
0.10239600
0.10147702
0.10086651
0.10056195
0.09995422
0.09919749
0.09874463
0.09829280
0.09739273
0.09679480
0.09575277
0.09501195
0.09442128
0.09412664
0.09353886
0.08628074
0.08571832
0.08501810
0.08418191
0.08376503
0.08307265
0.07994852
0.07806835
0.07780069
0.07740007
0.07686752
0.07620478
0.07488875
0.07332708
0.07229278
0.07227583
0.07011219
0.06960548
0.06897503
0.06735294
0.06673251
0.06586946
0.06537877
0.06525630
0.06440236
0.06391698
0.06331293
0.06259195
0.06187489
0.06128077
0.06057132
0.05951533
0.05893251
0.05881626
0.05881177
0.05765753
0.05674131
0.05572016
0.05426528
0.05421765
0.05377229
0.05332877
0.05288709
0.05287268
0.05265253
0.05254263
0.04953693
0.04952990
0.04825988
0.04669879
0.04628583
0.04577220
0.04505791
0.04455142
0.04315052
0.04206455
0.04070354
0.04051061
0.03993471
0.03805338
0.03777396
0.03731049
0.03730726
0.03729803
0.03584304
0.03476953
0.03441400
0.03414830
0.03318446
0.03317904
0.03283158
0.03188941
0.03163375
0.03112588
0.03087333
0.02875721
0.02811407
0.02747773
0.02677175
0.02569316
0.02568924
0.02463568
0.02441161
0.02389290
0.02367218
0.02280220
0.02223079
0.02187711
0.02145677
0.02110942
0.02069715
0.01995242
0.01975107
0.01974946
0.01889148
0.01830819
0.01779767
0.01777910
0.01727665
0.01726869
0.01581428
0.01359160
0.01304672
0.01283153
0.01240738
0.01209383
0.01208184
0.01187507
0.01187057
0.01156486
0.01156290
0.01131035
0.01130516
0.01066421
0.01037395
0.01036553
0.00511974
0.00511467
0.00495045
0.00494711
0.00485658
0.00441099
0.00440418
0.00331522
0.00326044
0.00313832
0.00313566
0.00296118
0.00294343
0.00294100
0.00260969
0.00253819
0.00242091
0.00174225
0.00172807
0.00141544
0.00139364
0.00138372
0.00137669
0.00136135
0.00127452
0.00124545
0.00124269
0.00123127
0.00122550
0.00122262
0.00122032
0.00121801
0.00121570
0.00107593
0.00080459
0.00080170
0.00079894
0.00079617
0.00079513
0.00079017
0.00073413
0.00073274
0.00069976
0.00069849
0.00069376
0.00068592
0.00066274
0.00062965
0.00062792
0.00062688
0.00061627
0.00061408
0.00061235
0.00060970
0.00060762
0.00053578
0.00050706
0.00050337
0.00048088
0.00047962
0.00047477
0.00046993
0.00042230
0.00041273
0.00041146
0.00040881
0.00040708
0.00039612
0.00039405
0.00038402
0.00037998
0.00037698
0.00034342
0.00033904
0.00033743
0.00033581
0.00033420
0.00033258
0.00033097
0.00032901
0.00032705
0.00031517
0.00031136
0.00030894
0.00030860
0.00030825
0.00030790
0.00030421
0.00029856
0.00029695
0.00029303
0.00028865
0.00028784
0.00028634
0.00028507
0.00028403
0.00027481
0.00027285
0.00027077
0.00026477
0.00026374
0.00026316
0.00026304
0.00025855
0.00025601
0.00025520
0.00025486
0.00025428
0.00025232
0.00025036
0.00024990
0.00024921
0.00024875
0.00024805
0.00024552
0.00024206
0.00023514
0.00023433
0.00023352
0.00023064
0.00022337
0.00021795
0.00021576
0.00021542
0.00021507
0.00021265
0.00021023
0.00020711
0.00020504
0.00020469
0.00020435
0.00020319
0.00020204
0.00020089
0.00019973
0.00019858
0.00019743
0.00019454
0.00019351
0.00019235
0.00019120
0.00019005
0.00018889
0.00018751
0.00018613
0.00018578
0.00018543
0.00018405
0.00018267
0.00018232
0.00018197
0.00018025
0.00017886
0.00017713
0.00017575
0.00017367
0.00017160
0.00017021
0.00016883
0.00016710
0.00016571
0.00016468
0.00016329
0.00016191
0.00016087
0.00015914
0.00015810
0.00015707
0.00015603
0.00015499
0.00015395
0.00015291
0.00015188
0.00015084
0.00014980
0.00014876
0.00014772
0.00014669
0.00014565
0.00014461
0.00014357
0.00014254
0.00014150
0.00014046
0.00013942
0.00013838
0.00013619
0.00013446
0.00013423
0.00013412
0.00013412
0.00013239
0.00013216
0.00013204
0.00013204
0.00013181
0.00013054
0.00013031
0.00013008
0.00012916
0.00012824
0.00012731
0.00012639
0.00012547
0.00012455
0.00012362
0.00012351
0.00012339
0.00012328
0.00012316
0.00012305
0.00012293
0.00012282
0.00012270
0.00012201
0.00012132
0.00012062
0.00011993
0.00011924
0.00011855
0.00011786
0.00011717
0.00011647
0.00011578
0.00011509
0.00011440
0.00011371
0.00011301
0.00011232
0.00011163
0.00011094
0.00011025
0.00010955
0.00010886
0.00010817
0.00010748
0.00010679
0.00010609
0.00010540
0.00010471
0.00010402
0.00010333
0.00010263
0.00010194
0.00010125
0.00010056
0.00009987
0.00009952
0.00009929
0.00009918
0.00009918
0.00009918
0.00009918
0.00009918
0.00009918
0.00009918
0.00009918
0.00009918
0.00009918
0.00009918
0.00009860
0.00009802
0.00009745
0.00009687
0.00009629
0.00009572
0.00009514
0.00009456
0.00009399
0.00009387
0.00009329
0.00009272
0.00009260
0.00009249
0.00009237
0.00009226
0.00009168
0.00009110
0.00009099
0.00009041
0.00008983
0.00008926
0.00008868
0.00008810
0.00008753
0.00008741
0.00008684
0.00008672
0.00008614
0.00008557
0.00008499
0.00008441
0.00008384
0.00008326
0.00008315
0.00008303
0.00008245
0.00008234
0.00008176
0.00008119
0.00008107
0.00008049
0.00007992
0.00007934
0.00007876
0.00007819
0.00007761
0.00007749
0.00007738
0.00007680
0.00007669
0.00007657
0.00007646
0.00007634
0.00007577
0.00007565
0.00007553
0.00007484
0.00007427
0.00007311
0.00007277
0.00007242
0.00007207
0.00007173
0.00007138
0.00007104
0.00007069
0.00007035
0.00007000
0.00006965
0.00006931
0.00006896
0.00006862
0.00006827
0.00006792
0.00006758
0.00006723
0.00006689
0.00006654
0.00006619
0.00006585
0.00006550
0.00006516
0.00006481
0.00006446
0.00006412
0.00006377
0.00006343
0.00006308
0.00006273
0.00006239
0.00006204
0.00006170
0.00006135
0.00006100
0.00006066
0.00006031
0.00005997
0.00005962
0.00005927
0.00005893
0.00005858
0.00005824
0.00005789
0.00005754
0.00005720
0.00005685
0.00005651
0.00005616
0.00005581
0.00005547
0.00005512
0.00005478
0.00005443
0.00005409
0.00005374
0.00005339
0.00005305
0.00005270
0.00005236
0.00005201
0.00005166
0.00005132
0.00005097
0.00005063
0.00005028
0.00004993
0.00004959
0.00004924
0.00004890
0.00004855
0.00004820
0.00004786
0.00004751
0.00004717
0.00004682
0.00004647
0.00004613
0.00004578
0.00004544
0.00004509
0.00004474
0.00004440
0.00004405
0.00004371
0.00004336
0.00004301
0.00004267
0.00004232
0.00004198
0.00004163
0.00004128
0.00004094
0.00004059
0.00004025
0.00003990
0.00003955
0.00003921
0.00003886
0.00003852
0.00003817
0.00003782
0.00003748
0.00003713
0.00003679
0.00003644
0.00003610
0.00003575
0.00003540
0.00003506
0.00003471
0.00003437
0.00003402
0.00003367
0.00003333
0.00003298
0.00003264
0.00003229
0.00003194
0.00003160
0.00003160
0.00003160
0.00003160
0.00003160
0.00003160
0.00003160
0.00003160
0.00003160
0.00003160
0.00003160
0.00003160
0.00003160
0.00003160
0.00003160
0.00003160
0.00003160
0.00003160
0.00003160
0.00003160
0.00003160
0.00003160
0.00003160
0.00003160
0.00003160
0.00003160
0.00003148
0.00003137
0.00003125
0.00003114
0.00003102
0.00003091
0.00003079
0.00003068
0.00003056
0.00003044
0.00003033
0.00003021
0.00003010
0.00002998
0.00002987
0.00002975
0.00002964
0.00002952
0.00002941
0.00002929
0.00002918
0.00002906
0.00002895
0.00002883
0.00002871
0.00002860
0.00002848
0.00002837
0.00002825
0.00002814
0.00002802
0.00002791
0.00002779
0.00002768
0.00002756
0.00002745
0.00002733
0.00002722
0.00002710
0.00002698
0.00002687
0.00002675
0.00002664
0.00002652
0.00002641
0.00002629
0.00002618
0.00002606
0.00002595
0.00002583
0.00002572
0.00002560
0.00002549
0.00002537
0.00002526
0.00002514
0.00002514
0.00002514
0.00002502
0.00002502
0.00002491
0.00002479
0.00002468
0.00002456
0.00002445
0.00002433
0.00002422
0.00002410
0.00002399
0.00002387
0.00002376
0.00002376
0.00002364
0.00002353
0.00002341
0.00002329
0.00002318
0.00002306
0.00002295
0.00002283
0.00002272
0.00002260
0.00002249
0.00002237
0.00002226
0.00002214
0.00002203
0.00002191
0.00002180
0.00002180
0.00002168
0.00002156
0.00002145
0.00002133
0.00002122
0.00002110
0.00002099
0.00002087
0.00002087
0.00002076
0.00002064
0.00002053
0.00002041
0.00002030
0.00002018
0.00002007
0.00001995
0.00001984
0.00001972
0.00001960
0.00001949
0.00001937
0.00001926
0.00001914
0.00001903
0.00001891
0.00001880
0.00001868
0.00001857
0.00001857
0.00001857
0.00001845
0.00001834
0.00001822
0.00001811
0.00001799
0.00001787
0.00001776
0.00001776
0.00001764
0.00001753
0.00001741
0.00001730
0.00001718
0.00001707
0.00001695
0.00001684
0.00001672
0.00001661
0.00001649
0.00001638
0.00001626
0.00001614
0.00001603
0.00001591
0.00001580
0.00001568
0.00001557
0.00001545
0.00001534
0.00001522
0.00001511
0.00001499
0.00001488
0.00001476
0.00001476
0.00001465
0.00001453
0.00001441
0.00001430
0.00001418
0.00001407
0.00001395
0.00001384
0.00001372
0.00001361
0.00001349
0.00001338
0.00001326
0.00001315
0.00001303
0.00001292
0.00001280
0.00001269
0.00001257
0.00001245
0.00001234
0.00001222
0.00001211
0.00001199
0.00001188
0.00001176
0.00001165
0.00001153
0.00001142
0.00001130
0.00001119
0.00001107
0.00001096
0.00001084
0.00001072
0.00001061
0.00001049
0.00001038
0.00001026
0.00001026
0.00001015
0.00001003
0.00000992
0.00000992
0.00000980
0.00000969
0.00000969
0.00000969
0.00000957
0.00000946
0.00000934
0.00000923
0.00000911
0.00000899
0.00000888
0.00000876
0.00000865
0.00000853
0.00000842
0.00000830
0.00000819
0.00000807
0.00000796
0.00000784
0.00000773
0.00000761
0.00000750
0.00000738
0.00000727
0.00000715
0.00000715
0.00000703
0.00000692
0.00000680
0.00000669
0.00000657
0.00000646
0.00000634
0.00000634
0.00000634
0.00000634
0.00000623
0.00000611
0.00000600
0.00000588
0.00000577
0.00000565
0.00000554
0.00000542
0.00000530
0.00000519
0.00000507
0.00000496
0.00000484
0.00000473
0.00000461
0.00000450
0.00000438
0.00000427
0.00000415
0.00000404
0.00000392
0.00000392
0.00000392
0.00000381
0.00000369
0.00000357
0.00000346
0.00000334
0.00000334
0.00000323
0.00000311
0.00000311
0.00000300
0.00000288
0.00000277
0.00000265
0.00000265
0.00000265
0.00000254
0.00000254
0.00000254
0.00000242
0.00000242
0.00000231
0.00000219
0.00000219
0.00000219
0.00000219
0.00000208
0.00000196
0.00000185
0.00000173
0.00000161
0.00000150
0.00000138
0.00000127
0.00000115
0.00000115
0.00000115
0.00000104
0.00000092
0.00000081
0.00000081
0.00000069
0.00000058
0.00000046
0.00000046
0.00000046
0.00000035
0.00000035
0.00000023
0.00000023
0.00000023
0.00000023
0.00000012
0.00000000
0.00000000
0.00000000
0.00000000
0.00000000
0.00000000
0.00000000
0.00000000
0.00000000
0.00000000
0.00000000
0.00000000
0.00000000
0.00000000
0.00000000
0.00000000
0.00000000
0.00000000
0.00000000
0.00000000
0.00000000
0.00000000
0.00000000
0.00000000
0.00000000
0.00000000
0.00000000
0.00000000
0.00000000
0.00000000
0.00000000
0.00000000
0.00000000
0.00000000
0.00000000
0.00000000
0.00000000
0.00000000
0.00000000
0.00000000
0.00000000
0.00000000
0.00000000
0.00000000
0.00000000
0.00000000
0.00000000
0.00000000
0.00000000
0.00000000
0.00000000
0.00000000
0.00000000
0.00000000
0.00000000
0.00000000
0.00000000
0.00000000
0.00000000
0.00000000
0.00000000
0.00000000
0.00000000
0.00000000
0.00000000
0.00000000
0.00000000
0.00000000
0.00000000
0.00000000
0.00000000
0.00000000
0.00000000
0.00000000
0.00000000
0.00000000
0.00000000
0.00000000
0.00000000
0.00000000
0.00000000
0.00000000
0.00000000
0.00000000
0.00000000
0.00000000
0.00000000
0.00000000
0.00000000
0.00000000
0.00000000
0.00000000
0.00000000
0.00000000
0.00000000
0.00000000
0.00000000
0.00000000
0.00000000
0.00000000
0.00000000
0.00000000
0.00000000
0.00000000
0.00000000
0.00000000
0.00000000
0.00000000
0.00000000
0.00000000
0.00000000
0.00000000
0.00000000
0.00000000
0.00000000
0.00000000
0.00000000
0.00000000
0.00000000
0.00000000
0.00000000
0.00000000
0.00000000
0.00000000
0.00000000
0.00000000
0.00000000
0.00000000
0.00000000
0.00000000
0.00000000
0.00000000
0.00000000
0.00000000
0.00000000
0.00000000
0.00000000
0.00000000
0.00000000
0.00000000
0.00000000
0.00000000
0.00000000
0.00000000
0.00000000
0.00000000
0.00000000
0.00000000
0.00000000
0.00000000
0.00000000
0.00000000
0.00000000
0.00000000
0.00000000
0.00000000
0.00000000
0.00000000
0.00000000
0.00000000
0.00000000
0.00000000
0.00000000
0.00000000
0.00000000
0.00000000
0.00000000
0.00000000
0.00000000
0.00000000
0.00000000
0.00000000
0.00000000
0.00000000
0.00000000
0.00000000
0.00000000
0.00000000
0.00000000
0.00000000
0.00000000
0.00000000
0.00000000
0.00000000
0.00000000
0.00000000
0.00000000
0.00000000
0.00000000
0.00000000
0.00000000
0.00000000
0.00000000
0.00000000
0.00000000
0.00000000
0.00000000
0.00000000
0.00000000
0.00000000
0.00000000
0.00000000
0.00000000
0.00000000
0.00000000
0.00000000
0.00000000
0.00000000
0.00000000
0.00000000
0.00000000
0.00000000
0.00000000
0.00000000
0.00000000
0.00000000
0.00000000
0.00000000
0.00000000
0.00000000
0.00000000
0.00000000
0.00000000
0.00000000
0.00000000
0.00000000
0.00000000
0.00000000
0.00000000
0.00000000
0.00000000
0.00000000
0.00000000
0.00000000
0.00000000
0.00000000
0.00000000
0.00000000
0.00000000
0.00000000
0.00000000
0.00000000
0.00000000
0.00000000
0.00000000
0.00000000
0.00000000
0.00000000
0.00000000
0.00000000
0.00000000
0.00000000
0.00000000
0.00000000
0.00000000
0.00000000
0.00000000
0.00000000
0.00000000
0.00000000
0.00000000
0.00000000
0.00000000
0.00000000
0.00000000
0.00000000
0.00000000
0.00000000
0.00000000
0.00000000
0.00000000
0.00000000
0.00000000
0.00000000
0.00000000
0.00000000
0.00000000
0.00000000
0.00000000
0.00000000
0.00000000
0.00000000
0.00000000
0.00000000
0.00000000
0.00000000
0.00000000
0.00000000
0.00000000
0.00000000
0.00000000
0.00000000
0.00000000
0.00000000
0.00000000
0.00000000
0.00000000
0.00000000
0.00000000
0.00000000
0.00000000
0.00000000
0.00000000
0.00000000
0.00000000
0.00000000
0.00000000
0.00000000
0.00000000
0.00000000
0.00000000
0.00000000
0.00000000
0.00000000
0.00000000
0.00000000
0.00000000
0.00000000
0.00000000
0.00000000
0.00000000
0.00000000
0.00000000
0.00000000
0.00000000
0.00000000
0.00000000
0.00000000
0.00000000
0.00000000
0.00000000
0.00000000
0.00000000
0.00000000
0.00000000
0.00000000
0.00000000
0.00000000
0.00000000
0.00000000
0.00000000
0.00000000
0.00000000
0.00000000
0.00000000
0.00000000
0.00000000
0.00000000
0.00000000
0.00000000
0.00000000
0.00000000
0.00000000
0.00000000
0.00000000
0.00000000
0.00000000
0.00000000
0.00000000
0.00000000
0.00000000
0.00000000
0.00000000
0.00000000
0.00000000
0.00000000
0.00000000
0.00000000
0.00000000
0.00000000
0.00000000
0.00000000
0.00000000
0.00000000
0.00000000
0.00000000
0.00000000
0.00000000
0.00000000
0.00000000
0.00000000
0.00000000
0.00000000
0.00000000
0.00000000
0.00000000
0.00000000
0.00000000
0.00000000
0.00000000
0.00000000
0.00000000
0.00000000
0.00000000
0.00000000
0.00000000
0.00000000
0.00000000
0.00000000
0.00000000
0.00000000
0.00000000
0.00000000
0.00000000
0.00000000
0.00000000
0.00000000
0.00000000
0.00000000
0.00000000
0.00000000
0.00000000
0.00000000
0.00000000
0.00000000
0.00000000
0.00000000
0.00000000
0.00000000
0.00000000
0.00000000
0.00000000
0.00000000
0.00000000
0.00000000
0.00000000
0.00000000
0.00000000
0.00000000
0.00000000
0.00000000
0.00000000
0.00000000
0.00000000
0.00000000
0.00000000
0.00000000
0.00000000
0.00000000
0.00000000
0.00000000
0.00000000
0.00000000
0.00000000
0.00000000
0.00000000
0.00000000
0.00000000
0.00000000
0.00000000
0.00000000
0.00000000
0.00000000
0.00000000
0.00000000
0.00000000
0.00000000
0.00000000
0.00000000
0.00000000
0.00000000
0.00000000
0.00000000
0.00000000
0.00000000
0.00000000
0.00000000
0.00000000
0.00000000
0.00000000
0.00000000
0.00000000
0.00000000
0.00000000
0.00000000
0.00000000
0.00000000
0.00000000
0.00000000
0.00000000
0.00000000
0.00000000
0.00000000
0.00000000
0.00000000
0.00000000
0.00000000
0.00000000
0.00000000
0.00000000
0.00000000
0.00000000
0.00000000
0.00000000
0.00000000
0.00000000
0.00000000
0.00000000
0.00000000
0.00000000
0.00000000
0.00000000
0.00000000
0.00000000
0.00000000
0.00000000
0.00000000
0.00000000
0.00000000
0.00000000
0.00000000
0.00000000
0.00000000
0.00000000
0.00000000
0.00000000
0.00000000
0.00000000
0.00000000
0.00000000
0.00000000
0.00000000
0.00000000
0.00000000
0.00000000
0.00000000
0.00000000
0.00000000
0.00000000
0.00000000
0.00000000
0.00000000
0.00000000
0.00000000
0.00000000
0.00000000
0.00000000
0.00000000
0.00000000
0.00000000
0.00000000
0.00000000
0.00000000
0.00000000
0.00000000
0.00000000
0.00000000
0.00000000
0.00000000
0.00000000
0.00000000
0.00000000
0.00000000
0.00000000
0.00000000
0.00000000
0.00000000
0.00000000
0.00000000
0.00000000
0.00000000
0.00000000
0.00000000
0.00000000
0.00000000
0.00000000
0.00000000
0.00000000
0.00000000
0.00000000
0.00000000
0.00000000
0.00000000
0.00000000
0.00000000
0.00000000
0.00000000
0.00000000
0.00000000
0.00000000
0.00000000
0.00000000
0.00000000
0.00000000
0.00000000
0.00000000
0.00000000
0.00000000
0.00000000
0.00000000
0.00000000
0.00000000
0.00000000
0.00000000
0.00000000
0.00000000
0.00000000
0.00000000
0.00000000
0.00000000
0.00000000
0.00000000
0.00000000
0.00000000
0.00000000
0.00000000
0.00000000
0.00000000
0.00000000
0.00000000
0.00000000
0.00000000
0.00000000
0.00000000
0.00000000
0.00000000
0.00000000
0.00000000
0.00000000
0.00000000
0.00000000
0.00000000
0.00000000
0.00000000
0.00000000
0.00000000
0.00000000
0.00000000
0.00000000
0.00000000
0.00000000
0.00000000
0.00000000
0.00000000
0.00000000
0.00000000
0.00000000
0.00000000
0.00000000
0.00000000
0.00000000
0.00000000
0.00000000
0.00000000
0.00000000
0.00000000
0.00000000
0.00000000
0.00000000
0.00000000
0.00000000
0.00000000
0.00000000
0.00000000
0.00000000
0.00000000
0.00000000
0.00000000
0.00000000
0.00000000
0.00000000
0.00000000
0.00000000
0.00000000
0.00000000
0.00000000
0.00000000
0.00000000
0.00000000
0.00000000
0.00000000
0.00000000
0.00000000
0.00000000
0.00000000
0.00000000
0.00000000
0.00000000
0.00000000
0.00000000
0.00000000
0.00000000
0.00000000
0.00000000
0.00000000
0.00000000
0.00000000
0.00000000
0.00000000
0.00000000
0.00000000
0.00000000
0.00000000
0.00000000
0.00000000
0.00000000
0.00000000
0.00000000
0.00000000
0.00000000
0.00000000
0.00000000
0.00000000
0.00000000
0.00000000
0.00000000
0.00000000
0.00000000
0.00000000
0.00000000
0.00000000
0.00000000
0.00000000
0.00000000
0.00000000
0.00000000
0.00000000
0.00000000
0.00000000
0.00000000
0.00000000
0.00000000
0.00000000
0.00000000
0.00000000
0.00000000
0.00000000
0.00000000
0.00000000
0.00000000
0.00000000
0.00000000
0.00000000
0.00000000
0.00000000
0.00000000
0.00000000
0.00000000
0.00000000
0.00000000
0.00000000
0.00000000
0.00000000
0.00000000
0.00000000
0.00000000
0.00000000
0.00000000
0.00000000
0.00000000
0.00000000
0.00000000
0.00000000
0.00000000
0.00000000
0.00000000
0.00000000
0.00000000
0.00000000
0.00000000
0.00000000
0.00000000
0.00000000
0.00000000
0.00000000
0.00000000
0.00000000
0.00000000
0.00000000
0.00000000
0.00000000
0.00000000
0.00000000
0.00000000
0.00000000
0.00000000
0.00000000
0.00000000
0.00000000
0.00000000
0.00000000
0.00000000
0.00000000
0.00000000
0.00000000
0.00000000
0.00000000
0.00000000
0.00000000
0.00000000
0.00000000
0.00000000
0.00000000
0.00000000
0.00000000
0.00000000
0.00000000
0.00000000
0.00000000
0.00000000
0.00000000
0.00000000
0.00000000
0.00000000
0.00000000
0.00000000
0.00000000
0.00000000
0.00000000
0.00000000
0.00000000
0.00000000
0.00000000
0.00000000
0.00000000
0.00000000
0.00000000
0.00000000
0.00000000
0.00000000
0.00000000
0.00000000
0.00000000
0.00000000
0.00000000
0.00000000
0.00000000
0.00000000
0.00000000
0.00000000
0.00000000
0.00000000
0.00000000
0.00000000
0.00000000
0.00000000
0.00000000
0.00000000
0.00000000
0.00000000
0.00000000
0.00000000
0.00000000
0.00000000
0.00000000
0.00000000
0.00000000
0.00000000
0.00000000
0.00000000
0.00000000
0.00000000
0.00000000
0.00000000
0.00000000
0.00000000
0.00000000
0.00000000
0.00000000
0.00000000
0.00000000
0.00000000
0.00000000
0.00000000
0.00000000
0.00000000
0.00000000
0.00000000
0.00000000
0.00000000
0.00000000
0.00000000
0.00000000
0.00000000
0.00000000
0.00000000
0.00000000
0.00000000
0.00000000
0.00000000
0.00000000
0.00000000
0.00000000
0.00000000
0.00000000
0.00000000
0.00000000
0.00000000
0.00000000
0.00000000
0.00000000
0.00000000
0.00000000
0.00000000
0.00000000
0.00000000
0.00000000
0.00000000
0.00000000
0.00000000
0.00000000
0.00000000
0.00000000
0.00000000
0.00000000
0.00000000
0.00000000
0.00000000
0.00000000
0.00000000
0.00000000
0.00000000
0.00000000
0.00000000
0.00000000
0.00000000
0.00000000
0.00000000
0.00000000
0.00000000
0.00000000
0.00000000
0.00000000
0.00000000
0.00000000
0.00000000
0.00000000
0.00000000
0.00000000
0.00000000
0.00000000
0.00000000
0.00000000
0.00000000
0.00000000
0.00000000
0.00000000
0.00000000
0.00000000
0.00000000
0.00000000
0.00000000
0.00000000
0.00000000
0.00000000
0.00000000
0.00000000
0.00000000
0.00000000
0.00000000
0.00000000
0.00000000
0.00000000
0.00000000
0.00000000
0.00000000
0.00000000
0.00000000
0.00000000
0.00000000
0.00000000
0.00000000
0.00000000
0.00000000
0.00000000
0.00000000
0.00000000
0.00000000
0.00000000
0.00000000
0.00000000
0.00000000
0.00000000
0.00000000
0.00000000
0.00000000
0.00000000
0.00000000
0.00000000
0.00000000
0.00000000
0.00000000
0.00000000
0.00000000
0.00000000
0.00000000
0.00000000
0.00000000
0.00000000
0.00000000
0.00000000
0.00000000
0.00000000
0.00000000
0.00000000
0.00000000
0.00000000
0.00000000
0.00000000
0.00000000
0.00000000
0.00000000
0.00000000
0.00000000
0.00000000
0.00000000
0.00000000
0.00000000
0.00000000
0.00000000
0.00000000
0.00000000
0.00000000
0.00000000
0.00000000
0.00000000
0.00000000
0.00000000
0.00000000
0.00000000
0.00000000
0.00000000
0.00000000
0.00000000
0.00000000
0.00000000
0.00000000
0.00000000
0.00000000
0.00000000
0.00000000
0.00000000
0.00000000
0.00000000
0.00000000
0.00000000
0.00000000
0.00000000
0.00000000
0.00000000
0.00000000
0.00000000
0.00000000
0.00000000
0.00000000
0.00000000
0.00000000
0.00000000
0.00000000
0.00000000
0.00000000
0.00000000
0.00000000
0.00000000
0.00000000
0.00000000
0.00000000
0.00000000
0.00000000
0.00000000
0.00000000
0.00000000
0.00000000
0.00000000
0.00000000
0.00000000
0.00000000
0.00000000
0.00000000
0.00000000
0.00000000
0.00000000
0.00000000
0.00000000
0.00000000
0.00000000
0.00000000
0.00000000
0.00000000
0.00000000
0.00000000
0.00000000
0.00000000
0.00000000
0.00000000
0.00000000
0.00000000
0.00000000
0.00000000
0.00000000
0.00000000
0.00000000
0.00000000
0.00000000
0.00000000
0.00000000
0.00000000
0.00000000
0.00000000
0.00000000
0.00000000
0.00000000
0.00000000
0.00000000
0.00000000
0.00000000
0.00000000
0.00000000
0.00000000
0.00000000
0.00000000
0.00000000
0.00000000
0.00000000
0.00000000
0.00000000
0.00000000
0.00000000
0.00000000
0.00000000
0.00000000
0.00000000
0.00000000
0.00000000
0.00000000
0.00000000
0.00000000
0.00000000
0.00000000
0.00000000
0.00000000
0.00000000
0.00000000
0.00000000
0.00000000
0.00000000
0.00000000
0.00000000
0.00000000
0.00000000
0.00000000
0.00000000
0.00000000
0.00000000
0.00000000
0.00000000
0.00000000
0.00000000
0.00000000
0.00000000
0.00000000
0.00000000
0.00000000
0.00000000
0.00000000
0.00000000
0.00000000
0.00000000
0.00000000
0.00000000
0.00000000
0.00000000
0.00000000
0.00000000
0.00000000
0.00000000
0.00000000
0.00000000
0.00000000
0.00000000
0.00000000
0.00000000
0.00000000
0.00000000
0.00000000
0.00000000
0.00000000
0.00000000
0.00000000
0.00000000
0.00000000
0.00000000
0.00000000
0.00000000
0.00000000
0.00000000
0.00000000
0.00000000
0.00000000
0.00000000
0.00000000
0.00000000
0.00000000
0.00000000
0.00000000
0.00000000
0.00000000
0.00000000
0.00000000
0.00000000
0.00000000
0.00000000
0.00000000
0.00000000
0.00000000
0.00000000
0.00000000
0.00000000
0.00000000
0.00000000
0.00000000
0.00000000
0.00000000
0.00000000
0.00000000
0.00000000
0.00000000
0.00000000
0.00000000
0.00000000
0.00000000
0.00000000
0.00000000
0.00000000
0.00000000
0.00000000
0.00000000
0.00000000
0.00000000
0.00000000
0.00000000
0.00000000
0.00000000
0.00000000
0.00000000
0.00000000
0.00000000
0.00000000
0.00000000
0.00000000
0.00000000
0.00000000
0.00000000
0.00000000
0.00000000
0.00000000
0.00000000
0.00000000
0.00000000
0.00000000
0.00000000
0.00000000
0.00000000
0.00000000
0.00000000
0.00000000
0.00000000
0.00000000
0.00000000
0.00000000
0.00000000
0.00000000
0.00000000
0.00000000
0.00000000
0.00000000
0.00000000
0.00000000
0.00000000
0.00000000
0.00000000
0.00000000
0.00000000
0.00000000
0.00000000
0.00000000
0.00000000
0.00000000
0.00000000
0.00000000
0.00000000
0.00000000
0.00000000
0.00000000
0.00000000
0.00000000
0.00000000
0.00000000
0.00000000
0.00000000
0.00000000
0.00000000
0.00000000
0.00000000
0.00000000
0.00000000
0.00000000
0.00000000
0.00000000
0.00000000
0.00000000
0.00000000
0.00000000
0.00000000
0.00000000
0.00000000
0.00000000
0.00000000
0.00000000
0.00000000
0.00000000
0.00000000
0.00000000
0.00000000
0.00000000
0.00000000
0.00000000
0.00000000
0.00000000
0.00000000
0.00000000
0.00000000
0.00000000
0.00000000
0.00000000
0.00000000
0.00000000
0.00000000
0.00000000
0.00000000
0.00000000
0.00000000
0.00000000
0.00000000
0.00000000
0.00000000
0.00000000
0.00000000
0.00000000
0.00000000
0.00000000
0.00000000
0.00000000
0.00000000
0.00000000
0.00000000
0.00000000
0.00000000
0.00000000
0.00000000
0.00000000
0.00000000
0.00000000
0.00000000
0.00000000
0.00000000
0.00000000
0.00000000
0.00000000
0.00000000
0.00000000
0.00000000
0.00000000
0.00000000
0.00000000
0.00000000
0.00000000
0.00000000
0.00000000
0.00000000
0.00000000
0.00000000
0.00000000
0.00000000
0.00000000
0.00000000
0.00000000
0.00000000
0.00000000
0.00000000
0.00000000
0.00000000
0.00000000
0.00000000
0.00000000
0.00000000
0.00000000
0.00000000
0.00000000
0.00000000
0.00000000
0.00000000
0.00000000
0.00000000
0.00000000
0.00000000
0.00000000
0.00000000
0.00000000
0.00000000
0.00000000
0.00000000
0.00000000
0.00000000
0.00000000
0.00000000
0.00000000
0.00000000
0.00000000
0.00000000
0.00000000
0.00000000
0.00000000
0.00000000
0.00000000
0.00000000
0.00000000
0.00000000
0.00000000
0.00000000
0.00000000
0.00000000
0.00000000
0.00000000
0.00000000
0.00000000
0.00000000
0.00000000
0.00000000
0.00000000
0.00000000
0.00000000
0.00000000
0.00000000
0.00000000
0.00000000
0.00000000
0.00000000
0.00000000
0.00000000
0.00000000
0.00000000
0.00000000
0.00000000
0.00000000
0.00000000
0.00000000
0.00000000
0.00000000
0.00000000
0.00000000
0.00000000
0.00000000
0.00000000
0.00000000
0.00000000
0.00000000
0.00000000
0.00000000
0.00000000
0.00000000
0.00000000
0.00000000
0.00000000
0.00000000
0.00000000
0.00000000
0.00000000
0.00000000
0.00000000
0.00000000
0.00000000
0.00000000
0.00000000
0.00000000
0.00000000
0.00000000
0.00000000
0.00000000
0.00000000
0.00000000
0.00000000
0.00000000
0.00000000
0.00000000
0.00000000
0.00000000
0.00000000
0.00000000
0.00000000
0.00000000
0.00000000
0.00000000
0.00000000
0.00000000
0.00000000
0.00000000
0.00000000
0.00000000
0.00000000
0.00000000
0.00000000
0.00000000
0.00000000
0.00000000
0.00000000
0.00000000
0.00000000
0.00000000
0.00000000
0.00000000
0.00000000
0.00000000
0.00000000
0.00000000
0.00000000
0.00000000
0.00000000
0.00000000
0.00000000
0.00000000
0.00000000
0.00000000
0.00000000
0.00000000
0.00000000
0.00000000
0.00000000
0.00000000
0.00000000
0.00000000
0.00000000
0.00000000
0.00000000
0.00000000
0.00000000
0.00000000
0.00000000
0.00000000
0.00000000
0.00000000
0.00000000
0.00000000
0.00000000
0.00000000
0.00000000
0.00000000
0.00000000
0.00000000
0.00000000
0.00000000
0.00000000
0.00000000
0.00000000
0.00000000
0.00000000
0.00000000
0.00000000
0.00000000
0.00000000
0.00000000
0.00000000
0.00000000
0.00000000
0.00000000
0.00000000
0.00000000
0.00000000
0.00000000
0.00000000
0.00000000
0.00000000
0.00000000
0.00000000
0.00000000
0.00000000
0.00000000
0.00000000
0.00000000
0.00000000
0.00000000
0.00000000
0.00000000
0.00000000
0.00000000
0.00000000
0.00000000
0.00000000
0.00000000
0.00000000
0.00000000
0.00000000
0.00000000
0.00000000
0.00000000
0.00000000
0.00000000
0.00000000
0.00000000
0.00000000
0.00000000
0.00000000
0.00000000
0.00000000
0.00000000
0.00000000
0.00000000
0.00000000
0.00000000
0.00000000
0.00000000
0.00000000
0.00000000
0.00000000
0.00000000
0.00000000
0.00000000
0.00000000
0.00000000
0.00000000
0.00000000
0.00000000
0.00000000
0.00000000
0.00000000
0.00000000
0.00000000
0.00000000
0.00000000
0.00000000
0.00000000
0.00000000
0.00000000
0.00000000
0.00000000
0.00000000
0.00000000
0.00000000
0.00000000
0.00000000
0.00000000
0.00000000
0.00000000
0.00000000
0.00000000
0.00000000
0.00000000
0.00000000
0.00000000
0.00000000
0.00000000
0.00000000
0.00000000
0.00000000
0.00000000
0.00000000
0.00000000
0.00000000
0.00000000
0.00000000
0.00000000
0.00000000
0.00000000
0.00000000
0.00000000
0.00000000
0.00000000
0.00000000
0.00000000
0.00000000
0.00000000
0.00000000
0.00000000
0.00000000
0.00000000
0.00000000
0.00000000
0.00000000
0.00000000
0.00000000
0.00000000
0.00000000
0.00000000
0.00000000
0.00000000
0.00000000
0.00000000
0.00000000
0.00000000
0.00000000
0.00000000
0.00000000
0.00000000
0.00000000
0.00000000
0.00000000
0.00000000
0.00000000
0.00000000
0.00000000
0.00000000
0.00000000
0.00000000
0.00000000
0.00000000
0.00000000
0.00000000
0.00000000
0.00000000
0.00000000
0.00000000
0.00000000
0.00000000
0.00000000
0.00000000
0.00000000
0.00000000
0.00000000
0.00000000
0.00000000
0.00000000
0.00000000
0.00000000
0.00000000
0.00000000
0.00000000
0.00000000
0.00000000
0.00000000
0.00000000
0.00000000
0.00000000
0.00000000
0.00000000
0.00000000
0.00000000
0.00000000
0.00000000
0.00000000
0.00000000
0.00000000
0.00000000
0.00000000
0.00000000
0.00000000
0.00000000
0.00000000
0.00000000
0.00000000
0.00000000
0.00000000
0.00000000
0.00000000
0.00000000
0.00000000
0.00000000
0.00000000
0.00000000
0.00000000
0.00000000
0.00000000
0.00000000
0.00000000
0.00000000
0.00000000
0.00000000
0.00000000
0.00000000
0.00000000
0.00000000
0.00000000
0.00000000
0.00000000
0.00000000
0.00000000
0.00000000
0.00000000
0.00000000
0.00000000
0.00000000
0.00000000
0.00000000
0.00000000
0.00000000
0.00000000
0.00000000
0.00000000
0.00000000
0.00000000
0.00000000
0.00000000
0.00000000
0.00000000
0.00000000
0.00000000
0.00000000
0.00000000
0.00000000
0.00000000
0.00000000
0.00000000
0.00000000
0.00000000
0.00000000
0.00000000
0.00000000
0.00000000
0.00000000
0.00000000
0.00000000
0.00000000
0.00000000
0.00000000
0.00000000
0.00000000
0.00000000
0.00000000
0.00000000
0.00000000
0.00000000
0.00000000
0.00000000
0.00000000
0.00000000
0.00000000
0.00000000
0.00000000
0.00000000
0.00000000
0.00000000
0.00000000
0.00000000
0.00000000
0.00000000
0.00000000
0.00000000
0.00000000
0.00000000
0.00000000
0.00000000
0.00000000
0.00000000
0.00000000
0.00000000
0.00000000
0.00000000
0.00000000
0.00000000
0.00000000
0.00000000
0.00000000
0.00000000
0.00000000
0.00000000
0.00000000
0.00000000
0.00000000
0.00000000
0.00000000
0.00000000
0.00000000
0.00000000
0.00000000
0.00000000
0.00000000
0.00000000
0.00000000
0.00000000
0.00000000
0.00000000
0.00000000
0.00000000
0.00000000
0.00000000
0.00000000
0.00000000
0.00000000
0.00000000
0.00000000
0.00000000
0.00000000
0.00000000
0.00000000
0.00000000
0.00000000
0.00000000
0.00000000
0.00000000
0.00000000
0.00000000
0.00000000
0.00000000
0.00000000
0.00000000
0.00000000
0.00000000
0.00000000
0.00000000
0.00000000
0.00000000
0.00000000
0.00000000
0.00000000
0.00000000
0.00000000
0.00000000
0.00000000
0.00000000
0.00000000
0.00000000
0.00000000
0.00000000
0.00000000
0.00000000
0.00000000
0.00000000
0.00000000
0.00000000
0.00000000
0.00000000
0.00000000
0.00000000
0.00000000
0.00000000
0.00000000
0.00000000
0.00000000
0.00000000
0.00000000
0.00000000
0.00000000
0.00000000
0.00000000
0.00000000
0.00000000
0.00000000
0.00000000
0.00000000
0.00000000
0.00000000
0.00000000
0.00000000
0.00000000
0.00000000
0.00000000
0.00000000
0.00000000
0.00000000
0.00000000
0.00000000
0.00000000
0.00000000
0.00000000
0.00000000
0.00000000
0.00000000
0.00000000
0.00000000
0.00000000
0.00000000
0.00000000
0.00000000
0.00000000
0.00000000
0.00000000
0.00000000
0.00000000
0.00000000
0.00000000
0.00000000
0.00000000
0.00000000
0.00000000
0.00000000
0.00000000
0.00000000
0.00000000
0.00000000
0.00000000
0.00000000
0.00000000
0.00000000
0.00000000
0.00000000
0.00000000
0.00000000
0.00000000
0.00000000
0.00000000
0.00000000
0.00000000
0.00000000
0.00000000
0.00000000
0.00000000
0.00000000
0.00000000
0.00000000
0.00000000
0.00000000
0.00000000
0.00000000
0.00000000
0.00000000
0.00000000
0.00000000
0.00000000
0.00000000
0.00000000
0.00000000
0.00000000
0.00000000
0.00000000
0.00000000
0.00000000
0.00000000
0.00000000
0.00000000
0.00000000
0.00000000
0.00000000
0.00000000
0.00000000
0.00000000
0.00000000
0.00000000
0.00000000
0.00000000
0.00000000
0.00000000
0.00000000
0.00000000
0.00000000
0.00000000
0.00000000
0.00000000
0.00000000
0.00000000
0.00000000
0.00000000
0.00000000
0.00000000
0.00000000
0.00000000
0.00000000
0.00000000
0.00000000
0.00000000
0.00000000
0.00000000
0.00000000
0.00000000
0.00000000
0.00000000
0.00000000
0.00000000
0.00000000
0.00000000
0.00000000
0.00000000
0.00000000
0.00000000
0.00000000
0.00000000
0.00000000
0.00000000
0.00000000
0.00000000
0.00000000
0.00000000
0.00000000
0.00000000
0.00000000
0.00000000
0.00000000
0.00000000
0.00000000
0.00000000
0.00000000
0.00000000
0.00000000
0.00000000
0.00000000
0.00000000
0.00000000
0.00000000
0.00000000
0.00000000
0.00000000
0.00000000
0.00000000
0.00000000
0.00000000
0.00000000
0.00000000
0.00000000
0.00000000
0.00000000
0.00000000
0.00000000
0.00000000
0.00000000
0.00000000
0.00000000
0.00000000
0.00000000
0.00000000
0.00000000
0.00000000
0.00000000
0.00000000
0.00000000
0.00000000
0.00000000
0.00000000
0.00000000
0.00000000
0.00000000
0.00000000
0.00000000
0.00000000
0.00000000
0.00000000
0.00000000
0.00000000
0.00000000
0.00000000
0.00000000
0.00000000
0.00000000
0.00000000
0.00000000
0.00000000
0.00000000
0.00000000
0.00000000
0.00000000
0.00000000
0.00000000
0.00000000
0.00000000
0.00000000
0.00000000
0.00000000
0.00000000
0.00000000
0.00000000
0.00000000
0.00000000
0.00000000
0.00000000
0.00000000
0.00000000
0.00000000
0.00000000
0.00000000
0.00000000
0.00000000
0.00000000
0.00000000
0.00000000
0.00000000
0.00000000
0.00000000
0.00000000
0.00000000
0.00000000
0.00000000
0.00000000
0.00000000
0.00000000
0.00000000
0.00000000
0.00000000
0.00000000
0.00000000
0.00000000
0.00000000
0.00000000
0.00000000
0.00000000
0.00000000
0.00000000
0.00000000
0.00000000
0.00000000
0.00000000
0.00000000
0.00000000
0.00000000
0.00000000
0.00000000
0.00000000
0.00000000
0.00000000
0.00000000
0.00000000
0.00000000
0.00000000
0.00000000
0.00000000
0.00000000
0.00000000
0.00000000
0.00000000
0.00000000
0.00000000
0.00000000
0.00000000
0.00000000
0.00000000
0.00000000
0.00000000
0.00000000
0.00000000
0.00000000
0.00000000
0.00000000
0.00000000
0.00000000
0.00000000
0.00000000
0.00000000
0.00000000
0.00000000
0.00000000
0.00000000
0.00000000
0.00000000
0.00000000
0.00000000
0.00000000
0.00000000
0.00000000
0.00000000
0.00000000
0.00000000
0.00000000
0.00000000
0.00000000
0.00000000
0.00000000
0.00000000
0.00000000
0.00000000
0.00000000
0.00000000
0.00000000
0.00000000
0.00000000
0.00000000
0.00000000
0.00000000
0.00000000
0.00000000
0.00000000
0.00000000
0.00000000
0.00000000
0.00000000
0.00000000
0.00000000
0.00000000
0.00000000
0.00000000
0.00000000
0.00000000
0.00000000
0.00000000
0.00000000
0.00000000
0.00000000
0.00000000
0.00000000
0.00000000
0.00000000
0.00000000
0.00000000
0.00000000
0.00000000
0.00000000
0.00000000
0.00000000
0.00000000
0.00000000
0.00000000
0.00000000
0.00000000
0.00000000
0.00000000
0.00000000
0.00000000
0.00000000
0.00000000
0.00000000
0.00000000
0.00000000
0.00000000
0.00000000
0.00000000
0.00000000
0.00000000
0.00000000
0.00000000
0.00000000
0.00000000
0.00000000
0.00000000
0.00000000
0.00000000
0.00000000
0.00000000
0.00000000
0.00000000
0.00000000
0.00000000
0.00000000
0.00000000
0.00000000
0.00000000
0.00000000
0.00000000
0.00000000
0.00000000
0.00000000
0.00000000
0.00000000
0.00000000
0.00000000
0.00000000
0.00000000
0.00000000
0.00000000
0.00000000
0.00000000
0.00000000
0.00000000
0.00000000
0.00000000
0.00000000
0.00000000
0.00000000
0.00000000
0.00000000
0.00000000
0.00000000
0.00000000
0.00000000
0.00000000
0.00000000
0.00000000
0.00000000
0.00000000
0.00000000
0.00000000
0.00000000
0.00000000
0.00000000
0.00000000
0.00000000
0.00000000
0.00000000
0.00000000
0.00000000
0.00000000
0.00000000
0.00000000
0.00000000
0.00000000
0.00000000
0.00000000
0.00000000
0.00000000
0.00000000
0.00000000
0.00000000
0.00000000
0.00000000
0.00000000
0.00000000
0.00000000
0.00000000
0.00000000
0.00000000
0.00000000
0.00000000
0.00000000
0.00000000
0.00000000
0.00000000
0.00000000
0.00000000
0.00000000
0.00000000
0.00000000
0.00000000
0.00000000
0.00000000
0.00000000
0.00000000
0.00000000
0.00000000
0.00000000
0.00000000
0.00000000
0.00000000
0.00000000
0.00000000
0.00000000
0.00000000
0.00000000
0.00000000
0.00000000
0.00000000
0.00000000
0.00000000
0.00000000
0.00000000
0.00000000
0.00000000
0.00000000
0.00000000
0.00000000
0.00000000
0.00000000
0.00000000
0.00000000
0.00000000
0.00000000
0.00000000
0.00000000
0.00000000
0.00000000
0.00000000
0.00000000
0.00000000
0.00000000
0.00000000
0.00000000
0.00000000
0.00000000
0.00000000
0.00000000
0.00000000
0.00000000
0.00000000
0.00000000
0.00000000
0.00000000
0.00000000
0.00000000
0.00000000
0.00000000
0.00000000
0.00000000
0.00000000
0.00000000
0.00000000
0.00000000
0.00000000
0.00000000
0.00000000
0.00000000
0.00000000
0.00000000
0.00000000
0.00000000
0.00000000
0.00000000
0.00000000
0.00000000
0.00000000
0.00000000
0.00000000
0.00000000
0.00000000
0.00000000
0.00000000
0.00000000
0.00000000
0.00000000
0.00000000
0.00000000
0.00000000
0.00000000
0.00000000
0.00000000
0.00000000
0.00000000
0.00000000
0.00000000
0.00000000
0.00000000
0.00000000
0.00000000
0.00000000
0.00000000
0.00000000
0.00000000
0.00000000
0.00000000
0.00000000
0.00000000
0.00000000
0.00000000
0.00000000
0.00000000
0.00000000
0.00000000
0.00000000
0.00000000
0.00000000
0.00000000
0.00000000
0.00000000
0.00000000
0.00000000
0.00000000
0.00000000
0.00000000
0.00000000
0.00000000
0.00000000
0.00000000
0.00000000
0.00000000
0.00000000
0.00000000
0.00000000
0.00000000
0.00000000
0.00000000
0.00000000
0.00000000
0.00000000
0.00000000
0.00000000
0.00000000
0.00000000
0.00000000
0.00000000
0.00000000
0.00000000
0.00000000
0.00000000
0.00000000
0.00000000
0.00000000
0.00000000
0.00000000
0.00000000
0.00000000
0.00000000
0.00000000
0.00000000
0.00000000
0.00000000
0.00000000
0.00000000
0.00000000
0.00000000
0.00000000
0.00000000
0.00000000
0.00000000
0.00000000
0.00000000
0.00000000
0.00000000
0.00000000
0.00000000
0.00000000
0.00000000
0.00000000
0.00000000
0.00000000
0.00000000
0.00000000
0.00000000
0.00000000
0.00000000
0.00000000
0.00000000
0.00000000
0.00000000
0.00000000
0.00000000
0.00000000
0.00000000
0.00000000
0.00000000
0.00000000
0.00000000
0.00000000
0.00000000
0.00000000
0.00000000
0.00000000
0.00000000
0.00000000
0.00000000
0.00000000
0.00000000
0.00000000
0.00000000
0.00000000
0.00000000
0.00000000
0.00000000
0.00000000
0.00000000
0.00000000
0.00000000
0.00000000
0.00000000
0.00000000
0.00000000
0.00000000
0.00000000
0.00000000
0.00000000
0.00000000
0.00000000
0.00000000
0.00000000
0.00000000
0.00000000
0.00000000
0.00000000
0.00000000
0.00000000
0.00000000
0.00000000
0.00000000
0.00000000
0.00000000
0.00000000
0.00000000
0.00000000
0.00000000
0.00000000
0.00000000
0.00000000
0.00000000
0.00000000
0.00000000
0.00000000
0.00000000
0.00000000
0.00000000
0.00000000
0.00000000
0.00000000
0.00000000
0.00000000
0.00000000
0.00000000
0.00000000
0.00000000
0.00000000
0.00000000
0.00000000
0.00000000
0.00000000
0.00000000
0.00000000
0.00000000
0.00000000
0.00000000
0.00000000
0.00000000
0.00000000
0.00000000
0.00000000
0.00000000
0.00000000
0.00000000
0.00000000
0.00000000
0.00000000
0.00000000
0.00000000
0.00000000
0.00000000
0.00000000
0.00000000
0.00000000
0.00000000
0.00000000
0.00000000
0.00000000
0.00000000
0.00000000
0.00000000
0.00000000
0.00000000
0.00000000
0.00000000
0.00000000
0.00000000
0.00000000
0.00000000
0.00000000
0.00000000
0.00000000
0.00000000
0.00000000
0.00000000
0.00000000
0.00000000
0.00000000
0.00000000
0.00000000
0.00000000
0.00000000
0.00000000
0.00000000
0.00000000
0.00000000
0.00000000
0.00000000
0.00000000
0.00000000
0.00000000
0.00000000
0.00000000
0.00000000
0.00000000
0.00000000
0.00000000
0.00000000
0.00000000
0.00000000
0.00000000
0.00000000
0.00000000
0.00000000
0.00000000
0.00000000
0.00000000
0.00000000
0.00000000
0.00000000
0.00000000
0.00000000
0.00000000
0.00000000
0.00000000
0.00000000
0.00000000
0.00000000
0.00000000
0.00000000
0.00000000
0.00000000
0.00000000
0.00000000
0.00000000
0.00000000
0.00000000
0.00000000
0.00000000
0.00000000
0.00000000
0.00000000
0.00000000
0.00000000
0.00000000
0.00000000
0.00000000
0.00000000
0.00000000
0.00000000
0.00000000
0.00000000
0.00000000
0.00000000
0.00000000
0.00000000
0.00000000
0.00000000
0.00000000
0.00000000
0.00000000
0.00000000
0.00000000
0.00000000
0.00000000
0.00000000
0.00000000
0.00000000
0.00000000
0.00000000
0.00000000
0.00000000
0.00000000
0.00000000
0.00000000
0.00000000
0.00000000
0.00000000
0.00000000
0.00000000
0.00000000
0.00000000
0.00000000
0.00000000
0.00000000
0.00000000
0.00000000
0.00000000
0.00000000
0.00000000
0.00000000
0.00000000
0.00000000
0.00000000
0.00000000
0.00000000
0.00000000
0.00000000
0.00000000
0.00000000
0.00000000
0.00000000
0.00000000
0.00000000
0.00000000
0.00000000
0.00000000
0.00000000
0.00000000
0.00000000
0.00000000
0.00000000
0.00000000
0.00000000
0.00000000
0.00000000
0.00000000
0.00000000
0.00000000
0.00000000
0.00000000
0.00000000
0.00000000
0.00000000
0.00000000
0.00000000
0.00000000
0.00000000
0.00000000
0.00000000
0.00000000
0.00000000
0.00000000
0.00000000
0.00000000
0.00000000
0.00000000
0.00000000
0.00000000
0.00000000
0.00000000
0.00000000
0.00000000
0.00000000
0.00000000
0.00000000
0.00000000
0.00000000
0.00000000
0.00000000
0.00000000
0.00000000
0.00000000
0.00000000
0.00000000
0.00000000
0.00000000
0.00000000
0.00000000
0.00000000
0.00000000
0.00000000
0.00000000
0.00000000
0.00000000
0.00000000
0.00000000
0.00000000
0.00000000
0.00000000
0.00000000
0.00000000
0.00000000
0.00000000
0.00000000
0.00000000
0.00000000
0.00000000
0.00000000
0.00000000
0.00000000
0.00000000
0.00000000
0.00000000
0.00000000
0.00000000
