3426
2293
3213
4068
3676
2440
3903
4155
3089
84
2574
3751
2111
2980
2786
619
3805
1992
2411
2881
2095
2435
3453
3814
3932
1485
3528
1828
891
3431
1804
2894
3522
3856
3279
4040
3807
4105
3506
877
4043
3582
1867
2745
921
4055
2991
3382
4108
1304
4152
2004
3607
3589
2749
616
1991
2512
2295
3076
2732
2946
4150
3841
2530
3178
196
2654
1274
2870
3891
4106
860
3486
2275
4141
3764
3788
691
3706
1297
1960
222
3925
2051
2080
3843
3502
101
1809
3784
3559
4003
4158
4018
2073
2659
2348
2945
853
421
3666
3197
3576
3443
3650
3243
3560
1188
4001
2662
1735
3964
3520
3565
3419
3755
3631
3365
3791
3956
3762
3617
4113
3084
4057
2785
3457
3179
2794
2232
3286
2754
1441
3585
3497
3797
2940
2936
2280
4005
3408
2669
4024
3174
4097
3568
3293
1745
4031
2491
3815
3489
1258
3727
3892
1179
2949
979
2860
3395
2982
4044
3689
3569
3918
3825
3878
3482
3902
1309
3921
341
2890
2624
3283
2842
3958
1842
3968
3647
2727
2480
3102
3116
2379
3006
3227
2729
4025
3362
3484
2537
3739
2473
2637
3527
3410
3186
3088
3105
2369
794
3743
2638
2589
3644
3627
1072
3600
3402
2204
1832
2670
2176
4069
3941
3388
3938
4016
3951
907
2463
4067
3660
3144
2816
1492
2186
3517
1445
2787
3756
3583
2719
3866
427
3993
3123
1074
1708
3199
3742
3996
1378
2880
3955
2774
1997
3447
3834
2328
4148
2897
1043
3070
3947
4118
3046
2840
3469
2392
3861
1916
2277
2619
34
2929
2657
4135
2251
3832
1215
4137
2290
1989
3345
3401
3747
4070
2934
2998
588
3455
4032
3933
4004
3029
1675
1614
3588
3790
2366
3896
3205
1082
1840
2274
2201
1837
3266
2399
3773
3598
552
1927
3939
2129
3857
3769
1705
3047
3688
3801
3646
818
3081
1962
3441
3545
2996
2266
1770
3789
2088
3793
1405
2254
3262
2924
4075
1736
2152
1801
1696
2108
3161
466
3313
3290
3748
3702
577
3984
2107
2439
3107
4140
3976
3959
3219
4072
4038
2999
4151
3980
443
3828
4154
3473
4129
1861
4125
2365
1240
2943
2702
4161
3969
3001
4073
3000
4002
4045
2954
2699
1893
3246
3937
694
3890
1778
3272
3422
3265
1781
3538
3195
1235
2718
3504
2039
2636
2793
3953
1161
3277
720
2035
3564
1753
3041
3629
3346
3753
3325
3924
2395
2351
2296
2371
3614
2094
3452
2867
1029
3594
3370
2542
2294
3573
1527
1046
2723
2403
2520
3708
2836
1843
4059
3566
2709
4123
3779
4143
1519
3705
3840
2548
3754
3323
3439
4092
2825
1228
3255
3133
4163
1657
3724
2692
2239
3104
3669
2446
2837
2629
4039
3668
2490
2743
606
1827
374
2892
2455
2891
2650
2611
3716
3599
2136
1628
3886
3641
1330
3231
2032
3268
1464
3833
3919
2858
4122
3986
814
3079
2944
1756
4112
2561
3710
3339
2567
4071
1877
3628
3809
1419
458
86
2445
2765
2526
1722
3920
3296
1569
2587
3944
4119
3097
3613
4126
2797
3883
3656
2552
1399
3761
3680
3057
2233
2724
2171
3692
3333
1422
3707
2238
231
3216
908
3571
1852
2970
3882
3082
1766
2452
578
968
3864
2712
3257
3952
936
3414
1744
1400
1280
3961
4037
1643
3009
3911
3579
3900
3354
4047
1126
2811
2486
1959
4048
3912
3530
3364
3821
3398
2002
3677
3899
4046
2106
3848
881
3328
2220
3523
3108
3558
2096
3836
4110
2875
1032
3537
3532
3642
2802
3909
3721
2373
58
3098
3244
4011
3137
3390
3929
3873
4083
2807
2931
3027
4149
2780
3305
1654
2680
3663
3542
2741
3019
2808
2298
2413
4128
2410
3090
2228
3425
2338
3787
3449
3192
3928
2646
2981
2781
4147
3927
1407
3430
3971
2534
1922
3077
967
2649
1634
2645
3831
2930
2679
3327
2812
3322
3109
982
3732
3311
385
3578
3050
1633
3783
2828
882
2192
2565
2773
2701
2142
3143
3126
3544
3371
888
1522
3734
3474
3429
4076
4116
1942
1906
337
4100
2856
3638
3481
3645
2731
2576
4142
3838
713
2118
2521
3306
3456
2428
3915
3140
3859
2848
2769
3913
2927
2685
3080
4160
1811
3106
3509
2695
1950
83
2852
3421
3595
1595
3962
4095
1915
3184
1524
2748
3908
1060
1286
2494
1810
1988
1651
4049
2189
1033
1202
768
2287
2602
3804
3863
4086
1020
2847
3160
2606
2174
3875
1820
3729
226
3943
670
2605
4017
3324
2598
2770
4020
3492
3948
787
2477
2577
2457
2834
3623
302
3572
4132
4064
3778
1635
3479
4041
1471
3596
3198
3940
3975
1759
3847
2478
2608
2726
3052
2006
3263
2173
313
3776
3601
3766
3818
2339
3176
3730
1012
1748
2434
2778
2167
2359
2323
636
2853
3151
3511
3816
3389
2938
3214
2041
4090
3170
1180
1448
3331
2508
3083
2575
4060
3626
2345
3501
369
3358
3713
3701
1948
2437
3872
3091
1287
3997
3461
3914
3802
3420
3715
1449
3385
3819
3865
4030
3015
364
1504
3141
1716
3529
3889
2093
4164
3270
3387
3849
3507
3535
3922
3415
2335
2065
3016
3181
1410
3615
2505
858
3950
3169
3966
2676
3363
3609
2664
4107
3183
2862
4050
3700
3229
3366
1351
3712
3999
199
2484
2864
3062
4153
3719
3190
831
2079
3260
2874
2713
2054
3774
3394
2829
1623
3842
3850
3022
725
4124
857
1432
4080
2823
2564
2896
3652
3032
3159
796
3722
2822
3531
3004
4145
2965
3519
2986
512
382
2356
4121
2684
3616
4104
3657
3446
4013
4133
3632
3487
3985
2918
1980
2976
1964
3549
2799
4136
4042
2372
2593
3581
2805
4021
3931
2776
4099
3539
3208
1226
2717
1880
3960
2750
3376
1734
2895
3222
2962
4085
786
4081
2997
3203
4134
3150
2972
3124
75
3411
644
3877
1816
3786
4078
3910
3867
3736
3988
3795
2751
2160
1431
1945
3654
2677
3979
3694
3018
2112
3404
605
732
3299
3042
3121
1747
3827
2872
2660
2237
3510
3259
4023
1737
2687
2893
3154
2539
3851
3287
810
3039
3592
2292
985
3574
1891
2289
698
820
1946
3359
2062
4101
3238
2789
3869
3158
2796
3837
2879
2269
3423
1314
3464
2441
4144
296
2647
2165
1450
3200
2061
3191
2909
2922
2259
4054
2101
3823
1436
3384
3862
716
611
3674
1697
2525
1717
3478
405
295
2384
4127
3750
4084
2134
47
3175
3991
2573
3794
2038
4102
866
2686
2459
3775
223
1191
4052
957
2777
3155
3254
2906
3301
2529
3063
2878
3010
3315
1265
380
2389
4012
536
2989
3640
4111
3885
2121
3983
3337
2653
3207
825
114
1210
4029
3835
4063
2154
3332
4138
367
807
3726
3068
531
1752
3949
4082
2716
1806
2803
4008
1656
1631
3839
2942
2648
3034
3396
3249
1444
2771
4007
1956
1503
2468
723
3393
3639
3664
4088
2953
3516
3114
959
3342
3686
2194
1201
3603
3131
3025
1578
3475
646
913
3433
285
1321
2510
2859
2044
1101
2631
1655
2053
4000
2438
3673
3165
4079
2956
3829
3476
3440
3760
2506
2214
1689
2540
3978
3218
2553
2127
3717
1597
3049
3970
2518
3746
3888
1967
2888
3698
1083
3621
3636
3704
3651
3521
2623
3893
4096
3884
2969
2278
1375
3822
87
2029
3406
3577
1397
1116
3518
2000
3799
4103
1594
2347
3330
1939
3590
2364
1269
3462
3803
1812
4074
3374
3619
3064
3868
1319
2332
3942
3275
3285
2764
3844
1027
2380
2502
1315
333
4156
848
2820
3735
2342
3906
118
1323
3028
3771
3618
1620
3409
3770
1871
3798
3782
1246
4162
934
3622
999
3682
1386
2128
4087
2378
2616
2021
927
2396
1645
3967
3772
3709
3405
2465
2563
3318
3855
3053
1452
3973
3201
2868
2375
2362
1895
3602
3691
3307
3334
3355
4066
1839
3977
3250
2198
3738
1834
3466
3974
3541
4015
3684
3292
2658
2705
3094
1542
3768
4058
2791
2898
3679
3096
2783
3690
4028
3563
3800
3987
2291
3655
1253
2560
137
4146
4117
2838
4130
2315
2604
1277
3554
4062
3059
2961
3989
1819
4091
3845
2607
3637
3536
1883
1854
1682
3853
4009
3990
3465
4157
1174
1356
3472
2988
1952
3294
665
2579
3934
2855
2903
2329
803
209
3240
3946
356
3173
4115
2710
1508
3256
3935
3103
3653
3745
3930
3752
1479
1797
2566
4056
2019
4051
3995
2185
947
3122
3667
2218
3556
1416
3881
3905
2110
3245
3074
3261
1476
1124
3757
709
617
1373
1283
3846
2688
2635
2405
4006
3597
3683
3759
207
82
3852
3454
2327
3113
3854
1443
3274
887
3048
1112
3033
3876
1092
3916
3870
4093
3992
3499
1288
2985
4027
3436
1859
2933
817
4094
3418
2968
2532
2105
3471
1047
746
3580
4159
2422
920
317
3817
1311
1392
2467
3785
3526
3026
2431
3302
3711
2268
3643
1990
2601
3957
3442
2001
3044
4014
2935
3312
2952
4034
3239
2925
2673
499
2195
370
3288
3303
3606
2850
2026
2667
2211
3351
3024
1521
3300
1987
1981
2866
2865
2346
924
688
2877
3662
4131
2270
3553
1296
1714
1652
4022
4114
4109
2027
2454
657
4033
2632
3356
2806
3087
3434
2049
1014
2500
3998
3317
2613
3540
3703
2337
2681
1292
3880
3678
3728
2358
3858
2374
1498
3672
1888
4026
2482
1775
3972
2250
2766
2730
3485
3065
3749
3731
3377
3463
3811
2570
3127
3153
3981
2851
2462
2708
3810
1887
1225
2900
2350
1494
3695
1221
2756
3008
4010
2882
1230
2978
3247
2568
3338
3225
2959
3014
1514
3813
3369
686
3493
3399
3781
4139
1438
3965
4098
2430
1142
3661
3904
3145
3533
4065
3608
2747
3350
2497
3917
2958
1794
2920
1339
2752
4089
455
987
1571
2166
1693
871
673
1245
1813
2501
1406
1308
2515
2543
2950
2499
1732
2149
3372
1917
3777
2444
2932
2402
3740
3697
3149
1698
2815
2230
1740
2252
3534
3767
3552
3215
2928
1368
2161
2987
3177
2886
217
1838
1855
3936
1016
3897
1851
2427
3380
3166
916
2078
996
3551
2757
3344
570
3284
2183
3550
1243
1934
482
1885
1300
3276
2921
3720
2869
3547
1791
3635
1510
1829
827
2917
1570
1536
3895
3808
3898
3826
3428
2966
2911
3693
2141
2948
2665
3562
1472
3725
2967
3445
1947
2089
265
1721
3460
2090
2075
821
3696
632
2755
1541
1700
2316
1451
154
711
3658
769
2902
3319
1636
3295
1884
1118
4077
1664
843
2377
2321
37
3514
1473
109
2863
3298
2720
2487
3830
964
1795
2737
208
3066
471
303
3212
1831
3737
3188
2992
2355
462
2150
756
2425
783
3459
890
2309
2514
3593
1793
1329
1071
1663
1630
1743
3352
3500
2461
3792
969
1335
878
2273
2263
2767
1529
3167
3926
2509
2498
2700
2313
1567
1933
2495
483
3432
2614
1936
3236
3117
3013
1868
2558
2285
2210
1713
2833
4019
1979
1429
642
2790
263
1465
1727
3812
2923
2841
2003
2584
3451
74
2207
3320
3235
3241
173
2314
2432
708
3101
3115
2819
1401
2821
3945
2485
2810
1925
852
423
2545
3923
1463
1603
542
2451
3648
2301
3954
816
2531
3093
3230
1678
167
2412
1772
3427
2045
2203
3963
2832
2801
2382
3289
2299
3860
737
1153
1054
2456
1758
2908
3005
513
3699
565
961
2586
3714
2419
2318
2973
540
3237
2010
2353
2883
3513
2146
2072
738
2739
2527
3196
2370
484
3187
1703
3258
2818
1632
1640
1537
3291
3194
1058
2212
2317
2846
3267
3887
1324
625
1996
2544
2333
2310
2642
2594
389
2226
1984
1815
3353
3038
3136
4061
2983
2698
1833
3649
3496
3156
1788
1580
3297
3584
501
1248
1474
1414
2217
400
2040
2257
1123
602
1583
2562
1618
2216
1251
1787
1199
3490
1921
1056
2884
2964
2132
3163
2979
2012
3744
2612
2424
2758
3340
1751
2626
2578
3112
3624
264
463
2947
3329
3375
2736
3132
1343
3314
3413
461
3040
1720
2286
2610
3437
2013
244
1268
1318
2722
1596
2471
1821
628
3685
3368
2223
621
3148
946
1382
3386
1998
3675
2666
736
909
2493
1081
3226
3242
2800
3341
3763
2814
1803
1535
103
3110
3780
1208
2157
2960
2236
3634
1602
3417
2582
1317
1779
2055
288
2215
328
1420
1006
2113
1520
3251
3147
112
1523
1512
2694
2123
1573
2030
2098
2164
2849
2449
2551
3733
2519
1730
2873
3168
438
1718
2352
2507
3610
2640
3824
2889
2618
3011
2097
3633
329
2
3403
2407
2311
2628
2804
1125
3498
3494
3681
1671
1360
1385
3304
1151
1557
1668
1782
1350
2672
562
2081
2541
2492
1533
2159
612
3367
1377
1728
1313
2625
2857
1162
780
3099
3224
3894
1783
1559
3269
2581
2279
3604
1176
2083
1532
2559
3505
1611
1849
2885
3670
2652
758
3282
1196
1160
2397
4
2304
1120
3515
1692
1579
1900
1754
3381
3605
2746
2496
3687
965
1526
671
1723
2418
1978
974
2037
1387
3546
3100
1850
2138
1908
2963
2265
785
3206
1600
90
3557
365
2591
2792
3758
1409
2191
1690
1672
2202
1869
922
1490
1612
651
3308
1095
1325
3043
2795
115
3069
3503
2711
3020
2306
1646
1954
2056
2005
194
2734
1970
1800
633
3718
3392
1326
2307
2557
1232
2256
1398
3217
3424
3543
1144
368
2549
2450
1379
1302
1447
3982
3232
808
1627
3056
3548
2199
764
282
2235
3162
1937
2092
3665
1166
2284
3871
2305
2590
1145
1607
2283
2008
2974
2556
1249
2571
1591
3416
1204
2784
4120
2682
3223
3182
3458
2225
2393
3480
3470
3335
63
2426
1165
2363
2421
1761
1349
3273
3037
1994
3128
1982
1940
2388
1870
529
1440
3271
1380
1993
3336
1725
530
3135
3067
3796
1139
3806
1963
3561
3483
1847
77
2599
597
1390
1312
3512
3310
1433
3383
2474
31
2639
3901
1808
3075
2910
350
1224
724
3400
2130
1376
3874
64
1565
1137
388
149
1223
2099
2162
2082
2977
876
2907
2995
3587
1691
1217
523
975
3379
3036
1333
1866
3281
1468
1574
3567
896
2458
3378
1965
2453
2984
1676
893
722
1303
3555
2261
3994
2126
2476
2119
2513
2163
2643
1216
3045
3586
1835
3073
431
2017
434
2772
2775
600
3185
2376
2488
56
3171
1684
22
655
1653
4035
1562
106
312
1344
3524
300
1853
863
2246
198
4053
3060
1951
6
3620
1462
2349
1961
3007
433
1113
107
2391
742
2955
976
1715
3021
1244
1039
2644
2341
3570
2693
1233
1393
2222
2762
2144
1511
2813
3391
1926
1163
1094
937
2224
1932
2546
3349
1683
2070
532
1090
533
65
912
2282
1549
1114
1365
1918
1902
592
952
556
2641
1146
2627
2809
1763
3495
1000
2140
1777
1412
2668
1739
3348
1371
334
2583
3468
1173
2300
1507
2887
2016
2782
1773
3120
1185
3072
788
2102
1499
2057
1478
2871
740
3058
1919
2409
3438
3309
1418
1148
2588
2206
1879
1227
2706
2047
1264
1515
2063
2634
362
21
1558
717
1929
2994
1822
1008
1706
3625
371
3051
1454
685
2472
3220
2615
559
2596
1749
1920
1912
2585
2103
2034
1943
2271
2243
3612
2678
2084
437
2843
2242
1495
1106
3741
901
679
2143
1878
3035
2240
3204
2028
1169
819
3211
1028
615
2390
2831
555
2761
684
1750
159
2824
2208
653
1530
2721
1358
904
1353
1969
1348
1977
200
1666
3252
3031
3118
3659
989
2460
2690
2014
1742
2344
3180
3202
2320
2104
2401
919
1295
2229
1135
677
1606
1560
2763
604
441
2735
1477
1052
1599
553
68
1776
3361
3138
3134
2621
1084
2086
1901
647
997
1159
3347
416
3326
1154
1604
2155
1396
1019
1898
2205
119
2325
1892
1362
2569
3444
1790
1327
3820
510
1042
480
775
1242
1577
3172
1075
2068
1680
2993
1923
2249
2135
2926
1516
1085
3023
1974
945
524
2674
828
3233
1044
2951
1093
3477
3407
2826
1913
3488
2109
1458
1547
3152
3397
2555
699
1011
378
2971
1415
1587
3280
2042
894
3139
339
1132
2768
401
1140
24
838
2844
752
377
1771
2148
138
1525
865
2059
2116
829
2367
960
1482
1502
278
1712
1320
1088
2020
2839
1261
2087
3189
2414
1383
3448
1337
2489
2779
2188
1273
1480
2153
2260
701
2331
1087
1944
2022
3343
690
345
1340
9
973
586
360
1263
1255
268
487
1876
3078
1622
1291
1156
1769
1914
1068
1070
1211
1250
3003
939
2913
1236
3278
1955
164
1694
2340
1688
781
2302
886
492
630
2151
1345
988
1616
795
2651
972
3450
493
1388
3723
2522
2231
705
695
918
2957
3228
2248
2187
2024
1067
1015
418
2196
885
1501
376
3111
2060
1719
230
2139
2050
1555
2517
2715
2386
481
2504
874
175
2675
2247
464
180
575
1543
1621
507
322
3591
610
258
719
308
2861
1780
225
1247
1481
2172
2592
1764
1119
3086
1659
2330
3264
19
1164
2447
571
2547
622
1294
1681
2354
1999
1115
1903
1881
1733
661
2177
1687
1679
1282
3017
2322
3357
1858
1724
2511
1860
1147
2312
2219
2744
538
1394
1404
162
3157
680
1055
2663
3671
2464
2470
1421
80
204
1554
1155
1626
171
1585
1045
299
1817
1886
1953
728
683
3879
1957
2595
2181
2156
2281
2343
2533
1238
1089
2383
3316
32
791
2827
170
1556
593
1605
2394
760
1357
2622
2689
257
584
892
1674
1644
1699
3061
607
546
3221
3412
1789
488
234
2209
436
1212
1446
2048
430
1128
561
1127
1564
3765
668
1442
2466
2385
435
872
2117
789
2031
743
13
1391
3142
447
1205
311
958
2798
2264
1593
1890
2357
1077
2483
2170
1354
1182
2303
2023
3146
3092
2179
2227
2288
3248
2990
955
3907
2753
910
3129
2429
1707
1619
948
2704
2169
854
1381
1168
1677
2703
1254
1972
2221
898
414
966
338
2975
2696
3030
545
2077
833
1685
500
1802
1930
2234
1911
1805
2597
498
3435
730
1207
2916
1260
1334
851
715
1975
850
1305
544
2066
1467
844
1846
623
2469
2058
1189
1346
2554
762
2481
2760
806
2015
2475
2178
1099
1049
1538
1109
2368
1050
1818
2671
393
930
5
1639
1904
2661
950
351
563
409
2258
1695
3373
1662
757
1738
765
28
2550
2479
2728
2788
2523
1257
2433
1601
1704
710
1310
2941
1195
2297
1576
1110
1034
249
2656
472
1755
1889
2124
1661
2334
1342
189
1267
148
2904
2415
29
662
1290
301
2740
917
801
2617
1408
1545
11
745
748
802
2071
214
1413
3253
1566
23
601
2361
2168
397
3575
3095
1222
2267
93
1175
1341
861
804
411
652
1411
2324
1062
3193
1958
1506
383
666
2182
54
2131
1910
3525
798
358
645
1234
766
522
1873
219
1002
2213
2262
1824
1262
784
1857
1590
2067
744
2937
2018
1017
3210
395
2901
2939
595
2404
1209
1457
1686
2714
1985
2133
3491
2633
2336
2033
905
3125
2180
521
1856
1572
1417
1184
1372
1907
618
731
130
1307
2759
2125
1105
2835
1041
1669
1355
1157
136
1825
3508
751
92
3130
2184
271
1845
2253
16
1456
2245
1299
1121
942
1625
1158
1425
1266
1455
1592
1774
1150
1909
1437
2007
650
2691
202
629
727
2326
323
2408
320
1928
1061
956
359
971
1966
1493
2854
262
2241
1649
1896
981
2912
426
3234
315
1550
3071
895
276
277
2046
849
839
1206
1534
408
1768
1487
1364
1796
993
1276
192
1219
721
847
478
2603
128
733
100
676
1546
1186
697
580
126
152
297
424
1875
2120
1022
943
608
1122
1469
2725
178
469
648
1814
1935
153
1531
846
161
459
2423
2600
2114
127
3054
2319
1872
674
906
1293
2899
1588
1035
1097
1874
3085
928
96
2308
1053
2914
735
805
511
479
1038
1178
1552
2417
460
543
2448
3164
1841
332
246
1171
1402
2876
1650
1762
3209
1181
564
50
1460
413
669
1971
949
2535
1332
1658
269
583
428
1670
3055
81
693
2830
1023
2697
1138
1551
1483
897
1844
1486
1172
1807
2817
2076
994
2630
1709
1069
2905
2572
1799
640
750
179
1924
779
1453
1710
439
1281
2115
797
1352
1785
2085
2524
1423
755
1192
704
836
239
1598
1193
1111
2145
1968
1638
284
506
572
2742
2919
990
637
2620
1589
3012
638
1905
703
2100
609
99
548
2442
991
1177
702
1757
2398
978
1491
1863
169
1941
1108
1048
944
772
1568
2036
707
384
2011
182
1198
25
770
873
342
1786
759
1949
1660
1395
954
3467
266
1197
2536
1051
1882
2443
181
1316
771
2420
566
3611
2503
2538
2387
864
343
314
1798
2272
855
273
318
210
1134
133
1561
1862
10
1513
1488
1374
1563
1403
1553
2400
799
649
102
2147
134
2707
1361
1613
656
1025
2025
830
868
319
327
444
1359
2009
1424
932
1434
1021
2733
1897
1064
270
1784
914
1767
1009
1765
1389
1836
1608
931
158
206
596
3360
1667
1496
1272
2528
243
992
823
76
1322
867
190
1864
550
1894
639
2436
1367
515
245
197
453
940
1497
678
777
1066
298
899
2193
826
1187
184
963
392
410
2683
1306
476
534
1229
260
3119
396
1726
984
1078
176
1641
17
714
1459
815
574
739
654
2064
242
1584
1426
1031
824
664
935
475
2580
537
1076
212
304
1107
495
1065
2516
1328
782
941
2052
1004
1701
406
1104
1899
706
1624
841
485
547
811
1129
45
49
1615
682
1435
995
123
1036
1130
2158
1026
95
911
211
1461
568
1013
889
2069
1220
2122
316
983
144
590
1256
1284
394
42
490
3321
336
1475
30
1648
1259
379
1484
1647
2137
1369
324
1586
326
432
452
218
1141
2738
1279
287
85
1366
1270
1040
1702
72
188
767
1336
281
729
915
884
2381
800
2845
1370
879
1528
1830
1213
718
1331
1427
1637
305
391
1100
1237
1582
1278
660
591
834
135
73
470
1509
832
726
1673
1746
289
598
163
614
2276
573
1214
589
1500
88
603
929
514
1384
2360
1057
2244
700
1466
59
1231
520
1983
953
631
1183
951
361
309
557
1098
1298
1729
1848
923
43
1103
1200
259
275
122
1439
357
177
1539
2197
186
1167
497
1073
1629
1136
809
2043
2255
2190
675
516
442
1190
1973
325
1252
1271
1826
2915
835
241
822
335
240
1001
145
307
227
840
1133
1548
1575
776
26
1517
496
468
962
446
558
140
398
1079
233
2609
201
1
1194
293
2655
581
837
1005
2416
2200
113
267
505
1865
859
1430
626
422
747
986
774
582
0
224
2074
238
1617
1096
2175
2406
146
517
474
35
624
778
712
1741
620
2091
1010
1518
842
1760
1823
1581
420
560
252
110
237
48
594
1609
407
1275
903
1938
539
1931
856
1338
147
870
8
403
1149
457
366
120
294
454
875
220
70
812
1347
1642
793
1241
402
1540
672
429
363
1995
185
353
1030
331
658
977
12
1363
57
925
121
1203
902
1301
1018
1470
440
261
535
862
160
373
111
465
141
235
528
247
933
125
15
754
489
386
1003
634
347
569
753
417
69
1285
627
503
477
1711
1143
1091
1289
286
525
845
279
425
280
519
1080
667
467
330
381
250
51
213
450
980
221
39
292
290
813
938
156
117
687
215
355
1610
494
473
354
272
1131
763
46
166
1007
67
681
404
659
900
445
734
306
1170
41
38
635
168
509
283
613
1731
549
274
585
344
504
1976
1059
508
143
18
27
1505
1665
527
741
78
255
97
1037
518
1102
526
883
643
251
1218
205
254
1024
491
1152
79
390
749
256
761
1117
139
216
229
165
20
52
291
193
174
142
71
352
579
340
399
554
1063
195
89
228
502
880
232
599
576
1086
40
7
587
541
551
567
689
641
36
1428
14
1239
869
486
451
116
412
108
790
3
321
792
183
55
773
310
155
131
448
449
187
1792
60
157
248
191
692
456
132
926
94
387
696
104
970
150
419
129
372
98
151
253
44
53
346
348
105
91
415
236
203
172
61
66
62
375
124
