684
487
304
466
665
1403
50
43
98
1105
585
395
317
1059
310
171
191
369
1171
1165
215
1195
706
396
816
142
855
1123
149
798
1161
381
918
936
33
1144
716
991
364
137
1134
1342
116
972
407
570
751
823
1280
881
889
890
979
1416
998
1010
1384
47
154
1375
1027
1043
768
1287
1452
298
1278
1044
178
658
561
1023
621
929
25
878
1395
186
675
424
606
959
100
1462
296
445
1244
1276
368
774
1166
217
1339
1338
784
1266
1341
297
1459
335
619
973
162
1368
598
300
113
7
689
1128
1096
696
875
97
1358
562
1357
707
1216
495
140
853
1359
306
1389
9
1364
1055
1029
544
1032
203
596
826
1063
573
92
699
905
824
39
638
678
415
312
342
81
502
329
1101
1362
254
705
1137
974
691
290
1224
1419
518
5
956
282
219
67
271
252
511
1159
70
1007
1414
1115
938
608
316
1075
848
1447
830
576
213
557
892
752
757
38
679
196
468
334
743
233
1421
555
1312
764
923
709
256
470
86
726
667
321
88
55
331
372
680
229
782
1422
736
734
1245
1174
299
715
581
822
380
13
80
441
1251
283
1051
21
1196
1079
754
294
1217
685
594
177
337
183
1381
516
109
1146
1014
514
631
1257
677
620
457
876
291
1349
543
1436
128
820
583
1188
23
288
928
1271
1309
72
435
1326
659
1210
249
319
1116
711
714
185
879
566
1078
1049
436
843
578
988
1252
1206
536
1479
828
1238
328
891
1234
569
8
1292
1484
127
1013
885
1142
429
1030
554
419
1263
1428
431
132
1186
311
1093
160
264
199
1037
339
148
74
387
1175
600
30
318
222
682
194
173
1071
871
1444
259
643
793
1019
305
1310
758
1284
1109
469
1480
338
791
1182
792
721
720
182
1442
406
174
404
762
813
965
1272
365
1383
286
852
1433
1277
946
920
62
1316
1313
1225
1100
384
1164
1024
110
353
448
218
36
1021
595
144
1402
153
1231
456
723
348
1107
54
927
1334
856
760
473
519
22
99
422
1149
1183
937
1112
1148
176
157
1435
1483
503
1050
1463
895
1432
408
618
1031
1426
1158
818
1131
877
1417
926
687
651
1119
996
1382
740
241
528
250
414
919
718
645
786
118
558
459
1335
428
1156
392
28
1138
134
1088
999
775
1295
995
390
498
1194
336
911
220
17
700
1443
1503
44
341
484
662
515
1083
864
1379
1000
857
1374
541
1187
622
866
1493
745
115
1054
962
295
1424
800
1067
535
82
293
12
1056
227
623
32
630
747
582
1476
1098
504
235
537
1420
1126
41
779
730
1041
391
1285
326
722
1073
1371
272
327
1408
1143
1087
1181
837
703
355
1178
449
53
756
367
532
382
1169
161
1496
789
1140
3
417
1324
1060
1034
1431
933
1392
1360
1235
1299
453
1406
1429
859
803
1136
1103
1016
825
951
1488
1163
868
90
579
45
332
237
421
1072
1070
1441
73
123
1094
650
268
141
1012
1133
322
207
190
69
637
1393
246
1469
1361
1167
192
1449
958
572
954
156
1246
1466
228
68
565
187
1477
1057
652
279
742
982
1168
531
1265
744
1033
729
204
1145
129
811
1394
1125
165
377
266
671
520
903
166
1090
1111
732
1121
121
688
607
615
1047
394
563
434
107
917
719
1226
780
1363
1122
226
589
349
530
1080
994
731
1113
924
701
844
1454
4
124
308
488
940
1415
1162
1427
262
1293
842
1456
967
668
749
461
1022
274
1425
120
360
586
574
443
1191
1042
357
660
1009
125
302
992
540
897
236
1207
676
1255
52
476
931
1062
455
1319
1089
1132
556
886
223
538
35
432
79
1229
401
95
663
315
997
1203
313
238
990
635
464
900
77
1099
858
1227
713
1478
356
1305
1473
1274
1388
733
61
1068
1481
1270
78
1129
1355
1300
610
584
472
108
1254
817
695
1008
462
11
19
102
708
1222
1399
159
458
1220
1130
1046
1273
1398
359
93
1418
467
1127
750
508
1323
910
955
354
49
1040
636
483
1470
59
741
672
1448
1074
1076
126
1412
1084
1352
981
285
767
1472
351
1315
894
832
373
1356
1170
796
40
629
1198
509
172
1409
1411
496
135
1343
1085
976
1468
242
641
493
1490
1391
712
966
945
795
802
418
1241
281
1397
590
513
122
613
724
18
330
1434
1104
525
479
10
379
1177
1154
442
87
1150
1304
1153
969
1053
104
1297
362
624
1258
1172
324
101
1290
163
409
1048
485
66
193
189
1152
664
244
1052
854
289
1366
1291
1242
601
1430
628
1333
358
1200
71
693
51
1337
521
912
505
1302
1120
790
548
1213
1095
1370
1259
575
916
1
1202
416
230
150
1286
494
1350
1347
944
1110
862
6
785
765
1288
314
1108
939
29
1275
198
34
398
1215
1279
276
968
234
872
746
970
170
1035
850
263
425
655
831
1114
681
1321
1497
383
388
405
1077
753
1354
486
710
1002
529
836
815
880
447
692
1475
626
588
1250
1028
1467
164
947
261
1491
0
1458
564
147
1380
188
644
1190
374
1296
1160
1445
15
587
571
1192
477
1065
209
303
91
309
1081
83
907
593
592
1474
604
1243
411
1451
117
1453
1204
898
361
778
1320
363
214
787
103
439
908
24
114
169
523
941
1261
597
253
76
202
481
902
1066
1086
491
63
591
697
770
1440
240
512
1282
478
922
657
851
1438
454
1091
546
1180
614
1413
389
1325
1003
1018
31
1240
921
136
783
632
534
1260
1061
248
510
814
1205
1026
301
577
1281
580
964
1005
1390
284
1340
549
402
482
1262
1147
906
197
111
683
867
788
201
616
175
1336
725
609
812
168
932
810
42
1317
950
208
211
385
403
1461
1396
648
490
489
870
656
1218
106
1208
1199
320
833
501
265
58
167
1092
1376
37
1344
1345
451
888
980
984
893
1064
901
863
378
568
