3697
1652
2482
1447
3608
3317
3127
1740
3292
2658
1478
2978
3767
4033
3552
871
4089
2497
119
3740
1397
2604
3288
1987
455
817
4133
1820
3420
2938
3979
2606
3032
2159
1571
2681
1070
2920
2896
4020
1504
1020
4010
3811
1373
4051
3965
1859
2958
1047
2844
2049
2815
3916
3418
2872
3910
3062
2862
3287
1350
2866
1794
2708
3578
1643
4128
3677
1464
3710
3414
3306
1230
810
1295
4006
4065
2999
3986
2561
3107
1240
2628
2026
1323
2101
3332
302
3487
807
1752
1887
2847
3690
2838
1810
3908
3080
3920
3390
3761
1422
3929
2611
2724
1319
1812
4025
2729
3702
1753
3410
3833
3573
3277
1280
3579
3598
4161
1029
3116
2500
3998
2164
3339
3656
2233
2576
3628
3195
4071
3246
2587
2723
3948
458
3097
2836
2702
3976
2692
4026
3074
2206
3240
3621
3261
3852
3247
1201
646
3775
3024
3252
3256
3870
4034
4098
3475
2648
1116
3122
612
3014
2268
2667
4054
3813
2134
3516
2548
3924
3255
2142
3126
2171
4045
3838
4119
2035
3371
3244
3944
3533
3518
927
3640
1386
2029
1111
1391
3917
1929
4111
4109
803
3350
2431
2458
2909
3218
3238
2796
3318
2985
4103
512
2062
4064
1287
787
2478
3819
2564
3995
4157
2358
3363
3966
3229
3835
3674
3259
1339
1083
1816
3406
2000
3278
1698
4131
2752
3889
2165
2789
3997
4144
2327
686
3940
1202
725
3683
4102
2632
2454
200
1696
4075
2743
2032
3892
2701
4122
3174
2108
3179
3859
3984
2239
3286
3290
3293
4024
2280
3489
979
4044
4057
3262
2446
3568
3668
2936
1736
1745
3429
1759
2490
1801
3797
2794
3457
3084
3599
2455
3839
3377
2346
2568
1308
3672
898
3618
1888
2308
1416
1713
2332
3800
4056
482
365
3868
3817
1808
1210
1912
1778
2699
3538
2039
3137
2136
2096
2395
3328
3810
1689
2053
924
3770
848
2764
3785
1263
1356
999
3639
3795
2972
3366
3083
4164
2850
1839
2563
2942
1631
2771
2027
1255
1895
1452
1798
3758
4061
3763
1253
4007
4117
2194
2953
3220
2302
3735
2710
3349
4013
2573
4121
2153
796
3526
4062
2286
921
4108
3502
1385
3375
2852
3415
3529
4049
4160
2468
2396
3745
2680
2931
2893
4138
1716
2598
3643
1251
2078
2021
3515
3607
1304
2662
2659
853
2004
2088
2745
101
421
2991
1867
2785
4058
1597
3974
1501
2460
1835
2900
1959
3354
3849
768
2437
1811
3124
3208
3106
3899
2002
2766
3597
711
3203
3717
3239
3772
2465
1854
3978
1476
2599
1028
4079
3760
2956
3561
671
2616
1246
3862
3440
3905
3855
3969
2542
3952
3517
2741
1492
3245
3712
3337
746
3521
3048
3799
3885
3471
3971
3430
3872
3461
1226
3626
3877
3016
536
3100
2077
3694
3433
630
2201
3754
2351
4016
3441
4163
2287
3729
2174
3703
3463
4130
1292
3507
3091
2631
3131
3165
2126
1579
1449
1813
74
4
2425
3500
2706
1555
3798
2441
276
3830
945
3693
3808
3898
2061
3201
3823
887
2236
1233
2144
2762
2222
2461
1777
695
3022
1315
4023
2907
2679
982
3391
2813
3120
1510
913
699
1690
1940
3906
3738
2622
522
204
3065
264
2905
3275
3844
586
2242
710
3540
2973
844
948
965
2128
3602
1032
3655
2001
3143
3396
2006
1880
3632
985
732
890
668
288
2121
2859
207
3485
3999
2910
2746
1537
3954
2316
2321
278
1616
3448
1656
4082
2889
2352
2726
3531
3052
936
3912
3911
2712
2452
2858
3821
3864
2918
4139
1277
3661
3260
3574
2853
3307
2359
2323
531
1683
2270
3476
2329
1217
3104
1261
1216
1684
2044
2629
4050
2892
698
2837
2904
1524
405
2259
4066
4114
673
1719
1329
2560
2695
4088
4086
2539
1595
600
1411
1549
4030
3636
3865
65
2282
3173
781
418
3709
3015
2653
2556
2459
3541
2557
1993
786
1734
3804
2093
1225
1101
4017
2605
226
2995
969
2210
1355
959
3151
2167
3312
3730
1709
3439
1527
4092
2434
888
1174
1526
3095
828
2168
3289
1191
866
1311
1750
3711
1142
1511
3064
2502
1994
651
3273
885
2633
2758
1580
1818
3435
2063
2676
3831
1400
3231
385
3082
3479
1186
1691
831
2046
1288
952
1393
1630
2030
1408
3972
2879
3478
2265
2898
1920
1469
1979
1682
2583
3049
2952
1892
2508
2546
3470
1788
2784
3373
184
171
1980
2922
3818
4090
2809
555
1514
2601
3983
523
2300
1371
2489
1068
2558
653
597
1480
82
1700
2113
1990
1937
2231
3544
1126
1781
1893
3959
2954
3937
694
3257
3265
47
3766
2930
3041
3346
3425
1840
1161
1770
1675
720
908
3150
2228
3588
3545
2781
231
3725
3737
2911
1507
3468
942
1967
2414
1420
1472
2386
2675
3033
957
3970
2345
2799
1850
2371
2294
1498
1238
1871
3110
3285
1921
3423
401
103
3442
690
919
3458
2199
2885
4046
1072
2589
4047
3176
2366
552
3614
2298
2731
1942
2608
3773
818
3025
1530
2040
1800
3434
542
3422
3272
3009
1405
4048
2189
1450
1442
666
1196
1054
1803
2253
1944
3691
4142
4116
2428
1680
2810
1015
1115
2949
3585
3311
2232
3449
2254
1927
2274
3266
3484
3613
3688
3863
2982
2816
3896
2797
3866
3680
1962
3790
3727
1082
2537
3199
3205
2772
2148
2388
1901
3557
1221
2289
1891
3519
1060
3389
3444
3990
3837
4115
397
1243
301
2377
907
3663
313
2787
337
3564
2463
3296
3057
4073
1657
1410
3182
1379
1602
861
3204
1532
2017
382
2668
2022
1014
1291
1290
11
2773
3713
2553
3701
3987
3957
2961
1841
3781
2218
2196
3044
1296
615
2579
3759
1883
3845
1886
83
3728
3942
1576
2812
2154
1444
3922
2014
1932
3562
1885
1829
1300
2016
1071
154
2795
2102
2303
1935
9
2963
499
3088
2902
680
175
1861
466
2669
3395
3123
3473
2754
3941
2192
4069
4151
4097
2204
3689
3313
4001
3600
4005
3197
3365
4038
1529
3163
1330
1628
3642
3716
2891
3915
2565
1737
4008
3117
4120
1176
3171
1896
3223
1852
3961
3254
3270
2514
2511
3695
3121
2876
3132
532
798
144
1118
1282
988
194
472
1582
3874
1910
1661
2588
1928
771
2832
1173
2103
80
1163
3214
2397
1676
601
3086
827
3269
2138
602
2617
1562
2336
1235
4039
3474
3183
2793
58
814
2118
2090
2686
2494
1950
3962
1915
3900
4037
1305
2818
4107
4063
2024
789
3162
3873
3155
3523
4011
3301
1087
3302
2642
1335
846
2645
3732
3011
501
2600
684
3931
3928
1569
3883
3352
1766
2602
3184
578
1988
4095
1825
1502
1978
2518
462
164
2520
3601
3263
3840
4123
3993
4143
3951
4154
3144
3828
1832
1519
3627
3644
1074
1378
4067
2247
2683
3383
1626
2089
655
1184
1065
1053
3994
2908
540
2595
2756
376
2341
480
225
1970
2533
1421
3281
1837
2410
2235
708
3003
246
3228
1556
3036
3612
1924
1545
2651
1360
2577
3684
3282
728
2005
2703
1679
1462
31
1627
2610
2132
22
23
2241
904
2401
2550
1572
1473
2177
3550
1345
874
1583
683
2517
745
1515
2957
2224
566
4104
2944
4112
2718
3657
2636
3077
3198
2513
2466
2008
2301
319
783
642
3723
493
3796
1390
3610
3224
3437
3056
2112
3645
4134
4100
3249
1132
1146
3035
1882
742
3326
2191
2575
1956
2487
1503
1535
1094
1687
1952
2172
282
724
3291
459
2285
2767
799
2307
1090
544
2312
3136
3308
3060
1536
2700
3480
2382
2071
3031
1497
3488
1487
1577
2076
2423
2983
2248
3351
3069
3895
2596
2120
930
2131
1663
1337
2914
1593
2798
50
374
1286
3504
2335
3001
2650
3268
3079
1756
1591
1008
2442
488
3503
1977
1761
1601
2873
3525
2711
3030
3020
910
1802
559
1254
2476
368
1879
3316
621
2104
2439
3161
90
918
481
939
3826
3780
1730
1457
138
2281
656
1248
1166
2419
2739
2109
513
784
3353
1171
3148
2288
2271
2092
785
2652
4053
3445
1327
2846
2055
843
2180
1181
3146
1587
1632
3894
2744
3368
1234
2086
3696
1483
2319
1110
705
2310
2696
3432
2486
2110
2630
2867
1843
3566
34
2677
2328
3747
1043
2551
3955
2897
1989
588
3594
3654
234
2586
2594
2394
1588
1388
2523
510
1903
3021
878
1565
3483
1845
2363
1316
3327
3511
3629
1922
4002
4135
2238
1708
3216
3832
3753
2934
362
2755
3611
1236
716
1717
471
3090
3109
1715
2584
1796
1022
2124
3593
2349
1671
650
2869
3284
958
1303
1512
1856
2150
1376
1189
383
2627
3135
2878
380
3605
2207
1707
68
2260
2426
2824
3624
249
2504
2370
2671
258
895
3374
3112
3045
2591
530
500
1563
1972
1930
3189
1260
1739
821
243
563
2839
323
583
2448
1038
428
1947
2306
520
3789
3345
3857
3769
1445
2670
1705
3919
2413
3939
3669
3933
3583
2176
794
3401
2693
1458
3720
1208
3043
2831
795
54
1789
1495
1846
1404
931
3400
2427
1334
2742
2450
1361
2337
3508
2412
1721
609
1847
2043
806
2522
2273
849
495
2941
2155
2841
2527
2340
3241
173
1720
2979
1204
214
595
303
3128
1890
2569
1550
2433
1982
1733
3590
2047
1250
3802
1125
32
2333
1547
1596
484
3512
1242
3361
922
1084
524
955
107
1764
1481
2415
896
358
1095
3232
162
1182
2368
990
2971
92
2571
2507
2376
106
2361
1093
2139
661
906
2018
3038
2229
3513
3134
1822
1045
2045
2792
2768
1331
2849
1642
464
1585
1394
2456
1668
1310
438
4019
971
3412
2720
2863
3658
3451
769
3320
1974
2993
575
1057
1033
1525
1089
802
1154
1827
2429
1785
281
2297
3258
2050
277
825
2356
4027
1806
2649
2534
1067
1348
3369
2057
3665
1629
617
2355
3992
3744
3367
1889
2626
3037
2227
263
960
2068
2777
2547
2418
37
1108
1963
847
2453
2549
2156
2169
1659
3152
2779
1109
3555
2449
801
1169
2814
1677
1281
3659
3649
1710
1461
1723
3129
2538
1247
2555
748
2145
167
2545
1451
43
2707
3860
408
1754
2665
1637
1686
2883
2470
637
3157
932
1006
2672
2387
393
2182
409
1389
3264
180
2375
3591
1836
2609
2119
675
2656
1415
3634
3681
3671
740
3347
766
2244
1833
1326
657
3901
1866
2485
2314
764
1427
645
2763
1320
1548
1559
1312
3147
1453
2243
2212
112
128
2691
1553
2170
338
2099
1426
1267
1477
223
2800
414
3055
1097
1523
909
2674
2052
1644
453
3075
4035
1042
779
1699
2263
2117
2715
2234
1123
1612
2217
2135
2157
3982
780
2146
304
1611
3806
2625
2056
521
2264
963
1751
3073
339
515
1674
3125
1105
1703
864
839
956
1791
1273
950
823
1776
2197
1073
1666
3253
736
371
2186
2107
3660
3046
2152
2277
4070
577
2552
2216
4125
3861
2493
3887
342
1941
64
580
206
590
2854
3193
2496
1533
1119
2137
1081
1760
2025
356
391
208
2205
1100
943
3066
1383
1340
4029
1135
2003
2861
1039
1771
2964
2125
1056
2554
1178
2728
1398
3298
2592
2884
2100
1669
1953
682
297
1694
2187
992
2475
507
2360
439
230
476
3111
548
610
593
3477
3217
1395
413
886
1264
712
148
1858
2322
2443
607
2826
1049
1678
3267
1773
2223
1746
1780
993
1122
2143
1672
1183
639
1353
2122
1784
1786
1023
1516
538
2736
2760
2058
2060
3304
2007
991
1762
3119
506
1180
2181
664
161
717
2704
894
1619
4093
2519
3168
804
3421
3170
2383
3641
1648
2202
3460
744
2436
1531
1219
1650
1237
2256
596
1905
1807
1728
1664
1148
564
3194
2721
2066
935
2761
1467
1402
2868
3394
2989
3977
461
1606
1177
49
3812
1066
10
1362
1726
1076
189
1403
1640
2578
1077
2714
565
2072
2048
834
3765
3494
1897
3360
271
550
2398
158
3416
1454
2325
2299
3209
3945
3792
1876
719
1586
1256
280
3319
423
1541
1824
211
3452
2094
1919
1052
2404
1870
700
179
176
2381
791
2246
470
1129
1417
1423
1758
2580
72
2208
2535
322
1976
1742
3343
1767
182
1869
940
3714
3675
1377
976
3413
1561
1958
1900
3314
1799
1147
1815
2939
2481
1560
2087
3072
2084
2528
1229
3329
1805
3490
3130
1162
3392
1911
629
3604
181
674
2036
2367
1695
889
1044
805
994
727
3820
3467
406
2722
1551
1538
1099
837
1868
1134
1220
3496
126
2618
1817
3581
1244
1211
1624
678
69
1938
2621
1984
2694
2326
855
286
2091
3397
777
3407
2951
1617
2843
1165
1324
1459
2309
833
2318
2472
2200
1018
5
447
2390
3685
135
1957
829
1899
1662
944
1460
2614
452
1107
962
1164
353
378
1016
824
1293
3575
1270
1306
1062
1064
1396
2249
1241
582
360
884
386
1285
308
478
1701
838
3138
59
6
1429
2479
2283
441
729
460
770
3584
3427
1615
2042
2183
1430
1276
2994
93
893
1622
125
2267
85
4077
1996
562
752
1341
1743
3670
1493
514
2391
622
1001
394
2069
1168
1013
2420
4129
4059
2129
3793
2296
3000
1613
816
1151
1931
811
2916
1702
3167
1167
1212
1130
1865
1322
2821
1463
4009
1765
1409
2421
3149
3271
1581
735
490
1214
293
2324
1213
202
1966
2506
2937
989
1021
547
2833
2147
722
1133
679
504
3295
396
557
177
782
485
2678
533
604
1227
658
1513
1019
1194
1873
1573
2225
2331
99
1137
3092
2464
2753
1369
432
852
3648
2857
2531
1359
812
1439
901
2524
573
2011
217
1401
1851
3166
3380
2990
235
402
210
754
1567
1475
2123
21
941
1755
625
1673
335
170
840
477
1667
3907
3248
2612
2417
628
1749
2615
2469
1923
1384
677
718
859
1352
1284
2151
1048
2827
237
640
1898
336
1149
1143
316
325
474
416
345
1034
3505
2015
1783
1155
347
2240
747
3051
2354
2081
1491
3040
537
1036
911
3309
1271
2028
835
1005
3498
984
1584
983
1079
1347
933
1878
1727
1793
3794
603
407
1096
442
2769
2887
1999
1790
3357
1011
2416
1041
130
1438
1102
2835
2010
1106
702
3456
3718
1681
1860
1608
1711
457
359
624
2074
424
902
813
980
221
925
3824
270
977
2640
1731
2471
568
1718
205
1975
3118
395
404
2865
1120
475
95
841
1540
1925
2203
2334
3010
2845
2782
815
1913
1638
2597
1370
1366
753
1003
581
1152
2245
741
1275
634
102
1757
706
703
120
641
865
767
1983
1610
261
870
953
534
1973
2663
915
109
2175
3653
2033
392
1418
1368
2161
1203
1252
46
1954
2034
2919
1881
2689
2188
2698
1336
571
318
986
1968
27
224
1374
558
446
527
1231
1301
1605
508
750
1534
1024
1078
2697
1884
156
491
40
351
2757
1685
1307
492
1434
463
257
267
2820
1259
3491
2871
1192
3438
1872
3858
576
518
494
2226
250
749
232
627
430
1091
1342
1030
1729
1604
553
2432
3061
51
715
676
3913
2733
1706
733
388
1474
2817
1140
1769
3321
1830
1069
295
3340
2451
389
2901
2790
1205
1193
966
1017
1010
3499
3379
2447
1262
638
2738
1279
290
543
1598
900
3156
761
1278
591
585
505
152
1517
1665
254
832
3587
1499
1363
1995
649
185
140
274
143
1037
3546
584
929
3381
1195
326
239
1908
757
1172
912
122
660
1848
238
1741
3226
502
701
1590
2213
726
215
7
1298
572
659
3514
897
669
165
954
366
1558
2804
1009
774
2023
256
623
3344
1063
1343
685
1509
1156
242
8
923
554
903
1647
1131
631
129
2276
71
306
97
190
1505
218
880
2067
340
1618
1774
1792
3699
772
997
327
1050
192
1381
79
1844
1289
3428
3524
618
574
496
100
608
1055
1000
3336
1488
626
473
314
1470
569
836
1466
1103
1139
879
2190
1207
262
241
1949
2320
793
159
1907
1206
2926
3164
2400
567
220
739
599
2384
3963
3230
1763
2031
311
146
279
556
3071
70
187
1704
1138
399
469
497
1364
1239
822
928
1086
1909
1198
30
292
45
1199
88
1539
1639
3741
1127
561
1428
357
333
731
157
809
3005
1670
284
721
687
511
400
2424
3459
3221
1128
1346
3495
2503
1025
1035
1542
133
883
291
479
873
252
310
116
1002
147
94
535
1059
528
970
1435
299
1222
1200
539
456
2966
212
115
872
851
2657
2619
2491
2392
2403
3762
2251
2179
134
1058
850
483
1902
163
1985
594
1658
693
1338
227
81
759
216
233
1528
3791
3756
3186
3748
3388
2842
3938
2890
4032
3408
41
1787
1141
2219
25
1185
755
589
1332
3897
2801
1934
3093
2536
3923
546
800
672
560
760
283
193
3180
856
307
0
995
1456
1
869
145
361
35
592
2409
926
2483
411
3359
275
1117
2725
1328
826
3177
2083
240
1506
614
697
260
188
1607
951
1218
18
259
788
354
343
108
2133
1357
1484
1190
792
2
654
2655
4158
3569
1960
2512
3807
2530
3243
2295
2638
2275
2073
1297
3076
3382
1188
2473
1804
2348
3918
2480
691
3431
3825
1614
3706
2945
2311
19
127
1136
2353
454
4031
3589
341
3815
860
3178
1809
196
3784
3362
1004
273
737
3925
2051
4150
2080
1441
417
2130
1692
96
12
1440
62
714
762
437
2921
3188
2140
1943
2070
2915
3878
2948
2115
751
613
842
445
468
1026
56
3856
1482
689
14
1575
305
2992
632
996
3008
2923
1838
315
3536
3101
1599
3469
3081
4137
2943
443
4072
2290
3323
1660
1712
420
763
1446
123
892
1098
2947
3115
3233
707
1159
620
247
448
52
633
1075
3879
517
1500
1031
1609
3551
186
3234
2860
1971
2279
938
201
2705
862
3139
3958
3964
616
3279
1258
1274
1309
4055
1179
3891
3764
4105
877
3486
36
778
1170
350
2330
1294
692
2193
867
61
2654
2624
3631
3576
2870
2719
3565
2732
2749
2894
3788
4106
3522
4043
3841
2379
427
3956
3029
4152
845
503
2105
1313
1232
756
1175
998
57
2255
2369
949
1738
28
765
429
541
525
3520
3559
4018
3560
3419
3443
4003
4004
3617
3996
4140
3646
1735
3219
2727
3102
3739
3742
3886
3666
1997
3902
3482
2774
3527
1916
3980
3743
2365
2998
1842
3006
3455
2940
29
570
1969
3058
3635
1380
3078
3202
2406
2064
2917
24
42
1554
1636
579
2544
3059
2912
1160
3196
1272
355
2666
2009
422
3647
3105
4118
2637
3708
3070
3447
3968
3921
2929
3227
4148
1046
3283
1215
3211
2581
3947
2585
1543
3936
121
875
1568
854
1144
269
730
2082
2013
914
255
1486
545
44
141
436
1646
91
1318
403
2020
3384
329
2158
372
946
3237
131
266
3235
937
2343
1518
549
1864
1649
1413
2075
77
268
1382
1874
465
1007
265
117
412
498
379
551
228
2975
681
426
1641
287
363
1158
973
3472
857
136
2641
2967
3403
2788
76
3946
1432
1437
2881
3909
2477
3050
151
155
2166
2501
487
2620
1592
1299
2116
1121
1826
272
2114
1768
2880
2149
981
2661
1372
16
2393
1998
3187
1725
1209
734
1621
98
2357
961
3017
1367
2644
390
486
905
172
132
449
2185
160
236
526
1145
2385
20
248
1223
2162
17
3206
298
3054
743
13
113
2272
773
2215
1566
696
330
519
667
1080
467
419
2882
987
3250
183
104
704
2955
2350
3981
1494
2730
2851
1917
2250
3372
2462
3225
60
33
110
440
3200
3975
111
3222
369
2750
1945
2717
3816
2315
2038
4021
3554
968
3537
3192
3364
1744
1431
2559
387
3481
2304
3424
2856
2984
317
3145
2685
1521
2407
2098
3417
3007
300
168
648
415
381
598
55
1325
830
348
1570
3547
375
3570
643
3686
4028
881
3787
2603
2899
67
1113
433
331
1268
352
434
635
1823
105
1114
73
2085
1552
1875
294
489
166
1269
2261
882
344
2262
253
3276
2344
3023
1266
775
451
1894
2690
139
3777
1245
1775
3338
2950
2402
2959
3153
2515
3731
2570
2543
2499
1496
3185
3543
1653
863
1853
3348
1257
819
2759
1424
1187
410
2509
1933
1465
2498
1936
66
124
868
197
169
289
2635
2855
2986
1314
2488
2960
3454
1939
3746
3114
3893
4147
4110
1634
2875
3927
2373
4083
2526
2802
2338
3882
2807
3571
2970
3721
2748
86
606
3027
3692
2840
3108
3098
1407
1904
1855
916
2886
3625
1412
1926
244
2634
652
917
3172
2639
3848
1992
2646
3953
3734
3398
4076
2567
1877
1654
2924
1965
2474
2012
1490
2590
1489
4036
1414
2734
2562
3356
3181
3446
2647
3934
2566
2925
245
309
444
