1332
1840
1587
2589
40
666
620
2396
2444
3109
1518
2054
71
901
1388
1584
1860
1063
337
943
1478
3167
2286
440
1271
2922
809
45
2454
662
1604
2581
1903
1457
1469
1598
382
2012
1363
3199
1602
1215
1467
1383
325
324
833
308
2029
2826
864
801
2628
3092
577
3154
17
5
2178
2782
2557
1309
327
2267
2316
24
265
2741
1421
407
954
3253
1672
242
2301
1907
2061
1162
2274
1829
2998
1779
1330
3071
2304
2385
550
1869
512
131
1477
2894
1396
224
1322
684
700
2299
889
254
1198
792
385
1693
292
2163
950
3337
658
710
535
1163
3180
2811
1040
2328
1637
1380
2431
3105
3140
1583
3124
3210
1972
906
2335
3339
74
1876
2345
636
55
2270
1769
522
856
346
2121
2959
1681
1019
1138
2958
3024
3188
2867
1879
2605
2002
2546
1614
2829
2638
2021
29
1752
2005
1213
669
1728
2763
1516
14
1078
2289
2670
484
517
3113
910
1712
2554
1050
1438
1603
72
1059
1194
1719
895
1389
2865
1949
1460
302
2583
937
19
2991
48
1566
1185
2370
439
2813
1282
1771
1702
1087
161
84
2827
1422
18
2445
3077
1209
1447
1412
2986
2176
1371
902
124
420
1331
1709
2698
2946
2643
3229
956
2571
2678
1310
3273
2199
747
2123
844
855
2243
696
431
1533
2905
2064
845
2232
468
1402
2355
391
1045
3252
948
81
2170
1121
2220
1510
2257
732
2883
1627
3134
28
1898
1927
1669
2737
172
2107
1360
2773
1303
677
1897
2529
2313
1841
2102
1827
2508
1254
644
1359
1011
2337
240
33
1511
787
91
485
697
2575
903
1739
1847
359
2797
78
364
3135
922
163
3346
2167
2592
2285
1084
2103
44
2149
1695
547
497
1851
1890
141
2095
1354
602
1933
514
3286
1708
590
2578
1067
1284
754
3344
8
1775
723
252
1091
3047
3089
150
1341
481
511
2283
2847
2857
1716
2539
212
1853
1489
2173
1177
2135
1180
2397
1973
2080
1889
2600
3233
2672
2150
2547
665
318
575
3243
1212
3149
1887
1722
1258
2239
2351
1257
3259
2349
2717
2245
2139
1786
3030
3342
2733
650
2486
955
613
1600
181
2843
1390
1352
993
1620
2513
1210
118
471
672
1083
2106
2934
1707
737
53
1355
1785
2295
2264
149
2848
2936
2382
2120
125
3058
1470
49
2030
1662
1373
305
935
1227
2293
546
1057
3183
2630
3006
2563
683
2448
1986
470
2026
1664
2084
927
2381
263
1274
598
477
2862
893
2184
1706
1480
2851
2574
853
2117
865
1435
2809
2543
3146
2153
1965
2300
1191
2858
230
2047
13
2879
1479
3185
3059
770
1670
2378
2217
1081
1410
1720
3048
1966
201
2478
2487
2339
1407
1567
2618
1241
3245
3083
3321
2202
2146
1070
455
1105
2422
930
749
1208
826
2236
847
281
1917
998
3269
2532
1729
1256
939
1222
3320
1164
2545
2891
1570
430
3141
1440
3035
615
1223
1377
193
1490
1126
3133
978
1094
1749
1881
1525
2536
702
255
1033
2443
2434
3251
159
629
1691
1798
1427
1156
3022
2017
748
3001
2837
1862
2114
1704
830
1569
2641
2237
1110
2374
111
1870
1127
1828
627
1766
1632
309
3316
2884
2868
1668
526
708
2240
3334
2244
2742
1450
656
2519
2983
197
406
2632
266
1895
2419
3026
1262
2609
2864
188
1646
3264
714
453
900
482
3081
2276
0
524
2134
2092
3126
707
259
1568
1810
1264
1734
23
728
944
2650
1922
2943
2252
556
1743
2767
2058
1678
1462
1493
2540
479
2249
2706
1698
2869
2402
2145
1993
1733
2689
2481
1077
1689
1370
2584
1265
3242
3218
555
2412
1970
3144
992
2561
1802
1790
360
2548
2660
442
3100
2369
1219
1536
1945
1705
2987
177
2392
2688
1768
769
3148
1234
317
699
1436
1125
608
2658
2914
3234
823
1051
2441
2386
1485
1267
2467
544
1597
2593
909
2018
2456
1417
233
278
1884
2323
1176
2224
1756
2863
1866
102
358
3280
798
1982
706
1631
2504
2590
225
2319
1856
1042
2929
243
1068
2613
586
2200
2793
2447
326
2966
2896
2701
915
1439
1451
1071
604
1028
2676
3131
140
2461
1030
2390
2430
852
26
153
704
957
2932
763
1959
73
1111
1238
2391
2818
2198
2183
3118
1337
1997
2683
1644
2975
1522
167
2451
2580
1542
2405
1296
2876
506
867
3016
171
1297
476
1132
372
2686
1958
1448
1861
1316
2710
2269
2522
757
2992
2098
1801
2475
313
1788
2330
2329
3340
2471
2799
1741
57
1783
371
2082
2417
2944
86
3094
504
1015
352
2403
3214
244
3150
3235
810
565
964
527
2435
918
1974
882
973
3285
2838
1950
3202
2214
405
2608
1315
1737
2696
622
1399
1382
3182
670
2367
2423
1883
448
2086
1941
584
635
2533
2588
2485
562
2652
720
2556
365
3319
1158
3347
1906
3324
519
2776
2525
3267
3296
3007
795
2823
806
2379
2994
400
2942
3123
492
1782
1558
2460
2890
742
1021
35
899
2067
1638
945
773
2509
681
690
2560
2644
2048
2961
1951
3110
1759
1445
2951
507
1157
2275
2903
3270
310
618
2469
94
1168
1133
854
866
3104
319
295
951
1398
2480
232
1101
1272
2380
1064
394
456
3263
1904
1836
542
594
528
1564
1160
2682
1437
1765
760
2499
2294
1482
851
2336
2785
2141
493
272
2426
995
3000
1643
368
1397
2272
2331
3201
249
3284
1639
735
2205
513
1850
271
2786
1578
2880
2096
1207
41
1145
2142
568
3227
2366
58
1326
1025
715
3232
2831
3042
3043
817
2492
1386
3041
953
1809
1430
2059
2230
1431
1154
2567
1586
926
637
601
2812
1656
2411
3312
214
1379
1444
2358
2997
741
350
3196
2639
3190
2915
1687
3250
142
99
3329
1134
2784
873
3072
2707
220
2157
647
1423
107
3055
974
1471
876
1787
719
1774
2667
1803
3040
1368
2764
2306
3265
307
301
1085
1657
245
1487
185
329
121
1526
20
3166
1563
217
472
660
96
1327
2982
1434
541
1714
1807
334
2800
2612
1710
417
1990
1446
3282
154
1129
454
848
2126
1651
790
667
2656
1916
2476
721
1500
1143
1278
1957
418
569
1552
2555
221
1593
1367
982
1401
984
268
3208
1243
466
1324
520
2744
1805
1174
1928
432
862
537
3103
2668
151
2596
3003
2165
2181
1776
3350
1931
383
1711
2952
2820
354
1762
2361
1290
1599
2531
1456
2568
540
105
2203
2155
639
3276
1246
1591
410
1196
2646
1247
2872
2235
543
1039
1465
533
1378
1233
2999
2101
2446
2957
2290
896
9
1983
1726
2364
2599
401
1971
2046
2097
692
2777
1663
892
496
1000
1117
2840
1975
2769
2877
2496
2921
607
2907
1152
294
1912
465
2228
2015
1952
290
1675
1508
378
1022
1978
2414
592
2821
2807
1353
884
3114
3260
894
1523
2493
3049
2407
566
2722
2550
709
3158
2842
743
373
2935
3011
2761
375
316
3012
1300
977
713
1483
2822
2053
1329
1294
1781
2576
2104
1189
1043
1585
2671
1007
941
2246
1079
1594
215
1652
2118
2748
634
2399
606
718
931
1090
164
1328
2691
2719
1306
1778
2338
561
736
777
1277
2611
495
2140
1065
443
989
3025
1140
2265
3051
2310
751
315
2634
1561
2309
2038
2700
2190
2348
2087
1641
1844
593
22
1245
880
680
289
3186
2871
381
2577
467
3223
3152
106
2398
1621
1351
1155
2817
260
1688
65
2129
2455
2965
3045
793
2108
958
1757
286
2692
2065
2408
625
85
638
2314
2715
503
626
2796
2052
2292
2792
1953
2143
3073
1985
3330
2263
392
2824
2673
2433
1305
2745
2996
2507
850
1925
2663
2344
1235
1018
2138
731
241
336
1573
1014
1616
3222
2909
2757
1791
1880
2711
2501
2321
2819
129
1404
355
913
1113
174
940
155
3018
1321
642
3355
3066
2462
1149
32
3170
2324
1967
257
202
2955
1056
1969
2464
2585
3249
554
2783
1596
3074
578
229
89
1894
2659
2115
3014
3311
2861
3305
1528
764
659
2766
2606
314
3348
2089
2723
1872
3096
1408
2655
113
76
2416
869
1505
195
1874
1948
1515
972
441
3345
1622
2174
1350
983
2458
3327
3279
2008
276
322
3005
2320
2631
1253
1576
2832
3020
2494
1504
874
2990
1735
2035
3247
408
348
2640
3308
3258
2490
2916
379
2704
3056
2598
1192
1252
483
825
3220
1053
1128
2768
1166
2248
2152
661
987
3360
11
1822
1557
2828
655
2024
2610
2709
1459
1789
235
508
79
250
3295
1285
1605
2743
60
2212
923
486
1806
3315
885
3060
3069
1858
863
2973
1943
2258
1406
2483
868
2400
2801
2197
1449
2591
2474
788
2551
10
2242
1082
2298
2937
2653
2020
3138
1097
1199
2716
789
814
3266
1747
3248
1251
3145
2534
952
1507
2420
3147
1545
2477
2063
211
1229
2282
1319
1944
1106
1273
3034
2225
2130
2353
2908
399
387
1527
3224
3331
2393
366
2553
3142
2465
1891
924
2503
338
1255
133
2154
1995
77
1291
2750
361
682
1349
1348
1391
3136
1466
3356
1425
960
1269
428
2442
2342
2620
1502
739
3
132
904
3268
632
3090
1226
745
2410
2193
521
609
3101
857
1761
673
1006
2972
3306
2771
3354
711
1052
2514
3323
3086
123
2034
3205
2307
3176
2721
2079
145
2669
2100
2841
1260
2007
623
162
2424
946
1414
2009
2718
1963
1074
3292
758
1374
223
1976
2977
2798
412
827
2158
2428
130
404
3002
398
2654
3039
2849
231
2111
2195
2341
284
343
1366
3193
1980
1116
1130
2754
2109
475
2537
501
2795
2057
311
821
427
1548
2511
328
812
2094
1261
227
2356
50
388
1503
1498
2939
979
1854
1205
1501
2070
2815
1770
3031
3108
1551
1617
2022
651
552
2781
2373
2666
616
2004
2859
919
300
2266
1830
1751
2045
2520
2559
3116
729
538
3328
2427
438
2255
2363
1475
3046
641
1905
2495
2042
2502
553
238
3353
1831
3326
2250
1553
2736
2726
3163
1072
1387
1506
603
663
691
2740
2072
1372
2229
988
2256
947
1845
1921
2147
2565
3068
2933
3198
2131
831
339
2041
75
1237
2780
1242
2189
1004
1981
2566
815
2816
1623
234
2159
1582
3255
2204
986
3236
3244
3088
46
1463
3062
2902
3161
621
2040
1797
2712
3139
489
180
1031
2852
1606
2948
1999
2594
2457
1823
1344
3085
887
755
426
2091
534
2778
3050
1276
1020
69
1825
2664
2194
3064
766
3178
1867
3213
3160
1312
872
291
2031
2542
1537
2056
1108
2069
701
2552
51
2078
137
2756
330
2332
2387
1686
2137
1263
518
1112
2685
108
1857
1991
3219
2694
1184
2875
1161
2362
1365
287
1308
1902
776
846
2409
2918
2790
980
3164
3156
1428
2738
2209
152
2090
968
203
1323
1843
3231
1715
2893
576
2770
1934
1058
3299
1151
2705
3238
1202
500
3125
2794
2897
2814
2006
2637
1517
1580
1764
450
1914
2564
239
515
2844
916
1292
999
165
2760
1275
3168
2068
1935
1892
1236
435
2735
386
920
445
1047
1497
463
2296
1855
2515
2898
1270
2421
2774
557
1984
925
1773
2277
2727
1384
2888
1913
1899
2401
323
1086
759
1815
1547
1080
3203
2962
2025
963
1964
2466
3115
444
1172
80
2498
2278
1214
2926
2674
1182
2210
675
1524
2787
2105
16
1713
771
3153
2028
3097
3357
2317
2311
2622
1814
3172
3209
2626
3294
253
2878
3336
2839
2538
304
612
2179
1301
2806
3063
1655
374
2699
296
3129
1992
2192
109
1572
1538
2919
1009
1780
3303
1852
3065
3304
2789
2166
1336
1820
2853
3358
545
2923
2920
1988
2623
1268
34
228
3335
2900
1104
1796
1186
2325
2384
835
222
3009
2518
2450
175
657
54
3189
2279
1109
2739
3015
2881
2755
2156
3044
1875
2
1792
1613
2941
1468
3318
614
1683
3080
1676
976
1909
861
985
2860
1896
2234
1795
2762
1918
449
1696
1495
2071
2182
2627
3297
2418
1998
3032
3038
2927
1653
1010
2506
277
187
1144
68
959
147
345
1946
59
1837
2268
2629
2516
1612
2473
380
2931
2586
2687
157
1920
1496
2928
3309
298
2251
186
3239
2524
2075
433
2171
2334
1794
686
166
1838
997
158
2697
1565
25
1738
2019
425
2124
2953
1625
1339
1314
397
1574
813
2343
2360
31
3240
981
2172
38
83
1230
274
273
2956
1492
1635
92
1001
1648
875
3028
1633
216
191
1394
652
740
1610
2974
306
911
1724
1673
2636
3122
3130
583
264
3226
2185
3106
173
1426
2662
321
2500
2569
2625
3004
370
1197
560
2665
47
93
881
2950
1746
2308
1288
2602
1283
199
160
2472
451
2340
117
2708
122
2758
1727
510
2233
1808
646
2160
505
1640
1543
219
3302
2238
1520
871
2845
1848
3228
532
1579
879
2060
531
734
1119
2081
2714
2326
1295
3310
2886
2621
2633
991
2963
87
179
1731
2995
3241
2889
536
2211
907
2526
778
2968
207
1320
2512
1555
783
156
270
2731
1532
1699
3067
2488
196
2489
2836
1962
2484
2133
2315
3204
1877
3169
256
261
66
1311
3127
779
341
3171
136
3300
3177
1940
3052
1124
2023
2601
2459
1592
1626
1742
1725
654
402
1799
1357
499
1939
1817
1049
3277
1685
2746
2523
2436
135
2558
3293
1358
1929
491
1723
2016
837
2713
2530
2866
2479
61
548
1660
3121
2649
2870
62
1812
1232
2775
3029
357
1989
1979
1692
2413
2834
573
1634
353
1259
15
2960
1659
1677
384
2288
2013
1618
860
1441
2044
3352
1642
589
247
1744
1165
3023
1228
3128
564
1003
2791
2365
2604
1772
2215
1513
1821
2083
1342
90
2168
1926
2677
908
2439
1514
138
1987
1961
2032
2887
596
752
1886
799
2969
30
3099
2680
2302
965
966
1403
2148
1190
685
2394
275
961
1472
1717
3019
2788
2595
3107
3053
2808
2970
2856
3079
342
1442
2144
2899
712
671
2747
1793
2303
3194
1661
70
1195
3165
1114
796
1455
3341
3343
2978
3179
581
1590
1175
1755
2753
2752
2247
3215
2804
3061
2930
597
1392
3217
990
1630
490
1512
2000
2470
1915
424
822
756
828
1900
3288
914
1571
2505
2037
2388
2452
2085
971
3313
144
2482
664
478
1220
805
1385
218
280
1153
411
7
591
1289
423
1932
2810
1753
600
525
2835
3325
1060
2259
2895
883
419
1539
2765
744
39
42
1098
730
1424
2917
1956
1395
838
1338
599
2305
688
2186
63
1193
643
2206
2287
558
396
436
780
2661
269
312
267
2642
785
1924
1819
6
344
1826
279
3037
1679
2825
1034
631
2253
1624
2049
1777
169
886
3155
2830
2614
3322
3283
1977
262
794
1589
2954
791
168
1044
1013
1012
146
3221
1863
1027
1381
459
1364
1690
1684
858
452
3246
605
2463
1562
2703
446
1356
1123
3078
2429
2050
996
2647
1036
1658
2964
1325
1615
2110
1048
2603
676
781
377
1347
101
100
2984
1619
2981
393
802
523
67
415
2180
933
1601
1767
119
1595
3111
2720
3082
462
1919
2281
617
2695
2347
2679
1413
746
1005
1824
567
2383
1046
897
3159
587
1544
571
1540
2346
912
488
803
1345
2690
1758
3087
733
921
2371
2177
2684
1530
213
2491
1736
1474
843
1484
335
2221
1244
2262
3290
761
678
689
37
1032
717
653
1240
1073
1930
649
