4434
3852
4627
8170
2034
3183
557
4460
1631
5994
5928
4526
5843
5512
4543
4295
2198
8849
4046
6579
6513
6515
7085
8850
8870
5608
7289
6624
2236
234
4670
971
6140
2015
215
5561
2265
2787
3353
7689
8416
2791
7864
1737
4665
3266
8620
7858
2494
7126
7709
6744
4910
2303
5267
4534
3309
2449
1026
8584
7865
5283
1379
5234
496
4693
1739
4064
4421
8247
14
5848
4362
46
7084
7580
5969
1244
5235
4839
3086
1695
5232
3598
362
7111
6210
5001
4219
1366
4243
5378
4880
2233
8361
2276
936
4593
4390
4330
3305
3946
8831
935
2093
6675
6946
1479
6105
1439
8444
7813
4005
111
147
4240
1942
6878
2423
1846
2375
4749
4527
1888
2064
7081
2095
3477
4368
4882
1571
5942
8869
1107
8785
2650
3809
459
8799
2784
231
6448
447
7259
2757
2297
6649
869
3996
7591
3831
4249
5700
4536
6714
1743
4912
8009
4938
3854
2391
6180
470
5335
4560
21
4111
8085
4126
3520
6402
4110
647
4685
3093
4154
3594
7985
8220
3827
1629
4224
3180
5664
5181
3084
1387
8095
3138
7325
1567
2651
2390
1339
8029
5168
8324
4891
2464
2054
2804
408
5643
5716
855
7821
5072
1887
6547
259
8800
4789
3602
4467
5438
1311
2177
2552
8822
7370
8825
6773
3436
4555
2008
8198
8935
8996
8515
7829
3994
1848
4636
8370
5127
4920
7305
4215
4027
84
5026
7781
5792
6891
876
6833
2805
3596
3810
8999
1843
1532
5670
6882
6183
1268
47
4431
130
154
809
6563
7203
2483
4328
6172
6263
4184
2916
1724
2160
646
8903
8832
7432
4736
5854
5801
3056
7143
6403
2964
8636
8484
8018
4806
8797
5452
1042
1621
6693
3679
3948
4600
7497
4102
5052
1573
6381
5428
3442
1255
301
4510
2021
887
7072
8210
8746
4634
7195
7882
6217
93
118
4397
4548
3391
7928
353
3487
7662
421
2237
6776
6717
982
8897
3040
5515
1456
5432
1167
7522
27
8495
8543
4058
1089
433
7335
3651
6471
5535
816
6011
938
1035
3968
3981
8925
8926
7712
914
2558
2971
2524
1396
8520
2078
7966
3057
4125
9048
4672
3872
6181
3558
1207
7998
2821
2755
5206
7642
8619
7638
7800
2702
611
7764
7758
5816
1712
3315
6261
6783
425
718
847
7681
7803
8199
5269
674
4998
5683
6182
1134
753
657
6129
3407
4253
7103
2616
6800
5117
3537
2763
4066
3549
7442
940
6250
7930
1301
954
9059
9058
7140
8630
3168
7791
8899
4705
4758
1952
8676
3774
6901
1182
7189
3067
78
4561
1851
8145
7606
3039
4552
1331
3038
430
6758
7046
7413
6632
2722
4276
5553
8736
6537
6006
6446
8808
1872
2928
3000
5929
4930
3176
8835
4695
5898
6781
8388
2061
4491
3803
601
5611
1723
6735
8854
7112
7688
3667
1190
2142
6307
8302
2629
7814
8506
5377
5610
2120
4533
1103
1756
4093
6269
2227
3385
5238
6028
6526
216
2982
3325
61
189
7118
406
1360
5466
5872
6759
3917
6229
566
109
3833
5281
8639
3720
4889
1819
7969
827
1792
4129
7087
303
7104
6079
6680
2918
8164
4535
6361
751
420
7963
8749
3591
8550
3049
7922
8088
327
8343
4237
6731
2790
2315
4649
5646
6873
198
763
5734
5384
6961
8851
7390
2314
399
2250
1239
2773
760
3238
5509
3882
7108
1077
5746
6369
7274
8055
6109
4746
8421
6789
484
2316
3022
6337
8871
7141
545
1319
2063
115
2366
7763
9015
6356
7345
8954
4115
8823
4521
7980
3593
5791
8670
3457
1358
6877
8180
8019
8248
4617
1064
4639
4455
551
6221
8175
8014
2351
2980
1076
5389
6099
1648
5348
57
2458
4648
7793
8949
4783
7832
7652
6387
3671
5106
2112
7446
2976
7409
5914
6405
3978
5698
8660
6631
6585
3280
1285
1117
4557
2711
6489
2606
3995
5726
8394
3337
733
4089
2388
7142
4034
5370
6531
1048
951
1855
3
8494
700
853
5274
142
8403
7444
1918
762
8547
8777
1131
4496
4664
3004
5601
6018
7598
8156
8936
2935
695
3998
5286
1754
3005
5815
6324
5940
3191
6056
8318
7927
22
6760
5366
4056
3075
6417
7322
7127
4803
770
1970
1066
235
3024
1672
6426
1124
2970
8320
8649
3214
1578
2875
1859
1800
8715
3281
4070
1842
5170
5246
8101
8716
8523
580
4660
3883
3504
4050
100
7162
8297
4517
6375
4410
456
861
2946
5594
4980
1007
1891
4877
4577
401
35
2559
3990
6763
1866
3977
3933
6616
4451
923
1091
3246
6929
6935
250
540
5721
2455
2239
6464
5202
2508
1923
6115
7167
3797
2803
2225
7795
6350
4872
5298
31
1494
5530
1769
50
7191
538
3316
8074
2956
6321
5761
3614
8466
6390
3899
66
5818
1158
1598
6582
880
2747
586
1669
7458
7054
2281
194
2822
357
1485
6861
5820
8058
864
7952
8958
6424
4744
4042
7201
6086
7801
7751
8753
3992
6979
2428
2576
4682
8910
268
3137
4144
8646
5126
5205
7798
7748
5924
2642
8325
2097
4722
3541
1357
8
60
9053
1832
453
1879
7158
6239
1920
7806
2768
2648
6921
5932
3711
6842
7252
8663
8601
1370
5794
4792
1476
341
5841
7202
6595
1275
6007
4470
1975
7577
2691
1772
7251
4178
5322
4476
712
6492
7249
3557
2655
9039
3739
7181
5840
7060
104
5013
3076
8096
8024
2712
3659
8917
8721
1738
1764
706
3483
7366
3941
8940
445
7752
4466
4187
8852
4620
7394
2748
3360
2905
4272
3053
5049
8566
5039
4426
2288
6507
1318
594
567
2338
4590
5116
8762
3416
7088
5253
1490
6738
1505
5579
7599
3944
5680
7184
7560
7354
2541
8382
347
7989
5565
4346
8582
725
8862
3082
45
373
2275
1550
4406
7951
6669
2965
8573
8405
4514
6643
6248
3922
7028
8056
1199
5383
8623
6969
1053
8161
6674
2051
7174
7171
8993
5408
3225
7297
1702
815
7782
1594
8314
5823
6629
3683
3985
4619
4549
5162
8389
3684
6887
546
2627
7981
5648
953
1219
6708
8760
4256
3064
6845
6415
1202
3410
7402
3707
8830
6812
8465
3695
4095
8409
644
6651
1323
4556
1047
7139
6723
5161
2673
793
5760
5554
3514
4893
4417
3728
7375
454
396
5874
7452
6309
6376
1150
372
7154
1283
5021
5751
1367
933
8761
1951
5023
8675
6236
312
8908
4174
2656
7207
8859
1024
715
841
4294
8134
6467
183
8606
8107
5445
7113
1709
4381
6837
5085
3343
7269
405
8118
5692
185
818
694
7625
2466
7812
102
4581
1133
6191
2037
745
2164
4430
1119
8613
6495
8144
6863
8414
4917
7783
4804
1214
2396
4141
8427
8682
6020
2981
307
1063
4233
7701
6610
5318
8737
4171
5200
6179
7031
1397
5025
987
6523
1651
9014
8227
8945
9035
473
5779
3475
5755
5467
2497
1622
3861
8872
1813
4337
1767
5352
5549
4146
1457
2070
7495
7116
6026
4551
7664
6866
2501
1760
5569
2186
735
3798
187
6620
6575
8813
8411
65
7314
5409
1685
3681
3583
1994
5894
3130
7296
3023
2770
3125
3135
2896
361
8844
1768
8162
8743
8458
2579
942
4699
3324
1880
1777
4378
4966
2172
6909
4729
4054
6820
6207
7301
781
7035
7083
5641
7341
1878
5287
1852
8054
5194
702
4153
5448
4739
3366
2081
2732
6561
8713
2969
1663
521
219
6554
6257
6768
7279
1619
5672
6360
559
2039
3512
5623
6555
4574
8368
3701
7827
5374
123
5201
2765
1965
845
1614
1778
8834
4022
1781
3516
8735
8205
6478
8836
1630
1948
1956
3724
6670
8445
1632
3368
8001
7945
6835
8232
5864
6287
5909
5358
1215
6118
2392
7592
8128
2869
2738
6174
8260
801
8793
3104
71
1434
6232
2764
1893
3111
1175
2476
7131
6524
1127
3796
5581
7799
5443
3817
8050
8030
5008
5311
4518
524
2206
7331
5598
2708
4479
2435
225
6822
3638
7391
8589
3030
5336
3019
3423
4227
432
7307
4257
8557
8614
8603
8345
3743
8971
2697
8677
8541
6147
4189
4247
1997
2468
3234
3034
3432
515
6119
6481
4958
5334
1292
7491
336
4513
1286
5712
5522
6785
8974
3028
2925
2587
5865
5133
2892
4537
8053
2045
5657
8059
8748
5649
6904
588
3938
98
6855
3079
6934
5276
6419
7755
205
209
6439
1639
740
1665
6488
1473
6533
796
4318
5289
4450
5190
272
3210
1838
7544
5724
1385
6656
6668
6671
3094
4890
1766
5547
2003
2584
2469
2331
6060
8617
4700
8654
4669
6997
5566
5252
7055
5997
5605
1084
2582
2583
5412
7298
4053
2729
5316
1096
5312
3174
3654
275
6113
5781
1763
5347
1959
1428
369
5096
465
8186
5562
6494
1650
7658
2985
2158
5625
1062
2125
6069
8268
4834
6003
498
4676
344
8111
2001
3495
1903
1260
6592
2244
80
7450
4403
5684
8590
4497
3579
2813
8348
5470
2564
3562
6343
7611
7915
7902
3590
1429
1471
819
7564
5423
1282
2105
4948
3507
6455
4640
5713
2882
5485
6206
2719
4742
5080
3152
5208
3530
8556
8774
4363
5420
7032
7535
641
337
7759
1146
2368
6581
7593
8404
7588
3542
2684
6854
4757
553
3958
460
3418
952
2470
6308
6968
5217
5917
4626
5946
6313
3879
4623
1088
7537
3911
7460
3716
6438
4563
2613
7169
5251
2153
8211
2085
2850
1818
1718
6976
4348
1592
3010
3498
1927
5966
6111
4854
4931
6422
8873
837
3531
6888
5034
544
589
583
2945
7538
7098
6318
4908
3961
4701
7178
3874
3278
2363
2704
436
8681
8075
177
117
5778
4715
8502
5092
6665
8827
2178
2169
6511
8005
3479
3675
8685
4047
6249
3565
943
5645
2407
4326
8766
3219
6912
774
8249
4201
759
2824
8346
2284
5575
113
5338
1317
3470
1827
8357
728
2848
2799
4079
1217
7529
756
476
5401
4597
5612
3197
5095
6425
5239
8182
4301
1972
6957
6136
6823
3327
5340
6618
5533
1900
5749
6672
3873
4979
1913
1992
3782
3231
276
6627
1744
2647
3103
4181
7029
6527
6150
4217
2336
169
8810
1243
6574
8216
1469
4315
8084
2074
849
4813
7872
3697
4465
437
2082
190
2597
4486
5425
660
334
1577
1384
6397
3132
1440
4572
4787
2208
4865
30
4494
239
4508
2251
3143
1507
5422
5204
713
2421
776
7722
2300
8323
5411
5327
3015
2117
3496
7706
1160
3220
6061
5404
2328
2716
8377
5372
5846
6587
1661
3165
8353
2404
890
5521
1886
3847
7439
3951
4903
6132
8157
7326
2659
5300
358
5589
2921
4657
2115
6832
3754
7600
686
3811
2362
3878
724
4192
584
3017
8706
6197
1839
7362
5718
804
5380
1568
730
3650
67
6029
2065
5186
5936
3245
8703
7078
2181
833
1346
2812
244
3120
8579
3543
7063
2894
1817
4977
2302
148
4501
1735
1320
5588
2914
3212
600
4103
3441
7855
2617
3823
1533
4236
6476
620
5360
4863
2049
2009
534
2340
3753
5429
1499
1721
2209
7455
1538
6826
82
2535
1380
2038
6514
7939
8169
6322
8694
2984
7616
1728
1922
335
6893
7079
4013
4529
2667
4658
4382
5621
741
7724
277
131
6621
4814
2271
3792
6754
8787
723
1667
3669
481
1488
1995
3459
3095
5108
6641
2168
2046
8267
4194
1173
1834
3814
7385
2334
467
2750
8486
8732
7553
7059
4173
920
4720
1835
2478
5279
736
2166
3503
6312
4827
7666
5068
1315
3703
5166
3362
2472
5642
7838
4614
4573
585
2043
7886
4008
3866
6320
2662
2851
3706
4631
3499
6691
4778
233
2119
7473
3302
1949
2047
3689
8857
3705
8342
7811
3876
2939
95
2645
2825
1038
8387
2056
3927
3261
6266
4802
3812
1699
4251
1082
8294
2426
5837
6870
3491
6811
922
7714
4088
4495
8151
6542
6701
8277
7877
3204
3430
99
8254
612
2477
9007
8146
5295
1065
8867
857
5710
629
5149
509
3715
3656
7260
4349
6201
3860
4009
576
7048
1660
8274
8884
8469
1374
3472
7524
7835
5363
4773
2537
5419
5272
6066
6036
2699
7936
6751
6941
6924
608
5131
8172
8628
8406
8651
1686
8875
1516
2845
7242
8692
6830
8360
4844
6093
682
6256
386
8986
6548
7637
5948
5639
7317
7614
1206
8310
249
4995
2580
2406
7721
2234
2256
889
980
4090
1164
7219
238
3424
3605
1027
2735
2180
4384
6690
4887
4104
7102
3574
7804
8139
241
5519
1515
5810
8858
8535
5550
6292
5805
934
270
3808
4756
2681
3611
7233
7905
1205
3434
2618
5765
23
1483
1547
1005
8507
1487
6594
520
6504
2760
4474
993
3837
5259
7468
2319
8273
3244
1155
7192
5009
7156
2692
8266
526
4177
6991
6064
8641
2360
4982
4957
8090
8097
1149
517
4454
3200
8042
4268
3026
5732
8236
5953
33
727
2897
7349
6571
7433
2972
6215
5782
4075
1790
8012
4418
2954
6910
4394
1454
5250
7859
3699
2243
5303
2373
3763
1601
8476
6682
2076
4334
346
8848
1422
451
3700
1270
4469
8679
3293
5955
3841
5457
4209
4142
7534
7168
6016
247
2917
2547
6740
2436
7903
4808
4506
5134
4770
2122
3737
4092
7022
3450
5011
5390
5406
5275
1588
7387
5066
3577
87
893
5915
1967
6938
4200
8221
621
1412
3566
1509
6198
4935
3974
8491
3959
6652
417
3982
4841
1801
704
1795
8960
7250
5905
9034
5923
3310
294
6153
7768
8510
3969
3241
3185
5136
6769
2380
3365
2838
591
6461
3649
522
1659
692
1254
6104
4710
2567
1915
698
3448
3003
4769
8372
3762
6103
1569
6125
8912
2185
5568
5510
2099
8725
4632
5504
4354
3750
5451
8080
375
6370
6123
5954
5596
2590
4226
9012
8987
9043
7935
7940
531
7661
9056
8717
7583
6347
2451
3285
4458
3069
1950
3375
803
7530
7993
705
466
7792
7929
3979
3408
3148
7007
1748
6407
4136
5264
2083
1980
4585
7291
6057
7027
1013
8047
4832
5255
1529
3973
1822
8408
7761
4193
4731
7702
7692
3887
291
1604
5689
2280
374
6015
786
2718
2075
3449
812
5125
6985
7857
7716
3208
1251
3751
4892
6993
3863
8888
7132
2585
4248
2213
4864
322
2503
3355
5819
6213
1427
4868
3869
4504
7845
7464
42
7505
2785
3236
442
6977
4952
7273
1674
3460
3535
5526
4821
2601
8944
7208
1099
1108
714
370
3972
3572
5313
1811
6097
6112
8710
3616
5263
1437
2595
422
2577
6051
7329
6095
6413
5812
6990
6159
2245
4198
2841
4963
2596
1306
4771
8538
4532
6202
6995
8551
2313
7295
8597
8499
8772
7227
5271
5595
7920
3116
4633
1749
3239
8861
3538
8114
3692
4234
7828
5455
1551
5744
2129
8826
731
6818
5481
1988
665
3378
8905
592
3367
6765
1472
697
1679
7587
2823
7490
7077
2772
34
1309
2996
2525
3628
4604
3471
2471
688
2517
2257
6810
2101
764
266
5492
1051
3259
4429
5444
3636
7687
3548
6752
7026
1341
2042
1705
5332
3533
8840
395
8218
2215
4119
3480
2496
7479
7443
1996
3519
5456
6358
263
2797
2290
1641
7635
1303
1654
3321
1514
8178
945
4448
846
2430
2502
4369
8946
7485
4371
4299
6386
7918
7038
2104
4861
6302
4140
5057
6298
6151
6950
5028
4307
8115
6055
6329
1691
6834
6490
9047
5899
1548
90
4170
6204
4926
6374
6234
1142
5885
8517
168
3096
7475
2522
2498
8824
1289
2486
2467
3297
7506
2968
7225
7883
3871
3641
4267
581
75
5224
5424
7884
4716
4762
536
3488
800
1503
2888
8037
3561
320
44
6080
4398
2273
6988
3161
596
2488
8568
1701
3071
3032
5866
290
1871
900
8364
7285
6291
6844
2594
6603
6398
5060
3721
4855
6761
5557
2308
3613
1692
7310
3242
8722
3921
4965
7660
3235
2292
7933
7518
2402
3247
6875
2857
8638
8554
3877
6566
8422
2203
5661
2952
3279
5587
12
7962
7831
5828
8817
6684
2829
6286
2041
6908
4374
3571
3431
4113
1405
3405
4747
8031
4642
4622
2709
3371
8174
4899
7942
2557
1418
8733
1762
7427
5062
1415
2955
2986
3787
7239
1921
3589
6114
4239
7836
5614
5889
8580
7150
870
4156
7630
1985
4936
2460
6008
3521
6380
3291
4180
7238
4674
1052
6157
6996
8612
398
1591
260
651
6303
2831
7823
6617
2880
6412
726
211
4321
1824
9027
4023
2741
2190
4849
8794
8664
2669
2242
8188
974
1477
7767
6365
4443
8418
1
4812
2963
1273
4850
489
6090
4055
937
7737
5369
2852
6357
6821
8016
639
8275
3251
3303
894
7632
6373
4148
5758
7550
8102
6271
2861
7288
6689
9029
1185
3822
5604
1637
7302
4730
2071
1645
3631
4883
719
883
5497
4456
3553
7412
7558
5469
4312
5184
5243
7445
5172
6479
2132
3403
193
7862
1563
5112
490
1406
7133
7484
3639
7873
1443
4853
4481
3352
7983
1779
6025
5695
4579
3690
3691
4878
5343
3749
1580
1870
7136
3192
565
5633
1562
1670
9057
7348
5708
6226
3778
7441
1717
8215
3576
882
7051
7699
1984
6722
7261
3704
7762
6443
3864
7901
1376
6919
2270
2191
1028
926
5393
2523
6847
5107
7449
3845
924
2717
7053
3718
3731
7186
4376
6825
8379
4432
8334
4906
8877
1363
973
2780
8087
1770
1570
1145
1905
4625
8563
7334
4993
94
4377
348
5362
1572
8194
4650
8752
6922
2947
4060
1135
4721
609
6865
2135
6788
1271
3446
829
5036
8367
8847
240
1474
671
1939
7644
7134
1408
4969
7173
8537
7392
6346
5987
4838
1599
8105
8662
5270
380
886
1071
3930
4835
3685
8804
6463
3146
4949
5998
8747
3757
1381
2323
4290
831
2625
8163
7100
5365
3221
5743
3635
3372
4167
850
5020
6418
539
6687
6435
2744
3926
8709
6609
6853
2555
7546
4006
3570
7896
8288
6793
8503
5349
5387
119
3971
7532
5113
8463
1656
1809
1644
7465
8321
8035
1774
7975
771
5867
8143
96
6755
4616
7567
1816
1961
7744
3467
3807
5337
4044
6604
6081
3322
1890
1909
2745
7639
5686
3928
7246
2540
4073
1083
3359
1180
6338
3205
3009
1059
1522
218
7090
101
8819
4396
2632
1696
6296
8975
8957
9033
7655
2059
7536
6203
1720
1455
2279
3275
7312
180
2912
6955
8724
4132
1263
2575
6659
24
2102
3186
7482
5745
8526
2607
6225
1742
6567
143
1362
8040
486
9018
1542
7300
7501
3894
5768
4386
4724
1612
4468
3142
5433
3768
6948
2379
2214
3274
8599
6787
3494
541
9028
6591
5559
3334
4845
8082
1030
274
7696
2347
4477
4485
1892
2634
4057
7745
8448
3295
8443
7117
3358
5632
6881
5314
8734
6640
2605
6520
2792
1216
6664
8401
3396
7921
4702
6677
3698
25
5979
868
2109
3264
6962
528
2311
8965
5878
6042
6916
3012
1797
5319
2734
1040
2092
7234
3091
8338
2843
3077
2066
1441
8864
4298
7155
8354
5277
6841
2282
6593
5209
1404
3804
285
8952
20
155
3339
8995
4172
6749
4675
6102
6568
2369
2260
5627
1677
4166
5084
3002
2833
4728
6862
1775
7566
5227
1810
4725
504
1018
9025
7265
6918
7573
7245
3203
1540
4516
2238
8140
6014
1544
5002
8545
9036
2992
4976
2055
5019
97
8807
5210
8447
438
5599
6638
1261
6406
6843
5573
5139
916
8430
6094
659
7290
53
3725
1771
6836
2967
9003
4176
4100
8488
6743
752
5516
9000
7924
1740
8363
2820
994
6737
4077
3708
4000
2683
5254
3752
5502
6583
2927
3415
7984
1894
8154
3550
8588
6945
2289
961
5462
6816
8185
5203
4010
7425
5853
3908
3929
721
2232
1121
2069
2884
4879
2553
4197
3816
2604
3556
5869
5118
4530
3662
5193
8420
5465
6933
675
3230
3016
7749
4414
4990
1602
563
2310
3061
8583
3849
4404
4978
548
1098
2752
4857
4940
4014
4929
8168
2130
3271
7736
5735
5546
8335
243
313
4719
7547
2789
3740
8882
8697
5148
3425
3129
8739
4284
5474
2339
1413
2196
2512
7165
7659
3767
6450
5213
5803
7231
5520
4329
326
5666
3853
5493
5582
7970
6746
7148
271
8674
1498
7426
2434
5053
4766
6764
7328
5774
5806
2383
6536
3932
2891
627
232
2448
7386
5676
919
1248
4697
6540
780
7753
2998
1393
4002
1452
8149
1123
8909
8929
6395
4228
2569
4157
1361
1168
6502
2872
4528
1166
554
5580
5044
1964
6265
2060
1161
616
7788
8544
2461
3712
152
6486
4199
8240
3536
5882
2532
1478
8166
6578
6698
138
7037
1122
5897
1010
7746
3131
3965
4734
664
1841
8511
5315
1008
449
5266
5591
2002
3107
1225
6569
7525
2687
1789
4281
3288
2876
1174
7683
7258
9046
174
5173
70
6931
7398
3119
4799
5046
2959
2737
8138
506
860
794
788
1814
8829
7797
5278
5879
3179
1585
4780
56
8855
248
3802
7377
2377
6154
1719
5728
6126
8013
6497
6167
4647
1480
8098
978
434
3608
173
2842
1845
4261
1262
3769
2562
5714
7690
2170
5679
5103
4415
1181
5576
3609
8650
7321
4576
5529
7568
8341
1227
6214
2749
7057
8015
1256
817
1500
463
4258
1944
5304
1070
3149
390
4084
1222
8860
26
7673
1513
2639
292
4411
1031
462
269
5104
7213
4293
5986
3048
5873
7406
1636
1925
1525
525
6235
49
7708
5835
4809
637
8773
69
6815
7430
8104
5195
7122
2217
5564
3370
6447
5449
6460
7780
7698
5464
4678
5638
8459
1132
6874
1519
2413
4820
5196
3952
2602
1981
7308
5586
167
3290
7179
5850
8209
5939
5637
3592
3696
1820
8729
2440
2885
5733
8673
8596
7163
8285
2989
6529
4401
2224
2862
4968
3607
1293
7870
3255
2393
1006
4283
7991
6742
2931
3655
4130
6423
4379
5592
7149
7856
5454
2354
6193
6149
5299
8881
1130
5715
7556
7017
6023
4900
7830
1496
5887
6663
8784
5123
6688
8783
4300
6078
8497
9054
5719
4134
4191
4869
1780
492
5478
6306
2675
3347
5784
5099
2940
311
5844
1937
6942
2665
4351
7414
7895
4745
5702
941
840
5974
3074
1436
8400
3881
4989
1968
164
8451
4777
81
4152
2589
1152
2006
3262
2274
3172
3089
149
7612
8450
7770
5102
2707
1399
1269
3395
6590
1349
8004
8148
4781
1825
2394
7009
1305
3665
256
8213
4848
2007
1169
4825
3102
86
8498
4190
5129
8665
9011
385
2834
8065
8315
658
7196
1953
6238
2920
2934
7343
605
6795
2640
7925
8704
3486
4939
3676
5669
821
2975
4333
560
2193
8441
4452
1935
5426
2030
1312
2163
8126
8578
4788
428
8791
1350
4159
3319
8032
3954
4473
8680
4461
7842
3668
2450
3623
7861
3273
5635
6493
2794
6474
8480
8868
8039
3794
2321
6044
928
8567
1025
7182
4545
3658
5178
6152
5038
3195
1782
5086
6071
7424
7411
4843
4584
4035
3101
2405
626
6466
6516
6859
4024
8355
4359
8600
3046
1678
4997
7404
8305
1556
7912
7004
6796
2599
6930
5696
7212
4696
4244
3735
7773
8457
5959
3606
5055
5075
7816
6824
2796
6860
1681
5571
8699
617
6276
7909
6209
7218
3105
6158
8815
4790
6500
6914
4207
5813
7403
1000
8160
6045
1618
2806
8020
2593
587
3758
6545
7565
1729
288
3793
424
7875
6199
4973
5797
5325
1337
3892
7106
4596
1736
7248
643
7110
877
8607
3660
1395
3573
3345
5461
8653
4775
4025
5731
2723
1581
2506
2666
3036
4122
3653
2223
2774
4667
5574
1799
5297
5460
8801
6334
8045
6619
5440
251
6161
4567
203
1676
3413
3263
4335
3298
488
7735
1378
5659
3240
806
458
2457
8176
6706
7015
7727
3011
8655
4428
3850
784
2343
7000
4692
2865
6982
6388
3237
1635
1460
7841
1433
949
768
5160
7359
1257
1897
8479
4805
6817
1745
1741
3207
7972
7849
7926
3062
7548
2453
8362
2389
4652
8727
7410
5647
2565
2348
4896
4128
3100
3181
4255
287
1901
2490
7742
6459
2087
997
6952
7950
5342
4656
6637
5413
3702
8011
3187
2895
1111
5536
2298
1321
3330
3429
4691
6880
4358
1242
5965
8984
8094
6565
5814
3065
6525
4796
397
1747
4036
1191
6728
8648
7337
503
7096
805
2397
3150
2868
512
7401
1963
6713
7292
8776
1624
4785
7371
4004
213
1421
4727
668
5617
2706
9038
6434
4202
7822
7601
6410
4108
2401
2139
3677
3341
4308
4569
416
5442
7581
3037
7665
3527
6879
1898
8719
9009
3112
1911
1224
1291
1300
6273
2154
8942
4206
6971
5147
1982
1140
2769
8982
2809
5100
4387
2901
2900
1075
6240
929
8066
5350
1373
8820
5545
413
2454
6362
7095
1195
7959
4703
814
1833
6451
6000
6166
5109
1209
3201
1960
6050
5174
4480
3500
1917
2415
4145
3482
8397
678
7840
7941
5482
7061
2836
8025
992
3970
1596
1575
6905
5305
163
778
2355
3218
7319
8046
3059
5292
8316
989
6100
6408
6462
3688
1335
367
3967
4774
3087
2255
5764
2828
7318
7633
8287
533
2499
7320
2400
7885
2155
2114
7654
5977
5705
6445
5876
8963
7287
4291
129
1791
6444
1910
5230
3311
2212
7363
4613
3249
6359
6917
4444
915
3586
4367
1277
1675
1815
1932
1044
7772
7138
4587
6430
4740
4559
8529
8763
7094
8069
7866
4638
1991
7294
468
8904
165
4607
9049
8731
6900
4568
1056
108
4425
8073
4944
6392
4741
8668
8622
2695
944
4901
4819
4735
7281
7120
7843
474
8744
359
6696
6503
6596
3748
1307
5807
8472
1558
5033
8879
2622
1582
1115
4250
8390
2264
5187
7210
8625
7456
6913
4275
3020
2159
2248
1234
4007
182
120
2847
8558
5074
3021
5748
2531
1876
7217
2254
7352
7705
4143
3931
4837
4502
8565
516
2411
6623
2367
8303
4981
6661
960
6699
7457
2240
2960
5135
7229
3600
1163
1442
3781
8843
8317
6032
8887
1019
826
487
8191
6694
7808
5376
6421
4061
1983
2810
4655
2990
3171
5015
579
958
4162
1802
5296
7153
2183
720
7805
7498
8492
8705
1971
4985
5288
6072
8998
6453
6254
7066
443
3736
1926
5956
9022
9026
4342
2948
708
8284
8283
310
6400
2610
4522
7760
5014
6899
5323
2743
5518
8616
3099
1977
4112
1896
4327
8691
8866
2906
902
7937
3966
3268
4666
4163
452
1141
4915
2907
202
2922
8202
5436
6732
121
280
1375
7508
1458
7802
5293
1403
5572
299
7235
7065
2412
3117
3400
3775
2124
2987
7839
330
7437
8513
7734
4336
2346
2329
6786
1450
3888
6710
6753
5849
3943
3513
1192
1698
569
7333
4033
2609
4956
8788
5982
1481
7624
4662
2133
2870
5421
201
3848
8950
2766
604
5777
4823
607
7338
435
4361
4364
2229
1978
2530
8109
6186
1194
7193
3547
1072
176
4313
1120
1204
5345
5405
5260
1159
5754
4213
5655
5926
5301
3394
3267
3121
7691
1238
4218
3492
5962
3840
6189
1074
8964
8973
9040
7075
9017
5119
1831
6259
6702
200
5704
9
3173
6573
7222
8328
2416
4072
6809
402
5860
2441
5156
2539
3783
1528
2520
4051
2571
2511
8089
4779
1823
4082
7879
834
7668
3693
6553
4488
4020
2621
8322
549
3630
2161
3414
478
4169
999
1176
3745
1746
2445
5762
969
7372
867
4011
10
2721
6139
1623
642
103
799
5534
5416
8153
7476
2005
7557
37
366
729
4341
7299
3223
5528
7891
4505
972
3986
2414
7874
2192
5382
8532
6819
5051
5651
4928
6034
6195
308
1974
2698
5921
5006
2091
3663
1438
5950
7511
8279
8281
5968
7643
6994
5165
8351
6966
6869
289
7187
5711
1600
2372
5164
7622
252
2951
6599
3182
6655
2859
7604
4380
6839
4091
161
5951
1916
7979
8933
4918
3909
1212
6091
8742
8359
2600
6194
5262
571
2446
2696
7728
789
3373
5991
2349
1020
1999
995
2527
4635
3522
2188
6002
7504
1546
6517
4512
2973
8296
5896
1459
2726
4216
4807
3859
6224
8631
2819
6791
7339
2106
4360
7976
6505
7968
3575
6385
795
881
8052
2929
7396
1316
5552
4220
5884
3080
6857
5904
7166
8684
315
2408
622
813
4482
8531
5729
5450
3027
4859
6482
4609
2398
1034
2370
6634
332
4594
918
7824
3377
1731
8426
4776
5410
5620
3073
8792
7223
5381
8686
4161
6936
2204
8992
4919
136
5418
8559
6678
199
5707
9023
8252
306
6940
3544
7667
4065
2740
427
6750
4409
1829
6368
5901
3560
8591
1605
6363
672
5795
7474
3923
988
3317
6646
8536
8043
5999
2660
2249
1885
8780
1895
5101
6727
4688
4772
7226
8759
3935
6937
3463
6730
3007
8280
757
5626
343
9010
7750
3331
6884
2798
2943
450
3313
8812
5503
3918
1683
2720
125
4373
7369
51
3318
6379
1560
134
8230
1640
8667
8539
7627
8086
3452
6065
1671
3489
4076
3001
7129
2835
8456
1751
3764
1196
5934
8907
5597
7850
2352
2267
8271
6372
7572
2509
5484
7513
6155
8672
5513
1694
7415
5179
3445
4942
4828
625
8022
4709
7183
3485
4155
6925
3525
4856
2474
2661
4106
3733
2938
1634
5918
4164
8330
6483
6987
5351
236
4416
5291
4319
2017
7164
8561
7024
7030
6673
4525
64
226
1559
7069
3419
4830
1402
3284
1666
188
6920
2482
7848
4761
7971
7999
6163
4871
7809
8806
7551
7871
352
5447
4897
8618
6458
7052
7680
8642
3891
6792
4352
6739
5706
4080
5197
273
7276
3412
1468
3481
1858
3621
7590
7123
765
5830
996
3008
6062
6984
4375
1157
3517
6063
2495
8811
6279
2384
5188
5395
6027
4221
6999
6040
8947
7947
3760
792
4764
5082
709
4637
4086
2515
7649
8272
1276
2866
873
6528
8632
8229
3497
9002
4137
3886
7447
7361
7040
2433
7264
851
693
3156
3747
4067
2048
673
246
6288
4242
5996
6614
830
7097
5967
8312
383
8081
7240
2032
2309
5143
3657
4118
6030
3588
5616
2958
4750
8968
6981
7720
4305
4846
8689
7360
6083
5619
1543
229
6926
7897
6335
2353
4292
4464
7451
5385
7995
1102
2437
4121
222
5920
8461
3031
6712
8201
4810
2815
5925
4713
6073
350
5583
1278
8385
4399
7408
5629
7844
8399
4916
4829
1541
8911
5078
5400
6442
3937
7082
690
2881
1732
2439
5682
6084
7353
4205
6135
4571
5763
7423
5517
5041
8356
775
8167
2855
1857
2598
3342
7304
5578
6059
3155
6101
737
2
7682
429
5064
6512
4212
3988
8062
72
513
3159
8922
5059
8158
4671
6601
5993
4698
8243
1029
3643
5863
8204
3924
4726
2197
6220
2131
156
5373
6703
8795
4436
3890
1649
7964
477
4885
6289
8865
8980
6858
7145
3072
4621
403
1417
2312
5786
224
1527
5824
3363
7478
1869
1576
3786
8508
6570
7636
5881
590
3624
1520
8915
114
568
1583
2359
4714
3144
519
5922
1211
8471
6605
4644
3473
624
3795
8576
2643
3283
5171
1095
7685
619
652
4786
4881
6009
4325
5040
4689
3447
8239
3916
4578
6311
2121
389
8728
3963
6268
8923
4847
4945
4732
6612
6923
8927
8233
8293
8057
5827
300
7994
7002
4433
3905
8183
4439
2089
6414
2072
1333
6770
4886
1727
7582
4909
1881
9055
3202
1849
2241
1465
1611
3784
2957
8913
7008
178
3742
6538
8060
7931
3035
2493
5115
1419
1143
4686
5775
7023
6851
7382
7515
2620
3919
2364
5225
2263
991
2995
3821
2067
1351
1392
7253
7483
2024
2386
4953
3335
2098
3160
2779
4937
615
5501
59
8637
5507
1518
8516
2199
8036
2781
5094
7596
227
836
4852
1492
7904
564
3528
4026
578
6960
4472
2853
3819
3427
368
4858
2646
5294
638
2410
7554
4127
8581
5357
6508
7358
879
2979
4794
4782
6295
8991
4277
4873
495
3618
1807
6305
7533
598
7073
3033
2252
5665
7211
2259
171
5248
7256
6628
7906
6039
88
6602
6067
157
5933
2544
7552
680
8893
4986
8258
6089
670
6416
6275
4954
6267
6521
1342
1938
1943
3766
5667
1147
8455
5152
2337
457
939
2808
769
6082
3307
5048
5652
8621
5693
3194
885
4203
6543
4085
2581
3296
5880
8193
507
3417
3440
687
7754
1228
4029
2325
1050
2664
6317
7779
409
722
5124
8891
5180
7407
2094
2156
2572
6944
2878
8327
844
1144
2624
7887
11
2536
5128
6323
3564
7640
5798
1836
1954
3913
3258
8262
1284
7974
1137
5919
4270
2578
2936
2278
3779
4611
3213
8549
4188
4306
2100
5602
5146
8592
9030
5903
3340
8133
7336
7787
8071
9050
3402
1310
2019
1259
7710
329
6038
4096
4668
6290
6272
3178
2860
4751
4499
3070
4718
8398
906
8187
691
127
4442
7293
6130
5257
5483
2742
3349
1369
145
623
1673
3626
6070
8919
6314
946
73
7160
2932
7428
7327
6577
8701
1297
1853
1517
4962
8853
8914
8708
2175
5943
6108
1296
7700
871
7204
7938
2961
7686
5941
1226
3401
2680
5233
4186
6890
5895
5097
7949
4471
3383
7820
9008
7723
7743
6519
153
7492
7062
6472
1955
3559
7494
3455
3145
2714
7563
2759
7070
5431
3226
8521
3083
6052
4323
6903
2635
2528
6499
1017
3167
4016
3338
5673
910
3364
5320
8595
5636
5222
8231
4630
2382
2295
1554
782
2693
8542
7833
1934
8754
6608
7543
5132
7056
2376
7523
7670
6076
4737
5756
685
891
2167
6650
8478
5723
3526
3950
1969
6576
8119
3506
2690
5397
8489
8429
7272
2795
766
5310
1171
4087
6686
7776
6951
3299
7953
91
2221
5145
6277
2542
6117
8624
7324
8257
7562
304
3604
4392
472
1353
5691
6383
4608
4246
455
4165
8652
3127
4419
2677
364
3791
7807
6667
6498
6734
8276
8412
9052
5893
3216
3694
3674
1230
2365
5817
8051
6600
3844
3726
8304
4279
2573
1086
3999
5120
6092
2753
1947
1448
5961
5983
6211
5027
1229
1218
5061
1711
1610
7894
912
324
8846
3256
636
7214
6035
7718
5333
1753
3088
4304
7663
4195
4898
677
5056
7466
6116
6871
2079
6715
4801
7130
162
5859
7578
1908
7540
6326
2560
1015
4991
3805
7584
3893
7176
7152
2889
8007
811
8880
8533
5868
356
3461
5089
7462
3597
6959
3759
3043
573
2246
6156
8493
4553
2226
8586
2614
633
8771
6465
1929
5703
5701
4019
4285
7656
8555
8195
3960
5678
8802
6049
5787
4405
3601
6506
907
1012
4339
3568
4677
8136
8943
4733
6164
8789
2143
2492
8386
8961
1201
2403
3957
7826
133
6227
6797
3555
3776
6544
4222
1826
7834
7200
3428
1330
1266
6377
4492
4389
3090
7555
6299
4252
2974
4366
8190
6110
4041
7282
7741
6989
5379
5699
8130
3300
7575
3983
8159
7266
5944
36
283
2703
6043
7092
7076
6176
319
8464
8519
4370
2395
4975
9031
2715
5434
5875
5176
1410
7493
3806
5937
6367
282
4083
3645
2077
3243
2887
3014
5488
6120
1882
186
6168
2514
4950
5069
5407
2510
6336
4183
480
839
2026
3063
1945
8838
8841
7197
5709
8658
2908
1868
3406
2148
5105
2886
2538
1930
3991
3139
6975
7597
5029
5403
3501
8413
4663
1039
6106
1931
514
2447
1589
8828
7907
8610
5324
4748
4269
5740
3233
5992
614
4542
2247
4343
4599
4062
7356
1608
7429
8419
2700
8938
3900
1425
8966
2219
5268
6856
5541
1359
3052
7846
1526
7954
6804
5511
354
3464
1617
5577
318
5415
3118
2322
471
3640
7418
5871
4902
7676
5911
653
2966
5675
444
4659
5634
711
5050
5237
7124
2879
8514
7071
8150
3025
3333
4603
2570
8270
4723
654
1258
1733
8487
5031
3875
8041
8845
7487
8223
7774
5446
4933
2930
4160
8319
2294
4280
842
4684
4487
1009
7704
5427
2588
3393
6790
8433
3392
5558
7330
3730
7086
5499
3896
8528
6293
2619
5439
6911
6709
5043
4870
4037
7247
6647
2761
5463
930
5737
6902
8548
1750
6808
3828
9021
4888
899
6560
284
4462
8790
4385
3585
52
8876
5216
2807
7602
3617
137
2286
7539
1105
979
5836
3254
8990
2442
1203
5785
4133
8064
8340
552
4791
4001
1966
2689
2025
4984
5858
5392
5083
2950
1884
7379
8671
2676
3379
2701
7881
8079
2342
6549
9051
4211
2068
8883
3398
6541
1658
342
8152
9006
3154
3629
7603
5957
7421
8687
410
7220
5142
4589
2473
3211
6928
645
6281
3901
2561
6906
7957
2556
7
773
2182
8608
1162
8147
5727
139
2566
4413
5183
4273
8264
5570
7074
1603
1189
8741
1060
1193
4763
2775
5185
485
1372
2793
1652
3451
537
3648
7144
5542
2840
7944
1788
206
7170
4296
58
3510
2195
2549
3578
5971
392
6766
5137
8490
4694
4493
6838
7190
5228
7784
8155
2272
6721
39
5663
959
2409
4943
5012
2261
4311
1414
7496
4402
4422
2863
1680
4618
5157
8261
4690
4811
4759
2211
2725
1506
6253
210
7383
3993
4182
5560
4983
7045
5802
3484
8116
4331
7067
7177
6243
3914
3141
6280
5414
8878
4643
8932
4987
3162
3949
5907
2658
6771
6778
8246
4717
3361
9019
3376
5396
2269
6457
1246
4303
3045
3829
2949
947
6947
5256
1240
8898
716
798
2378
913
3282
7001
8077
5459
2020
1616
1482
5070
8173
19
309
1401
8235
7943
7440
2736
1466
802
6404
3308
6300
4797
3136
2623
5088
418
3123
3903
4347
1411
5650
8206
5182
8263
5371
6886
2456
106
4646
7613
3085
5540
1793
4435
4259
502
3830
5788
746
1706
3964
6255
2827
3789
8179
2867
5972
3257
4289
6692
6218
1444
3936
8026
1574
6889
676
3545
6868
807
1356
3632
5927
281
3727
2035
17
8366
4120
1486
6301
6588
7695
2475
6310
4229
8856
1298
2268
6748
7206
1489
7595
3153
8028
1295
3744
4498
4923
8683
4353
4210
7021
5175
6534
4907
6247
3332
297
6283
3563
4078
8924
6017
5654
5618
6315
8714
1279
7044
8286
150
967
5472
7914
6896
7064
1657
2427
4071
3567
8983
5964
3018
8751
8633
975
7033
4332
7679
1537
5913
8171
1467
7351
5130
2801
7898
7961
3843
8972
5076
5471
3409
1962
8076
6784
7711
1245
3642
683
1491
606
5247
8269
1106
6319
5690
2776
2546
6187
2926
76
1085
1761
245
6695
2504
5857
7520
1287
7467
4039
4941
2688
1329
1423
6586
7397
1354
7243
7669
1061
744
8818
7674
376
8768
3269
1037
7101
2022
4580
5399
2678
783
4287
6676
349
2923
5856
8522
6580
3199
6351
2399
1036
6622
858
1033
3717
5687
8569
5490
3314
5004
555
7016
749
7080
3110
3587
5375
5090
7738
2898
603
2771
4924
3081
888
230
4032
2942
1079
4043
4992
743
8189
4286
5960
3433
7851
7161
3157
1232
3224
5306
7188
7043
4445
6237
5831
1432
905
3910
4564
5435
184
8890
5757
8407
314
333
7628
3292
8371
6774
5653
3622
5494
5662
2016
3907
824
2636
2991
1643
500
5214
3953
5624
4914
5302
3838
8311
1252
6986
5800
1445
699
2419
3465
5839
8425
734
854
5207
7911
5668
8410
3709
2657
1946
8886
1178
2705
983
7488
7036
8816
4974
4712
8906
5361
8997
5077
2266
3193
5930
4570
8781
7617
7477
7888
5273
5834
3051
8259
5615
7521
7438
518
6597
3453
964
1100
832
1461
3777
1796
8344
4743
4681
6005
3976
1094
529
1595
4904
5330
5741
5016
6
5054
6807
158
2305
970
8786
7047
6846
790
1241
8460
6233
558
5890
1236
8920
1101
2138
5344
1606
1179
6325
5402
7005
1940
1055
8657
3719
8666
5799
7050
8068
8349
8981
3826
1993
4683
8251
5877
412
6729
4
7221
8313
7355
8955
3666
1274
6242
6196
338
703
8253
196
5110
242
2988
3612
1187
948
8640
3277
5261
6327
5198
656
3523
3106
5555
5388
6685
8452
3228
1280
3842
7316
5783
5430
2422
5981
2631
3627
4297
8333
7739
8805
4440
898
4503
3682
7198
8504
8477
381
7010
2649
1054
4437
13
8197
2756
5769
981
3644
3147
6598
3140
5144
3997
2162
8402
5973
4265
146
2811
8969
7967
5908
8634
8308
859
4463
3815
5750
5
2633
6767
3248
7395
6584
3444
2612
1453
3029
8393
5808
6074
4860
7889
2452
5114
6332
1914
1087
5832
2173
5505
4097
5567
3055
5265
3515
5018
1021
2357
748
4232
3206
1837
140
1382
8916
7278
6572
3474
4795
5600
426
6972
7672
3785
7988
6805
3217
6251
4500
5947
2628
648
5753
3582
5861
5776
667
4784
7486
911
3569
1302
8217
2018
1806
962
3603
1165
4355
388
1253
2262
7678
602
649
1324
1237
2128
55
6230
5453
384
6144
7384
1534
3686
1812
4138
6998
5022
8378
7607
7121
1700
1383
8440
2694
6048
4541
8678
8894
7570
7756
2873
5888
1757
1470
2326
7417
1345
355
6134
2345
4711
2997
7151
4679
6509
3113
8329
6963
7268
1862
8295
8289
3190
8375
7147
3399
7932
1138
6803
2526
5603
8778
2883
8481
7910
2324
4925
4546
2228
1080
5159
1530
5697
610
4048
1783
6141
6469
6185
6662
1642
4340
7719
4208
8574
1979
8587
4107
1902
1873
7470
3050
3122
8200
4815
2993
2782
7955
5437
5506
8278
5487
1407
1001
8874
1046
8142
316
8930
6679
68
3942
5441
2052
4972
5386
2285
3312
8609
6562
6169
7373
2151
7769
8931
2915
1693
2924
7502
4960
6756
6162
6252
3134
6246
8921
4996
7586
3384
4003
4320
4045
1247
3490
461
8358
262
6635
7315
1446
191
3773
1734
464
62
7589
2058
6282
1512
6556
8250
7810
5155
4765
6142
6606
4971
2550
54
5394
838
1856
8755
2050
2818
3260
8434
4798
5249
4068
5091
3897
7199
7569
7965
6633
8291
6939
3386
5681
8207
7244
5341
6639
4539
5037
8524
7576
8300
2358
532
6965
662
172
3599
4851
8483
6970
8003
5475
124
2116
6611
6328
2174
2489
1821
1613
6716
2615
3637
4101
908
7732
41
2235
3462
2080
267
5514
7634
761
6468
8707
630
7209
6883
5532
6943
2519
2630
5111
7545
5886
2727
4260
7388
4913
1014
7013
8120
7471
1043
4114
4967
1464
1707
1128
1112
7284
6148
8383
7620
6992
963
5985
5236
1294
2682
3738
8123
6535
4124
5191
295
6636
3476
5317
4767
4030
1002
5736
3466
6953
4524
2462
5780
1093
6741
8473
4175
666
8352
1552
7868
32
365
1097
4098
8127
6013
7099
2218
1710
1344
4565
8585
1493
3581
2674
5005
221
4245
3306
2786
493
1391
4393
6978
5531
8255
8380
6431
0
1186
6660
8129
8122
917
8782
6827
6852
1713
8896
2864
1620
2746
5098
1347
2902
8534
8839
6496
8070
7034
2533
18
8505
4673
3788
810
8112
4235
2040
1435
4755
5496
3151
3357
5003
785
4021
2012
3420
5153
5223
1136
1521
7185
7420
5978
6001
820
628
3175
2919
8798
2333
4179
360
904
1647
223
1904
5073
5151
1597
4592
6190
293
7854
6004
3846
7878
2287
8023
3126
669
3068
7039
6137
6333
5988
7919
1308
3670
8602
635
6341
6354
661
2145
7817
6681
7853
7677
1090
3540
4738
2253
3042
4149
6019
7531
7986
3912
440
7609
1906
7500
828
4818
1148
5851
4395
5495
3619
8525
6223
8803
7236
755
6477
1073
2387
7378
1334
4317
1129
3209
4483
3902
6718
4606
8192
2417
8937
8298
2543
6532
122
4961
6454
2653
856
6192
1067
1267
1511
317
7042
3975
74
6956
4278
6470
305
1139
5995
4225
2317
5938
3508
1068
6892
38
6285
5766
6907
6775
4768
83
431
5367
5773
391
4309
3350
6184
1566
1249
7119
7481
1784
4911
8723
956
1874
1231
556
3646
2603
6615
2201
1607
5644
7847
1210
7631
1041
1078
4515
1220
8659
5017
2909
2778
1265
128
862
7519
7089
2202
8474
8067
2485
264
6813
63
4407
787
7453
3834
6098
732
7507
3755
7765
5931
5140
6932
1957
8093
8214
1495
742
8428
482
2574
8301
7516
1451
8021
6644
3595
5952
1368
3858
5030
2513
7399
6589
2733
650
6806
1590
1172
8842
5910
8110
1198
3041
8902
8604
6558
1628
5793
5945
613
4605
7277
1998
1153
3387
4831
4490
8374
3524
6974
5825
7852
4135
6165
1304
2465
7785
6782
7574
5010
5590
7416
1118
5087
1854
8779
8837
2762
7778
547
8605
4453
217
7254
4754
5722
5218
29
6518
717
4012
990
5720
8002
2802
5660
2438
7794
7011
6897
4350
4116
7019
9020
1976
1646
3505
8063
7271
6867
4271
3006
3813
7448
3714
6487
6384
1561
8527
5353
2817
5525
5613
3222
1864
6352
6983
2004
7715
475
2751
7157
663
3820
1716
7463
5242
3857
631
8121
5071
4645
7876
2459
3438
3287
1197
3189
2911
950
3800
6031
6427
574
2023
9005
5935
5479
7899
6401
4816
7948
2027
998
3252
1668
214
1431
5551
6683
2231
1183
5900
419
7726
1200
1722
3458
5829
5138
4040
7917
595
5606
7270
5628
7990
5656
1725
1420
7283
6349
3066
77
6284
3652
1394
1343
423
2999
7527
5548
582
6967
2500
5891
6411
985
6697
4824
4424
8132
8863
5391
8442
825
4069
823
2463
6244
7956
5244
4840
8770
2350
2626
15
7431
7374
3229
6260
7671
6075
6297
4629
3865
3109
927
1912
8700
4322
415
2854
1758
407
3397
6041
8740
4094
4641
166
3870
5339
6954
7241
2320
6848
4168
7091
7006
750
3389
2137
3836
6704
8711
7605
5024
207
4523
7115
2304
1555
2832
5486
3868
7982
5975
3509
1587
3128
1223
2910
681
6345
2220
7306
6915
4288
8196
3856
5833
2013
5912
2816
7093
7694
4538
7041
7381
40
2754
3956
1704
2189
808
7731
2118
2668
2293
254
8948
8454
5231
3170
439
1804
1830
5658
4262
3723
6894
85
5990
4951
2890
43
634
3198
6339
7025
5771
8726
8106
2432
2420
7263
4282
535
5290
8369
3294
8208
3301
6452
5354
1536
1664
3955
6653
3443
3615
679
6170
5585
6219
483
738
7863
7262
1786
3351
8594
4566
3289
6736
7860
2036
1535
2983
931
3920
1338
6552
298
2318
6355
6342
8900
3898
7313
8928
4031
5065
1377
321
6353
5870
6757
8299
7510
6396
6378
1508
6828
8203
3832
6725
7422
7346
8918
6278
8292
6245
2306
4231
2424
8135
2029
3184
4449
8125
4383
7893
6779
6146
414
5906
5822
6340
4653
3108
865
2730
1627
5321
2849
6053
6522
3680
6085
4365
1883
4274
530
1113
3554
5241
7175
6348
8008
2222
4531
6366
2788
7435
8540
6607
1016
7594
377
1032
2516
3904
3551
7997
2953
7697
2011
441
3478
8627
1184
1023
181
6473
5154
378
710
4874
3058
2123
7703
5538
7977
4081
8078
1389
4344
7610
6829
7923
1626
5767
126
5308
2670
4752
6777
6898
4687
8978
8745
8000
7419
5970
6087
2874
6012
1798
1208
7068
6046
4507
6762
6429
8381
7653
3880
328
6550
6133
3124
3422
6432
7180
8396
599
1847
4241
8796
4314
5307
8238
1502
3940
7786
1703
5282
7528
3546
1400
8765
135
6711
5796
2335
6559
4959
3734
258
7775
1504
2096
2644
3454
5121
5212
3468
3177
5163
3713
5199
895
5079
1430
7368
7461
5855
48
5524
3672
8712
3348
7014
89
7867
8593
1687
5328
1714
2150
4015
2637
4372
6864
1328
2713
4615
3634
2134
875
3770
7286
2858
5984
5058
4988
2554
2090
4196
5141
7526
8757
7717
2592
7740
5677
6145
2877
5770
8326
7549
5498
6648
5167
1828
5958
1924
5852
543
3404
2230
351
1907
965
1398
6895
7621
8572
8696
2301
8756
6037
791
5811
7890
7757
7309
339
3620
7003
7618
4680
7892
1022
505
8332
7275
8336
8337
8626
8656
8611
394
3276
4586
7232
8509
8113
866
3529
8307
8436
7651
5329
228
7623
8224
5473
8438
884
7646
8417
6557
8431
7400
8468
8432
5285
6485
400
6436
8764
8437
7978
848
4588
3169
7561
8435
16
7347
1462
7825
8615
2529
6088
5730
7559
494
325
3328
371
7626
6437
6625
6391
1889
8702
6344
2685
1844
7796
6801
4862
3502
2136
8395
6294
1463
7615
7480
5631
4052
5035
3166
7946
4894
7215
5949
8038
7619
8439
4310
7647
7934
7608
8695
6705
2210
7645
2033
4876
8467
7648
7766
8575
7657
8376
8331
8577
8769
8546
4826
4074
8688
8570
925
8814
977
7693
1348
561
8885
8941
8951
1510
1625
1579
5309
6171
2140
3771
896
5527
170
5883
3906
5000
5240
1213
3380
1773
2563
7237
696
8177
8244
144
3270
1390
6551
4484
2899
4150
469
2777
3661
265
7713
1523
2586
5477
8892
1011
7818
5809
8219
6630
204
562
2893
8181
6033
5081
7992
8306
892
3164
7509
1524
597
105
5845
2108
5211
872
6330
6241
8006
7393
7020
197
8518
6205
5694
3884
1609
1865
7125
3610
1116
6564
8092
1765
772
8647
2107
1154
1299
112
5063
2028
5556
6178
7380
3984
1188
976
3493
5630
7128
4793
8988
4519
2176
1861
7819
1877
8767
5609
6409
8470
3824
6642
2184
7707
2846
3664
8500
3580
4158
1776
2783
1688
2277
8446
4391
8738
8282
550
2903
4105
8034
901
1325
6798
6047
2086
3687
3098
4388
2679
6212
3078
7357
8720
1371
1069
4970
6262
822
1221
5685
1264
1840
6772
1557
6645
2327
986
2933
4423
8821
3980
3426
4457
2330
4905
6428
6745
1584
7789
7159
8553
2110
8485
1114
4842
7216
3232
8562
7454
5476
4932
8564
4131
3286
5229
2977
4123
5219
4706
2551
8552
3772
5543
2638
5789
2937
7367
3013
984
6949
8265
5759
5067
2374
3227
6058
3790
6024
4994
363
1314
1110
1928
8234
1553
8889
1332
3945
4147
8424
3825
379
1058
5398
501
1684
5747
3862
6304
208
5544
968
3518
3354
6124
1615
5523
1752
1633
1355
7114
6724
7725
955
7514
5622
6264
7350
4459
3987
2871
5963
1549
8290
1586
5364
5593
8698
8184
5093
5821
3469
179
4875
7224
3801
9041
2111
3390
5468
8350
2356
1109
220
1364
1989
7469
6382
8241
921
1936
8690
7137
8496
6831
575
9001
8225
7729
4591
2444
4489
2205
6441
4595
8901
3344
4707
7542
5007
7517
8108
151
6420
2113
1941
4230
4214
8956
6958
966
2962
7585
5640
5826
4338
878
6666
5417
5192
6127
3756
8391
701
7105
8833
4357
1787
4324
3818
6138
2147
1501
6456
8212
2521
4408
5480
6885
1281
5458
404
4612
3388
6188
2507
2481
6980
2767
4921
3369
6539
8365
1726
1125
7541
8482
8117
8453
2341
7837
1973
7684
1322
6613
2545
5331
1049
6222
6177
684
4151
5220
7389
3320
2144
8347
2710
2207
5717
2671
5916
4946
4598
8099
7629
6872
7777
3895
6780
3673
1327
6927
6840
1564
3437
5902
7880
302
92
5189
6200
4302
4554
1365
7815
7958
5725
2568
4412
1003
7405
2010
4520
852
3336
5563
8661
1250
1662
8141
5169
8137
8895
6068
2652
6228
1785
6364
6394
3215
3647
7205
1424
5688
6022
6964
3439
7472
707
7135
6258
5221
4999
4817
8750
7344
4049
2548
7049
1593
8309
689
253
5752
3962
1057
2826
7146
8475
6480
3456
3722
4038
2371
6316
7012
2830
6121
5607
3633
4223
5790
8049
5671
6077
1497
4345
5508
6726
4927
779
2814
2672
6160
527
8809
6626
3855
957
4760
8629
3534
758
2103
510
5245
7194
1919
8072
777
2654
116
3323
323
4511
863
6733
4704
835
767
1803
8669
3421
747
7172
393
2484
1759
2187
6799
5215
2296
8775
6216
6849
1986
4582
1177
6054
8392
8384
195
2837
6700
2944
4478
4254
7434
511
448
2062
4583
739
7340
8730
2381
4753
8645
1805
6175
7257
8100
3835
5226
4895
6440
6654
2505
5491
4540
2611
446
4441
1386
7790
2724
6491
7018
279
1690
2431
6010
3584
8449
4550
7489
1990
8560
7499
6270
1475
4059
8962
1638
340
382
874
2332
3939
2641
7230
8758
107
2291
3329
2044
6530
