7416
2909
6911
1820
7643
5887
493
4066
2860
5403
1465
5947
4958
4887
1177
8049
6584
5885
1089
4073
4734
6462
6522
7778
1965
7486
4007
2061
5542
4082
5264
3920
2827
7002
1801
2969
4704
866
4067
718
6877
5002
4703
7804
4190
3487
5601
7191
206
6423
4380
1556
1841
7592
7138
1996
1554
98
1117
5124
772
6013
2142
3792
407
6888
690
6625
3459
2023
2502
5509
1407
4405
76
4512
3942
3888
2126
8068
8050
5826
4186
2377
6037
6227
4180
441
3009
5190
13
1735
4433
3464
5140
7095
1291
7670
2857
2055
1962
3810
188
3589
722
3797
1463
4205
6967
1227
6419
834
7392
6240
2505
4382
4877
417
7689
838
41
6293
1326
3599
2615
1542
1600
4221
1650
4301
4795
4643
1515
3230
318
7196
1374
2817
8006
4407
8067
3652
3925
5297
7246
2034
815
4556
7268
351
6642
6449
5607
3760
812
3789
5497
992
7992
1260
2499
8005
203
1843
877
4300
3234
779
5379
5105
4354
1687
5917
4032
3732
3227
759
3638
230
375
7709
3084
4768
2898
7170
5351
4655
3439
4605
4160
7600
1455
6541
160
7068
8027
6682
8029
4574
2378
3576
42
3531
3368
7144
3443
7111
7739
3968
3045
7720
1604
1655
3358
6739
5318
4254
2660
791
6530
1870
6478
5784
4900
7973
115
2769
2471
2628
3980
2720
3480
2294
6172
4093
4596
3204
6823
1777
2141
3693
1559
6074
6441
6800
4834
1039
5848
596
3646
2658
4961
637
2262
2663
2893
622
4741
5420
7288
1838
362
2518
2657
5442
4098
374
1999
2154
5581
4867
3132
725
4978
7743
1864
8003
1744
2726
3591
3070
2742
6536
580
4013
927
2207
4391
8093
6131
8054
1083
7158
2214
3565
27
1269
4536
5997
4778
7946
4881
1307
1046
5656
3886
7005
3998
4213
7524
1133
5582
988
3061
5531
5092
7854
7077
7103
6975
4314
7277
6141
6799
4736
4172
2735
7343
7453
1686
4415
4129
5654
3173
4086
7278
836
5573
4192
6077
7225
7197
849
5643
4341
6411
7143
6585
5341
2688
2153
4844
2670
4099
1933
4586
2607
563
3210
2488
5353
4456
1716
383
5823
6472
6956
3194
5580
7727
3258
764
1478
6422
7890
6450
6103
8185
8129
4053
2853
5415
360
3093
1530
2619
5212
7884
24
2975
933
1807
85
104
5641
4914
5287
8202
5709
164
1541
532
5046
1889
814
1058
6249
4994
5270
3705
2743
5157
3790
1856
7765
5018
5757
7083
1922
6753
5824
2186
1004
8051
681
2452
2117
4470
2775
3706
3159
571
4955
804
5617
4425
3146
2442
4036
1896
2479
3175
1990
5902
4826
7048
7053
3104
6400
3143
4224
5662
715
1715
6042
4090
2725
1196
3039
8095
3593
3379
4806
4460
6700
2010
353
2071
6276
5907
56
8243
2846
6476
7848
8244
7228
5769
3298
1002
4095
1689
1643
3075
665
1348
2690
268
8119
8120
6983
7539
2359
101
975
2617
7313
2587
3546
2347
5028
1601
6442
5486
6901
7391
1202
3430
6524
394
2724
7254
7096
4833
7730
4529
3279
2128
4185
4040
5213
3654
8069
6477
2445
3948
1795
7443
3
2632
7772
841
650
6231
752
7242
3226
3445
7857
3343
3722
1887
5593
5233
1081
7257
2534
1112
5898
4885
2625
6463
6639
3715
4499
465
414
7719
7984
7769
1895
1659
3421
7803
4182
3294
6982
3492
6526
5687
8034
8099
4389
3550
209
1609
6117
2576
6752
483
7926
4106
2310
6386
6459
5144
723
1088
6946
3306
6054
8146
2199
5203
173
7421
7273
953
7557
64
7875
4215
8037
1487
2202
4338
1905
6446
48
8238
45
7838
1589
3026
7487
2967
502
6653
70
4072
3089
6139
7617
7723
2391
7052
3488
7927
3634
5237
4262
7084
7041
3222
8150
6981
7316
5493
7766
6214
5106
3544
6894
6519
5017
765
3590
5149
672
2911
6226
5752
5168
6497
2672
2352
4246
2039
3080
2770
5077
4288
6060
6764
6157
8014
5722
2918
977
159
5844
7826
7357
1527
3857
7380
7131
3867
5996
5555
3504
5772
8234
4892
7082
3431
1706
2976
7331
3187
2649
1721
4675
3626
1413
6083
5182
4637
4392
3530
4995
6475
3153
4783
703
2398
6702
6448
4094
937
1188
6015
3967
3573
7407
6146
7648
1717
6134
1623
1557
1770
1220
3224
4707
7597
1712
5708
5183
6399
792
3416
6502
2517
2868
1496
5805
5961
290
4521
7588
1663
1760
6394
4645
8091
124
7631
4359
4033
1627
7231
5436
7426
5741
6659
682
3574
5122
5797
4340
951
4604
7863
709
397
699
7326
399
5865
796
2431
2338
3641
5120
6936
6509
2432
5490
5053
6992
2295
3619
7042
477
3179
2375
3065
1764
6874
5344
3335
6195
632
6513
314
6370
1102
4822
1583
517
3834
7038
4022
2692
3428
6617
5786
5327
4377
6036
7961
6516
355
4002
488
6118
7195
7389
7555
3822
6272
169
19
783
2463
8182
6506
6750
617
7692
3246
1640
974
6837
1134
7865
7779
2888
5095
52
633
1759
3563
2818
2213
847
8111
4218
1283
6595
7878
1231
8204
7821
6414
8165
8156
8227
2091
4247
1254
389
5257
3580
1568
6611
3960
5758
6614
7352
4715
3180
5258
2862
2001
5841
1007
2774
5337
7560
3895
4809
1578
7889
5037
1847
832
1228
4059
7534
4797
2662
4921
91
6648
1788
305
4196
2679
2484
5464
5985
1208
1518
3018
403
4295
4171
7200
8142
7114
7078
755
2416
950
4701
5357
4087
6484
2759
6207
4272
6889
6885
489
7632
324
3975
4524
4145
7318
409
8
1219
4343
7994
2070
5939
6308
1576
627
3128
2139
5575
302
4873
727
3223
6863
6906
1152
4016
4782
6652
4385
272
2540
1575
5515
4579
325
1284
2987
4805
1367
329
484
2357
5854
6809
2513
669
6830
3667
1091
3315
8057
1872
4240
6323
6574
2569
2174
4068
4678
7711
6095
7520
5372
7521
3587
6175
40
1155
2944
5880
6783
7981
5981
4612
3979
7833
1823
5590
736
882
2005
6237
6779
4327
1679
7145
5176
548
3655
2311
4202
4739
6097
1336
1429
7069
6493
5632
5558
6121
3585
2417
519
970
4754
1790
1034
7819
6208
3754
2448
5005
459
2454
257
1830
4219
7859
466
7045
7836
6252
7245
2161
4863
4390
297
4664
242
3538
5406
1245
6527
5041
2112
4794
2087
4776
7350
212
6259
5240
100
1835
2825
674
4990
1806
1255
7787
5795
5391
2739
3836
4533
8222
7468
8201
8139
1824
6051
503
525
5517
5416
1145
8134
3541
3854
2209
616
7094
5117
3737
6920
359
419
4056
7794
7633
1986
5650
6126
5924
1880
2438
4442
1040
6282
1252
7088
1714
4507
1111
2446
3904
5538
1015
7314
2535
4509
5173
7079
5735
28
1973
1988
1320
4762
1580
3388
4973
6579
5304
6028
4358
6416
5629
5322
2805
4461
162
2760
1520
7653
1743
3645
5743
564
2025
5888
3614
1448
8036
1728
1588
750
2510
1754
7691
3332
8033
6168
277
5452
7969
1093
4089
6426
4721
4023
4552
6960
931
1181
3328
5931
7924
2661
4511
5676
7260
3023
7671
6180
5280
6189
5520
6005
4332
443
3744
5412
3872
3321
3679
1941
8052
3763
7652
3787
2894
6758
5289
5698
404
2711
2485
6851
3415
5896
6467
1010
6236
3310
7618
6257
3823
6068
2750
6198
7968
7428
2598
6819
7639
3155
7578
7073
5804
4708
4578
3485
918
3122
8070
1621
645
1649
3658
5129
7931
2277
1153
328
6489
4694
386
7895
6268
8214
3765
7763
4316
7823
7619
3710
3815
8163
1427
6187
5187
2908
1684
1074
4839
7841
2954
4674
2481
5585
486
4830
3730
109
5759
7279
1029
4836
6704
3016
4148
2464
1480
5895
1782
2810
6145
2710
961
5809
4915
2236
4501
1794
4238
7802
6094
55
3312
1184
6884
4153
192
8059
1185
3901
4173
2984
4411
7098
8198
6999
4076
7956
7317
4743
2763
3900
8166
2776
4988
6281
6341
6388
4611
4495
3997
89
7311
6335
2884
5136
5813
5799
8100
5864
183
5147
5086
2320
1070
2317
656
3876
2316
4720
5078
6020
6031
6033
2715
2212
5817
5471
1
4472
6844
6491
6861
3644
7782
706
6618
1645
7345
1691
5470
6220
5013
2227
3286
553
916
875
704
2089
4426
8060
4979
2118
2487
2240
6217
1954
6958
3417
4298
2011
4872
1572
652
8019
1053
2480
5312
6782
2792
2114
3412
5975
6994
1021
245
6695
6421
6621
691
1730
5605
6375
5073
6655
5696
4147
5705
624
4896
7312
554
7673
4668
3731
4257
1656
4752
2766
8061
6627
3309
5994
2959
6032
3347
1464
8038
215
5514
6453
6797
1849
942
6838
6859
6668
2278
710
2785
4041
7580
3213
5109
7810
2526
6756
3953
2436
4211
1852
1862
2559
1626
2008
2046
1646
5944
211
3956
1389
129
996
2641
1625
2033
2822
7215
5034
6989
5803
2211
3169
5429
5019
1175
199
6176
1289
2557
6351
7576
3330
336
3151
3326
1825
5056
7109
4111
7598
5925
495
5744
74
2814
7894
820
3481
5047
1854
3612
3398
7616
4101
1724
1931
5058
6687
1415
1079
1579
7684
3910
1200
7408
78
7952
5802
620
6488
1026
893
3168
4260
1052
640
2719
5281
5883
3302
7264
7898
1946
3513
1278
5600
5551
3791
2374
4012
4705
1783
3047
1816
4451
1013
457
7488
685
6895
6786
3082
5026
7915
535
4932
2589
5137
4163
2674
1438
5177
3558
4220
6604
5099
1453
2152
7308
7289
4494
4060
4773
642
3166
4636
825
5201
837
7410
4074
6952
2424
4976
5468
4403
315
2119
4730
1890
3698
4798
6372
298
5695
482
3248
2406
1642
7809
2717
6701
4712
4931
463
3475
570
3311
2409
608
6770
1431
4553
3484
4469
3401
1780
246
2905
1635
2388
1539
3372
4878
6630
1240
4677
3699
2935
8066
4045
2382
8226
6692
515
8138
8071
1318
2829
6825
1926
2778
4862
4787
7014
7559
2058
1292
7951
2702
7188
1892
1127
2831
4564
2439
4680
646
597
4075
3195
6019
2344
3524
4234
2272
4031
2284
7454
7641
4412
784
7150
5920
3395
296
4194
2329
165
1412
5779
1244
4874
1859
583
5473
1343
4748
3324
604
6288
538
6185
7634
1563
6271
4388
1358
1507
2314
4609
8073
7013
2155
6572
4009
3265
6557
4431
7399
331
3783
3846
293
5507
3767
2113
3687
2181
6178
2428
4025
3267
2466
3282
72
3426
1832
6761
1379
8030
4133
372
3820
6995
6417
2600
5232
6697
2348
87
3686
2003
4857
3906
5254
7414
1488
4828
5954
5262
7205
4831
754
905
3260
3721
1546
3549
7436
4398
3457
5534
7403
2385
6746
6643
2029
3411
6113
4292
6778
4110
7808
6793
3373
1183
6632
4241
3139
7034
6102
7891
7202
5499
1997
5930
6932
4052
2060
142
523
2169
671
3569
5816
4641
6586
5158
7941
6504
1107
5862
6591
4918
3197
4550
2560
3097
4875
4742
474
2093
4015
4815
8152
3394
516
1829
3564
7120
7940
143
3602
3138
154
234
5200
5400
103
342
3440
7867
5649
8177
7846
5359
7418
6909
5918
7547
6110
4349
6635
2555
5071
7905
1080
220
4485
7591
6398
1831
2777
3769
756
3106
1051
1938
5504
4588
7504
6006
3470
5983
7332
2914
1404
3278
5437
4760
2611
4179
479
330
4322
2637
1371
4195
5506
3113
6216
4660
5348
647
1844
61
1894
2636
3339
7531
1535
2151
3483
7575
5376
3990
4156
713
3709
7117
3107
5074
1555
4497
3119
2075
3570
1685
3981
4050
3773
3663
919
7177
2511
6181
6853
1158
4626
7493
5134
7154
6062
3078
2880
541
5912
90
8195
556
2220
7514
5707
2172
7937
4312
2215
2613
3158
5992
3237
5478
5602
3566
6675
221
7607
3096
5728
3768
6930
1827
1486
2899
3181
6402
5829
6174
3370
3954
3478
1977
4283
185
5236
536
3677
3074
2706
3800
4796
385
6836
4819
451
1387
7415
2895
2940
6850
6022
7148
6320
2333
3245
7922
7943
1223
7449
1061
816
7266
6807
848
5204
721
2084
5014
1382
3452
4387
6955
3938
6485
5425
5282
3556
3118
2640
4242
3970
22
205
7990
4966
3498
6224
3884
1237
4084
150
4964
259
1037
285
6046
3371
4048
7433
7271
5180
1386
3135
5031
6599
4774
5680
4991
4290
3241
2988
1364
4603
1538
2704
5659
240
3144
1610
4346
626
940
594
2981
6833
898
3156
5793
2874
7479
8013
2016
4859
8048
79
1128
2958
8023
7420
839
5642
3200
4365
3680
3832
6663
1410
3921
5612
4001
2664
6740
5364
2713
7300
2877
3625
644
5940
30
3533
5155
522
4353
2545
5748
2788
6551
4383
4688
3021
7731
5753
1334
4344
8042
531
3033
1330
4249
3160
2886
1774
6127
2684
7385
6039
6953
3499
307
1561
3603
5568
5597
4430
2521
82
21
2247
471
3225
1709
2156
1257
2251
5560
7602
5791
7224
7113
7577
4198
6880
3120
7928
1742
2196
5732
7995
2948
8241
4005
3030
5336
6366
6440
6111
5837
3211
7510
5444
3413
350
2956
3243
1619
3381
4899
1953
4646
3369
8106
5527
3912
4950
5839
5007
7935
3277
1405
1874
4956
4157
2536
2656
3695
3318
634
4970
4286
833
549
3892
1562
5886
2159
7118
4845
1357
3095
5166
496
3176
5554
3648
5715
3734
6483
7050
7636
6869
2150
2248
3062
3327
5102
575
2354
5934
726
7932
2910
63
8221
37
4039
6167
5825
822
3674
6304
3936
2841
6749
2476
5877
6773
5960
1333
4020
462
7445
5681
823
6925
6016
6569
5857
3801
6769
3117
3673
1630
1327
527
582
2263
3816
2543
6521
4998
3352
873
31
4569
3283
6949
3557
3137
1897
2579
7057
4118
4443
910
2675
5970
6751
7716
614
4818
902
8058
5229
2176
3562
2549
2916
432
2811
1948
5977
3861
6112
6720
5311
2644
696
6831
1272
4306
4751
1789
6150
6534
4697
1141
1400
643
7174
2079
6620
675
6835
3799
6503
478
1169
1828
5502
5252
4401
6806
6378
3205
8188
3741
3749
7028
6546
2331
2840
146
4158
3463
5892
7892
4369
1772
7175
1242
322
3079
3186
7400
3772
3331
1456
8184
3964
2229
6221
4570
773
2784
5011
1839
2124
4719
1146
1305
5982
1963
7817
7724
5389
2092
1270
2647
4282
2326
6052
5866
6197
8157
619
4355
2017
5957
6393
2127
7942
3472
6985
1023
2219
401
3946
1140
3325
7734
7960
3344
2755
5798
6099
868
4071
2137
2028
5066
5871
7027
920
2699
231
1143
7609
610
7291
2642
4239
4152
6291
7295
5628
1745
5610
2441
2004
506
1342
993
6332
4893
6705
295
1876
5365
7086
5446
39
5516
1536
1043
7140
3316
2238
7478
2477
4446
963
4912
6857
7424
7702
922
7169
6348
5020
3871
4582
2495
2797
7585
4744
7784
7340
7476
6256
1585
1124
1324
6340
3927
738
1574
4737
1853
1262
390
7395
2552
1910
4593
217
648
7637
3720
5780
3621
4903
5788
6369
6613
4119
4731
3716
5465
1860
1769
1500
609
7760
7305
204
7869
5226
5500
3748
6508
2881
5139
3208
7856
6933
4458
5388
4559
8191
6875
1634
1741
6662
3406
2293
1306
2302
5463
2936
3008
6622
1868
244
3011
2596
7979
3860
6166
1356
6977
4928
5012
6096
7043
2821
5763
5424
2912
2140
3777
1523
2040
371
1731
3600
6734
2850
4825
6194
1622
7832
4019
3647
3755
7460
1591
5971
3879
3930
3726
869
7690
3336
6788
3661
8187
3015
5300
1690
6123
2131
2312
4479
1877
4115
5434
7776
8233
1241
6469
3978
2648
845
2691
1361
6339
2537
1972
1472
724
6297
5550
6171
3341
6196
1957
5675
5603
6559
835
5245
3114
3552
6683
2259
2235
7508
5936
2204
4658
4309
5171
6023
6568
5553
3843
1014
5926
827
2568
1022
4537
6938
3025
4328
6553
6125
5407
8000
2554
7159
7056
2919
4144
5167
1006
2525
2565
7980
7562
5742
127
7767
6907
4027
1203
1701
6927
2867
434
1086
7645
1172
5821
1732
6177
4307
2318
3473
6206
4738
2506
5266
5505
1582
2289
3684
840
1494
8242
107
2327
1753
3856
5528
7677
969
356
7035
241
5111
867
958
3454
3268
5620
7512
7151
6144
4103
2863
3317
4378
2325
2616
7342
3514
1547
3376
983
5269
2364
8205
1641
7522
381
3435
6173
7394
2872
7310
1673
2065
2758
2144
73
1750
6470
1266
5186
4546
7888
4150
1606
8085
6468
3615
2460
6991
6846
3961
6789
7294
7275
6954
4008
4944
7921
638
8075
387
2519
7211
8007
6543
4601
7934
1032
7431
7297
6616
1904
5731
5396
7074
5060
186
4589
6511
1121
2938
3292
7236
3949
133
7355
6713
6265
4837
1482
3995
3050
7036
7363
3568
4842
4264
5621
7773
6708
5488
2160
2191
7879
5719
2394
5132
1879
1224
4284
8220
8167
8149
1433
6309
5009
4105
219
6748
10
1408
1303
786
6638
3529
4902
6263
771
1483
4729
7515
2306
6337
7207
3853
6657
7244
4541
7667
4350
3866
1850
1632
4514
6696
4897
7087
6896
7409
5937
5986
4142
1160
4905
8144
1016
4895
2068
95
2546
577
3027
566
7704
819
3917
7568
2031
3745
3051
2932
4883
546
1793
5691
5869
8028
1648
4279
4882
6645
7439
7498
1078
4248
4188
326
8063
7105
1711
1239
2696
2268
3387
2652
7405
1624
7758
4779
2187
8199
2457
3891
4539
3190
6088
7955
6803
151
6261
4483
4296
2304
4480
4904
4299
3932
1005
6755
8216
3933
6435
1293
1773
2437
2703
2504
3360
6847
4237
278
745
7910
3847
7948
7569
4625
2809
214
2856
7252
6575
4217
3014
8010
856
1768
4162
1884
2922
1906
5762
1337
2100
7397
4763
2508
2261
105
3735
1586
1426
3131
6780
5685
2583
5223
3636
2864
6114
5787
4614
2099
4165
1958
941
7674
7008
7149
2429
2362
5556
7572
7827
1321
4925
3781
4802
7656
3809
5260
3397
4243
6737
7290
5097
8032
7748
7194
51
5133
3281
6564
7337
2468
2443
4531
7713
4766
5959
5375
4245
3273
4424
5770
2952
6212
5664
984
5130
2997
1899
448
7629
5822
3239
3999
3322
5035
3240
6732
8055
7722
8239
6250
746
2828
2130
6108
352
5938
1907
8212
8084
8215
3068
2904
191
4063
1446
4450
2748
1833
1719
3604
2734
6269
6438
395
7232
569
4670
3596
1779
8223
6230
2631
4467
2989
5946
3255
4962
3577
7916
4370
3293
1195
7485
289
5876
420
1976
7759
6295
4592
853
4733
864
2269
6733
2541
5588
7887
7816
3055
7353
5828
6010
1499
5906
1516
7998
4321
729
1325
7939
1845
2991
686
256
6456
1263
3616
2678
1677
8225
6984
2037
3665
6490
4575
2322
3422
7141
7683
2461
5756
4940
1211
4756
2761
1537
5843
4320
3753
3966
2020
3965
4363
4648
1186
5000
6266
7541
1047
3264
4513
424
7877
6826
2400
5777
2575
23
1935
2180
1423
3174
2334
2195
3348
4929
5450
6053
1057
5369
7456
388
3382
468
3219
6437
5838
1987
3460
2971
6928
4014
2496
4584
1457
4435
6444
4170
6122
446
2897
5851
3367
4506
7533
6391
2077
6598
5291
6003
7893
1381
1484
5723
888
1215
5969
4447
2047
7685
6404
7752
4317
6352
8107
7897
6561
7168
2427
3916
2340
5562
7717
4523
1855
8210
7491
4109
6943
5768
68
7647
4913
2243
4069
2336
971
5284
4667
3193
4597
3289
5302
2313
7866
4987
3628
4676
810
5050
1842
5878
5070
2624
6848
6070
4003
1631
2732
7554
121
7676
2459
7820
2659
7422
5392
6153
1992
275
1385
2392
276
4448
6367
1218
6027
1710
5040
1470
5910
6082
6556
7967
2369
7855
1295
545
501
4058
1581
1406
4792
679
6731
6225
377
900
4649
363
6107
135
6278
5094
4723
7184
4253
7234
6292
2193
6063
4568
6576
5974
6922
2800
3295
6395
2567
3649
6361
7032
2697
6650
5288
1980
406
7152
591
4607
6200
7970
1757
6531
998
5627
490
1096
4804
3400
6264
1355
3740
5485
2096
3285
5080
1350
1628
5453
3304
705
1937
3601
4263
6059
2298
8081
7695
3458
892
4357
1178
8074
7384
698
1662
2337
4647
5276
4757
2164
7323
7790
3617
6105
3067
7237
1417
6280
2134
5855
1302
4439
1132
1939
1611
5951
7593
7272
6238
4394
53
1316
239
4595
2772
7325
2747
5840
4889
7315
3708
7193
158
6864
3818
776
3482
7530
4639
433
7812
5692
7040
5704
911
2671
4585
2053
4206
1147
6420
4669
2562
6040
3724
2572
5427
1118
8079
370
3951
5789
3049
5418
7737
1737
3826
7203
1139
3066
2835
6762
7412
666
2162
4187
5068
899
7883
7840
323
2420
1694
1129
3675
7705
3054
3952
6434
5458
874
460
6878
2198
5631
3813
3059
5131
7344
7953
6619
2913
6545
6405
539
3314
6498
7735
5666
6277
3522
1848
2032
7001
2950
5658
5352
5196
2106
3032
65
1436
1090
96
5831
5606
4864
2931
7263
4244
2022
529
6454
5128
7039
5875
7025
8083
2553
4475
345
308
5409
1469
734
2465
4939
4500
5569
1452
1212
1261
5592
4421
3506
7549
1960
2970
2833
6428
3386
587
5384
3659
3377
6149
5679
7904
6289
1608
7104
3003
6344
2686
5126
3037
2386
44
7799
4289
7590
5479
2548
5498
3238
5205
3356
4910
6383
926
2315
6706
222
6577
7364
3977
3535
7983
7625
178
7167
2000
7429
4525
8104
8123
3887
227
5395
5331
4395
6712
4159
3714
3672
4891
7991
7500
6715
5024
4785
2256
7081
5335
7628
5559
2723
4081
6636
6628
2883
5900
3924
7843
415
6273
5386
6518
4440
2963
341
4838
6377
4681
4252
7669
1598
6744
1098
3702
130
8045
6228
6514
4803
2205
5598
5088
923
5755
3110
2143
4935
7406
4413
7920
8108
2707
1275
5062
1633
6239
1301
2300
5154
6730
3794
7112
106
6624
423
2947
6073
3929
5565
6673
4216
6329
6359
2722
600
7214
3287
7458
5774
6260
4352
1560
5218
1042
6050
2532
6637
694
4379
6721
3092
1749
5710
5746
2245
207
2577
3842
5438
6090
780
7687
518
4191
2708
6002
5138
7925
4972
8209
8213
6091
7270
6432
1416
1881
3130
411
1637
3691
1394
939
1529
5967
1553
1171
904
2163
4360
1230
3526
5859
8117
7552
7137
1344
3001
7018
7090
3839
7880
5294
7870
5112
3185
4908
2146
3607
3739
3364
5314
5751
6565
4808
887
2564
2224
2533
3959
2798
4629
1978
33
5231
1951
7303
8160
3537
2509
3232
3303
3855
1501
7359
6674
1491
402
4197
5899
3154
4640
4898
4767
7523
7130
6057
3586
5170
2201
7122
1726
7060
3528
4287
3909
7125
4222
1914
2179
1766
1873
304
5199
5361
1066
5265
176
6959
6409
2426
6937
7912
3161
175
6229
6353
2783
2849
6299
6253
2698
1113
5567
5988
5923
1069
6582
2781
339
435
1294
7206
3497
59
2355
5299
6735
8155
4285
2254
3207
7797
3668
1067
7470
6879
2892
1564
576
1932
5984
5432
6500
7204
7553
1115
7226
2489
3229
5054
6101
5889
7698
6719
2123
4258
4745
7540
2014
1615
7738
2002
2917
2038
1308
6458
4758
550
615
3202
6948
639
2978
4685
7586
7349
8181
3196
2056
3653
3618
1959
4948
6814
6284
6962
7751
2102
5010
6919
3660
7518
7516
1683
6055
2689
6856
4178
6474
2147
5440
3127
3548
2859
249
1236
6165
5084
1027
6666
5782
5942
8077
5477
7061
7330
2599
2233
1590
5962
1763
6676
788
1758
5801
5965
2291
2149
912
1378
2782
5059
6025
458
2067
4487
1300
5873
1045
4535
3894
5025
670
3982
4361
1639
5051
917
5241
6711
7551
6213
5184
7472
2351
2412
1705
1975
7049
1396
7181
3598
6998
711
1370
2422
5366
3532
6338
3425
8232
2757
1752
7121
5339
4046
2694
843
1803
3885
5457
578
454
6718
455
2801
3469
6610
5979
2858
5423
3817
4212
4233
1290
7284
8021
3642
4832
5541
6592
5467
4334
3793
5472
2250
5178
5135
4909
86
473
5652
2878
2851
3689
6247
6917
4468
1498
2934
7238
3676
5244
7860
3812
8121
7525
1264
6396
4684
7274
5362
7026
763
8102
3028
5616
6480
6326
3451
5750
2523
6899
260
1018
223
4548
3609
2823
1000
4993
4437
2267
7558
3517
6722
7594
7835
6824
4291
5611
2573
4599
3543
2387
6098
5564
2635
4858
5033
3944
4583
177
4209
2977
144
4671
2653
987
4861
3060
4410
7761
7882
6143
5999
195
3974
6855
168
2869
7241
8127
7123
1599
7339
3491
3733
5594
7899
2190
5251
3404
201
3931
2512
785
4871
280
5151
6612
6210
2500
6248
5216
2561
316
2440
198
5647
6030
4107
7842
5836
1277
3934
4661
7434
6233
6408
2676
2786
7450
7338
1182
1101
7638
7304
3941
1792
5295
4128
1309
5333
680
6128
4587
1271
8140
3111
7085
119
1671
1251
1398
4829
3493
629
3182
2482
4010
543
93
4722
4049
3140
4679
6307
3701
2101
7124
7640
4189
5858
6501
6302
2217
7132
8065
4761
1767
3048
3257
2158
5207
3349
4297
7780
714
3694
4113
6865
1100
111
2645
595
4138
8088
4977
3357
2231
7786
5701
8113
265
6148
7655
3496
6644
3354
3290
3664
2109
456
1328
3152
4465
1502
3301
2528
5338
6587
4055
6392
7682
7811
2111
344
599
737
1720
294
5247
3742
1468
8046
7507
1818
3802
6499
5021
2085
273
862
1550
5694
3510
9
5104
4315
2015
1434
7917
2626
1505
3099
4259
3984
7509
2415
1514
3605
1038
4727
6251
1620
3547
2185
1982
2401
6072
1475
6870
5227
5108
770
4381
3393
2669
1274
6267
2745
6465
4623
4598
7019
811
3403
7413
2349
5354
5884
2
5378
7404
4543
3717
7417
6328
3819
4953
7712
5537
5408
1317
271
3592
855
3261
2116
5016
2456
3899
1349
4566
972
5626
6961
4114
6570
6188
7482
4894
1458
6771
4560
8164
4318
5447
1692
1036
829
5720
2705
7837
4764
818
3133
113
4336
7471
4277
2718
4273
1786
153
2183
1955
6544
2321
3005
7754
5677
3383
5185
3323
1418
886
4293
3329
4414
568
5065
5945
4228
8012
2834
2961
5640
7091
6684
8173
6528
4026
2105
4780
889
6554
6192
5448
3650
5283
7615
8153
7067
6550
5317
4304
3778
6343
4397
1279
5334
581
6147
2371
3671
3893
6681
3340
3918
5525
959
6724
6517
6816
4265
4610
2973
7398
5968
2009
1071
2115
5469
6109
5279
3209
2665
6287
6331
163
4801
6717
3410
5118
6270
2242
2200
5480
174
4515
2273
2145
4018
2066
4725
5310
1439
5794
3969
7542
1055
6204
3670
2276
5225
2927
6064
8001
4136
7608
2714
6346
7614
3521
2992
7987
6601
3034
1549
2052
7849
4175
2839
6763
1964
2341
1369
4372
449
1984
3253
1281
1497
3779
4620
4784
2307
6087
1397
4302
2588
6840
676
2330
3950
3408
80
4662
4821
3786
5820
4949
3877
2234
3525
3747
6805
6615
3019
4693
3378
2078
3233
4065
4854
4753
8109
1362
2695
3414
6283
7728
7281
5377
5491
1704
1359
2373
2135
6590
3126
1131
1198
692
7938
6979
6298
313
7126
842
5146
136
4167
6812
3560
2414
4275
7714
2651
883
7044
5557
2721
2756
266
5029
1928
4409
2332
2081
4847
4396
4869
4665
3094
7755
5435
2384
7999
5660
8116
405
88
7341
2405
3955
8017
6380
3256
4860
1213
6460
7750
4654
3581
5004
7253
2216
3844
5038
1148
4132
6199
7164
7336
7448
7919
46
8158
4037
948
7003
7258
7233
4250
2520
6547
6035
7396
2012
2365
1810
2308
653
5405
593
6667
3108
1966
3212
2121
5893
1495
4351
5796
890
7198
3520
4702
6371
6211
3183
3020
742
4840
3983
774
3250
1137
3743
3276
5532
2458
252
8172
8064
1869
5049
6634
117
5699
544
3284
7996
560
4028
7753
5008
3567
7830
6974
5208
1866
7850
1450
4695
1851
2729
5669
3056
3824
740
2570
2998
2921
1551
1479
7564
1661
2751
4386
4528
8235
382
1751
47
5661
243
4149
5513
8018
2764
3583
380
1085
5015
6152
3221
4716
3883
2995
2891
1545
4232
4651
7732
5402
7320
5489
1697
1076
749
2585
1680
4404
613
5908
2824
1755
5309
3102
1929
261
2104
5678
4963
7106
1739
513
4122
7176
3164
1024
921
6495
1917
7230
4335
6893
311
7432
3455
400
2133
197
4793
612
2767
4011
945
1041
7659
7740
6355
2418
2887
461
4236
4855
7896
3297
1154
4428
4613
4208
5767
2633
6014
4851
7815
2650
4471
5316
7328
2996
4580
4849
7886
7178
6757
54
6843
981
3707
2838
426
4907
2069
2957
7368
3271
6976
6433
4982
2366
1840
7718
2547
8240
2879
6048
4866
4266
663
2791
6834
8126
4477
2629
5717
6934
4606
3595
6931
7587
5891
4959
4432
6160
6964
6854
1857
7627
6552
1653
3385
2900
2928
4602
2019
702
4653
4181
6898
5684
5296
7744
5150
4455
5881
1273
8078
4476
6707
8053
6892
4294
3850
5081
6980
3865
2390
6466
2968
504
5665
7213
3713
5451
4017
1109
7015
7102
8196
552
1805
2350
6412
5993
1657
7496
1746
6887
7626
5219
2681
7513
357
8008
2738
7115
6950
1338
6787
3594
7978
5849
5760
3764
2265
7868
2157
4856
3098
1727
8175
500
2799
6767
7681
5179
4717
5460
2095
512
6716
6093
3088
3405
677
5948
4481
602
3199
2531
1163
5093
1360
1176
148
3555
251
6011
551
5879
5712
1617
7902
6672
2807
1314
7301
5483
6154
116
4434
6852
2281
7497
5125
5401
134
2036
7322
4308
8237
2855
5197
2586
2890
5496
141
2683
1944
4957
1099
7089
440
1383
631
5911
5116
5079
5812
2946
3165
7771
4772
2768
813
8190
4562
5872
5608
7440
1699
641
5160
7490
2494
5913
1471
7806
2475
5324
6523
930
1524
2773
1989
7764
3134
6124
1451
7031
7064
1049
1068
2592
6651
2296
4930
2994
2845
6385
3622
1812
4759
1164
5411
7160
2608
7900
909
4540
1445
1811
3069
806
6794
155
5688
4204
7333
83
7446
7839
1875
2007
2279
4267
1204
269
5101
7379
4952
5332
3848
7382
3890
6754
6487
3833
793
7157
3690
7770
6164
8208
801
8094
253
7997
4140
8080
3986
7442
4999
3031
5308
4210
3320
2960
3840
3633
1368
1736
4399
4577
928
2026
7962
1566
6872
5622
5414
5522
805
5082
5919
5006
2643
4043
4155
2754
7376
660
6142
6923
6537
4545
66
865
3762
4491
5682
2627
4572
8025
4554
3864
2907
4735
3926
589
8217
292
6306
1723
508
11
6881
2915
7438
4502
5955
6401
6670
708
50
7033
8047
4984
7367
6993
5765
5914
2490
7216
6997
2621
605
6374
6970
4311
166
807
2871
6795
5963
5512
3236
3350
5667
6957
4775
607
6736
2832
8040
8043
2593
6862
985
4137
5123
6081
2402
6209
4091
1077
6415
3362
4255
5413
4473
2551
3795
973
6049
3141
4534
7393
6685
3770
3578
2666
5519
1392
5443
4373
3989
1267
5275
5518
965
7220
2434
4880
1162
6641
2680
6689
364
6796
6902
303
4876
5721
7209
5127
3881
2749
418
2701
2929
5234
4619
991
5069
4573
800
684
6222
521
565
1444
5371
161
1424
4724
3259
2771
320
1950
2253
120
250
929
5370
2435
8218
1846
2383
6319
262
3396
6075
3077
4850
990
1130
7010
2469
3363
7435
287
1473
7116
1442
2230
8031
7179
6566
2945
6728
1725
2006
4622
762
2286
5163
3629
7464
4687
3269
7062
2413
1430
3218
6244
2027
3518
1738
3738
347
6418
5842
7309
2813
5209
4698
907
5383
2539
6606
2345
5846
5584
6258
7881
8206
5614
6424
3192
3249
4517
2024
7217
5286
4835
7742
598
1268
213
572
7108
4444
732
5057
1156
3423
2491
4790
7646
5690
2173
3897
7185
2712
1065
1485
6539
5952
4567
5481
4161
5966
6804
2594
7550
739
3508
4657
8137
4319
3449
5206
3501
4214
3923
4594
7777
4996
7012
6647
6403
4659
5510
6430
6410
1821
3870
3038
5253
8194
8186
4561
3863
8236
3785
3852
1991
8180
6525
720
6693
5349
4146
7128
3505
34
4102
658
1221
3052
5290
2765
7556
283
1092
5382
6384
949
2148
5577
6115
1296
1126
3198
6333
3588
8132
5726
3858
5381
6535
2566
2826
6988
396
32
2044
4184
3149
3759
8207
4590
2129
4438
184
128
1681
3963
2741
7873
6573
7208
5380
7
4983
2990
2249
36
5645
2192
491
7299
4498
7548
2974
758
1808
2292
6798
2283
537
2301
0
6505
3805
6791
2218
3270
4672
1913
4362
1315
901
2188
7171
5246
4371
5091
2030
5980
5624
878
2803
3758
366
4884
2297
4166
4911
854
4865
4853
2966
4879
5670
3081
274
7715
5904
7574
6
6254
3046
5355
7686
4890
131
2403
2623
1573
2926
4505
6089
3837
5298
3254
2305
3434
6479
925
1411
2902
4085
5039
431
6219
7501
5422
3700
6056
4474
4453
5953
5172
2013
6533
6047
5426
1332
5835
3091
7070
8024
6968
944
6136
1149
6365
2507
6781
1597
8056
6966
747
5256
138
5115
635
7365
2802
1119
7828
3334
7635
6532
1924
659
5096
3201
7199
476
6413
1440
2731
3971
7249
7247
7451
2197
4946
3424
6201
7950
7502
6390
2815
4356
1125
3551
1110
4706
2275
1519
7988
1390
7030
1409
7285
1602
5367
6129
1481
6325
6891
4038
2885
180
1708
7885
7499
4
2622
7959
6294
62
5672
7872
6330
986
3913
2063
6235
2082
4633
4201
3937
1250
8076
340
6354
7182
5630
7545
7229
1781
2787
2820
1644
5001
2361
7161
3561
7975
7475
3167
700
2376
2353
171
8118
997
1011
6963
6482
1304
2497
6745
2736
6439
1802
8193
3849
3945
1605
6038
716
1437
4402
7162
122
4419
5272
7745
3040
4420
1165
558
5987
5274
6486
202
3129
6275
7852
1432
2876
2270
4482
7989
5083
6665
5595
6633
3272
1592
7425
2343
6205
782
4814
7801
7630
343
7601
7651
6132
5374
5711
6065
4169
4042
7183
579
790
1733
6790
651
5706
332
5586
5220
3536
1150
4436
5546
6182
6191
8087
3053
281
5736
7851
444
2472
1503
980
7004
5346
8103
533
5905
2515
5191
6069
6163
7985
2524
2737
5648
2836
6973
7287
2870
3121
4888
4615
1019
7029
5941
5320
3017
6908
2425
4230
3624
870
4656
5358
12
8114
216
7596
625
1329
621
3696
7223
2685
5067
2930
5394
7699
3244
1310
573
2264
8110
6603
4650
6839
5646
5267
3992
2074
1666
5544
7218
3342
5273
279
5305
110
5175
2167
2601
7011
7133
3841
3681
5636
3063
1674
5785
6387
1206
4621
1287
936
6785
7506
3495
2486
4728
6159
3985
7706
1934
534
590
4919
6349
8022
1073
2819
3515
6379
2021
4827
913
3442
4466
1477
3889
2363
5292
3631
3898
5321
6669
3441
3512
2580
7729
4632
7492
5932
4108
5421
2920
8161
2943
2716
7037
7494
1474
6792
5052
337
7563
5159
3043
3013
6589
2590
299
1243
1903
4305
859
5164
4937
1798
7858
3666
1614
2687
3987
3231
3123
1044
5221
3830
891
3718
3905
3429
6457
6316
2614
6821
4235
6004
906
123
7993
844
1593
5689
3656
695
934
5390
2574
6912
1189
1063
6929
6808
1056
857
2953
5340
2280
2170
6406
3359
3467
7348
4951
7419
5570
7829
7334
4765
1319
7666
291
5
1969
1447
469
6376
5342
6342
8147
317
1540
2852
5635
1161
7589
5845
494
4323
4635
5456
1120
6161
1372
662
1207
2043
3100
49
5214
1144
5410
16
1375
2453
6972
966
6845
7532
3438
1462
5810
7610
1569
6776
7678
4557
4732
2358
6775
7703
312
7660
3112
4922
1339
4251
5536
4463
4492
7581
17
4418
6897
3220
3203
309
6883
3859
4199
3235
4504
6000
5972
1531
7807
760
1942
1552
2478
1528
6026
673
943
3782
4097
6496
1804
1891
4581
4901
7227
4486
5964
2447
7567
5121
6694
5639
410
7388
5644
2419
4280
1858
2380
7622
3756
1298
1943
3163
3825
7746
2794
2830
3639
3162
4047
4934
4800
540
2080
1765
5563
2423
808
3542
7129
894
3784
7605
2972
1084
1836
693
3712
5882
7700
7795
8124
6076
5107
3516
149
5749
4080
6747
6709
1259
4843
412
5853
6041
5702
766
4777
1168
4459
7708
4193
3727
5503
2925
6345
585
6373
4044
3392
3911
1138
3572
5739
7611
1702
5730
6318
7371
6245
6322
7092
5671
8115
8072
3597
7153
7459
6290
6286
6310
5808
5397
4326
7058
8125
4740
4464
7046
6363
1513
5543
3308
6597
1525
5303
4886
7155
7963
4256
1441
4628
719
6886
492
2501
5976
895
6873
3704
876
3807
6759
2399
3147
5222
1335
5998
6232
2287
1012
5195
6832
8004
6133
3637
5036
4630
6915
4933
7604
5454
263
1194
4941
1354
7612
6315
979
4057
2110
4608
2226
7375
1265
4490
2728
4078
1062
4718
7489
3878
557
668
1629
5202
2088
4989
5832
2073
6729
108
1136
7537
7099
5549
6608
5714
1534
584
858
6357
4261
7262
4522
7528
6300
3502
3947
5090
6360
7327
1785
2407
58
7584
6866
3041
3571
2335
1675
6742
3109
3685
1636
3215
7147
1981
7444
1652
237
472
960
728
6312
4408
2045
3635
1297
5870
3453
1216
196
5773
4154
4817
3682
5445
1998
954
6024
4454
1313
4276
7370
5249
5248
1082
1028
555
4271
4974
2654
7913
3613
3752
4943
5766
976
955
5903
1363
7324
29
6100
1229
964
4617
321
6817
7756
1105
8131
3071
5589
8041
6822
7805
4616
1020
1017
6303
4406
2604
6688
1174
2360
1700
8011
7136
7261
1584
6246
7189
6001
2618
7280
4538
5539
5718
7361
6802
4848
6772
4035
3798
2866
2098
1050
3266
7072
1288
6594
1454
4203
7457
4710
5863
636
592
3875
1114
5198
5928
5250
5277
379
7964
6043
7054
114
282
3446
932
2727
6723
6078
7437
2610
1403
187
2184
851
6520
6262
5734
5890
735
4135
7007
2258
6279
7135
2753
7535
6241
5356
3216
3468
649
7822
657
5583
6382
4029
1826
5326
75
3178
2393
270
7747
3228
6255
6926
67
6971
3868
3280
6336
3456
1094
3374
5428
1122
5713
5387
4503
3835
7172
3814
3507
438
1968
2677
7526
586
384
5042
190
4496
5343
235
7874
57
5847
2252
7986
7517
6867
5674
5956
2165
6904
5061
5075
7250
7749
6169
5363
3006
5143
392
4571
1791
1570
4960
1994
8009
5619
7933
4337
2493
6768
2309
1353
5323
373
1003
3957
5350
1747
346
6871
4823
4992
4969
1809
5439
4516
3427
485
5085
428
7654
5566
574
2103
2203
6162
3477
4324
4689
2451
2516
509
1340
7071
982
2208
6661
4846
2693
1660
6602
5188
4168
2790
5404
5737
7599
6045
1209
4508
5301
26
4278
3086
8098
7824
5145
2882
6008
1104
826
3606
697
526
514
4331
2530
1476
7192
3105
5313
3148
3338
1276
376
1425
7187
717
6571
6327
6431
3908
885
6218
542
3632
421
7212
2808
7360
5242
5673
181
14
7243
1668
1522
7538
3678
7668
4134
5027
4064
5792
3479
3274
7066
6140
1205
6686
2076
3474
1170
2356
7219
7441
6596
2467
8044
2239
7017
5089
2752
4555
1521
603
6492
6058
880
6116
5724
5653
4124
731
4810
1707
5806
7282
7936
1493
733
1399
7680
1893
1912
6588
664
8141
6900
1543
3433
6607
1422
1201
3466
4445
2062
5686
3851
1983
4345
69
6738
2470
6691
5637
5306
4077
5922
4164
4713
2848
1799
6452
6965
2923
2563
6381
1072
4711
3880
4104
6429
3827
8062
6828
369
1097
7977
5399
3448
6314
4700
1985
4926
5048
4000
35
5449
2609
2206
5548
2903
5727
2051
7378
1253
2595
3419
1393
6350
3346
3973
3554
2896
361
3090
5087
2178
6987
1376
6626
601
768
475
4510
7022
5385
2544
3804
6811
5325
5193
5725
1822
4549
3188
2529
6242
7139
3845
225
5615
7814
4755
2673
1595
2955
7949
1956
1638
391
3124
561
77
2168
38
6368
1377
3922
5761
3657
5023
429
5830
5740
1613
654
1238
264
8096
6184
7356
3007
846
5668
5571
7536
5347
7142
7452
1490
4070
2064
2875
481
7373
6017
6183
3623
5482
2861
5492
6631
3838
3553
5894
6726
3307
4799
7369
5239
2962
5778
5973
3503
4811
830
1508
7845
5285
2646
3523
2951
6510
3486
6990
7762
3444
6137
1815
1898
5929
8122
7267
5738
7166
284
2744
1461
7529
6085
4781
4750
5733
5319
701
5638
915
8112
6660
1871
6996
7381
3902
4176
630
4631
3509
333
1351
5850
2789
7321
7447
3996
778
7259
8002
1813
3073
5461
2503
2171
924
6012
7954
368
393
2449
2395
7834
5535
3191
6301
7107
4268
233
530
7256
4945
1682
4374
4981
3873
6727
3247
4281
3928
908
6890
2255
7566
2584
1797
334
3101
6609
2090
157
3355
7239
5268
2854
1060
797
7561
1607
4770
1285
3669
6120
3337
4638
7063
112
7972
7335
3935
470
6243
3811
2581
6407
1911
6698
6829
4591
5683
6542
3746
310
744
7741
2942
3608
18
7624
2558
4975
4971
1248
4207
1059
6947
6905
43
2410
5591
7023
3407
4841
1834
2299
3511
1532
2372
7923
2138
7974
5783
4489
3263
1658
147
1919
1286
7423
5572
7101
7374
4563
5189
1347
8170
4683
1703
2367
4600
3299
7914
5494
6135
7146
1460
4452
3771
6071
3184
860
4788
2806
229
5861
7793
6766
7965
1923
5393
5271
5103
6451
1867
6945
6455
4051
5811
3389
5495
4747
6827
7347
7662
2571
200
2462
5927
7825
4942
4542
3035
5579
562
1352
7733
7909
7006
5990
7362
5921
7427
3728
6515
3004
7009
2266
6461
7265
618
4769
6358
1075
3251
6916
7134
7693
7664
8089
194
7483
3115
6940
2597
7163
4789
4120
4920
6849
6629
5814
6939
7544
8143
7240
7768
4673
7658
7694
6860
6680
81
4143
6562
7201
1909
7657
7623
6903
6858
1193
7813
6913
4520
3252
3662
2433
7791
4200
349
7047
7976
6215
824
7165
5729
6942
4968
447
300
4333
118
3869
5368
6941
7908
354
1819
7465
7055
6951
7796
7644
6347
1993
4618
5230
7798
787
6910
7663
6427
6066
7100
1256
7661
2844
7477
145
1312
5716
4376
1718
1258
4565
4478
7565
8020
7901
5360
7606
6918
1974
4682
1064
5933
8039
6820
2319
794
903
2290
4924
3136
7461
4642
5547
1509
498
1166
6548
2780
2602
1883
3142
4030
4270
3390
2843
753
94
6710
6130
6580
2804
3943
5217
8082
8135
1915
5228
528
2324
1087
3540
1669
4771
7864
5609
5261
5604
1443
4364
99
6690
3579
956
1210
1665
1366
1678
7696
5192
1945
288
4547
3058
3736
2498
2059
7672
6158
2605
4709
3242
3436
872
5634
327
7947
2404
5153
4462
881
6155
3288
5790
1814
5455
1952
1135
3643
871
172
6009
5110
2556
1885
7519
8178
5807
1647
999
5181
5466
3688
1651
1688
2492
6671
236
1190
1863
2949
5815
2700
6464
6549
6567
798
1459
1395
1882
7785
2937
1001
1249
3545
1197
3575
947
2667
8026
3703
126
3409
2630
879
4923
1095
7430
6007
319
6810
4690
2288
5064
7710
7543
1587
2368
2985
5655
2086
6784
4997
6679
5995
775
7650
3214
3940
7774
4375
3437
7775
3471
803
7503
2634
863
1449
3010
1217
2035
1346
182
3116
3157
1180
6296
683
1365
850
4967
1391
3420
5657
5063
7016
1886
5834
6555
3725
2655
2762
730
7582
5433
5030
4061
4576
5441
6703
994
1577
5693
6364
7080
416
2108
6104
1033
3291
4006
3582
1970
4347
1388
2260
1232
6818
7527
6842
487
5526
4226
179
7903
6882
861
5119
6494
7000
497
3489
5210
8189
623
5044
5055
7911
3375
7293
6029
7466
7620
4551
5072
5800
2906
358
821
5819
4400
7221
4123
6234
3076
4303
2246
1921
7930
7075
6978
2094
1722
3882
5169
5243
1762
2189
7679
2483
6324
7455
4004
4852
7474
8086
3313
3711
8097
3000
193
1419
6760
2430
5578
7366
1345
995
445
7783
1729
4699
7725
4820
4985
1596
3972
2083
2125
3085
335
5764
5618
4427
4225
6443
3729
4906
4927
1187
3275
5141
1506
8228
6274
7020
6664
1192
1421
6084
1918
7065
7595
1466
4791
5003
6924
6699
7351
938
3042
1544
7097
3300
3500
1565
7707
4691
6841
5148
2980
7579
4663
5587
267
4092
4127
1971
3391
1401
7156
2282
6138
4441
6815
1888
4986
5747
1151
8035
6223
3432
5475
1226
5909
3044
3915
6473
1796
4062
2901
132
5776
1778
1280
6774
7383
1594
7387
4916
2578
3862
2993
1225
6714
4484
6305
2889
8092
1233
5238
7876
5373
7480
5623
4868
4034
3958
3087
4493
757
2379
1428
5315
7721
4141
2396
8148
3788
1734
5540
5431
1008
606
510
896
3640
6193
3896
7958
5174
2847
946
5529
6986
7119
6179
7546
5949
769
5599
7024
5113
781
3534
224
1031
3803
4666
6777
3024
7358
6186
6538
914
3559
4644
7296
3796
6356
5856
4416
4488
611
5211
4393
3962
442
1311
7871
7571
7844
7570
7831
6658
15
1414
84
7971
7665
6313
7583
4121
2303
2542
628
5098
6921
2538
6914
2122
3630
6600
6481
439
7210
7251
7481
4816
3103
20
4223
687
7329
4177
5561
1603
5530
6507
6156
6677
7110
8016
7059
6725
3450
3189
452
6202
3919
1214
4116
4174
1901
7354
1179
3345
1979
348
1878
817
4325
5523
5329
4422
5043
2638
2421
2285
5651
1108
4954
467
7697
4384
4692
6389
6311
1123
1341
6086
5487
5259
7847
4274
6529
5484
3465
167
7127
1936
5991
8015
6969
1199
2194
7307
3262
7701
2527
6471
4527
1775
3903
2381
2018
5703
2397
689
1373
228
1173
102
6944
7982
1612
1947
1693
4686
2271
4229
4313
678
741
4096
4054
2054
5613
6079
2225
1191
661
6092
4100
3774
3072
3610
6876
286
4714
1571
767
5462
989
8154
655
2257
2244
777
7283
7076
3217
6061
3447
4024
301
2455
1654
3821
5867
2444
1511
4269
4938
3539
338
852
4980
5576
884
248
5818
258
2342
2795
1740
7390
398
7818
6362
5545
5045
5419
935
6583
453
7862
3988
1322
559
5625
6741
1103
7621
4117
2050
1222
6801
7675
4088
6560
2986
2408
2049
1920
