2276
5172
1812
4030
236
5947
5936
5932
5459
5454
5951
5921
5934
4976
1605
938
1941
960
2011
707
3000
2695
4656
263
384
1978
4754
2759
3728
4368
4618
258
673
3232
2479
4723
5620
5378
3382
5249
5667
3241
2702
399
5654
4437
2309
3270
5625
77
4768
2036
3566
4934
4730
5206
5369
677
2086
511
5059
5392
5013
2331
5812
3633
3874
4050
3287
3940
4381
4246
2982
3363
4335
630
1240
3832
596
1129
2498
3115
3165
5252
5521
22
2783
3429
2067
3470
1631
1249
2885
787
3155
5589
1913
3023
1110
2943
5742
2611
1042
2004
655
5908
3503
1399
2849
2304
900
5902
4372
3096
3103
3291
288
4369
5049
4100
5086
385
3689
5571
3442
5248
1731
5038
4814
3850
5273
1640
345
1682
5115
5
1684
5595
1281
2568
4014
5421
283
4977
5772
4305
3573
3176
5842
604
1067
1163
3730
3854
5199
5056
803
4855
4218
1137
1495
4023
4265
4414
327
1013
2112
310
3962
5469
5450
1746
4795
2928
210
4230
5187
538
2108
4620
336
1637
3663
192
1589
2374
197
3110
1270
3349
4961
2033
115
3942
4801
161
4289
3246
2913
3088
540
3544
2882
5370
5706
5856
812
1018
512
1863
321
1561
1558
5025
2271
3973
2592
896
3597
188
5612
1388
3668
2915
1678
308
3536
2294
4331
4509
2282
3354
1725
3935
1907
1203
2224
3631
5858
1834
1625
1790
4632
4250
2680
2166
5460
3191
2851
3273
3413
3078
4477
3726
4666
4253
1523
5630
3586
2448
1901
1574
4880
532
46
1816
1296
3967
3954
4211
5955
1298
5227
1395
959
2245
2432
5341
5509
2533
616
5756
5416
4856
3568
3530
1896
5696
3638
129
5007
4538
1918
5328
4049
2600
5120
4968
1822
2373
1245
4758
4933
1428
566
4175
1073
4104
1695
1886
4904
5164
4459
4665
4554
5111
3798
4342
4954
4038
1820
3642
5610
933
4200
1755
2771
223
3621
1597
3684
3045
4172
2141
3253
4942
5270
1433
1691
5588
2454
806
1418
534
4379
85
245
5770
5854
3517
169
1265
5012
1645
762
2494
3038
1774
5219
4706
4060
852
4960
1117
476
3877
1915
823
1034
1368
4828
4894
5715
3140
2720
2953
3978
1422
552
527
4374
3028
5567
773
1655
1510
4813
5415
4888
1148
3498
5259
3624
518
2647
4564
4927
3554
3123
2556
231
246
3207
4407
5863
779
1011
3674
3020
3324
5000
4123
4204
2575
4233
4803
4088
5580
4673
5907
5779
4681
5455
4821
5528
4274
4542
3064
5443
5019
2529
1280
2548
5318
3359
4672
5501
869
470
150
1516
1114
3322
1986
5802
4454
93
4630
2357
4267
300
4678
5492
4008
4314
4638
952
60
340
5358
4015
5840
638
1889
2443
3963
2241
3879
4518
4133
63
137
1960
4716
2275
102
330
5287
2645
4669
4835
1524
2863
5722
10
3705
2920
3814
2639
4406
3888
1299
3067
608
651
1995
5536
711
4376
251
4153
2372
2534
4626
5302
2804
3090
3403
4984
4279
4895
5817
2837
3792
4577
3450
4201
4450
4949
1329
2897
1305
2323
1639
5245
2683
873
1030
2571
121
455
5767
4957
3796
3991
4637
3105
5414
820
832
1567
4130
5330
5801
4087
232
2458
1140
4021
3771
4576
5434
1074
256
3314
2802
3984
1931
2847
1933
3787
4584
1778
5357
3486
2524
4110
4688
4710
1519
4714
5223
5240
3269
3509
1672
2459
157
4654
1414
3679
1375
2664
1339
1297
5346
2708
5097
3701
2506
2170
1668
1057
3475
386
2173
1596
2257
522
5107
3725
5344
4011
3760
2793
1173
5736
2868
3600
1406
2199
3193
3782
3745
5561
299
4891
5695
935
2127
0
3847
4425
373
4810
2268
5918
61
725
3439
4839
2227
2210
714
3422
3822
4945
3006
5701
4234
2039
2123
4243
4770
2353
925
393
843
838
3648
5412
2318
699
2070
5829
2350
2903
3563
2933
3594
947
846
827
409
4503
4523
4072
3614
190
529
1041
2727
2176
822
4334
3286
3487
2047
3455
5572
4019
113
5545
325
859
5451
5602
3658
1244
3588
2080
708
5708
4185
5638
3910
1653
3987
5365
1199
5693
4661
4658
950
5395
1876
830
3599
1724
1704
3700
1405
4158
2092
2068
348
786
1951
1620
3828
5092
2386
1288
1134
5102
5497
5903
3039
5101
120
1126
1176
2779
1434
2696
484
4249
3488
1343
3766
2438
3775
1225
2420
1209
3216
548
4622
4852
326
4323
1194
214
4970
980
1197
164
5660
3428
1000
3012
4528
112
4522
2101
3763
3846
82
4980
220
2096
4343
5762
3319
4553
961
531
3009
2041
2022
5814
3871
2853
872
4784
683
3249
5745
2772
5746
4721
1875
1750
1890
5250
3230
1908
932
2713
1385
2133
2753
3772
5789
3304
4115
3302
3492
3650
2319
3618
783
2540
5518
328
296
3526
2551
5535
5436
2842
233
4529
3312
5125
5785
1138
528
1799
488
5232
4602
629
139
404
1945
4143
3240
4905
4252
2832
2666
4451
3373
3721
729
583
1045
344
1540
5733
3719
240
1555
5276
4766
1311
4162
1698
1740
3233
5525
2742
3904
3396
1214
4385
3342
5542
4091
771
3561
5479
981
3423
2402
4540
3226
3144
2115
5321
1836
1600
3996
3757
3625
175
2136
3294
2555
3285
5750
1823
3468
3911
4193
1328
2586
2589
5832
988
2629
4953
5285
3059
1340
957
3990
2754
924
1728
687
2375
3863
563
1993
3299
1088
1953
342
5833
696
3752
1072
4873
2430
4682
2018
516
2451
2455
1054
3073
3462
5547
5512
1350
1700
395
5570
5317
864
861
3971
3957
2346
5527
1479
2684
4111
5554
5587
1576
3736
2278
1842
817
3489
357
4724
1260
4134
4383
5563
1899
5466
4291
4164
513
2518
3546
2165
5356
1782
5815
1883
723
3100
4800
627
1999
5731
4983
5176
5135
3231
1817
2835
31
248
3609
1888
4911
3903
5668
5220
3729
793
3500
1437
4137
698
5243
5629
3237
3052
3114
995
1480
5714
284
4365
5138
712
4483
998
4881
229
1456
4938
775
5326
1036
5311
4469
3154
2182
5435
2525
5098
5820
5791
1581
2147
3718
4748
754
5670
1232
1659
2990
5315
889
3946
2760
2909
2828
5281
398
4609
5310
2508
5065
4254
3826
4697
2704
5185
2410
5340
2482
989
2642
4545
5597
4863
1560
4517
1332
5499
3696
3254
5381
2617
294
5211
5027
346
5876
2782
5391
595
5558
5427
4074
2697
911
577
5113
515
1521
4157
4020
776
1336
2484
5566
4059
1921
3709
4396
2205
4073
3133
3255
3603
1397
4136
1221
5700
1337
2077
1341
3591
2789
4224
5752
3308
2699
3393
3562
898
5268
1845
3657
5074
915
992
5705
3036
3032
3655
4627
364
21
2610
4432
671
679
2311
3675
2557
2203
1734
4580
5623
5885
760
4908
4394
3690
457
4900
1195
3897
4466
4534
3965
1599
5533
3743
2655
1189
2391
3823
2574
1208
3907
5914
940
5489
3619
1355
591
858
420
2290
1730
669
1290
2604
5794
561
5047
4535
2284
3896
4808
1391
1843
5765
4095
226
809
4195
946
3587
4675
4903
1113
3504
4225
5170
4210
1742
1109
2042
1303
4245
2944
4987
1634
1614
759
618
2819
3549
5431
249
3522
396
5131
3797
2880
4036
2877
1486
3506
854
1674
5498
2875
279
3456
287
1441
5838
1661
1517
1439
2968
2726
1587
163
1706
5266
1807
5014
3437
3426
826
4186
4610
5377
4062
3738
2599
1781
123
2398
5407
2734
468
1182
2554
1593
5399
1609
1844
4055
1551
2558
3070
3515
306
736
3307
5278
4695
5685
5080
5332
1071
5410
2580
5255
3917
3640
2385
918
4303
5671
4848
1568
3746
1457
2412
4031
2184
4785
1809
1992
3981
2059
4631
5596
5549
2694
3221
2358
3445
3840
5348
2145
1177
1490
5288
4830
3543
653
1026
3855
3444
1504
2940
3022
2440
5751
1768
3953
4360
271
3927
2277
3247
588
5865
2422
4044
2892
2200
3484
1384
1569
731
1669
3097
5590
2929
2623
3459
439
2028
1046
5739
5900
5897
4659
1023
2935
3386
3754
4404
3551
1548
3472
2477
1279
1911
722
5730
1037
1703
1373
25
1429
58
2862
970
2485
2991
355
5646
1084
2183
3620
2507
448
3146
2649
2981
881
2700
5204
481
2517
1980
4190
3634
5809
2841
2273
4906
2755
1909
2620
2677
1646
1621
44
2848
3860
5077
4982
4370
3537
3353
657
2187
3494
5890
5516
5282
5200
1827
3608
3228
4773
2016
3094
2864
3776
646
1253
2406
1218
4886
2542
533
4971
2510
2100
3379
1759
3419
954
5681
3994
4297
1806
3611
143
3409
2437
3316
4377
2355
394
5508
3856
1059
4189
2316
3749
519
4932
5163
221
1562
4025
3005
2999
1255
5153
1474
3098
3604
1714
614
581
4063
1465
755
2058
5478
5261
2923
54
4555
3505
1950
4605
3258
4930
1983
1654
1910
4486
1660
1764
3894
5087
3790
1261
2799
3497
1832
5201
3727
3040
28
1708
4390
3501
4969
189
837
4611
2565
1402
942
1400
5213
5028
2230
2860
270
151
1003
3252
2388
2180
2587
1927
3958
5843
1061
3673
2175
5422
974
1885
4408
3427
5915
4151
3072
1272
257
3852
3513
568
743
15
3320
3654
3993
4847
4401
1032
5221
3861
2752
253
5224
2174
1227
584
5165
2735
4364
1103
2024
3715
5830
2124
2646
1083
425
3474
5051
5798
765
597
3977
2269
2001
1374
659
2217
181
593
3992
78
1488
4959
1180
4114
375
32
3524
3453
3688
4056
2626
5886
496
1964
5862
5822
2564
4728
2961
1912
3175
3298
209
1804
5484
4016
4649
840
1769
5323
3261
4947
5626
5578
5329
5490
5844
3862
4362
3540
4272
2081
5574
3377
1611
844
419
391
5519
1066
5195
2339
4668
1878
2745
2995
5314
5073
1572
3687
5796
2177
1196
3293
4005
155
1464
4121
446
1119
660
5837
4592
4472
4739
185
3066
3260
378
3198
4448
4505
2774
3365
3900
365
1590
3637
4586
1448
637
1200
2547
1982
5727
5196
4598
3982
2197
3698
979
4867
1991
5141
4539
1268
5128
5307
3878
1701
4749
4154
5931
4177
2099
1451
3601
4298
1058
4058
1974
116
5627
3414
1493
1478
5834
400
5313
782
1722
4032
4579
1525
2585
4010
1815
5887
2190
1688
3303
3810
51
124
3817
354
97
2023
564
899
2840
3920
5158
569
4304
230
5053
5819
878
4595
3479
3751
579
2481
3569
5556
3596
1324
2256
2186
467
5948
1431
5359
2945
3980
5511
3069
570
930
3214
4042
5526
2590
4533
5606
3341
118
4825
1802
4854
1775
4022
4765
5043
680
612
29
2831
5203
168
1382
2931
1325
5480
4955
567
2444
1078
4701
3301
4699
1489
1246
3960
1174
1773
2419
4849
2523
1262
1854
1263
4734
3345
2252
907
2483
5864
3357
5735
5394
4842
1853
2941
2014
3808
4461
1449
5853
5109
3026
1017
3334
3127
1598
2377
3129
5559
3339
4979
3602
497
1435
5430
1675
3328
3161
1717
5468
810
1726
917
478
1542
4178
4356
4815
4453
5361
1865
5091
2579
3374
1681
244
875
1149
3811
3724
732
2861
4196
5831
315
4999
4585
4278
1666
5132
2235
4790
5100
3644
2404
3430
5725
2084
4520
2674
1327
4293
2591
1426
5557
1273
23
648
3952
2088
4865
4299
1530
3805
1430
4946
266
76
16
685
1693
4475
4473
621
860
1976
2242
2463
3284
2619
5082
5118
3087
2996
1467
351
3262
2085
4481
4199
3653
2876
939
5215
1371
2111
2698
752
2321
1202
3071
3125
964
5787
4645
2172
2194
1257
4652
3336
2204
689
4866
2794
739
4212
2045
4792
1029
3661
1939
2297
1903
4216
5891
3697
1127
307
5635
2881
5112
2078
2719
2813
2681
941
1673
796
778
4896
20
883
4442
2151
5642
3849
2312
1522
4737
3985
876
2672
2883
2340
3224
2475
3151
3310
662
753
2215
4965
5237
5179
402
1515
2117
6
2405
462
4083
1312
3627
4013
2959
5949
4244
5944
3197
833
2722
3915
4864
4290
2464
4101
716
1881
3076
1095
3210
1335
1360
4844
2814
4876
572
3452
5242
3177
2678
4917
3296
3124
5004
3265
170
5069
5941
5808
2140
3512
4718
1248
4213
1079
2408
3358
1001
4788
4330
2716
5386
1870
955
1007
2724
2347
272
3652
3833
4259
4174
4337
802
1869
5805
3147
3466
4140
2364
1623
369
966
1403
4361
4405
5872
5649
3882
2884
936
2320
370
1461
1831
3948
75
2937
845
5744
4635
1627
5105
4633
2426
4488
4479
971
5524
4722
969
3827
2667
2396
1677
5778
4929
2240
5349
374
1269
4465
5546
2351
474
4182
3244
2327
865
460
5264
2046
1367
5657
5656
3289
894
1618
447
5599
1868
559
4403
2032
2796
5912
183
1638
1906
5042
1019
1432
3041
127
1010
2651
3932
1622
1224
1929
3266
33
1404
3001
3572
148
2255
1644
4910
1454
4575
412
304
5568
2736
4482
2803
761
259
905
5786
3995
3750
3259
1940
2650
5661
4993
176
654
5152
4366
5910
4427
2560
3895
4096
2790
3527
2721
3384
4530
3706
4316
5090
2094
4307
4757
1344
5457
2090
4796
27
4753
320
772
1440
4594
5292
3245
3704
2950
3178
4
3623
3693
2445
4685
4308
1322
2185
1919
1229
5515
4318
276
30
3656
4974
3065
480
483
499
3372
274
5171
109
1043
3870
5924
1754
656
2495
4663
69
735
1226
5408
241
888
1242
1365
5017
492
1699
4138
2260
2025
3049
352
3389
5658
4284
2337
429
1987
1014
635
2429
2601
5247
5256
2874
5335
2519
3149
3845
252
4292
1361
2211
1
2552
218
205
3511
1772
1351
967
692
458
3478
5032
5866
1055
1410
2417
1258
5448
5603
4829
1988
156
740
3830
5284
2431
1181
3916
3481
132
5024
4384
397
4248
4870
1170
1715
2365
81
4116
2287
3283
1006
4027
2733
4643
2948
2082
4998
1243
5209
5716
2956
5551
4192
179
2983
4549
2665
5142
3189
2295
5122
3367
3744
427
1741
376
1696
5010
1436
2501
4463
2222
5475
4348
1737
1891
4670
2872
745
5085
1210
2131
5543
2037
734
4807
3909
5846
4226
1798
929
1985
1216
2978
465
4964
2415
4628
2158
1135
4502
265
3918
675
4270
4858
1710
5797
1762
5618
5494
3934
5298
261
319
4948
1641
3851
3629
3043
5881
895
4007
2062
1531
1128
1830
4603
4301
5503
1904
1444
2003
5188
3610
186
2403
5207
2906
4455
828
434
5674
131
5002
5882
1571
2612
758
3615
4772
2686
713
2399
2643
1512
5390
5046
5889
4689
167
2421
2962
2687
1334
3274
3778
3753
2012
122
134
147
2487
3275
4836
1892
2855
798
5573
1098
5182
4560
4169
5836
438
3075
5217
678
1981
1784
3972
1304
2758
38
1630
3388
4065
2009
3215
4924
4582
628
4320
1445
5423
2288
1130
108
3227
3605
1287
5813
1472
1665
4515
4355
5126
3162
4108
2830
3565
2120
2228
5127
2581
2562
201
574
3815
784
3410
1948
1264
1603
4736
4135
5334
5933
4325
1745
3768
1813
2824
4915
1237
2972
153
5717
1528
3323
3458
4345
3205
5225
1602
13
4494
2725
18
4296
1394
1733
4373
3955
4202
690
963
1419
982
3577
4149
2376
5376
1442
3223
3400
3831
3109
5400
466
1331
416
1758
5845
1190
5888
4421
3490
3774
5461
3779
5316
5294
5233
1236
4349
1491
987
2955
800
3816
5123
196
3703
2427
615
126
2335
2907
140
2743
2911
5212
1923
1381
3671
4399
756
4079
4392
5614
2446
3574
589
2984
3539
1689
3584
880
1893
1056
3829
1749
491
1771
5857
507
2899
1301
1047
3533
2362
2817
2254
501
3113
724
1632
57
303
3288
482
3820
4608
2701
1819
642
4698
367
509
4532
2638
763
3756
2607
4775
2966
4441
5640
2631
5585
4180
4587
2584
1205
2648
4054
3836
1104
2748
1962
795
2606
1101
984
658
4119
587
2791
3607
5156
2532
2963
1247
5403
1323
1752
3695
1315
3921
4035
1346
5617
5009
4967
3937
4994
2987
217
445
5289
1008
1658
5679
4544
5229
2778
1105
5803
1416
71
4329
558
1425
4769
5464
5697
3204
1520
2637
983
1828
4159
3691
5058
2369
855
311
2232
890
5419
309
4237
3120
4051
5488
2785
1317
3529
337
1075
986
2071
4951
459
2823
2689
2449
4674
74
1922
1376
2922
1501
868
4872
1357
1543
903
2091
599
797
2609
1166
5878
2756
4090
4003
4242
4452
1996
914
3974
3471
4354
3034
3914
2910
547
4275
2986
5847
1648
3672
2069
4702
3680
2005
2179
2414
1920
1657
842
5442
5724
1393
1471
943
4797
5076
5728
3780
4375
2917
4034
1573
2890
5531
5398
182
5665
2553
333
1575
1707
2489
1811
3699
2886
5775
5193
1330
4708
3931
2992
4428
5011
1628
4561
4300
4209
1954
3085
2019
3060
774
4443
3564
5552
1779
717
2636
4985
498
1198
1792
4484
1887
5050
536
613
2811
5664
2029
4328
2433
3853
1785
598
195
414
211
2776
610
2998
2015
2035
3717
5234
237
4043
2834
5312
5095
546
5651
4489
5070
1027
2583
5286
3791
1267
90
1592
5514
585
2264
4412
5680
5246
4423
4996
3582
551
600
324
5806
3360
4713
1989
2729
2359
408
4411
3050
49
2900
1122
2578
3451
1760
811
5409
2559
3666
4616
260
2472
3999
2064
1069
991
1165
3229
235
5064
4184
1635
3508
433
3819
3130
4537
2801
2209
4207
335
4662
2030
312
5491
4619
2152
5560
2739
5181
3970
4885
535
1685
3248
1957
2401
2979
5301
2289
464
1626
2773
3799
5099
1607
867
2546
4262
4589
4229
2514
1276
3381
3139
962
5753
2132
2159
5303
1211
2462
1277
1748
1584
2527
2596
3158
3617
2927
3037
1321
4922
580
701
3122
737
2492
619
2344
2460
2164
5031
2280
1424
2597
278
3567
3692
1347
2749
2109
1342
976
3969
1112
3559
1132
2845
298
4857
4562
3793
1354
741
3136
2618
1513
4868
4745
590
4006
3407
3402
301
1507
3493
104
5564
4920
3350
3502
4746
3338
5562
5319
3186
1535
5375
5764
1099
2361
2305
2615
471
2622
1239
4878
4901
5062
3595
292
3027
4221
422
4445
1308
5818
923
2478
2954
3612
851
5474
3802
2896
3089
4077
36
208
4992
2693
219
4105
3936
4570
5016
4160
640
1882
401
5137
289
4232
4283
5782
3670
1877
3825
4309
2218
4693
893
4707
3236
2169
2188
661
5592
1791
949
908
4831
623
2270
4877
1552
5175
3906
4752
770
887
3495
2537
4347
4606
3152
4568
2468
1871
2416
1123
3234
1973
1145
3434
3677
1917
2871
1223
3164
4995
2715
681
2154
177
2691
1585
5371
1496
1266
2072
4726
5385
2333
4150
592
904
2870
5741
3080
1793
821
5306
1191
4281
382
3575
1642
5644
2453
4690
2226
3788
539
2918
3326
2566
5510
3153
3329
3054
4644
2002
5230
4415
206
3435
5192
2378
1709
1694
2198
1686
2857
2595
4256
2007
5331
4647
2324
5154
2891
500
1500
5810
5104
4410
3579
410
1965
4288
2247
1857
562
215
5884
1959
1872
2635
2079
380
1846
2466
2971
5684
1172
2156
5177
3837
1998
5210
4327
2486
524
390
1050
2258
3021
3959
3783
4397
1256
3858
2119
172
4612
5729
3659
5759
3764
3786
5471
686
88
2160
5662
3541
2894
1880
2345
4286
1097
5463
4417
361
3803
4988
3271
3190
3199
1932
4776
631
1777
2138
250
403
5439
2435
5251
2792
721
4282
473
2436
1636
1125
99
2535
5066
4004
1235
4102
874
5677
611
2949
506
2866
5743
951
1052
3278
3531
1502
1295
225
4729
4705
2114
1897
4809
4569
3964
2969
789
1651
4261
1319
5641
1547
1615
2545
358
5226
3061
666
1369
5167
86
4344
4208
2208
2250
5239
5851
440
3256
1583
1601
4047
3812
3116
3371
3192
4913
1859
5036
1306
4310
407
1692
1765
2741
4106
5873
2690
5686
764
920
2737
4709
1925
3398
2946
3769
1387
5241
1826
3194
1065
1183
1063
159
441
1039
1867
2543
1151
1538
5352
1796
607
2516
2503
2261
617
2216
360
5496
5848
2784
4850
2633
1193
3169
5849
5663
3880
4039
645
4676
5698
406
1776
1020
2307
2904
550
1289
178
1905
1102
2570
50
5622
4069
993
411
909
1463
4541
1398
3056
1687
5734
4566
1797
2207
3397
1509
14
2652
1446
3945
286
1087
2384
5339
2744
2413
2659
66
4350
3331
203
138
4516
1712
3639
4313
4367
5611
17
5401
341
4089
1228
4141
4887
3173
3665
5034
2243
1747
3485
3394
3707
594
3464
3196
5539
2065
726
5405
4132
2624
1473
3556
4418
5026
553
4578
625
5938
1164
1856
2301
3433
2021
620
1438
582
1345
2505
4650
5075
1624
4590
2074
3029
3315
804
1492
688
3008
652
1038
5228
5106
4966
5428
224
264
5768
1838
4131
4126
3016
1955
5473
1167
2107
3318
2827
2390
1787
2467
3119
3864
3376
2531
2013
3794
2220
5738
2051
4660
853
4257
2272
2728
3095
2924
4294
5110
2838
4789
4426
4889
3988
4779
958
1022
1997
1458
2424
521
2181
913
3172
715
5373
2919
2934
4918
4113
997
4033
4546
4322
5655
3641
3117
2975
2076
2063
9
4214
1527
2914
605
3062
2441
3280
3188
5023
437
3132
8
5183
329
110
282
1944
2644
2148
1096
4556
4624
2852
2363
1131
738
356
4802
275
937
1378
4572
3913
5593
1586
3868
4755
2465
5295
2833
5440
5119
5081
4550
1743
5411
3773
1619
2491
4943
5305
2657
3891
1617
4112
5883
2807
525
5084
1739
2476
173
5776
4711
454
4952
313
317
1566
2341
4997
5940
5445
5541
792
4240
2031
431
1081
4041
2788
389
1780
5704
7
2640
5124
866
3469
994
59
3053
2902
2795
4798
381
4731
2233
3206
5235
5418
5396
3441
742
3949
2767
2087
4846
1413
3716
799
1879
1201
1554
5144
3514
4380
187
2234
3292
3411
3742
5309
727
3166
543
4064
902
3424
5260
5553
3101
3892
777
1565
1841
4492
3722
1821
4543
3872
5852
1506
3643
4787
5190
2662
5202
3375
4081
4597
1861
2457
5157
5894
2040
383
520
3740
841
349
3842
3170
891
3465
1719
1713
1835
2685
1937
5702
5828
4075
4093
5550
2480
4205
5462
2192
5447
2142
363
2129
697
3093
2057
5615
5774
2588
4388
106
2985
2213
4869
4548
1169
586
2888
133
1060
5169
5487
2577
242
1884
2930
4823
1850
4339
4914
882
1085
1142
4909
5280
2121
5676
4352
1947
2473
560
101
3004
2732
3519
5689
2522
247
343
4777
3167
2171
4574
4302
5060
2469
1767
316
554
5055
4241
4552
3102
1662
3560
3491
65
4613
4774
2291
4332
624
747
430
5793
4921
5761
4741
1222
3406
1002
3720
5584
4625
3282
2409
3392
4420
5594
3983
4871
3800
1230
5363
2354
4740
1971
5068
5692
3545
5178
4879
5721
4925
469
1794
4359
4744
2329
2195
4683
931
1115
785
2474
323
3683
5089
4526
5420
1829
5582
5548
3761
4629
2343
5867
2146
1946
2994
5893
5811
856
3734
999
4430
3681
1250
3748
2231
2370
4641
216
424
165
5581
4720
4804
1453
3238
322
4191
5781
2193
4781
609
2089
5869
2730
212
5265
1499
5267
4950
2103
3961
5827
2302
4926
4742
5659
2723
927
4596
1062
4227
3795
3801
5083
3300
1533
1363
4491
1633
4648
805
2598
2858
3525
475
3092
919
934
2128
444
162
1462
639
2603
2050
885
5379
1175
4168
1358
2844
291
4794
3218
1539
4409
2285
5575
3201
87
5669
1873
5633
2964
4263
2731
2098
5364
4719
5605
5384
5035
4816
3902
2820
3968
1302
5467
2008
1470
4497
1443
3343
1186
1808
3881
3179
4664
1089
2889
2670
4163
463
5740
3325
1377
1362
4076
1353
5723
1155
4351
2938
3068
718
2221
3171
5687
4144
432
45
3883
2509
4747
2710
1152
5699
749
5555
5766
4097
3084
2750
3446
1326
1534
160
2513
5191
897
5003
3321
1735
3741
682
2692
4446
3014
5500
5824
2027
3352
2049
4438
2997
502
4264
5413
1420
504
5274
968
3908
4936
2757
975
850
3276
3758
2326
2526
517
863
2125
5604
5061
5054
1158
3824
5432
788
5114
5238
5096
426
1994
4419
5040
3263
3571
1427
4085
4687
3436
2936
5218
3807
3739
1005
443
2237
1898
4485
3898
4975
3390
5160
5780
1862
1412
2253
2110
3131
2668
634
3399
578
4819
1536
2957
545
847
4657
1184
3347
5895
1805
2628
5433
2300
5748
3821
4436
3711
4621
676
3163
456
884
5020
1409
2371
2878
4333
5465
1309
191
3528
977
5537
130
2818
505
5928
702
3013
4521
2939
3195
3209
4786
4931
1606
4508
3956
2283
5130
35
227
641
695
3552
4820
1139
5773
751
423
3264
3317
892
4939
2977
1146
2825
2214
3467
4460
3219
5116
4353
5424
2660
4470
2993
4940
3507
4487
5476
1559
834
1683
2775
4422
870
4341
281
4433
1487
5493
5624
4500
2879
4395
2196
4973
5532
4524
3976
3635
4604
1051
2052
1217
644
107
1563
4591
4593
4700
1727
5632
5133
5631
3785
3184
4646
40
5472
1107
4255
24
601
3383
5039
1159
174
1647
1553
314
5325
1144
706
4581
3873
1136
2155
73
4048
4118
2056
392
3104
5870
5523
353
3055
514
222
5353
948
4738
2244
4464
2248
4435
5057
5861
5184
1902
1803
862
4311
4431
5841
347
945
3558
3203
4559
2895
5383
5324
2236
956
4884
2387
879
2656
415
3723
2766
2499
4179
238
1595
2786
4634
255
3905
4972
2810
4833
5711
1283
4832
2530
1864
4824
3015
1094
2567
1254
5688
3332
2764
2762
302
4504
2265
184
5506
3272
2952
3694
2711
5769
1564
3457
452
2706
5253
1192
2856
2328
3818
4045
1044
5446
2980
4001
5030
4907
1274
815
1736
1450
2122
5639
485
857
3889
4222
2493
228
2178
4271
2500
5749
1040
4558
4276
1970
5322
4107
1961
2383
4882
1958
5713
5308
1307
1460
3929
3928
5758
4733
3454
2867
5198
3626
1810
2873
472
3239
1282
4125
3208
5792
1526
4525
5800
5804
2348
523
1751
4009
5001
1162
1544
3499
5333
4280
1761
672
2366
1035
5577
3899
3327
5673
4941
4219
3578
194
5470
5906
5898
5950
5896
5952
5916
5920
5930
5520
5935
5483
5937
3834
1275
953
3200
3667
142
96
487
4655
1511
2593
1349
5277
4704
670
3496
2846
4565
4046
4639
2627
5628
4756
453
4268
5650
4037
3843
4875
3770
3351
3412
769
1076
2017
2060
5041
633
1314
1494
1837
3425
5507
3295
3183
2219
1090
4827
4026
5911
5913
5923
5925
5477
5917
5495
5953
5946
5943
636
1656
2815
549
576
4799
2315
5855
2314
2313
5078
3989
1092
2310
5453
1188
3876
1852
3986
1185
2621
4371
1849
556
1848
5875
3714
4103
5608
3306
149
3156
3368
3521
2006
4145
3395
3651
405
2134
1979
5425
5703
1604
5682
4935
5044
3636
906
4506
5005
3951
2010
1320
2836
1938
3664
3305
4228
1591
3645
2279
4490
1389
5134
1582
5342
1133
4812
1825
2616
1721
3387
2718
5417
377
52
4129
2274
318
5159
4440
4841
3002
4923
5155
4346
2157
2425
5402
3003
1840
3784
2447
4018
3592
965
200
667
5296
1858
3267
2751
4324
145
5236
2850
3890
2330
5482
5283
1934
4040
4321
3789
3159
295
2299
1259
5504
2541
3669
2539
338
4615
269
3867
34
3355
1407
1251
757
5208
4458
2423
1629
19
5180
3997
2970
1711
3755
5297
3391
1033
3281
3919
5374
1121
5826
5406
4684
114
2869
3682
4547
5254
