0.93720618
0.93703828
0.93687038
0.93670248
0.93653459
0.93636669
0.93619879
0.93603089
0.93586300
0.93569510
0.93552720
0.93535930
0.93519140
0.93502351
0.93485561
0.93468771
0.93451981
0.93435191
0.93418402
0.93401612
0.93384822
0.93368032
0.93317663
0.93300873
0.93284083
0.93267293
0.93250504
0.93233714
0.93216924
0.93200134
0.93183345
0.93166555
0.93149765
0.93132975
0.93116185
0.93099396
0.93082606
0.93065816
0.92998657
0.92981867
0.92965077
0.92948287
0.92931498
0.92914708
0.92897918
0.92881128
0.92864338
0.92847549
0.92830759
0.92813969
0.92797179
0.92780390
0.92763600
0.92746810
0.92730020
0.92713230
0.92696441
0.92679651
0.92662861
0.92646071
0.92629281
0.92612492
0.92595702
0.92578912
0.92562122
0.92511753
0.92461383
0.92444594
0.92427804
0.92411014
0.92394224
0.92377435
0.92360645
0.92343855
0.92327065
0.92310275
0.92293486
0.92276696
0.92259906
0.92243116
0.92226326
0.92209537
0.92192747
0.92175957
0.92159167
0.92142377
0.92125588
0.92108798
0.92092008
0.92075218
0.92041639
0.92008059
0.91991269
0.91974480
0.91957690
0.91940900
0.91924110
0.91907320
0.91890531
0.91873741
0.91856951
0.91840161
0.91823371
0.91806582
0.91789792
0.91773002
0.91756212
0.91739422
0.91722633
0.91705843
0.91689053
0.91672263
0.91655473
0.91638684
0.91621894
0.91605104
0.91588314
0.91571525
0.91554735
0.91537945
0.91521155
0.91504365
0.91487576
0.91470786
0.91453996
0.91420416
0.91403627
0.91386837
0.91286098
0.91168570
0.91151780
0.91134990
0.91118200
0.91101410
0.91084621
0.91067831
0.91051041
0.91034251
0.91017461
0.91000672
0.90983882
0.90967092
0.90950302
0.90933512
0.90916723
0.90899933
0.90883143
0.90849563
0.90832774
0.90815984
0.90799194
0.90782404
0.90765615
0.90748825
0.90732035
0.90715245
0.90698455
0.90681666
0.90664876
0.90648086
0.90631296
0.90614506
0.90597717
0.90580927
0.90564137
0.90547347
0.90530557
0.90513768
0.90496978
0.90480188
0.90463398
0.90446608
0.90413029
0.90396239
0.90362660
0.90329080
0.90312290
0.90295500
0.90278711
0.90261921
0.90245131
0.90228341
0.90194762
0.90177972
0.90161182
0.90144392
0.90127602
0.90110813
0.90094023
0.90077233
0.90060443
0.90043653
0.90026864
0.90010074
0.89993284
0.89976494
0.89959704
0.89942915
0.89926125
0.89892545
0.89875756
0.89825386
0.89808596
0.89791807
0.89775017
0.89741437
0.89724647
0.89707858
0.89691068
0.89674278
0.89657488
0.89640698
0.89623909
0.89607119
0.89590329
0.89573539
0.89556749
0.89539960
0.89523170
0.89472801
0.89456011
0.89439221
0.89355272
0.89338482
0.89321692
0.89304903
0.89288113
0.89271323
0.89254533
0.89237743
0.89220954
0.89204164
0.89187374
0.89170584
0.89153794
0.89137005
0.89120215
0.89103425
0.89086635
0.89069846
0.89053056
0.89036266
0.89019476
0.89002686
0.88985897
0.88969107
0.88952317
0.88935527
0.88918737
0.88901948
0.88885158
0.88868368
0.88851578
0.88834788
0.88817999
0.88801209
0.88784419
0.88683680
0.88666891
0.88599731
0.88582942
0.88566152
0.88549362
0.88532572
0.88515782
0.88498993
0.88482203
0.88465413
0.88448623
0.88431833
0.88415044
0.88398254
0.88381464
0.88364674
0.88347884
0.88247146
0.88230356
0.88213566
0.88163197
0.88146407
0.88129617
0.88112827
0.88096038
0.88012089
0.87995299
0.87978509
0.87961719
0.87911350
0.87894560
0.87877770
0.87860981
0.87844191
0.87827401
0.87810611
0.87793821
0.87777032
0.87726662
0.87709872
0.87693083
0.87676293
0.87659503
0.87642713
0.87625923
0.87609134
0.87592344
0.87575554
0.87558764
0.87541974
0.87525185
0.87508395
0.87491605
0.87474815
0.87458026
0.87441236
0.87424446
0.87407656
0.87390866
0.87374077
0.87357287
0.87340497
0.87323707
0.87306917
0.87290128
0.87273338
0.87239758
0.87189389
0.87172599
0.87155809
0.87139019
0.87122230
0.87105440
0.87088650
0.87071860
0.87055071
0.87038281
0.87021491
0.86987911
0.86937542
0.86920752
0.86903962
0.86887173
0.86870383
0.86853593
0.86836803
0.86820013
0.86803224
0.86786434
0.86769644
0.86752854
0.86736064
0.86719275
0.86702485
0.86685695
0.86668905
0.86652116
0.86635326
0.86618536
0.86601746
0.86568167
0.86551377
0.86534587
0.86517797
0.86501007
0.86484218
0.86467428
0.86450638
0.86433848
0.86417058
0.86400269
0.86383479
0.86366689
0.86349899
0.86333109
0.86316320
0.86299530
0.86282740
0.86265950
0.86249161
0.86165212
0.86148422
0.86131632
0.86114842
0.86098052
0.86064473
0.86047683
0.86030893
0.86014103
0.85997314
0.85980524
0.85963734
0.85946944
0.85930154
0.85913365
0.85896575
0.85879785
0.85862995
0.85846206
0.85829416
0.85812626
0.85779046
0.85745467
0.85711887
0.85678308
0.85644728
0.85611148
0.85594359
0.85577569
0.85560779
0.85543989
0.85527199
0.85510410
0.85493620
0.85476830
0.85460040
0.85426461
0.85409671
0.85392881
0.85376091
0.85342512
0.85325722
0.85308932
0.85292142
0.85275353
0.85258563
0.85241773
0.85224983
0.85208193
0.85191404
0.85174614
0.85157824
0.85141034
0.85073875
0.85057085
0.85040296
0.85023506
0.85006716
0.84989926
0.84973136
0.84956347
0.84939557
0.84922767
0.84905977
0.84889187
0.84872398
0.84855608
0.84838818
0.84822028
0.84805238
0.84788449
0.84771659
0.84754869
0.84738079
0.84721289
0.84704500
0.84670920
0.84654130
0.84637340
0.84620551
0.84570181
0.84553392
0.84536602
0.84519812
0.84503022
0.84486232
0.84469443
0.84452653
0.84435863
0.84419073
0.84402283
0.84385494
0.84368704
0.84351914
0.84335124
0.84318334
0.84301545
0.84284755
0.84267965
0.84251175
0.84234385
0.84217596
0.84200806
0.84184016
0.84167226
0.84150437
0.84133647
0.84116857
0.84083277
0.84066488
0.84049698
0.84032908
0.84016118
0.83999328
0.83982539
0.83915379
0.83898590
0.83881800
0.83865010
0.83848220
0.83831430
0.83814641
0.83797851
0.83764271
0.83697112
0.83680322
0.83663533
0.83646743
0.83629953
0.83613163
0.83596373
0.83579584
0.83562794
0.83546004
0.83529214
0.83512424
0.83495635
0.83478845
0.83462055
0.83428475
0.83411686
0.83394896
0.83378106
0.83361316
0.83344527
0.83327737
0.83310947
0.83294157
0.83277367
0.83260578
0.83243788
0.83226998
0.83210208
0.83159839
0.83143049
0.83109469
0.83092680
0.83075890
0.83059100
0.83042310
0.83025520
0.83008731
0.82991941
0.82975151
0.82941572
0.82924782
0.82907992
0.82891202
0.82874412
0.82857623
0.82840833
0.82824043
0.82807253
0.82790463
0.82773674
0.82756884
0.82740094
0.82723304
0.82706514
0.82689725
0.82672935
0.82656145
0.82639355
0.82622565
0.82605776
0.82588986
0.82572196
0.82555406
0.82538617
0.82521827
0.82505037
0.82488247
0.82471457
0.82454668
0.82437878
0.82421088
0.82404298
0.82387508
0.82370719
0.82353929
0.82337139
0.82320349
0.82303559
0.82286770
0.82269980
0.82253190
0.82236400
0.82219610
0.82202821
0.82186031
0.82169241
0.82152451
0.82135662
0.82102082
0.82068502
0.82034923
0.82001343
0.81984553
0.81967764
0.81950974
0.81900604
0.81883815
0.81867025
0.81850235
0.81833445
0.81816655
0.81799866
0.81783076
0.81766286
0.81732707
0.81682337
0.81665547
0.81648758
0.81631968
0.81615178
0.81598388
0.81581598
0.81564809
0.81548019
0.81531229
0.81514439
0.81447280
0.81396911
0.81380121
0.81363331
0.81346541
0.81329752
0.81312962
0.81296172
0.81279382
0.81262592
0.81245803
0.81229013
0.81212223
0.81195433
0.81178643
0.81161854
0.81145064
0.81128274
0.81111484
0.81094694
0.81077905
0.81061115
0.81044325
0.81027535
0.81010745
0.80993956
0.80977166
0.80960376
0.80943586
0.80926797
0.80910007
0.80893217
0.80876427
0.80859637
0.80842848
0.80826058
0.80758899
0.80742109
0.80725319
0.80708529
0.80691739
0.80674950
0.80658160
0.80641370
0.80624580
0.80607790
0.80591001
0.80574211
0.80557421
0.80540631
0.80507052
0.80490262
0.80473472
0.80456682
0.80439893
0.80423103
0.80406313
0.80339154
0.80288784
0.80255205
0.80238415
0.80221625
0.80204835
0.80188046
0.80171256
0.80154466
0.80137676
0.80120887
0.80104097
0.80087307
0.80070517
0.80053727
0.80036938
0.80020148
0.80003358
0.79986568
0.79969778
0.79952989
0.79936199
0.79919409
0.79902619
0.79885829
0.79869040
0.79852250
0.79818670
0.79768301
0.79751511
0.79734721
0.79701142
0.79650772
0.79633983
0.79617193
0.79600403
0.79550034
0.79533244
0.79499664
0.79482874
0.79466085
0.79449295
0.79432505
0.79365346
0.79348556
0.79331766
0.79314976
0.79298187
0.79281397
0.79264607
0.79247817
0.79231028
0.79214238
0.79197448
0.79180658
0.79163868
0.79147079
0.79130289
0.79113499
0.79096709
0.79046340
0.79012760
0.78995970
0.78979181
0.78962391
0.78945601
0.78928811
0.78912021
0.78895232
0.78878442
0.78861652
0.78844862
0.78828073
0.78811283
0.78794493
0.78777703
0.78760913
0.78744124
0.78727334
0.78710544
0.78693754
0.78676964
0.78660175
0.78643385
0.78626595
0.78609805
0.78593015
0.78576226
0.78559436
0.78542646
0.78525856
0.78509066
0.78492277
0.78475487
0.78458697
0.78441907
0.78425118
0.78408328
0.78391538
0.78374748
0.78357958
0.78341169
0.78324379
0.78307589
0.78290799
0.78274009
0.78257220
0.78240430
0.78223640
0.78206850
0.78190060
0.78173271
0.78156481
0.78139691
0.78122901
0.78106111
0.78089322
0.78072532
0.78055742
0.78038952
0.78022163
0.78005373
0.77988583
0.77971793
0.77955003
0.77938214
0.77921424
0.77904634
0.77887844
0.77871054
0.77854265
0.77837475
0.77820685
0.77803895
0.77787105
0.77770316
0.77753526
0.77736736
0.77719946
0.77703156
0.77686367
0.77669577
0.77652787
0.77635997
0.77619208
0.77602418
0.77585628
0.77568838
0.77552048
0.77535259
0.77518469
0.77501679
0.77468099
0.77451310
0.77434520
0.77417730
0.77400940
0.77367361
0.77350571
0.77333781
0.77316991
0.77300201
0.77283412
0.77266622
0.77249832
0.77233042
0.77216253
0.77199463
0.77182673
0.77165883
0.77149093
0.77132304
0.77115514
0.77098724
0.77081934
0.77065144
0.77048355
0.77031565
0.77014775
0.76997985
0.76981195
0.76964406
0.76947616
0.76930826
0.76914036
0.76897246
0.76880457
0.76863667
0.76846877
0.76746138
0.76729349
0.76712559
0.76695769
0.76678979
0.76662189
0.76645400
0.76628610
0.76611820
0.76595030
0.76578240
0.76561451
0.76544661
0.76527871
0.76511081
0.76477502
0.76443922
0.76393553
0.76376763
0.76359973
0.76343183
0.76292814
0.76259234
0.76175285
0.76158496
0.76141706
0.76074547
0.76057757
0.76040967
0.76024177
0.76007388
0.75990598
0.75973808
0.75957018
0.75940228
0.75923439
0.75906649
0.75889859
0.75873069
0.75856279
0.75839490
0.75822700
0.75805910
0.75789120
0.75772330
0.75755541
0.75738751
0.75721961
0.75705171
0.75688381
0.75671592
0.75654802
0.75638012
0.75621222
0.75604433
0.75587643
0.75570853
0.75554063
0.75537273
0.75520484
0.75503694
0.75486904
0.75470114
0.75453324
0.75436535
0.75419745
0.75402955
0.75386165
0.75369375
0.75352586
0.75335796
0.75319006
0.75302216
0.75285426
0.75268637
0.75251847
0.75235057
0.75218267
0.75201478
0.75184688
0.75167898
0.75151108
0.75134318
0.75117529
0.75100739
0.75083949
0.75067159
0.75050369
0.75033580
0.75016790
0.75000000
0.74983210
0.74966420
0.74949631
0.74932841
0.74916051
0.74899261
0.74882471
0.74865682
0.74848892
0.74832102
0.74815312
0.74798522
0.74781733
0.74764943
0.74748153
0.74731363
0.74714574
0.74697784
0.74680994
0.74664204
0.74647414
0.74630625
0.74613835
0.74597045
0.74580255
0.74563465
0.74546676
0.74529886
0.74513096
0.74496306
0.74479516
0.74462727
0.74429147
0.74395567
0.74378778
0.74361988
0.74345198
0.74328408
0.74311619
0.74278039
0.74227670
0.74210880
0.74177300
0.74160510
0.74143721
0.74126931
0.74110141
0.74093351
0.74076561
0.74059772
0.74042982
0.74026192
0.74009402
0.73975823
0.73942243
0.73891874
0.73875084
0.73858294
0.73841504
0.73824715
0.73807925
0.73757555
0.73740766
0.73690396
0.73673606
0.73656817
0.73640027
0.73623237
0.73606447
0.73589657
0.73572868
0.73556078
0.73539288
0.73505709
0.73488919
0.73472129
0.73455339
0.73438549
0.73421760
0.73404970
0.73388180
0.73371390
0.73354600
0.73337811
0.73321021
0.73304231
0.73270651
0.73253862
0.73220282
0.73203492
0.73186702
0.73169913
0.73153123
0.73136333
0.73102754
0.73085964
0.73035594
0.73018805
0.73002015
0.72985225
0.72968435
0.72951645
0.72934856
0.72918066
0.72901276
0.72884486
0.72850907
0.72834117
0.72817327
0.72800537
0.72783747
0.72766958
0.72750168
0.72699799
0.72683009
0.72666219
0.72649429
0.72582270
0.72565480
0.72548690
0.72531901
0.72515111
0.72498321
0.72481531
0.72447952
0.72414372
0.72397582
0.72380792
0.72364003
0.72347213
0.72330423
0.72313633
0.72296844
0.72280054
0.72263264
0.72246474
0.72229684
0.72212895
0.72179315
0.72162525
0.72128946
0.72044997
0.72028207
0.71977837
0.71961048
0.71944258
0.71910678
0.71893889
0.71877099
0.71860309
0.71843519
0.71826729
0.71809940
0.71793150
0.71776360
0.71759570
0.71742780
0.71725991
0.71692411
0.71675621
0.71658831
0.71642042
0.71625252
0.71608462
0.71591672
0.71574882
0.71558093
0.71541303
0.71524513
0.71507723
0.71490934
0.71474144
0.71457354
0.71406985
0.71390195
0.71373405
0.71356615
0.71339825
0.71323036
0.71272666
0.71255876
0.71239087
0.71222297
0.71205507
0.71171927
0.71121558
0.71104768
0.71087979
0.71054399
0.71020819
0.71004030
0.70987240
0.70970450
0.70953660
0.70936870
0.70920081
0.70903291
0.70886501
0.70869711
0.70852921
0.70836132
0.70819342
0.70802552
0.70785762
0.70768972
0.70752183
0.70735393
0.70718603
0.70701813
0.70651444
0.70634654
0.70617864
0.70601075
0.70584285
0.70567495
0.70550705
0.70533915
0.70517126
0.70500336
0.70483546
0.70466756
0.70416387
0.70399597
0.70382807
0.70366017
0.70349228
0.70332438
0.70315648
0.70298858
0.70282069
0.70231699
0.70214909
0.70198120
0.70181330
0.70164540
0.70147750
0.70130960
0.70114171
0.70097381
0.70080591
0.70063801
0.70030222
0.70013432
0.69996642
0.69979852
0.69963062
0.69946273
0.69895903
0.69879113
0.69828744
0.69778375
0.69744795
0.69728005
0.69711216
0.69694426
0.69677636
0.69660846
0.69644056
0.69627267
0.69610477
0.69593687
0.69576897
0.69560107
0.69543318
0.69526528
0.69509738
0.69492948
0.69476158
0.69459369
0.69442579
0.69425789
0.69408999
0.69392210
0.69375420
0.69358630
0.69341840
0.69325050
0.69308261
0.69291471
0.69274681
0.69257891
0.69241101
0.69224312
0.69207522
0.69190732
0.69173942
0.69157152
0.69140363
0.69106783
0.69089993
0.69073203
0.69056414
0.69039624
0.69022834
0.68972465
0.68955675
0.68938885
0.68922095
0.68905306
0.68888516
0.68871726
0.68854936
0.68838146
0.68821357
0.68804567
0.68787777
0.68770987
0.68754197
0.68737408
0.68703828
0.68687038
0.68670248
0.68653459
0.68636669
0.68619879
0.68603089
0.68586300
0.68569510
0.68552720
0.68535930
0.68502351
0.68451981
0.68435191
0.68418402
0.68401612
0.68384822
0.68351242
0.68250504
0.68233714
0.68216924
0.68166555
0.68149765
0.68049026
0.68032236
0.68015447
0.67998657
0.67981867
0.67965077
0.67948287
0.67897918
0.67864338
0.67847549
0.67813969
0.67797179
0.67780390
0.67763600
0.67746810
0.67730020
0.67696441
0.67612492
0.67578912
0.67545332
0.67528543
0.67511753
0.67494963
0.67478173
0.67427804
0.67394224
0.67377435
0.67360645
0.67343855
0.67327065
0.67310275
0.67293486
0.67276696
0.67259906
0.67226326
0.67209537
0.67192747
0.67175957
0.67142377
0.67125588
0.67075218
0.67058428
0.67041639
0.67008059
0.66991269
0.66974480
0.66957690
0.66873741
0.66856951
0.66840161
0.66823371
0.66806582
0.66789792
0.66773002
0.66756212
0.66739422
0.66705843
0.66689053
0.66638684
0.66605104
0.66588314
0.66571525
0.66554735
0.66537945
0.66504365
0.66487576
0.66470786
0.66453996
0.66437206
0.66420416
0.66403627
0.66386837
0.66370047
0.66353257
0.66336467
0.66319678
0.66302888
0.66286098
0.66269308
0.66235729
0.66218939
0.66151780
0.66134990
0.66118200
0.66101410
0.66000672
0.65983882
0.65967092
0.65950302
0.65933512
0.65899933
0.65883143
0.65866353
0.65832774
0.65782404
0.65765615
0.65748825
0.65732035
0.65698455
0.65664876
0.65631296
0.65614506
0.65580927
0.65530557
0.65496978
0.65480188
0.65429819
0.65413029
0.65396239
0.65379449
0.65362660
0.65345870
0.65329080
0.65312290
0.65295500
0.65278711
0.65261921
0.65245131
0.65228341
0.65211551
0.65194762
0.65177972
0.65161182
0.65144392
0.65127602
0.65110813
0.65094023
0.65077233
0.65043653
0.65026864
0.65010074
0.64976494
0.64959704
0.64942915
0.64926125
0.64909335
0.64892545
0.64858966
0.64842176
0.64825386
0.64808596
0.64775017
0.64741437
0.64707858
0.64691068
0.64657488
0.64640698
0.64623909
0.64607119
0.64590329
0.64556749
0.64523170
0.64489590
0.64472801
0.64456011
0.64439221
0.64422431
0.64405641
0.64372062
0.64355272
0.64338482
0.64321692
0.64304903
0.64288113
0.64204164
0.64187374
0.64170584
0.64153794
0.64137005
0.64120215
0.64103425
0.64086635
0.64069846
0.64053056
0.64036266
0.64002686
0.63985897
0.63935527
0.63885158
0.63868368
0.63851578
0.63834788
0.63817999
0.63801209
0.63784419
0.63767629
0.63750839
0.63734050
0.63717260
0.63700470
0.63683680
0.63666891
0.63650101
0.63633311
0.63616521
0.63599731
0.63566152
0.63549362
0.63532572
0.63515782
0.63498993
0.63482203
0.63465413
0.63448623
0.63431833
0.63415044
0.63398254
0.63381464
0.63364674
0.63347884
0.63331095
0.63314305
0.63297515
0.63280725
0.63263936
0.63247146
0.63230356
0.63196776
0.63146407
0.63129617
0.63112827
0.63096038
0.63028878
0.62961719
0.62944929
0.62928140
0.62911350
0.62877770
0.62860981
0.62844191
0.62844191
0.62827401
0.62810611
0.62793821
0.62777032
0.62760242
0.62743452
0.62726662
0.62709872
0.62693083
0.62676293
0.62659503
0.62625923
0.62609134
0.62592344
0.62575554
0.62541974
0.62525185
0.62491605
0.62474815
0.62357287
0.62357287
0.62340497
0.62323707
0.62290128
0.62273338
0.62256548
0.62222968
0.62189389
0.62155809
0.62139019
0.62122230
0.62088650
0.62038281
0.62021491
0.62004701
0.61971122
0.61954332
0.61937542
0.61887173
0.61853593
0.61820013
0.61786434
0.61769644
0.61736064
0.61719275
0.61702485
0.61668905
0.61635326
0.61618536
0.61601746
0.61568167
0.61551377
0.61484218
0.61467428
0.61450638
0.61433848
0.61417058
0.61383479
0.61349899
0.61333109
0.61316320
0.61299530
0.61249161
0.61232371
0.61215581
0.61198791
0.61182001
0.61165212
0.61148422
0.61131632
0.61098052
0.61081263
0.61047683
0.61030893
0.60997314
0.60980524
0.60963734
0.60946944
0.60930154
0.60913365
0.60896575
0.60879785
0.60862995
0.60846206
0.60795836
0.60779046
0.60745467
0.60728677
0.60711887
0.60695097
0.60678308
0.60661518
0.60627938
0.60594359
0.60577569
0.60543989
0.60510410
0.60476830
0.60443251
0.60409671
0.60392881
0.60376091
0.60359302
0.60325722
0.60308932
0.60275353
0.60241773
0.60224983
0.60208193
0.60191404
0.60174614
0.60157824
0.60141034
0.60107455
0.60073875
0.60040296
0.60006716
0.59973136
0.59939557
0.59922767
0.59889187
0.59872398
0.59855608
0.59822028
0.59805238
0.59788449
0.59771659
0.59754869
0.59738079
0.59721289
0.59704500
0.59687710
0.59670920
0.59654130
0.59637340
0.59620551
0.59603761
0.59586971
0.59570181
0.59553392
0.59536602
0.59519812
0.59503022
0.59469443
0.59452653
0.59435863
0.59419073
0.59385494
0.59351914
0.59335124
0.59318334
0.59301545
0.59284755
0.59267965
0.59251175
0.59234385
0.59200806
0.59184016
0.59167226
0.59133647
0.59116857
0.59100067
0.59083277
0.59066488
0.58999328
0.58982539
0.58965749
0.58948959
0.58932169
0.58881800
0.58865010
0.58848220
0.58831430
0.58814641
0.58797851
0.58781061
0.58764271
0.58747482
0.58680322
0.58663533
0.58596373
0.58562794
0.58546004
0.58529214
0.58512424
0.58462055
0.58445265
0.58428475
0.58411686
0.58361316
0.58344527
0.58310947
0.58277367
0.58210208
0.58193418
0.58176629
0.58159839
0.58143049
0.58126259
0.58109469
0.58025520
0.57991941
0.57975151
0.57958361
0.57941572
0.57924782
0.57907992
0.57874412
0.57857623
0.57840833
0.57824043
0.57807253
0.57790463
0.57773674
0.57756884
0.57740094
0.57672935
0.57639355
0.57588986
0.57555406
0.57505037
0.57488247
0.57454668
0.57437878
0.57421088
0.57404298
0.57387508
0.57353929
0.57320349
0.57303559
0.57286770
0.57269980
0.57253190
0.57236400
0.57219610
0.57202821
0.57186031
0.57169241
0.57152451
0.57135662
0.57118872
0.57102082
0.57085292
0.57068502
0.57051713
0.57034923
0.57018133
0.57001343
0.56984553
0.56950974
0.56934184
0.56917394
0.56900604
0.56883815
0.56867025
0.56850235
0.56833445
0.56816655
0.56799866
0.56783076
0.56766286
0.56749496
0.56732707
0.56715917
0.56682337
0.56665547
0.56631968
0.56548019
0.56514439
0.56497649
0.56480860
0.56464070
0.56447280
0.56413700
0.56396911
0.56380121
0.56363331
0.56346541
0.56329752
0.56312962
0.56296172
0.56279382
0.56262592
0.56245803
0.56229013
0.56195433
0.56178643
0.56161854
0.56145064
0.56111484
0.56094694
0.56077905
0.56061115
0.56027535
0.56010745
0.55993956
0.55977166
0.55960376
0.55926797
0.55910007
0.55876427
0.55859637
0.55842848
0.55826058
0.55809268
0.55792478
0.55775688
0.55758899
0.55742109
0.55725319
0.55708529
0.55691739
0.55641370
0.55624580
0.55607790
0.55557421
0.55540631
0.55523842
0.55473472
0.55456682
0.55439893
0.55389523
0.55372733
0.55355944
0.55339154
0.55322364
0.55305574
0.55288784
0.55271995
0.55255205
0.55238415
0.55221625
0.55204835
0.55188046
0.55171256
0.55154466
0.55137676
0.55120887
0.55087307
0.55053727
0.55020148
0.54986568
0.54969778
0.54952989
0.54919409
0.54885829
0.54869040
0.54852250
0.54801880
0.54785091
0.54768301
0.54734721
0.54717931
0.54684352
0.54667562
0.54650772
0.54633983
0.54600403
0.54583613
0.54566823
0.54550034
0.54533244
0.54516454
0.54499664
0.54482874
0.54382136
0.54365346
0.54348556
0.54314976
0.54298187
0.54281397
0.54264607
0.54247817
0.54231028
0.54214238
0.54197448
0.54180658
0.54163868
0.54147079
0.54130289
0.54113499
0.54096709
0.54079919
0.54063130
0.54012760
0.53995970
0.53979181
0.53962391
0.53945601
0.53928811
0.53912021
0.53895232
0.53878442
0.53861652
0.53844862
0.53811283
0.53794493
0.53777703
0.53760913
0.53744124
0.53727334
0.53710544
0.53693754
0.53660175
0.53643385
0.53626595
0.53609805
0.53576226
0.53559436
0.53542646
0.53509066
0.53475487
0.53441907
0.53425118
0.53408328
0.53391538
0.53374748
0.53357958
0.53324379
0.53307589
0.53290799
0.53274009
0.53257220
0.53206850
0.53190060
0.53156481
0.53139691
0.53122901
0.53106111
0.53089322
0.53072532
0.53055742
0.53038952
0.53022163
0.52988583
0.52971793
0.52955003
0.52938214
0.52921424
0.52904634
0.52887844
0.52854265
0.52837475
0.52820685
0.52803895
0.52787105
0.52770316
0.52736736
0.52719946
0.52703156
0.52686367
0.52669577
0.52652787
0.52619208
0.52602418
0.52585628
0.52552048
0.52518469
0.52501679
0.52484889
0.52468099
0.52451310
0.52434520
0.52417730
0.52400940
0.52384150
0.52350571
0.52316991
0.52300201
0.52249832
0.52233042
0.52216253
0.52199463
0.52182673
0.52165883
0.52149093
0.52115514
0.52098724
0.52048355
0.52031565
0.52014775
0.51997985
0.51964406
0.51947616
0.51930826
0.51914036
0.51897246
0.51863667
0.51846877
0.51830087
0.51813298
0.51796508
0.51779718
0.51746138
0.51729349
0.51712559
0.51695769
0.51678979
0.51645400
0.51628610
0.51611820
0.51595030
0.51578240
0.51561451
0.51544661
0.51527871
0.51511081
0.51494291
0.51460712
0.51443922
0.51427132
0.51393553
0.51376763
0.51359973
0.51124916
0.51091336
0.51074547
0.51057757
0.51040967
0.51007388
0.50990598
0.50973808
0.50940228
0.50923439
0.50906649
0.50889859
0.50873069
0.50839490
0.50822700
0.50805910
0.50789120
0.50772330
0.50755541
0.50721961
0.50688381
0.50671592
0.50654802
0.50638012
0.50621222
0.50604433
0.50587643
0.50570853
0.50554063
0.50537273
0.50520484
0.50503694
0.50302216
0.50285426
0.50268637
0.50251847
0.50235057
0.50218267
0.50201478
0.50184688
0.50167898
0.50151108
0.50134318
0.50100739
0.50083949
0.50067159
0.50050369
0.50033580
0.50016790
0.50000000
0.49966420
0.49949631
0.49932841
0.49916051
0.49899261
0.49882471
0.49865682
0.49848892
0.49832102
0.49815312
0.49798522
0.49781733
0.49764943
0.49748153
0.49731363
0.49714574
0.49697784
0.49680994
0.49664204
0.49647414
0.49630625
0.49613835
0.49597045
0.49580255
0.49563465
0.49529886
0.49513096
0.49479516
0.49462727
0.49445937
0.49412357
0.49395567
0.49378778
0.49361988
0.49345198
0.49294829
0.49261249
0.49244459
0.49210880
0.49194090
0.49177300
0.49110141
0.49093351
0.49076561
0.49059772
0.49026192
0.49009402
0.48992612
0.48992612
0.48959033
0.48942243
0.48925453
0.48908664
0.48891874
0.48875084
0.48858294
0.48841504
0.48824715
0.48807925
0.48791135
0.48774345
0.48757555
0.48740766
0.48723976
0.48707186
0.48606447
0.48589657
0.48572868
0.48556078
0.48539288
0.48522498
0.48505709
0.48488919
0.48472129
0.48455339
0.48438549
0.48421760
0.48404970
0.48388180
0.48287441
0.48270651
0.48253862
0.48237072
0.48220282
0.48203492
0.48169913
0.48153123
0.48136333
0.48119543
0.48102754
0.48085964
0.48069174
0.48052384
0.48035594
0.48002015
0.47985225
0.47968435
0.47934856
0.47918066
0.47901276
0.47884486
0.47867696
0.47850907
0.47834117
0.47817327
0.47800537
0.47783747
0.47766958
0.47750168
0.47733378
0.47683009
0.47666219
0.47649429
0.47632639
0.47615850
0.47565480
0.47548690
0.47531901
0.47515111
0.47498321
0.47481531
0.47464741
0.47364003
0.47347213
0.47330423
0.47313633
0.47296844
0.47280054
0.47263264
0.47246474
0.47229684
0.47212895
0.47078576
0.47061786
0.47044997
0.47028207
0.47011417
0.46994627
0.46977837
0.46961048
0.46944258
0.46927468
0.46910678
0.46877099
0.46860309
0.46843519
0.46826729
0.46793150
0.46776360
0.46759570
0.46742780
0.46725991
0.46692411
0.46675621
0.46658831
0.46642042
0.46625252
0.46541303
0.46524513
0.46507723
0.46490934
0.46474144
0.46457354
0.46440564
0.46373405
0.46356615
0.46339825
0.46306246
0.46289456
0.46289456
0.46272666
0.46255876
0.46239087
0.46222297
0.46205507
0.46188717
0.46171927
0.46155138
0.46121558
0.46104768
0.46087979
0.46071189
0.46054399
0.46037609
0.46020819
0.46004030
0.45987240
0.45970450
0.45953660
0.45936870
0.45920081
0.45903291
0.45886501
0.45869711
0.45852921
0.45836132
0.45819342
0.45752183
0.45735393
0.45718603
0.45701813
0.45668234
0.45651444
0.45634654
0.45617864
0.45601075
0.45584285
0.45567495
0.45550705
0.45533915
0.45517126
0.45500336
0.45483546
0.45382807
0.45366017
0.45332438
0.45315648
0.45298858
0.45282069
0.45265279
0.45248489
0.45231699
0.45214909
0.45063801
0.45047011
0.44929483
0.44912693
0.44895903
0.44879113
0.44862324
0.44845534
0.44828744
0.44811954
0.44778375
0.44761585
0.44744795
0.44728005
0.44711216
0.44694426
0.44644056
0.44627267
0.44610477
0.44593687
0.44526528
0.44492948
0.44476158
0.44459369
0.44442579
0.44425789
0.44408999
0.44392210
0.44375420
0.44358630
0.44341840
0.44325050
0.44308261
0.44291471
0.44274681
0.44257891
0.44241101
0.44224312
0.44207522
0.44157152
0.44140363
0.44123573
0.44106783
0.44089993
0.44073203
0.44056414
0.44039624
0.44022834
0.44006044
0.43905306
0.43888516
0.43871726
0.43854936
0.43838146
0.43821357
0.43804567
0.43787777
0.43754197
0.43754197
0.43720618
0.43670248
0.43653459
0.43636669
0.43619879
0.43603089
0.43586300
0.43569510
0.43535930
0.43519140
0.43519140
0.43519140
0.43451981
0.43435191
0.43401612
0.43384822
0.43351242
0.43334453
0.43317663
0.43284083
0.43267293
0.43250504
0.43233714
0.43216924
0.43200134
0.43132975
0.43116185
0.43099396
0.43082606
0.43065816
0.43049026
0.43032236
0.43015447
0.42998657
0.42981867
0.42948287
0.42931498
0.42914708
0.42897918
0.42881128
0.42864338
0.42847549
0.42830759
0.42813969
0.42797179
0.42780390
0.42746810
0.42713230
0.42696441
0.42679651
0.42662861
0.42646071
0.42612492
0.42595702
0.42578912
0.42562122
0.42545332
0.42528543
0.42478173
0.42461383
0.42444594
0.42427804
0.42394224
0.42377435
0.42360645
0.42360645
0.42360645
0.42343855
0.42327065
0.42310275
0.42293486
0.42192747
0.42175957
0.42159167
0.42125588
0.42108798
0.42092008
0.42075218
0.41991269
0.41974480
0.41957690
0.41940900
0.41924110
0.41840161
0.41823371
0.41806582
0.41789792
0.41773002
0.41756212
0.41739422
0.41722633
0.41689053
0.41672263
0.41588314
0.41571525
0.41554735
0.41521155
0.41504365
0.41487576
0.41470786
0.41453996
0.41437206
0.41420416
0.41403627
0.41386837
0.41353257
0.41336467
0.41319678
0.41302888
0.41286098
0.41269308
0.41235729
0.41218939
0.41185359
0.41168570
0.41151780
0.41134990
0.41101410
0.41084621
0.41067831
0.41000672
0.40983882
0.40967092
0.40950302
0.40933512
0.40916723
0.40883143
0.40866353
0.40849563
0.40849563
0.40832774
0.40815984
0.40799194
0.40782404
0.40765615
0.40748825
0.40715245
0.40698455
0.40648086
0.40597717
0.40580927
0.40564137
0.40547347
0.40530557
0.40513768
0.40496978
0.40463398
0.40446608
0.40429819
0.40413029
0.40396239
0.40379449
0.40345870
0.40312290
0.40295500
0.40194762
0.40177972
0.40161182
0.40144392
0.40127602
0.40110813
0.40094023
0.40077233
0.40060443
0.39976494
0.39926125
0.39909335
0.39875756
0.39858966
0.39842176
0.39825386
0.39808596
0.39791807
0.39775017
0.39758227
0.39741437
0.39724647
0.39707858
0.39691068
0.39674278
0.39657488
0.39623909
0.39607119
0.39590329
0.39573539
0.39556749
0.39338482
0.39321692
0.39304903
0.39288113
0.39254533
0.39237743
0.39220954
0.39204164
0.39187374
0.39170584
0.39153794
0.39086635
0.39069846
0.39053056
0.39036266
0.39002686
0.38985897
0.38969107
0.38952317
0.38935527
0.38834788
0.38817999
0.38801209
0.38784419
0.38767629
0.38750839
0.38734050
0.38700470
0.38683680
0.38666891
0.38650101
0.38599731
0.38549362
0.38482203
0.38465413
0.38448623
0.38431833
0.38415044
0.38398254
0.38381464
0.38347884
0.38331095
0.38314305
0.38297515
0.38280725
0.38263936
0.38247146
0.38230356
0.38213566
0.38196776
0.38179987
0.38163197
0.38146407
0.38129617
0.38096038
0.38079248
0.38012089
0.37995299
0.37961719
0.37944929
0.37928140
0.37911350
0.37894560
0.37877770
0.37860981
0.37844191
0.37810611
0.37793821
0.37777032
0.37693083
0.37676293
0.37659503
0.37642713
0.37625923
0.37609134
0.37592344
0.37575554
0.37558764
0.37541974
0.37525185
0.37508395
0.37491605
0.37474815
0.37458026
0.37441236
0.37424446
0.37407656
0.37390866
0.37374077
0.37357287
0.37290128
0.37256548
0.37222968
0.37206179
0.37189389
0.37172599
0.37172599
0.37071860
0.37055071
0.36920752
0.36903962
0.36887173
0.36870383
0.36853593
0.36836803
0.36820013
0.36803224
0.36786434
0.36769644
0.36752854
0.36736064
0.36719275
0.36668905
0.36652116
0.36618536
0.36601746
0.36517797
0.36501007
0.36484218
0.36467428
0.36450638
0.36417058
0.36400269
0.36383479
0.36366689
0.36349899
0.36333109
0.36316320
0.36282740
0.36265950
0.36249161
0.36232371
0.36215581
0.36198791
0.36182001
0.36148422
0.36131632
0.36114842
0.36098052
0.36081263
0.36047683
0.36030893
0.36014103
0.35997314
0.35980524
0.35963734
0.35930154
0.35913365
0.35896575
0.35879785
0.35862995
0.35846206
0.35829416
0.35779046
0.35762257
0.35728677
0.35711887
0.35644728
0.35627938
0.35611148
0.35594359
0.35577569
0.35543989
0.35510410
0.35493620
0.35476830
0.35460040
0.35443251
0.35426461
0.35409671
0.35392881
0.35376091
0.35359302
0.35342512
0.35325722
0.35308932
0.35292142
0.35275353
0.35258563
0.35241773
0.35224983
0.35191404
0.35174614
0.35157824
0.35141034
0.35124244
0.35107455
0.35090665
0.35073875
0.35057085
0.35040296
0.35023506
0.35006716
0.34989926
0.34973136
0.34956347
0.34939557
0.34922767
0.34905977
0.34889187
0.34872398
0.34855608
0.34838818
0.34822028
0.34805238
0.34788449
0.34771659
0.34754869
0.34738079
0.34687710
0.34670920
0.34654130
0.34637340
0.34620551
0.34603761
0.34586971
0.34570181
0.34519812
0.34503022
0.34486232
0.34469443
0.34452653
0.34435863
0.34419073
0.34385494
0.34368704
0.34351914
0.34335124
0.34318334
0.34301545
0.34267965
0.34251175
0.34234385
0.34217596
0.34200806
0.34184016
0.34167226
0.34150437
0.34133647
0.34116857
0.34049698
0.34032908
0.34032908
0.34016118
0.33999328
0.33915379
0.33898590
0.33881800
0.33730692
0.33713902
0.33697112
0.33680322
0.33663533
0.33646743
0.33629953
0.33613163
0.33596373
0.33579584
0.33495635
0.33462055
0.33445265
0.33411686
0.33394896
0.33327737
0.33310947
0.33277367
0.33260578
0.33243788
0.33210208
0.33193418
0.33176629
0.33143049
0.33126259
0.33092680
0.33075890
0.33059100
0.33042310
0.33025520
0.32924782
0.32907992
0.32891202
0.32874412
0.32857623
0.32840833
0.32824043
0.32807253
0.32790463
0.32773674
0.32706514
0.32689725
0.32672935
0.32656145
0.32639355
0.32588986
0.32572196
0.32555406
0.32538617
0.32505037
0.32471457
0.32454668
0.32437878
0.32421088
0.32404298
0.32387508
0.32370719
0.32353929
0.32337139
0.32320349
0.32303559
0.32286770
0.32269980
0.32253190
0.32186031
0.32169241
0.32152451
0.32135662
0.32118872
0.32102082
0.32085292
0.32068502
0.32051713
0.32034923
0.32018133
0.32001343
0.31984553
0.31967764
0.31950974
0.31934184
0.31917394
0.31900604
0.31867025
0.31850235
0.31833445
0.31799866
0.31783076
0.31766286
0.31749496
0.31732707
0.31715917
0.31699127
0.31682337
0.31665547
0.31648758
0.31615178
0.31581598
0.31564809
0.31548019
0.31480860
0.31464070
0.31413700
0.31396911
0.31380121
0.31363331
0.31329752
0.31312962
0.31262592
0.31245803
0.31229013
0.31212223
0.31195433
0.31178643
0.31161854
0.31145064
0.31128274
0.31111484
0.31094694
0.31077905
0.31061115
0.31044325
0.31027535
0.30977166
0.30960376
0.30943586
0.30926797
0.30859637
0.30842848
0.30826058
0.30809268
0.30792478
0.30775688
0.30758899
0.30742109
0.30725319
0.30708529
0.30691739
0.30674950
0.30658160
0.30624580
0.30607790
0.30591001
0.30574211
0.30557421
0.30540631
0.30406313
0.30389523
0.30238415
0.30221625
0.30087307
0.30053727
0.30036938
0.30020148
0.30003358
0.29969778
0.29969778
0.29952989
0.29936199
0.29919409
0.29902619
0.29885829
0.29869040
0.29852250
0.29835460
0.29818670
0.29801880
0.29785091
0.29768301
0.29751511
0.29734721
0.29550034
0.29533244
0.29516454
0.29499664
0.29482874
0.29466085
0.29449295
0.29432505
0.29398925
0.29365346
0.29348556
0.29331766
0.29314976
0.29247817
0.29231028
0.29214238
0.29197448
0.29147079
0.29130289
0.29113499
0.29096709
0.29079919
0.29063130
0.29046340
0.28979181
0.28962391
0.28945601
0.28928811
0.28895232
0.28878442
0.28861652
0.28844862
0.28828073
0.28794493
0.28777703
0.28760913
0.28744124
0.28727334
0.28710544
0.28693754
0.28676964
0.28660175
0.28643385
0.28626595
0.28609805
0.28593015
0.28576226
0.28559436
0.28542646
0.28525856
0.28509066
0.28492277
0.28441907
0.28425118
0.28408328
0.28391538
0.28374748
0.28223640
0.28173271
0.28156481
0.28139691
0.28122901
0.28106111
0.28055742
0.28038952
0.27988583
0.27971793
0.27955003
0.27938214
0.27921424
0.27904634
0.27887844
0.27871054
0.27854265
0.27837475
0.27820685
0.27803895
0.27787105
0.27770316
0.27753526
0.27736736
0.27719946
0.27703156
0.27686367
0.27669577
0.27652787
0.27635997
0.27619208
0.27602418
0.27585628
0.27568838
0.27552048
0.27535259
0.27518469
0.27501679
0.27484889
0.27468099
0.27451310
0.27434520
0.27417730
0.27400940
0.27384150
0.27367361
0.27350571
0.27333781
0.27316991
0.27300201
0.27249832
0.27233042
0.27216253
0.27199463
0.27165883
0.27149093
0.27132304
0.27115514
0.27098724
0.27081934
0.27065144
0.27048355
0.27031565
0.27014775
0.26997985
0.26981195
0.26964406
0.26914036
0.26897246
0.26846877
0.26830087
0.26813298
0.26796508
0.26779718
0.26762928
0.26746138
0.26729349
0.26712559
0.26695769
0.26678979
0.26662189
0.26645400
0.26628610
0.26611820
0.26595030
0.26578240
0.26561451
0.26544661
0.26511081
0.26494291
0.26477502
0.26460712
0.26393553
0.26309604
0.26276024
0.26259234
0.26242445
0.26225655
0.26225655
0.26158496
0.26141706
0.26124916
0.26108126
0.26091336
0.26074547
0.26057757
0.26040967
0.26024177
0.26007388
0.25990598
0.25973808
0.25957018
0.25906649
0.25889859
0.25873069
0.25856279
0.25839490
0.25822700
0.25805910
0.25789120
0.25772330
0.25755541
0.25738751
0.25721961
0.25705171
0.25688381
0.25638012
0.25621222
0.25604433
0.25587643
0.25570853
0.25554063
0.25503694
0.25486904
0.25470114
0.25453324
0.25436535
0.25419745
0.25402955
0.25352586
0.25335796
0.25285426
0.25251847
0.25235057
0.25184688
0.25151108
0.25134318
0.25083949
0.25067159
0.25050369
0.25033580
0.25016790
0.25000000
0.24983210
0.24815312
0.24798522
0.24764943
0.24748153
0.24731363
0.24697784
0.24680994
0.24664204
0.24647414
0.24630625
0.24613835
0.24597045
0.24563465
0.24378778
0.24361988
0.24345198
0.24328408
0.24311619
0.24294829
0.24278039
0.24261249
0.24177300
0.24160510
0.24143721
0.24126931
0.24110141
0.24093351
0.24076561
0.24059772
0.24042982
0.24009402
0.23992612
0.23975823
0.23959033
0.23942243
0.23925453
0.23908664
0.23858294
0.23841504
0.23824715
0.23807925
0.23589657
0.23572868
0.23539288
0.23522498
0.23505709
0.23488919
0.23472129
0.23438549
0.23421760
0.23404970
0.23404970
0.23404970
0.23404970
0.23404970
0.23404970
0.23270651
0.23220282
0.23203492
0.23186702
0.23136333
0.23119543
0.23102754
0.23085964
0.23052384
0.23035594
0.23018805
0.22985225
0.22968435
0.22951645
0.22934856
0.22918066
0.22901276
0.22867696
0.22867696
0.22850907
0.22817327
0.22766958
0.22750168
0.22733378
0.22716588
0.22699799
0.22683009
0.22666219
0.22649429
0.22615850
0.22599060
0.22582270
0.22565480
0.22548690
0.22531901
0.22515111
0.22498321
0.22464741
0.22447952
0.22397582
0.22380792
0.22364003
0.22347213
0.22313633
0.22296844
0.22280054
0.22212895
0.22196105
0.22179315
0.22128946
0.22078576
0.22061786
0.22044997
0.21944258
0.21927468
0.21910678
0.21893889
0.21860309
0.21843519
0.21826729
0.21809940
0.21793150
0.21776360
0.21759570
0.21742780
0.21725991
0.21675621
0.21658831
0.21642042
0.21625252
0.21541303
0.21524513
0.21507723
0.21490934
0.21423774
0.21406985
0.21390195
0.21373405
0.21356615
0.21188717
0.21171927
0.21155138
0.21138348
0.21121558
0.21104768
0.21087979
0.21071189
0.21054399
0.21037609
0.21020819
0.21004030
0.20987240
0.20970450
0.20936870
0.20886501
0.20852921
0.20836132
0.20819342
0.20802552
0.20785762
0.20768972
0.20701813
0.20685024
0.20668234
0.20651444
0.20634654
0.20601075
0.20601075
0.20584285
0.20567495
0.20550705
0.20533915
0.20517126
0.20483546
0.20466756
0.20399597
0.20366017
0.20332438
0.20315648
0.20298858
0.20282069
0.20248489
0.20097381
0.20080591
0.20063801
0.20063801
0.20047011
0.20030222
0.20013432
0.19996642
0.19929483
0.19895903
0.19862324
0.19845534
0.19828744
0.19811954
0.19795165
0.19744795
0.19728005
0.19711216
0.19694426
0.19677636
0.19660846
0.19644056
0.19627267
0.19610477
0.19593687
0.19576897
0.19560107
0.19543318
0.19526528
0.19526528
0.19476158
0.19442579
0.19425789
0.19358630
0.19341840
0.19341840
0.19341840
0.19325050
0.19308261
0.19257891
0.19241101
0.19173942
0.19157152
0.19157152
0.19157152
0.19140363
0.19123573
0.19106783
0.19089993
0.19022834
0.19006044
0.18989255
0.18938885
0.18905306
0.18888516
0.18871726
0.18804567
0.18787777
0.18770987
0.18754197
0.18720618
0.18703828
0.18703828
0.18687038
0.18670248
0.18653459
0.18636669
0.18619879
0.18603089
0.18586300
0.18569510
0.18552720
0.18535930
0.18519140
0.18502351
0.18485561
0.18451981
0.18435191
0.18418402
0.18401612
0.18384822
0.18233714
0.18216924
0.18200134
0.18183345
0.18166555
0.18149765
0.18132975
0.18116185
0.18099396
0.18065816
0.18032236
0.17998657
0.17981867
0.17965077
0.17948287
0.17931498
0.17914708
0.17881128
0.17864338
0.17847549
0.17730020
0.17713230
0.17646071
0.17629281
0.17578912
0.17562122
0.17545332
0.17528543
0.17511753
0.17494963
0.17478173
0.17461383
0.17444594
0.17427804
0.17377435
0.17243116
0.17226326
0.17209537
0.17192747
0.17175957
0.17092008
0.17075218
0.17058428
0.17041639
0.17024849
0.17008059
0.16991269
0.16974480
0.16957690
0.16940900
0.16924110
0.16907320
0.16890531
0.16840161
0.16823371
0.16806582
0.16789792
0.16773002
0.16689053
0.16672263
0.16621894
0.16537945
0.16537945
0.16487576
0.16487576
0.16470786
0.16453996
0.16437206
0.16420416
0.16403627
0.16252518
0.16235729
0.16218939
0.16202149
0.16185359
0.16168570
0.16151780
0.16118200
0.16101410
0.16017461
0.16000672
0.15933512
0.15815984
0.15799194
0.15782404
0.15765615
0.15748825
0.15715245
0.15698455
0.15681666
0.15664876
0.15648086
0.15631296
0.15614506
0.15597717
0.15580927
0.15580927
0.15564137
0.15547347
0.15513768
0.15496978
0.15463398
0.15396239
0.15379449
0.15362660
0.15312290
0.15295500
0.15278711
0.15261921
0.15161182
0.15144392
0.14976494
0.14942915
0.14926125
0.14909335
0.14892545
0.14875756
0.14858966
0.14842176
0.14825386
0.14808596
0.14707858
0.14691068
0.14674278
0.14657488
0.14640698
0.14623909
0.14573539
0.14556749
0.14539960
0.14523170
0.14506380
0.14489590
0.14422431
0.14405641
0.14388852
0.14388852
0.14372062
0.14355272
0.14338482
0.14321692
0.14304903
0.14288113
0.14271323
0.14254533
0.14237743
0.14220954
0.14204164
0.14187374
0.14137005
0.14120215
0.14086635
0.14069846
0.14053056
0.14036266
0.14019476
0.14002686
0.13985897
0.13969107
0.13952317
0.13935527
0.13851578
0.13834788
0.13817999
0.13801209
0.13784419
0.13767629
0.13750839
0.13734050
0.13717260
0.13700470
0.13683680
0.13616521
0.13599731
0.13566152
0.13566152
0.13549362
0.13532572
0.13515782
0.13415044
0.13398254
0.13381464
0.13297515
0.13280725
0.13263936
0.13247146
0.13230356
0.13213566
0.13213566
0.13213566
0.13196776
0.13179987
0.13163197
0.13146407
0.13096038
0.13062458
0.13045668
0.12995299
0.12928140
0.12911350
0.12827401
0.12777032
0.12726662
0.12709872
0.12693083
0.12676293
0.12659503
0.12642713
0.12625923
0.12592344
0.12575554
0.12541974
0.12525185
0.12508395
0.12491605
0.12474815
0.12458026
0.12441236
0.12424446
0.12407656
0.12390866
0.12357287
0.12340497
0.12323707
0.12306917
0.12290128
0.12273338
0.12256548
0.12239758
0.12189389
0.12189389
0.12172599
0.12155809
0.12139019
0.11987911
0.11971122
0.11836803
0.11752854
0.11652116
0.11635326
0.11584956
0.11568167
0.11551377
0.11417058
0.11400269
0.11383479
0.11366689
0.11316320
0.11299530
0.11148422
0.11064473
0.11047683
0.11047683
0.11030893
0.11014103
0.10997314
0.10980524
0.10963734
0.10946944
0.10930154
0.10913365
0.10896575
0.10879785
0.10862995
0.10846206
0.10829416
0.10812626
0.10795836
0.10779046
0.10762257
0.10745467
0.10728677
0.10711887
0.10695097
0.10678308
0.10661518
0.10644728
0.10627938
0.10611148
0.10594359
0.10510410
0.10460040
0.10460040
0.10460040
0.10460040
0.10460040
0.10460040
0.10460040
0.10460040
0.10460040
0.10460040
0.10460040
0.10460040
0.10460040
0.10460040
0.10460040
0.10460040
0.10460040
0.10460040
0.10460040
0.10460040
0.10460040
0.10460040
0.10460040
0.10460040
0.10460040
0.10460040
0.10460040
0.10460040
0.10460040
0.10460040
0.10460040
0.10460040
0.10460040
0.10460040
0.10460040
0.10460040
0.10460040
0.10460040
0.10460040
0.10460040
0.10460040
0.10460040
0.10460040
0.10460040
0.10460040
0.10460040
0.10460040
0.10460040
0.10460040
0.10460040
0.10460040
0.10460040
0.10460040
0.10460040
0.10460040
0.10460040
0.10460040
0.10443251
0.10426461
0.10409671
0.10392881
0.10376091
0.10359302
0.10342512
0.10325722
0.10308932
0.10292142
0.10275353
0.10258563
0.10241773
0.10224983
0.10208193
0.10191404
0.10174614
0.10157824
0.10141034
0.10107455
0.10073875
0.10040296
0.10023506
0.10006716
0.09989926
0.09973136
0.09956347
0.09939557
0.09922767
0.09905977
0.09889187
0.09872398
0.09855608
0.09838818
0.09805238
0.09721289
0.09704500
0.09687710
0.09670920
0.09654130
0.09637340
0.09620551
0.09603761
0.09586971
0.09570181
0.09553392
0.09536602
0.09519812
0.09503022
0.09486232
0.09469443
0.08814641
0.08797851
0.08781061
0.08764271
0.08747482
0.08730692
0.08713902
0.08697112
0.08680322
0.08663533
0.08646743
0.08646743
0.08646743
0.08646743
0.08646743
0.08646743
0.08646743
0.08646743
0.08646743
0.08646743
0.08646743
0.08646743
0.08646743
0.08646743
0.08646743
0.08646743
0.08646743
0.08646743
0.08646743
0.08646743
0.08646743
0.08646743
0.08646743
0.08646743
0.08646743
0.08646743
0.08646743
0.08646743
0.08646743
0.08646743
0.08646743
0.08646743
0.08646743
0.08646743
0.08646743
0.08646743
0.08646743
0.08646743
0.08646743
0.08646743
0.08646743
0.08646743
0.08646743
0.08646743
0.08646743
0.08646743
0.08646743
0.08646743
0.08646743
0.08646743
0.08646743
0.08646743
0.08646743
0.08646743
0.08646743
0.08579584
0.08579584
0.08579584
0.08579584
0.08562794
0.08562794
0.08478845
0.08478845
0.08478845
0.08478845
0.08478845
0.08478845
0.08478845
0.08478845
0.08428475
0.08378106
0.08310947
0.08310947
0.08243788
0.08243788
0.08243788
0.08243788
0.08243788
0.08243788
0.08243788
0.08243788
0.08243788
0.08243788
0.08243788
0.08243788
0.08243788
0.08243788
0.08243788
0.08243788
0.08243788
0.08243788
0.08243788
0.08226998
0.08226998
0.08226998
0.08226998
0.08226998
0.08210208
0.08159839
0.08109469
0.08075890
0.08075890
0.08075890
0.08075890
0.08075890
0.08059100
0.07891202
0.07840833
0.07824043
0.07824043
0.07824043
0.07824043
0.07824043
0.07824043
0.07773674
0.07773674
0.07706514
0.07689725
0.07672935
0.07656145
0.07639355
0.07622565
0.07605776
0.07588986
0.07572196
0.07555406
0.07471457
0.07454668
0.07437878
0.07421088
0.07404298
0.07387508
0.07370719
0.07353929
0.07337139
0.07320349
0.07303559
0.07286770
0.07269980
0.07253190
0.07236400
0.07219610
0.07202821
0.07186031
0.07169241
0.07152451
0.07135662
0.07118872
0.07102082
0.07085292
0.07068502
0.07051713
0.07034923
0.07018133
0.07001343
0.06984553
0.06967764
0.06950974
0.06934184
0.06917394
0.06900604
0.06883815
0.06867025
0.06850235
0.06833445
0.06816655
0.06799866
0.06615178
0.06598388
0.06464070
0.06413700
0.06413700
0.06413700
0.06413700
0.06279382
0.06262592
0.06245803
0.06229013
0.06128274
0.06111484
0.06094694
0.06094694
0.06094694
0.06094694
0.06094694
0.06094694
0.06094694
0.06094694
0.06094694
0.06094694
0.06094694
0.06094694
0.06094694
0.06094694
0.06094694
0.06094694
0.06094694
0.06077905
0.06061115
0.05993956
0.05977166
0.05926797
0.05910007
0.05893217
0.05809268
0.05809268
0.05809268
0.05792478
0.05742109
0.05725319
0.05725319
0.05725319
0.05725319
0.05725319
0.05725319
0.05725319
0.05725319
0.05725319
0.05725319
0.05725319
0.05725319
0.05725319
0.05725319
0.05725319
0.05708529
0.05708529
0.05708529
0.05691739
0.05691739
0.05674950
0.05674950
0.05624580
0.05624580
0.05624580
0.05607790
0.05540631
0.05540631
0.05540631
0.05540631
0.05523842
0.05523842
0.05507052
0.05490262
0.05473472
0.05456682
0.05439893
0.05423103
0.05406313
0.05406313
0.05389523
0.05372733
0.05355944
0.05355944
0.05355944
0.05355944
0.05355944
0.05355944
0.05355944
0.05322364
0.05271995
0.05271995
0.05271995
0.05271995
0.05271995
0.05271995
0.05271995
0.05271995
0.05255205
0.05238415
0.05221625
0.05204835
0.05188046
0.04969778
0.04952989
0.04936199
0.04902619
0.04902619
0.04885829
0.04869040
0.04852250
0.04835460
0.04818670
0.04801880
0.04801880
0.04785091
0.04768301
0.04751511
0.04734721
0.04734721
0.04717931
0.04701142
0.04684352
0.04684352
0.04667562
0.04667562
0.04583613
0.04331766
0.04314976
0.04298187
0.04281397
0.04264607
0.04264607
0.04264607
0.04214238
0.04197448
0.04197448
0.04197448
0.04197448
0.04180658
0.04163868
0.04147079
0.04130289
0.04130289
0.04113499
0.03995970
0.03979181
0.03962391
0.03945601
0.03945601
0.03928811
0.03912021
0.03895232
0.03895232
0.03878442
0.03844862
0.03828073
0.03811283
0.03794493
0.03777703
0.03760913
0.03744124
0.03727334
0.03710544
0.03693754
0.03676964
0.03660175
0.03643385
0.03626595
0.03609805
0.03576226
0.03576226
0.03559436
0.03542646
0.03525856
0.03509066
0.03492277
0.03492277
0.03475487
0.03475487
0.03458697
0.03441907
0.03425118
0.03408328
0.03391538
0.03374748
0.03357958
0.03324379
0.03274009
0.03257220
0.03240430
0.03240430
0.03223640
0.03206850
0.03190060
0.03190060
0.03055742
0.03038952
0.03038952
0.03022163
0.03005373
0.02988583
0.02971793
0.02971793
0.02971793
0.02971793
0.02971793
0.02971793
0.02955003
0.02938214
0.02921424
0.02904634
0.02887844
0.02652787
0.02652787
0.02652787
0.02652787
0.02635997
0.02619208
0.02619208
0.02619208
0.02619208
0.02602418
0.02585628
0.02568838
0.02552048
0.02552048
0.02552048
0.02552048
0.02552048
0.02535259
0.02518469
0.02518469
0.02501679
0.02484889
0.02468099
0.02468099
0.02468099
0.02451310
0.02434520
0.02434520
0.02434520
0.02417730
0.02350571
0.02333781
0.02316991
0.02316991
0.02300201
0.02300201
0.02300201
0.02283412
0.02283412
0.02283412
0.02283412
0.02283412
0.02283412
0.02283412
0.02283412
0.02283412
0.02283412
0.02283412
0.02283412
0.02283412
0.02283412
0.02283412
0.02283412
0.02283412
0.02283412
0.02283412
0.02283412
0.02283412
0.02283412
0.02283412
0.02283412
0.02283412
0.02283412
0.02283412
0.02283412
0.02283412
0.02283412
0.02283412
0.02283412
0.02283412
0.02283412
0.02283412
0.02283412
0.02283412
0.02283412
0.02283412
0.02283412
0.02283412
0.02283412
0.02283412
0.02283412
0.02283412
0.02283412
0.02283412
0.02283412
0.02283412
0.02283412
0.02283412
0.02266622
0.02266622
0.02266622
0.02266622
0.02266622
0.02266622
0.02266622
0.02266622
0.02266622
0.02266622
0.02266622
0.02266622
0.02266622
0.02266622
0.02266622
0.02266622
0.02266622
0.02266622
0.02266622
0.02266622
0.02266622
0.02266622
0.02266622
0.02266622
0.02266622
0.02266622
0.02266622
0.02266622
0.02266622
0.02266622
0.02266622
0.02266622
0.02266622
0.02266622
0.02266622
0.02266622
0.02266622
0.02266622
0.02266622
0.02266622
0.02266622
0.02266622
0.02266622
0.02266622
0.02266622
0.02266622
0.02266622
0.02266622
0.02266622
0.02266622
0.02266622
0.02266622
0.02266622
0.02266622
0.02266622
0.02266622
0.02266622
0.02266622
0.02266622
0.02249832
0.02249832
0.02249832
0.02249832
0.02249832
0.02249832
0.02249832
0.02249832
0.02249832
0.02249832
0.02249832
0.02249832
0.02249832
0.02249832
0.02249832
0.02249832
0.02249832
0.02249832
0.02249832
0.02249832
0.02249832
0.02249832
0.02249832
0.02249832
0.02249832
0.02249832
0.02249832
0.02249832
0.02249832
0.02249832
0.02249832
0.02249832
0.02249832
0.02249832
0.02249832
0.02249832
0.02249832
0.02249832
0.02249832
0.02249832
0.02249832
0.02249832
0.02249832
0.02249832
0.02249832
0.02249832
0.02249832
0.02249832
0.02249832
0.02249832
0.02249832
0.02249832
0.02249832
0.02249832
0.02249832
0.02249832
0.02249832
0.02249832
0.02249832
0.02233042
0.02216253
0.01964406
0.01947616
0.01930826
0.01897246
0.01880457
0.01863667
0.01846877
0.01830087
0.01813298
0.01796508
0.01779718
0.01762928
0.01746138
0.01729349
0.01712559
0.01695769
0.01678979
0.01662189
0.01645400
0.01628610
0.01611820
0.01595030
0.01578240
0.01561451
0.01544661
0.01527871
0.01477502
0.01460712
0.01410343
0.00805910
0.00755541
0.00738751
0.00470114
0.00470114
0.00470114
0.00453324
0.00436535
0.00436535
0.00419745
0.00352586
0.00352586
0.00352586
0.00352586
0.00352586
0.00352586
0.00352586
0.00352586
0.00352586
0.00352586
0.00352586
0.00352586
0.00352586
0.00352586
0.00352586
0.00352586
0.00352586
0.00352586
0.00335796
0.00268637
0.00268637
0.00268637
0.00251847
0.00235057
0.00201478
0.00201478
0.00201478
0.00201478
0.00201478
0.00184688
0.00167898
0.00151108
0.00134318
0.00117529
0.00100739
0.00083949
0.00067159
0.00050369
0.00033580
0.00033580
0.00033580
0.00033580
0.00033580
0.00033580
0.00033580
0.00033580
0.00033580
0.00033580
0.00033580
0.00033580
0.00033580
0.00033580
0.00033580
0.00033580
0.00033580
0.00033580
0.00033580
0.00033580
0.00033580
0.00033580
0.00033580
0.00033580
0.00033580
0.00033580
0.00033580
0.00033580
0.00033580
0.00033580
0.00033580
0.00033580
0.00033580
0.00033580
0.00033580
0.00033580
0.00033580
0.00033580
0.00033580
0.00033580
0.00033580
0.00033580
0.00033580
0.00033580
0.00033580
0.00033580
0.00033580
0.00033580
0.00033580
0.00033580
0.00033580
0.00033580
0.00033580
0.00033580
0.00033580
0.00033580
0.00033580
0.00033580
0.00033580
0.00033580
0.00033580
0.00033580
0.00033580
0.00033580
0.00033580
0.00033580
0.00033580
0.00033580
0.00033580
0.00033580
0.00033580
0.00033580
0.00033580
0.00033580
0.00033580
0.00033580
0.00033580
0.00033580
0.00033580
0.00033580
0.00033580
0.00033580
0.00033580
0.00033580
0.00033580
0.00033580
0.00033580
0.00033580
0.00033580
0.00033580
0.00033580
0.00033580
0.00033580
0.00033580
0.00033580
0.00033580
0.00033580
0.00033580
0.00033580
0.00033580
0.00033580
0.00033580
0.00033580
0.00033580
0.00033580
0.00033580
0.00033580
0.00033580
0.00033580
0.00033580
0.00033580
0.00033580
0.00033580
0.00033580
0.00033580
0.00033580
0.00033580
0.00033580
0.00033580
0.00033580
0.00033580
0.00033580
0.00033580
0.00033580
0.00033580
0.00033580
0.00033580
0.00033580
0.00033580
0.00033580
0.00033580
0.00033580
0.00033580
0.00033580
0.00033580
0.00033580
0.00033580
0.00033580
0.00033580
0.00033580
0.00033580
0.00033580
0.00033580
0.00033580
0.00033580
0.00033580
0.00033580
0.00033580
0.00033580
0.00033580
0.00033580
0.00033580
0.00033580
0.00033580
0.00033580
0.00033580
0.00033580
0.00016790
0.00016790
0.00016790
0.00016790
0.00016790
0.00016790
0.00016790
0.00016790
0.00016790
0.00016790
0.00016790
0.00016790
0.00016790
0.00016790
0.00016790
0.00016790
0.00016790
0.00016790
0.00016790
0.00016790
0.00016790
0.00016790
0.00016790
0.00016790
0.00016790
0.00016790
0.00016790
0.00016790
0.00016790
0.00016790
0.00016790
0.00016790
0.00016790
0.00016790
0.00016790
0.00016790
0.00016790
0.00016790
0.00016790
0.00016790
0.00016790
0.00016790
0.00016790
0.00016790
0.00016790
0.00016790
0.00016790
0.00016790
0.00016790
0.00016790
0.00016790
0.00016790
0.00016790
0.00016790
0.00016790
0.00016790
0.00016790
0.00016790
0.00016790
0.00016790
0.00016790
0.00016790
0.00016790
0.00016790
0.00016790
0.00016790
0.00016790
0.00016790
0.00016790
0.00016790
0.00016790
0.00016790
0.00016790
0.00016790
0.00016790
0.00016790
0.00016790
0.00016790
0.00016790
0.00016790
0.00016790
0.00016790
0.00016790
0.00016790
0.00016790
0.00016790
0.00016790
0.00016790
0.00016790
0.00016790
0.00016790
0.00016790
0.00016790
0.00016790
0.00016790
0.00016790
0.00016790
0.00016790
0.00016790
0.00016790
0.00016790
0.00016790
0.00016790
0.00016790
0.00016790
0.00016790
0.00016790
0.00016790
0.00016790
0.00016790
0.00016790
0.00016790
0.00016790
0.00016790
0.00016790
0.00016790
0.00016790
0.00016790
0.00016790
0.00016790
0.00016790
0.00016790
0.00016790
0.00016790
0.00016790
0.00016790
0.00016790
0.00016790
0.00016790
0.00016790
0.00016790
0.00016790
0.00016790
0.00016790
0.00016790
0.00016790
0.00016790
0.00016790
0.00016790
0.00016790
0.00016790
0.00016790
0.00016790
0.00016790
0.00016790
0.00016790
0.00016790
0.00016790
0.00016790
0.00016790
0.00016790
0.00016790
0.00016790
0.00016790
0.00016790
0.00016790
0.00016790
0.00016790
0.00016790
0.00016790
0.00016790
0.00016790
0.00016790
0.00016790
0.00016790
0.00016790
0.00016790
0.00016790
0.00016790
0.00016790
0.00016790
0.00016790
0.00016790
0.00016790
0.00016790
0.00016790
0.00016790
0.00016790
0.00016790
0.00016790
0.00016790
0.00016790
0.00016790
0.00016790
0.00016790
0.00016790
0.00016790
0.00016790
0.00016790
0.00016790
0.00016790
0.00016790
0.00016790
0.00016790
0.00016790
0.00016790
0.00016790
0.00016790
0.00016790
0.00016790
0.00016790
0.00016790
0.00016790
0.00016790
0.00016790
0.00016790
0.00016790
0.00016790
0.00016790
0.00016790
0.00016790
0.00016790
0.00016790
0.00016790
0.00016790
0.00016790
0.00016790
0.00016790
0.00016790
0.00016790
0.00016790
0.00016790
0.00016790
0.00016790
0.00016790
0.00016790
0.00016790
0.00016790
0.00016790
0.00016790
0.00016790
0.00016790
0.00016790
0.00016790
0.00016790
0.00016790
0.00016790
0.00016790
0.00016790
0.00016790
0.00016790
0.00016790
0.00016790
0.00016790
0.00016790
0.00016790
0.00016790
0.00016790
0.00016790
0.00016790
0.00016790
0.00016790
0.00016790
0.00016790
0.00016790
0.00016790
0.00016790
0.00016790
0.00016790
0.00016790
0.00016790
0.00016790
0.00016790
0.00016790
0.00016790
0.00016790
0.00016790
0.00016790
0.00016790
0.00016790
0.00016790
0.00016790
0.00016790
0.00016790
0.00016790
0.00016790
0.00016790
0.00016790
0.00016790
0.00016790
0.00016790
0.00016790
0.00016790
0.00016790
0.00016790
0.00016790
0.00016790
0.00016790
0.00016790
0.00016790
0.00016790
0.00016790
0.00016790
0.00016790
0.00016790
0.00016790
0.00016790
0.00016790
0.00016790
0.00016790
0.00016790
0.00016790
0.00016790
0.00016790
0.00016790
0.00016790
0.00016790
0.00016790
0.00016790
0.00016790
0.00016790
0.00016790
0.00016790
0.00016790
0.00016790
0.00016790
0.00016790
0.00016790
0.00016790
0.00016790
0.00016790
0.00016790
0.00016790
0.00016790
0.00016790
0.00016790
0.00016790
0.00016790
0.00016790
0.00016790
0.00016790
0.00016790
0.00016790
0.00016790
0.00016790
0.00016790
0.00016790
0.00016790
0.00016790
0.00016790
0.00016790
0.00016790
0.00016790
0.00016790
0.00016790
0.00016790
0.00016790
0.00016790
0.00016790
0.00016790
0.00016790
0.00016790
0.00016790
0.00016790
0.00016790
0.00016790
0.00016790
0.00016790
0.00016790
0.00016790
0.00016790
0.00016790
0.00016790
0.00016790
0.00016790
0.00016790
0.00016790
0.00016790
0.00016790
0.00016790
0.00016790
0.00016790
0.00016790
0.00016790
0.00016790
0.00016790
0.00016790
0.00016790
0.00016790
0.00016790
0.00016790
0.00016790
0.00016790
0.00016790
0.00016790
0.00016790
0.00016790
0.00016790
0.00016790
0.00016790
0.00016790
0.00016790
0.00016790
0.00016790
0.00016790
0.00016790
0.00016790
0.00016790
0.00016790
0.00016790
0.00016790
0.00016790
0.00016790
0.00016790
0.00016790
0.00016790
0.00016790
0.00016790
0.00016790
0.00016790
0.00016790
0.00016790
0.00016790
0.00016790
0.00016790
0.00016790
0.00016790
0.00016790
0.00016790
0.00016790
0.00016790
0.00016790
0.00016790
0.00016790
0.00016790
0.00016790
0.00016790
0.00016790
0.00016790
0.00016790
0.00016790
0.00016790
0.00016790
0.00016790
0.00016790
0.00016790
0.00016790
0.00016790
0.00016790
0.00016790
0.00016790
0.00016790
0.00016790
0.00016790
0.00016790
0.00016790
0.00016790
0.00016790
0.00016790
0.00016790
0.00016790
0.00016790
0.00016790
0.00016790
0.00016790
0.00016790
0.00016790
0.00016790
0.00016790
0.00016790
0.00016790
0.00016790
0.00016790
0.00016790
0.00016790
0.00016790
0.00016790
0.00016790
0.00016790
0.00016790
0.00016790
0.00016790
0.00016790
0.00016790
0.00016790
0.00016790
0.00016790
0.00016790
0.00016790
0.00016790
0.00016790
0.00016790
0.00016790
0.00016790
0.00016790
0.00016790
0.00016790
0.00016790
0.00016790
0.00016790
0.00016790
0.00016790
0.00016790
0.00016790
0.00016790
0.00016790
0.00016790
0.00016790
0.00016790
0.00016790
0.00016790
0.00016790
0.00016790
0.00016790
0.00016790
0.00016790
0.00016790
0.00016790
0.00016790
0.00016790
0.00016790
0.00016790
0.00016790
0.00016790
0.00016790
0.00016790
0.00016790
0.00016790
0.00016790
0.00016790
0.00016790
0.00016790
0.00016790
0.00016790
0.00016790
0.00016790
0.00016790
0.00016790
0.00016790
0.00016790
0.00016790
0.00016790
0.00016790
0.00016790
0.00016790
0.00016790
0.00016790
0.00016790
0.00016790
0.00016790
0.00016790
0.00016790
0.00016790
0.00016790
0.00016790
0.00016790
0.00016790
0.00016790
0.00016790
0.00016790
0.00016790
0.00016790
0.00016790
0.00016790
0.00016790
0.00016790
0.00016790
0.00016790
0.00016790
0.00016790
0.00016790
0.00016790
0.00016790
0.00016790
0.00016790
0.00016790
0.00016790
0.00016790
0.00016790
0.00016790
0.00016790
0.00016790
0.00016790
0.00016790
0.00016790
0.00016790
0.00016790
0.00016790
0.00016790
0.00016790
0.00016790
0.00016790
0.00016790
0.00016790
0.00016790
0.00016790
0.00016790
0.00016790
0.00016790
0.00016790
0.00016790
0.00016790
0.00016790
0.00016790
0.00016790
0.00016790
0.00016790
0.00016790
0.00016790
0.00016790
0.00016790
0.00016790
0.00016790
0.00016790
0.00016790
0.00016790
0.00016790
0.00016790
0.00016790
0.00016790
0.00016790
0.00016790
0.00016790
0.00016790
0.00016790
0.00016790
0.00016790
0.00016790
0.00016790
0.00016790
0.00016790
0.00016790
0.00016790
0.00016790
0.00016790
0.00016790
0.00016790
0.00016790
0.00016790
0.00016790
0.00016790
0.00016790
0.00016790
0.00016790
0.00016790
0.00016790
0.00016790
0.00016790
0.00016790
0.00016790
0.00016790
0.00016790
0.00016790
0.00016790
0.00016790
0.00016790
0.00016790
0.00016790
0.00016790
0.00016790
0.00016790
0.00016790
0.00016790
0.00016790
0.00016790
0.00016790
0.00016790
0.00016790
0.00016790
0.00016790
0.00016790
0.00016790
0.00016790
0.00016790
0.00016790
0.00016790
0.00016790
0.00016790
0.00016790
0.00016790
0.00016790
0.00016790
0.00016790
0.00016790
0.00016790
0.00016790
0.00016790
0.00016790
0.00016790
0.00016790
0.00016790
0.00016790
0.00016790
0.00016790
0.00016790
0.00016790
0.00016790
0.00016790
0.00016790
0.00016790
0.00016790
0.00016790
0.00016790
0.00016790
0.00016790
0.00016790
0.00016790
0.00016790
0.00016790
0.00016790
0.00016790
0.00016790
0.00016790
0.00016790
0.00016790
0.00016790
0.00016790
0.00016790
0.00016790
0.00016790
0.00016790
0.00016790
0.00016790
0.00016790
0.00016790
0.00016790
0.00016790
0.00016790
0.00016790
0.00016790
0.00016790
0.00016790
0.00016790
0.00016790
0.00016790
0.00016790
0.00016790
0.00016790
0.00016790
0.00016790
0.00016790
0.00016790
0.00016790
0.00016790
0.00016790
0.00016790
0.00016790
0.00016790
0.00016790
0.00016790
0.00016790
0.00016790
0.00016790
0.00016790
0.00016790
0.00016790
0.00016790
0.00016790
0.00016790
0.00016790
0.00016790
0.00016790
0.00016790
0.00016790
0.00016790
0.00016790
0.00016790
0.00016790
0.00016790
0.00016790
0.00016790
0.00016790
0.00016790
0.00016790
0.00016790
0.00016790
0.00016790
0.00016790
0.00016790
0.00016790
0.00016790
0.00016790
0.00016790
0.00016790
0.00016790
0.00016790
0.00016790
0.00016790
0.00016790
0.00016790
0.00016790
0.00016790
0.00016790
0.00016790
0.00016790
0.00016790
0.00016790
0.00016790
0.00016790
0.00016790
0.00016790
0.00016790
0.00016790
0.00016790
0.00016790
0.00016790
0.00016790
0.00016790
0.00016790
0.00016790
0.00016790
0.00016790
0.00016790
0.00016790
0.00016790
0.00016790
0.00016790
0.00016790
0.00016790
0.00016790
0.00016790
0.00016790
0.00016790
0.00016790
0.00016790
0.00016790
0.00016790
0.00016790
0.00016790
0.00016790
0.00016790
0.00016790
0.00016790
0.00016790
0.00016790
0.00016790
0.00016790
0.00016790
0.00016790
0.00016790
0.00016790
0.00016790
0.00016790
0.00016790
0.00016790
0.00016790
0.00016790
0.00016790
0.00016790
0.00016790
0.00016790
0.00016790
0.00016790
0.00016790
0.00016790
0.00016790
0.00016790
0.00016790
0.00016790
0.00016790
0.00016790
0.00016790
0.00016790
0.00016790
0.00016790
0.00016790
0.00016790
0.00016790
0.00016790
0.00016790
0.00016790
0.00016790
0.00016790
0.00016790
0.00016790
0.00016790
0.00016790
0.00016790
0.00016790
0.00016790
0.00016790
0.00016790
0.00016790
0.00016790
0.00016790
0.00016790
0.00016790
0.00016790
0.00016790
0.00016790
0.00016790
0.00016790
0.00016790
0.00016790
0.00016790
0.00016790
0.00016790
0.00016790
0.00016790
0.00016790
0.00016790
0.00016790
0.00016790
0.00016790
0.00016790
0.00016790
0.00016790
0.00016790
0.00016790
0.00016790
0.00016790
0.00016790
0.00016790
0.00016790
0.00016790
0.00016790
0.00016790
0.00016790
0.00016790
0.00016790
0.00016790
0.00016790
0.00016790
0.00016790
0.00016790
0.00016790
0.00016790
0.00016790
0.00016790
0.00016790
0.00016790
0.00016790
0.00016790
0.00016790
0.00016790
0.00016790
0.00016790
0.00016790
0.00016790
0.00016790
0.00016790
0.00016790
0.00016790
0.00016790
0.00016790
0.00016790
0.00016790
0.00016790
0.00016790
0.00016790
0.00016790
0.00016790
0.00016790
0.00016790
0.00016790
0.00016790
0.00016790
0.00016790
0.00016790
0.00016790
0.00016790
0.00016790
0.00016790
0.00016790
0.00016790
0.00016790
0.00016790
0.00016790
0.00016790
0.00016790
0.00016790
0.00016790
0.00016790
0.00016790
0.00016790
0.00016790
0.00016790
0.00016790
0.00016790
0.00016790
0.00016790
0.00016790
0.00016790
0.00016790
0.00016790
0.00016790
0.00016790
0.00016790
0.00016790
0.00016790
0.00016790
0.00016790
0.00016790
0.00016790
0.00016790
0.00016790
0.00016790
0.00016790
0.00016790
0.00016790
0.00016790
0.00016790
0.00016790
0.00016790
0.00016790
0.00016790
0.00016790
0.00016790
0.00016790
0.00016790
0.00016790
0.00016790
0.00016790
0.00016790
0.00016790
0.00016790
0.00016790
0.00016790
0.00016790
0.00016790
0.00016790
0.00016790
0.00016790
0.00016790
0.00016790
0.00016790
0.00016790
0.00016790
0.00016790
0.00016790
0.00016790
0.00016790
0.00016790
0.00016790
0.00016790
0.00016790
0.00016790
0.00016790
0.00016790
0.00016790
0.00016790
0.00016790
0.00016790
0.00016790
0.00016790
0.00016790
0.00016790
0.00016790
0.00016790
0.00016790
0.00016790
0.00016790
0.00016790
0.00016790
0.00016790
0.00016790
0.00016790
0.00016790
0.00016790
0.00016790
0.00016790
0.00016790
0.00016790
0.00016790
0.00016790
0.00016790
0.00016790
0.00016790
0.00016790
0.00016790
0.00016790
0.00016790
0.00016790
0.00016790
0.00016790
0.00016790
0.00016790
0.00016790
0.00016790
0.00016790
0.00016790
0.00016790
0.00016790
0.00016790
0.00016790
0.00016790
0.00016790
0.00016790
0.00016790
0.00016790
0.00016790
0.00016790
0.00016790
0.00016790
0.00016790
0.00016790
0.00016790
0.00016790
0.00016790
0.00016790
0.00016790
0.00016790
0.00016790
0.00016790
0.00016790
0.00016790
0.00016790
0.00016790
0.00016790
0.00016790
0.00016790
0.00016790
0.00016790
0.00016790
0.00016790
0.00016790
0.00016790
0.00016790
0.00016790
0.00016790
0.00016790
0.00016790
0.00016790
0.00016790
0.00016790
0.00016790
0.00016790
0.00016790
0.00016790
0.00016790
0.00016790
0.00016790
0.00016790
0.00016790
0.00016790
0.00016790
0.00016790
0.00016790
0.00016790
0.00016790
0.00016790
0.00016790
0.00016790
0.00016790
0.00016790
0.00016790
0.00016790
0.00016790
0.00016790
0.00016790
0.00016790
0.00016790
0.00016790
0.00016790
0.00016790
0.00016790
0.00016790
0.00016790
0.00016790
0.00016790
0.00016790
0.00016790
0.00016790
0.00016790
0.00016790
0.00016790
0.00016790
0.00016790
0.00016790
0.00016790
0.00016790
0.00016790
0.00016790
0.00016790
0.00016790
0.00016790
0.00016790
0.00016790
0.00016790
0.00016790
0.00016790
0.00016790
0.00016790
0.00016790
0.00016790
0.00016790
0.00016790
0.00016790
0.00016790
0.00016790
0.00016790
0.00016790
0.00016790
0.00016790
0.00016790
0.00016790
0.00016790
0.00016790
0.00016790
0.00016790
0.00016790
0.00016790
0.00016790
0.00016790
0.00016790
0.00016790
0.00016790
0.00016790
0.00016790
0.00016790
0.00016790
0.00016790
0.00016790
0.00016790
0.00016790
0.00016790
0.00016790
0.00016790
0.00016790
0.00016790
0.00016790
0.00016790
0.00016790
0.00016790
0.00016790
0.00016790
0.00016790
0.00016790
0.00016790
0.00016790
0.00016790
0.00016790
0.00016790
0.00016790
0.00016790
0.00016790
0.00016790
0.00016790
0.00016790
0.00016790
0.00016790
0.00016790
0.00016790
0.00016790
0.00016790
0.00016790
0.00016790
0.00016790
0.00016790
0.00016790
0.00016790
0.00016790
0.00016790
0.00016790
0.00016790
0.00016790
0.00016790
0.00016790
0.00016790
0.00016790
0.00016790
0.00016790
0.00016790
0.00016790
0.00016790
0.00016790
0.00016790
0.00016790
0.00016790
0.00016790
0.00016790
0.00016790
0.00016790
0.00016790
0.00016790
0.00016790
0.00016790
0.00016790
0.00016790
0.00016790
0.00016790
0.00016790
0.00016790
0.00016790
0.00016790
0.00016790
0.00016790
0.00016790
0.00016790
0.00016790
0.00016790
0.00016790
0.00016790
0.00016790
0.00016790
0.00016790
0.00016790
0.00016790
0.00016790
0.00016790
0.00016790
0.00016790
0.00016790
0.00016790
