494
241
310
163
452
100
355
400
311
6
251
99
104
413
302
65
353
337
443
369
307
110
139
257
288
149
137
294
270
262
396
281
277
12
320
202
73
261
454
497
318
460
481
495
197
379
68
175
338
121
398
296
253
187
54
347
431
217
345
225
446
285
269
430
316
195
87
349
420
348
219
128
330
470
103
169
165
22
360
168
498
412
199
75
106
81
471
351
287
421
438
48
313
461
333
368
381
472
291
336
240
94
392
416
455
18
214
207
161
140
328
290
26
89
192
42
194
25
326
234
258
304
177
159
115
136
52
380
248
433
90
119
483
144
7
246
242
264
271
417
62
356
93
108
299
82
130
150
385
414
112
13
151
196
224
41
125
423
363
37
10
382
457
405
24
51
489
212
436
211
210
191
11
227
466
138
491
105
204
237
71
23
322
76
3
117
440
388
36
476
403
64
173
475
429
397
275
83
215
176
249
97
164
366
490
57
155
203
415
198
343
441
35
79
116
47
350
14
295
96
480
72
283
458
341
59
171
247
113
2
404
5
278
308
160
43
479
334
30
309
223
101
370
135
464
411
487
485
484
465
358
374
243
118
375
85
449
182
469
74
323
55
325
107
208
250
391
124
274
286
32
467
372
120
315
496
229
306
435
230
216
482
142
500
29
367
185
95
231
44
409
459
77
209
238
425
235
365
126
462
463
444
486
178
181
183
406
394
499
184
213
418
359
88
346
273
301
305
228
174
427
493
39
157
34
408
17
344
501
61
267
389
268
201
153
340
133
167
127
280
276
361
303
129
474
478
456
226
222
200
186
386
166
357
282
188
289
233
324
401
378
450
98
102
390
254
297
352
152
300
172
259
272
20
