197
44
89
675
206
976
283
139
193
673
603
373
666
615
177
411
19
544
620
633
649
653
355
266
186
25
343
352
691
1114
362
955
1108
1116
489
54
781
220
241
766
1092
225
984
834
165
895
319
315
827
41
344
69
1104
556
949
1018
1076
854
332
239
700
433
1033
413
422
765
309
88
147
883
975
1037
943
761
398
450
111
426
660
574
265
311
923
91
427
745
487
28
793
1128
7
697
234
227
754
760
861
112
690
263
551
618
1046
693
1093
927
826
560
296
118
151
8
1051
329
899
1130
772
109
301
424
166
1042
179
482
623
176
667
914
969
512
858
182
778
83
555
957
655
763
808
115
1050
294
405
784
307
323
875
223
345
910
162
4
29
953
327
601
255
64
867
457
678
375
157
786
392
1057
1106
886
1058
798
167
504
87
753
31
58
605
905
45
917
1010
779
289
492
0
529
437
481
709
848
758
1011
262
27
1066
1122
876
907
567
401
946
195
527
1060
847
788
631
385
683
168
102
570
1095
717
251
773
261
26
428
541
1118
950
130
1064
756
468
807
252
1072
472
654
1041
681
325
212
643
845
419
135
821
216
217
806
394
795
274
278
281
707
110
285
701
698
342
117
501
500
423
495
493
235
100
983
985
558
617
1055
429
485
840
842
987
888
76
1013
302
904
183
1038
546
1039
1040
188
645
648
384
764
326
855
736
221
84
568
995
996
762
347
777
1017
417
62
61
770
719
240
803
684
669
668
1075
1074
1073
1071
295
597
608
1065
872
1063
159
173
464
822
473
937
692
42
938
1028
47
192
1094
665
676
1084
390
191
811
814
155
153
880
991
415
622
521
926
403
454
122
539
873
1110
474
313
312
860
589
514
146
194
11
1112
503
152
280
98
445
893
818
891
72
123
335
915
1048
940
1120
790
816
71
161
823
702
141
461
977
249
142
203
238
516
794
287
106
145
884
951
1123
563
208
797
389
219
420
496
596
320
1100
410
1014
783
491
404
629
639
366
890
116
708
1124
462
317
272
443
1054
637
20
6
513
164
395
874
507
757
843
48
104
1062
171
726
483
488
505
40
522
815
1098
10
65
882
254
339
440
868
348
363
460
270
833
545
852
731
86
564
305
862
21
599
642
682
484
734
889
979
961
941
379
613
621
998
661
780
900
672
906
733
727
721
658
635
586
1020
13
583
517
520
584
477
350
502
540
776
476
585
90
791
877
46
559
150
1031
604
580
715
431
244
1052
137
409
480
1002
573
340
279
864
304
587
913
945
467
990
746
94
364
169
518
224
897
291
740
268
1044
1053
901
837
207
812
414
566
471
316
1030
359
470
1009
1026
836
988
714
432
657
228
449
1069
160
1125
968
830
632
703
248
1131
931
929
922
56
57
60
825
782
706
92
1129
1121
156
552
1107
1029
510
963
1036
1079
455
466
590
412
310
158
321
1087
232
331
1004
391
298
259
932
465
172
1113
523
458
1021
214
652
74
571
579
70
250
264
435
802
725
1043
14
526
1025
528
524
190
970
475
196
739
966
199
565
918
256
257
916
912
908
275
898
282
892
562
696
835
688
689
128
131
1019
133
400
136
722
448
728
34
386
377
1047
954
656
113
644
324
358
1068
357
810
981
980
542
66
869
809
659
804
997
204
636
148
712
992
713
202
716
1099
1103
627
749
1080
406
338
52
337
729
1086
576
33
452
609
610
184
612
747
187
396
750
1090
973
290
557
960
12
885
407
525
200
578
930
