1.00000000
0.84561345
0.76390682
0.69391955
0.62917262
0.56740505
0.50874415
0.45339694
0.39953764
0.34714065
0.29274773
0.24326807
0.18978507
0.13354849
0.09414079
0.05565801
0.02389690
0.00115666
0.00017983
0.00010537
0.00006604
0.00004123
0.00003648
0.00003354
0.00002603
0.00002205
0.00001714
0.00001093
0.00000965
0.00000865
0.00000760
0.00000645
0.00000526
0.00000404
0.00000279
0.00000148
0.00000030
0.00000000
0.00000000
0.00000000
0.00000000
0.00000000
0.00000000
0.00000000
0.00000000
0.00000000
0.00000000
0.00000000
0.00000000
0.00000000
0.00000000
0.00000000
0.00000000
0.00000000
0.00000000
0.00000000
0.00000000
0.00000000
0.00000000
0.00000000
0.00000000
0.00000000
0.00000000
0.00000000
0.00000000
0.00000000
0.00000000
0.00000000
0.00000000
0.00000000
0.00000000
0.00000000
0.00000000
0.00000000
0.00000000
0.00000000
0.00000000
0.00000000
0.00000000
0.00000000
0.00000000
0.00000000
0.00000000
0.00000000
0.00000000
0.00000000
0.00000000
0.00000000
0.00000000
0.00000000
0.00000000
0.00000000
0.00000000
0.00000000
0.00000000
0.00000000
0.00000000
0.00000000
0.00000000
0.00000000
0.00000000
0.00000000
