1.00000000
0.84686692
0.76474919
0.69391955
0.62961848
0.57131559
0.51351474
0.45848939
0.40162556
0.34849572
0.29392480
0.24386680
0.19001934
0.12873034
0.08067432
0.04963182
0.01316548
0.00105280
0.00014343
0.00011050
0.00007147
0.00006172
0.00005715
0.00005420
0.00002646
0.00002261
0.00001751
0.00001100
0.00000961
0.00000862
0.00000757
0.00000644
0.00000524
0.00000401
0.00000277
0.00000147
0.00000029
0.00000000
0.00000000
0.00000000
0.00000000
0.00000000
0.00000000
0.00000000
0.00000000
0.00000000
0.00000000
0.00000000
0.00000000
0.00000000
0.00000000
0.00000000
0.00000000
0.00000000
0.00000000
0.00000000
0.00000000
0.00000000
0.00000000
0.00000000
0.00000000
0.00000000
0.00000000
0.00000000
0.00000000
0.00000000
0.00000000
0.00000000
0.00000000
0.00000000
0.00000000
0.00000000
0.00000000
0.00000000
0.00000000
0.00000000
0.00000000
0.00000000
0.00000000
0.00000000
0.00000000
0.00000000
0.00000000
0.00000000
0.00000000
0.00000000
0.00000000
0.00000000
0.00000000
0.00000000
0.00000000
0.00000000
0.00000000
0.00000000
0.00000000
0.00000000
0.00000000
0.00000000
0.00000000
0.00000000
0.00000000
0.00000000
