1.00000000
0.84755673
0.76727912
0.69705090
0.63386230
0.57292651
0.51706839
0.45839121
0.40516377
0.35108171
0.29596015
0.24641818
0.18736012
0.12580331
0.07626725
0.04016766
0.01403913
0.00080355
0.00013906
0.00011011
0.00007277
0.00003642
0.00003315
0.00002968
0.00002647
0.00002249
0.00001698
0.00001152
0.00001043
0.00000945
0.00000843
0.00000732
0.00000614
0.00000493
0.00000365
0.00000238
0.00000110
0.00000006
0.00000000
0.00000000
0.00000000
0.00000000
0.00000000
0.00000000
0.00000000
0.00000000
0.00000000
0.00000000
0.00000000
0.00000000
0.00000000
0.00000000
0.00000000
0.00000000
0.00000000
0.00000000
0.00000000
0.00000000
0.00000000
0.00000000
0.00000000
0.00000000
0.00000000
0.00000000
0.00000000
0.00000000
0.00000000
0.00000000
0.00000000
0.00000000
0.00000000
0.00000000
0.00000000
0.00000000
0.00000000
0.00000000
0.00000000
0.00000000
0.00000000
0.00000000
0.00000000
0.00000000
0.00000000
0.00000000
0.00000000
0.00000000
0.00000000
0.00000000
0.00000000
0.00000000
0.00000000
0.00000000
0.00000000
0.00000000
0.00000000
0.00000000
0.00000000
0.00000000
0.00000000
0.00000000
0.00000000
0.00000000
