45
204
692
3729
3121
96
2286
1327
5468
729
1756
1459
1448
6838
351
1128
357
4531
125
44
3503
7706
2337
3247
374
1256
1876
248
1445
1276
230
684
3793
325
4044
223
670
471
8441
2306
1314
1678
5507
1415
115
3665
3909
1792
2336
6870
3007
197
7912
100
8088
1059
6021
116
2054
9240
1618
831
509
721
5788
4217
2867
6206
462
1648
1456
11381
436
2273
13155
126
49
154
305
4682
1935
448
1714
367
1406
4311
517
672
2277
1499
426
1338
2644
9668
2225
519
712
919
18
2459
4765
111
2992
98
4172
33
60
3171
1528
3720
3500
358
3740
1000
437
1597
1322
1038
534
339
1673
1704
267
7685
3542
253
5196
2632
5078
758
74
9810
6261
353
1552
2177
9259
5666
1452
309
2144
1969
3198
2501
6335
659
2239
2246
7371
943
3568
17872
1373
3552
4061
1446
1273
2499
542
162
1313
7696
9183
719
1140
874
2036
2924
2275
6428
7455
3742
3876
2727
201
6761
2190
4420
1355
3125
2854
1480
71
414
9178
2027
687
585
6283
3137
11269
360
714
12841
1583
871
1883
2671
4863
1126
7172
348
299
2510
1250
1390
257
6124
65
2664
1025
1654
4558
398
1526
8948
556
9235
239
945
514
14008
1427
4885
1532
1590
705
1420
2293
2695
6961
1989
5358
961
7785
10389
1181
69
9411
1236
11233
331
7342
107
1009
7201
311
4955
3467
3777
5278
196
1610
546
5549
359
1365
3604
2391
1631
829
2518
3996
3233
691
997
2525
1293
2287
260
5124
1309
4485
254
2014
802
1017
4782
4816
2733
13454
1118
19816
762
4018
2114
1218
3092
3499
8383
7780
4867
2574
863
8015
5262
1205
9658
8360
1881
5906
228
1540
2500
2436
13588
1028
7805
5612
1203
1944
7227
5473
3299
4054
1752
2412
13336
2844
7104
965
4047
1109
2340
4091
605
5494
1806
1572
6900
1465
632
7332
252
2755
8126
2505
8330
3632
1523
338
796
4469
1923
3070
326
3168
2461
956
4640
3192
1490
1836
5252
3731
6422
951
950
327
434
590
1991
1563
393
983
7237
6128
2410
12019
85
1016
1289
2422
2097
9407
10046
2705
3031
102
1323
119
10186
6
4003
3201
1092
999
15693
8200
5050
1397
2414
169
9415
2669
4336
6186
1407
7472
6649
6632
6333
4852
5973
2121
11404
8707
1726
6169
4451
1569
1292
8503
1817
183
7673
1771
10656
5237
1997
3540
2524
1928
7546
343
1920
158
6227
7500
485
3184
3505
8366
1461
3906
1994
4716
2969
6405
9067
12666
7222
3792
6785
11007
899
850
5207
1515
53
3244
2624
825
2851
12778
4013
5839
5860
1662
2006
795
7907
1712
76
891
9245
3564
24
587
1357
2619
8919
1545
3718
219
6157
7786
310
1336
18674
407
1429
6998
730
5389
8499
1709
4324
7180
3131
1716
7475
384
7409
1408
5044
2101
1958
2248
11407
2256
317
1713
5149
2979
6859
342
1274
1734
9266
11333
8896
821
5088
11493
32
2560
491
7435
1801
1970
2967
5553
21686
994
875
5291
5763
3059
6363
967
4567
3230
2645
1401
5783
2045
1750
447
10743
3044
15454
15178
380
6161
658
5524
6707
16547
7952
5527
5514
2996
27374
2545
5886
2517
2561
4698
2613
3077
13082
16645
5567
8197
1542
6820
4306
7365
11717
2469
7881
624
2311
319
6078
3501
6653
5403
12484
580
11814
3150
625
1021
25129
7761
3482
4285
4598
1424
2617
1334
939
623
6008
336
2982
2043
345
10392
2478
2776
1255
6366
7910
285
9376
5689
8076
6853
4707
8388
2011
4405
1620
11105
926
4737
14865
2894
4375
3854
1783
2016
2441
17
12835
1946
13996
2937
5007
6214
1911
12141
10102
7066
1177
3315
1024
4476
5939
1008
552
4138
7784
3512
8634
2146
5976
272
1936
2864
5239
1277
20
1259
4538
3696
4117
6323
1593
3987
3317
1191
4292
1745
399
6858
1940
4684
1290
1147
3489
4042
750
12643
3239
3999
4941
1510
558
3931
1417
1468
600
189
14373
2398
134
656
4320
3097
4874
5662
7295
2109
11047
486
1665
2051
6064
1666
10544
34
8565
5281
4027
1700
1035
508
2237
10630
1826
5135
4261
365
5053
524
4947
2976
901
1348
2680
5769
584
4896
3529
1029
4313
3536
2710
4535
1168
11673
3559
306
2447
915
1167
5360
7189
2493
4006
11248
1694
4078
2627
5008
7897
1684
1047
3111
5987
3298
1557
7047
559
7077
4266
1615
9187
1224
1297
5264
5667
898
324
1486
1918
909
17463
136
2569
4557
2512
9958
6242
8487
4068
5768
6686
6712
9746
1903
11503
1372
1884
11276
6580
490
5775
2482
8839
8112
18508
6806
2462
6354
2533
4634
7772
7146
4788
4298
2247
10835
5998
2272
4626
6107
2537
3086
3051
1636
4516
5111
3402
6687
815
1033
3466
249
1899
1860
1023
12735
4844
826
8163
1032
2945
4793
1219
2693
5051
4219
2849
756
9141
4121
9877
10432
2451
1988
1594
10068
14800
2184
989
10095
5400
3888
4806
1085
86
2519
20037
300
586
3384
6188
15529
2061
466
3376
14255
14456
5246
16277
3354
642
5594
4240
3783
3687
1609
1298
929
679
2437
5461
7767
19339
9991
1135
3025
2884
1957
5091
7746
4721
7586
7032
1242
1564
735
2268
9211
405
16992
5245
3371
3254
949
513
5740
6300
1892
805
1134
1882
2534
6121
370
1081
1099
3932
9057
2796
2971
117
3030
504
1366
2626
2491
4124
6903
7380
5045
4931
10
1602
292
3445
5117
2179
4526
1500
6579
39
139
964
2543
3950
6988
5122
4502
2686
2970
4401
13465
5912
699
836
2381
106
4462
4572
1493
2128
225
2539
3361
4291
4798
389
6052
481
3407
3205
2037
4818
3506
2473
1175
931
2916
9
1536
806
1412
543
3074
1913
1664
3686
1475
3728
1943
487
1363
19766
8314
152
666
337
266
1810
387
4723
427
5200
80
737
1030
473
3152
268
2347
1553
2370
17765
3
5436
5627
1502
5672
8396
4639
573
1346
19716
4287
4691
3072
226
217
888
5134
1174
12974
3454
198
9916
265
205
5141
5817
1607
10266
1208
1367
2077
5916
12588
3969
847
10818
3949
1633
3600
4792
3211
3237
4986
2783
1308
4781
4131
8844
4436
6921
1087
601
2035
3480
1227
14703
1857
386
2961
11212
3744
11364
3106
646
1091
8181
1907
6749
13846
675
6465
1278
4652
1596
4276
5418
2757
1284
7957
8593
6233
4789
4757
2113
2252
1888
3469
6277
2012
11283
1743
6503
2419
1902
4097
3313
7239
11725
3543
1630
2511
2067
1835
8027
2886
13925
6505
1759
6388
9046
4892
6231
5113
2614
9806
1813
7572
5560
8795
4887
2656
7115
787
6266
5889
10214
1697
17020
3151
2548
11554
2083
13342
5168
1472
5096
3591
12706
3843
3463
568
5488
7023
4428
609
862
232
245
137
15261
12733
2951
3076
2885
6185
18390
3423
6326
4064
16136
279
6476
1306
5624
1993
1816
2915
16447
6383
12958
3750
4395
2646
6490
1179
1870
11730
9523
8524
3515
16995
5585
1005
3589
5152
6572
1064
12680
67
1150
7961
3162
2300
9733
3560
3033
12365
4293
16832
18583
6265
6384
3413
11929
5150
3638
20431
12166
3884
1120
17452
9162
8702
2007
4880
1587
4470
3681
73
2760
8385
2046
5183
6174
1295
10470
1463
3833
329
15738
5658
6897
1674
5083
15123
4653
3847
3326
15914
8127
332
10400
2492
14029
5409
5325
5199
1130
2294
5116
4081
9419
5109
11714
4222
2253
1951
3858
5922
1011
657
5942
3130
6197
2068
4967
1012
8864
13380
2933
19
4934
3292
4662
1455
13510
1570
15770
15901
779
1152
8793
7815
6408
7186
12196
10717
8057
12819
8940
4155
1321
356
9220
15030
17813
9760
235
10224
918
21966
636
10391
769
505
2890
1075
5744
1430
6549
6774
6839
674
1680
9802
14108
5528
2651
7826
9540
3209
8724
10169
3024
14181
1561
3673
12455
9714
2708
15795
10256
4810
11058
980
11534
1738
1151
2389
3739
7631
1683
20152
3357
6885
13841
5854
4143
22805
2623
7299
1159
11362
610
8399
5039
7158
17636
289
4763
3176
10526
665
5061
5902
290
4199
6166
9617
2661
15360
18862
10048
199
5592
5076
6307
6255
5923
4552
1980
6819
2431
9592
9282
5758
1057
2430
8711
11684
6816
2868
4930
9728
1384
9473
6485
9087
6821
6367
1052
17848
5831
14555
2724
4513
8356
22055
9500
10821
1474
7635
5480
20844
8297
5299
3458
9254
13943
5484
1301
1782
16560
10467
10417
4079
20813
3621
2085
13594
3296
2590
13614
540
7692
7293
10565
6044
792
11447
10702
2408
3225
2887
5449
4390
13680
8505
1395
8622
469
4515
2759
2556
561
3272
1078
9041
6244
36
14176
12129
3554
11359
2932
7053
23
9477
18900
3558
16471
7276
15930
2824
3101
5384
170
12981
10954
3658
14509
3346
8935
19788
9385
5718
17952
12530
16450
6090
18071
4703
944
5329
5936
10367
5171
185
7510
16448
6713
5289
12924
1328
9886
7241
7027
13626
8932
4367
3486
3601
4249
5127
8290
13312
9619
10172
2911
8982
2289
1915
3904
7352
10335
851
8443
1736
18351
2005
589
7314
18955
4109
19218
975
978
6696
13351
99
571
11746
7403
14383
7593
5139
371
2292
498
5197
5439
3976
4322
7533
4372
3453
9271
12756
4897
11141
12658
3408
1785
9338
411
1981
8260
14884
4223
8199
1517
4235
15533
7611
6275
16795
9074
591
1387
3418
4878
1600
1789
7325
16204
6943
8411
4283
3863
5338
17999
5164
3410
11863
3737
9903
7303
499
15679
14615
6368
13187
2955
2756
304
7304
777
15603
770
7941
6413
4474
6633
6952
1582
2186
6622
7323
1180
14095
5087
315
4560
4817
5914
2648
1213
798
3951
200
15869
8143
19280
11524
269
6213
281
903
3196
8425
8669
16686
3135
21746
15796
3444
2936
7287
21905
2421
1728
8758
296
3615
9103
1381
9895
1514
11918
277
4072
10429
282
19370
574
13139
6173
5819
13262
9251
11030
7296
17720
11675
4213
13728
4148
4534
14930
4804
2015
12188
711
1853
2653
6409
10603
8251
15981
17189
2331
1362
10600
1731
14870
4095
2315
2690
4187
3005
6194
1740
6581
21563
16110
6140
682
1549
9914
1828
2600
4802
2677
1658
13555
3316
9206
6907
4355
648
773
677
1215
5428
3844
7948
8777
2224
404
5231
6459
1192
5546
14387
9060
6467
7935
10103
9491
3405
355
3392
15974
7126
7887
1096
16690
6949
4649
4082
3056
11236
2215
11511
7843
1353
3203
4370
2850
7499
13347
1141
4268
3275
14304
4918
5287
9021
7240
6730
121
313
16854
6967
4036
5665
5453
5300
5343
10936
2449
24051
5705
4368
5363
4870
14356
11442
12184
1856
2209
4752
7819
6096
10236
5742
10969
4052
4623
817
25490
5407
7042
231
7579
9341
12500
6050
11742
16834
6700
5450
8480
5131
14080
15935
12416
5257
16944
1178
6636
6830
11502
9596
385
5801
4650
6566
1020
3788
5464
109
5893
2055
7231
16803
2753
4089
5798
1659
12031
4666
11861
6933
3717
4100
840
1635
12108
15510
10641
5202
3177
6221
8920
10563
11232
202
3656
16511
5888
14395
6109
13476
7662
13308
5723
18589
8843
6379
3802
14307
14738
12479
7938
1802
7457
3200
12117
11301
7067
10301
12442
4202
5055
8334
7368
11148
5600
8198
1852
21
8150
538
5308
1875
1979
9241
373
7208
4359
1645
2562
936
10261
5035
11296
8228
3221
17569
1073
6382
5371
19035
3856
9657
3832
3194
2057
18255
18886
17113
14924
7904
8357
6007
500
3747
1388
18651
1799
5640
1850
6223
8128
1747
2575
16082
12053
11523
3698
13190
3532
3674
1164
1497
16721
2515
175
5548
1137
10995
2081
3795
381
3848
5255
13562
14025
15375
5855
5391
2309
6979
14055
10327
2216
9906
2964
1246
14611
4076
7577
4919
8660
8091
814
6031
12176
7111
450
19324
12379
3261
5926
8964
9025
5522
3921
764
5107
7004
12772
4702
11113
10503
7450
3305
7232
628
535
11718
3374
20315
4815
16801
15009
10948
7018
184
15075
1535
4284
6518
14699
11557
10254
12395
3441
14469
16580
1556
8107
1941
2200
7318
12409
2106
7141
7801
10531
3339
16892
13736
633
7262
3370
724
3639
2165
5314
3084
13365
5968
11355
932
17892
11587
621
4995
5401
1065
17273
4732
4472
3861
6926
2630
11472
639
14575
16472
19999
11184
19939
10381
11353
1579
18008
10718
18551
9597
11385
990
22061
12131
21281
6875
17508
11056
1265
1458
1901
7280
10727
908
1543
3295
9834
4174
1897
15677
9095
749
855
459
554
7703
12620
6295
8365
4290
6746
2631
5443
6110
14627
2438
4302
2042
6695
2063
3786
790
4586
28
5455
10090
3743
1776
6202
5233
3271
22860
9576
17598
5610
11123
3700
5767
816
1241
3519
9816
6037
1419
2895
1638
2870
2387
11423
13553
7708
22459
9504
17285
3882
9272
1222
1119
2029
14400
2344
392
8106
523
23721
6346
2495
401
4465
23246
2947
1660
9099
9121
12839
9713
79
12777
15159
4954
8256
3581
16444
4236
9184
8944
11139
9195
16272
12909
4615
5803
7794
8292
211
959
1501
1647
5802
2717
12625
2928
7467
1269
2806
11623
18097
1760
4008
20104
7094
3677
9278
7601
6540
1066
8245
3514
17482
4866
10570
5681
12368
11182
3342
4685
12785
1161
2640
13050
4178
5752
7507
13424
8072
7558
788
10326
2094
18113
4135
17774
10126
913
3924
5169
17683
7372
8010
2008
708
13175
1094
1800
10710
8104
11614
8522
12104
966
3922
2202
21956
18149
2748
12653
12691
3103
6916
15524
6142
12594
2848
1492
16231
1368
11869
1822
3933
917
20897
15664
11227
10528
14070
26265
10311
14452
321
19893
7224
7588
13902
2573
10716
911
5693
5487
3448
12714
4272
6714
7311
1111
7400
14649
11258
654
3734
3243
948
3497
5508
8824
4674
9849
2249
844
10826
10919
2822
15244
15374
4130
4754
6682
6061
1391
14867
7356
14449
12933
8683
4487
1721
5
11116
6997
5269
4090
2881
3791
1422
1949
1325
9038
2242
5003
877
1846
12605
13879
11432
8882
1982
4211
2222
9110
12507
18519
2364
10034
2356
2946
6072
273
14318
113
971
3001
3872
10379
5727
4007
2566
6102
6874
16309
4884
7341
1598
9274
6548
1613
2876
8891
2302
2836
3816
11580
10922
13534
12171
4156
7244
5470
14401
4845
3960
5446
3167
3197
8452
11299
428
16327
6219
6172
15872
11
22184
18389
15913
13610
10289
7080
6915
8955
6268
256
4740
5093
4968
13448
168
1077
3364
3570
6604
4846
2773
2742
9874
4161
11897
17489
3457
13000
715
4909
2066
8571
1622
14165
12967
8521
293
6964
9286
8082
2503
440
3330
10800
6015
6187
1271
16510
4426
20096
7609
14380
8294
7461
5899
10088
3417
2148
1905
1283
5136
5715
7268
2963
12676
284
3450
813
2477
2602
11417
6768
22324
128
19447
4627
9487
13368
131
1484
1627
6663
6741
6568
791
8927
8050
2764
7117
6947
1898
1382
6553
1072
7345
13096
11025
3806
1959
1841
12224
2740
9748
7667
8730
12690
11038
13531
1166
6411
19429
2141
8907
5474
820
1832
2809
8221
4362
14915
1601
16916
84
7752
11168
1791
785
3901
8122
12450
6309
194
515
14954
10516
2536
1440
3115
4325
3722
1019
2154
14667
2072
11579
7965
9044
3069
9122
4762
6009
8117
3711
11621
3036
784
10747
5447
6699
6402
2663
160
3128
5629
11454
18236
1034
8906
5576
812
7914
15676
23653
922
5645
12377
16887
1503
2245
1930
9053
12487
13271
11956
7061
3053
1190
12112
696
7140
9686
8298
6457
1287
5333
13874
2605
1643
11519
20335
5032
13425
5653
8338
14792
14185
10206
2987
1880
2250
10930
2917
1585
14222
1855
58
4457
4379
7751
3382
1551
4950
12407
3781
7876
12743
4681
4727
3191
17920
830
15382
6697
6901
14231
3859
369
12427
153
8874
10329
2552
5704
19205
7452
13789
3647
5368
12393
828
250
13013
6497
5589
27
16711
4906
3112
4452
4486
1376
4058
11903
644
10217
16749
6238
1157
14201
9643
3860
9932
11264
6804
2371
2975
12343
2140
3481
1779
12597
68
1604
8640
15646
2621
4520
94
2188
4907
430
6105
1437
4566
531
82
8243
5459
1199
5376
1138
3611
14232
8316
8075
15917
2466
4439
8978
15992
10260
141
11662
5019
9569
1554
11859
18292
9218
2770
16430
7927
13150
1761
8899
1774
12637
8963
4084
439
12291
6004
3789
11671
5577
12522
2480
2927
5867
4265
5201
5172
15090
14191
10384
5710
19014
14142
16774
19142
17586
12401
6250
17899
8322
2428
5661
10564
1217
4021
8337
6802
1529
6523
15530
2039
4840
4221
451
3649
341
1377
12848
6033
4853
3066
5908
11708
362
1763
3730
18075
12211
10887
5982
1912
2255
328
15950
7864
20711
81
3819
4696
8302
312
10388
7865
2912
3573
1925
1960
1584
9884
13239
21872
977
6460
104
17571
647
510
5994
2597
7913
3635
1722
2448
597
6511
2604
6193
19432
2351
14732
8865
14459
11849
8229
8000
1351
2484
5799
9837
12302
8979
3046
15740
16828
10850
42
472
4877
15013
1145
1244
12514
927
1335
2678
4577
10352
10122
9468
5663
2957
3594
15586
2483
9673
454
9126
9908
4387
10677
5320
5596
2383
2053
17198
11836
3691
5517
2090
421
4205
2301
11109
11792
10849
13766
4621
477
12817
6938
2683
3447
5302
21933
4770
2729
10604
7417
8172
1079
924
15875
4445
8775
1641
12574
732
8039
6766
12907
15040
14240
7339
19287
17118
12519
1575
13428
4020
21974
6203
2460
4895
3857
7051
7050
9443
5995
12497
9780
4354
57
1505
10430
566
10415
8685
7446
6375
5080
105
4059
1108
11099
9478
3709
1162
6599
9885
424
5604
4186
12673
6980
4629
3772
2476
3812
8132
6956
3434
9174
14168
8752
3359
4253
15126
316
6919
3735
2350
1051
3285
8533
4057
3702
768
15821
5845
11691
11093
1139
7527
7275
8465
41
7770
15531
7749
1877
3180
11033
11091
22296
7978
2728
11081
4120
13223
11249
11854
3873
15240
8859
8002
21498
8715
4773
17243
12412
2726
5004
1498
742
1187
1434
9394
14474
5063
4529
20115
3147
12993
6832
1922
13047
5789
4937
3108
15961
3706
10100
1780
3287
7504
2752
8802
1453
12330
6860
16407
6805
12606
9157
5014
1986
2361
9625
9761
4976
1231
1742
10810
3000
5736
3304
7469
533
9812
8123
9653
2325
6394
12332
4029
494
669
6401
4407
9964
8972
11196
8564
6127
8217
23350
1550
3028
14566
13967
7620
3428
5586
10949
11850
1808
2913
1871
839
8745
10358
6890
238
1717
7290
5341
4304
4461
21380
14148
3395
11650
9359
1657
13906
2158
563
2032
5337
6647
1267
1054
14784
2952
3893
6253
7322
6148
5949
2104
7039
5765
985
8145
16347
4925
26
6318
2584
5863
12970
3830
5894
12567
5590
20980
5344
4851
3612
2820
9034
2966
12193
8987
1102
1275
1954
20718
12900
13225
7334
140
3216
972
8587
5542
7035
4274
3688
6716
7919
1699
11347
2330
6637
8540
10833
2456
1045
26099
16630
16461
12879
4434
22058
3039
18750
12033
833
4842
5603
921
4982
3575
7307
3363
12968
15418
16476
3145
4333
6305
7867
6301
2647
5393
3265
15193
1968
246
1868
2166
3870
881
8354
3439
14518
5379
1004
1651
8567
3875
9602
15773
1934
3245
5840
3664
8608
11693
7928
17130
3796
1975
14629
10074
4777
4260
15045
4969
16948
2610
9459
2481
2650
5913
13440
16380
4665
3958
3213
16577
541
1014
11685
1955
6826
7502
6069
4321
4347
832
13790
12511
9515
2227
8344
13126
12079
4676
10669
7133
3626
7456
13840
16440
3099
10847
3027
17106
9209
8883
7033
9855
1462
8025
2862
11639
8799
7155
2413
2139
14925
6145
2228
10453
22091
7645
14583
3782
8121
6076
2290
650
5870
1504
4071
307
6719
6836
16000
7605
1165
9455
7556
8405
8446
3218
14749
2828
3682
7564
10309
1225
19362
1827
8657
2934
9919
803
12541
12036
1589
8834
6431
2980
6434
578
9951
13738
5352
8596
4764
4216
4233
21004
38
6594
2716
2243
14849
10407
2058
11957
6841
8257
363
19466
6390
4393
9600
13345
7432
16583
8582
14253
8754
7301
6315
2238
1487
10923
2180
2424
15337
11190
12552
3045
17187
1990
1578
6904
2956
4787
3138
2071
241
2896
9401
21989
5218
9572
7310
21041
13199
13128
9267
7194
4408
6018
5582
9446
13935
1964
9342
1781
780
12730
3804
18708
3614
13953
4411
8591
4210
4342
853
5010
2341
8453
8751
16964
5536
9166
18207
5682
13928
7759
2457
20327
13182
8794
2282
3096
1863
3329
4010
9368
7430
8620
4196
9454
20434
5377
3619
15903
8470
3320
2654
8888
6542
14017
11250
474
11326
1534
2855
8530
1703
14494
9232
2159
7521
8192
3328
12017
10331
18979
18912
4618
4510
11819
653
15488
10597
64
8749
13724
5777
9987
638
12639
2204
1442
8373
10617
5029
22264
418
13924
6661
734
11877
1507
1364
8810
3723
224
6547
2160
12797
9744
11479
1848
11670
22646
18880
5163
10159
10056
10806
8282
3770
11609
2064
4854
2563
1232
11600
1104
2214
15234
3124
10831
11906
12632
1637
18318
10846
6880
757
11388
6453
9845
6891
6537
5485
11561
395
408
6181
2133
8040
1686
1691
422
12201
2161
2291
14976
5933
8595
4741
9522
3625
9007
13916
6942
1343
14110
8536
2326
2472
2935
18499
2901
1352
21322
3582
7340
8878
13240
10129
8387
11507
16799
7833
5999
12072
8675
3438
3098
7845
13246
9270
4983
5692
7959
5140
11712
731
8684
10310
4542
10836
2715
3242
1249
3134
2842
11546
13771
16103
286
10342
2288
835
13421
4641
4850
13703
13227
5241
12232
4980
2691
5947
11147
18887
3095
12640
167
6370
12679
5932
3023
3520
2582
8717
4458
9161
15412
2675
8672
4351
7553
789
14433
9214
9681
13462
6499
10851
2692
766
2606
3009
409
1386
5830
13275
21432
322
11488
8286
18654
9788
1758
3666
11380
11911
5060
9829
3474
18524
8420
6395
4180
6039
12405
3100
9005
179
6218
2333
4105
11094
6494
12186
7861
8156
47
5263
12540
4212
8693
11560
4009
1998
15328
615
124
5827
2056
6578
11194
1049
10173
3657
13973
7740
11477
7571
14429
478
6844
6075
8885
960
14190
7143
9353
15829
5316
7376
5883
4280
14777
6420
7294
5960
12081
4814
1796
9639
14871
1803
551
4614
4399
14455
13125
11496
4345
16975
20932
671
9333
14425
19924
2706
4532
15405
7011
5572
3981
15641
3343
3251
4911
21561
14252
5271
23921
11411
10731
10258
879
761
212
8235
880
13102
8544
3477
2513
20952
886
10098
16412
9463
10347
13412
1595
3754
852
15156
3210
1818
2877
6782
7972
8938
8884
3910
11129
3401
9403
2025
2260
6742
5959
13596
23168
12230
9527
4694
3338
4048
611
1067
5570
3435
9461
19445
10569
6524
823
14015
8421
13644
12013
18216
3610
5463
11696
10838
12313
7441
16550
214
9200
16855
5702
5621
4177
4234
5609
8249
6486
3977
1725
14530
6601
7230
14994
4949
5309
298
5184
9700
7162
9938
1967
6796
5221
3508
6421
3839
15210
488
10510
6924
15104
9910
1965
2508
2689
6562
19115
5021
16612
2339
17511
11789
13791
8800
5031
7664
12987
3818
11392
11813
6149
10965
4440
2843
8195
23469
2092
11807
4049
1253
5717
18939
9343
3946
13522
15600
2310
9137
3774
14840
5700
12641
10187
18543
7547
3852
10753
4797
12241
6217
1148
4022
9584
2193
3026
13141
5800
8329
10252
15910
8255
10491
8309
6397
9881
7009
13762
5126
1948
14932
12011
5267
2406
13263
7544
9918
10294
5940
3727
8950
1303
2732
16839
1784
15486
5115
4944
9731
461
12056
3764
893
5162
12796
5022
12283
738
6655
14402
3038
6657
7570
8319
6189
3595
10751
17794
3780
2189
13289
9725
3652
3336
2489
1359
11518
8877
1900
3776
10210
18582
4678
1155
16666
4197
9898
12087
17596
8463
5755
6854
9249
287
21937
10269
10005
13964
11328
5041
1311
3809
3821
9363
7375
9554
4670
12197
2588
2598
10024
19714
1044
718
16362
9236
8061
4126
1931
5748
10057
10157
6349
12297
18596
11405
7213
4537
7065
16479
21908
21470
1938
5505
14347
703
7999
16219
6089
19029
3394
10711
8875
20681
8967
5173
16227
4889
14686
8469
17537
420
5121
1235
662
13994
2744
9054
2794
406
2532
13382
6118
17278
4189
220
1624
6040
432
13327
9571
6779
6642
681
11303
8523
3352
19730
6593
5506
3393
10780
12478
10198
16181
14305
10356
2660
23484
1547
24894
22270
9441
7405
7283
9593
6334
7632
11620
3927
14586
8997
4133
14941
6750
3885
747
8348
11781
10207
1929
9080
19341
4528
5307
11872
6898
4988
4533
376
16463
11478
14329
23920
12465
21915
18824
3109
2509
3431
3279
17764
7837
20280
2212
12562
12239
10276
17266
3301
3651
11655
12985
11732
14748
14761
9579
12698
2000
1041
10075
3944
651
22379
5726
5361
8201
12320
3063
5733
5713
14247
9068
9578
5541
3940
5809
938
11307
3498
5225
12254
5622
3060
3668
14341
18640
3915
35
12520
9570
26868
2507
2514
9107
10357
4419
4104
808
12906
4794
186
4075
5896
388
6743
12298
1916
4677
15862
3089
10549
9776
10929
7402
14842
222
22777
37
1768
13705
16437
5392
19502
18736
1385
2703
6764
19857
10509
1006
10693
717
7630
12312
2270
25328
9154
7968
10690
7017
1823
15391
9319
12775
364
8427
25001
9071
5348
10580
9207
23914
5250
4837
1007
14198
12527
5254
8597
6469
14242
15777
1512
7246
7392
9217
12722
15262
10398
854
7196
13161
19539
13001
13711
16443
12899
1724
13913
15450
24514
10817
9029
1413
4778
14283
3971
12686
21328
16211
13489
18077
2426
16138
11199
6948
11097
8001
4384
10482
7971
8671
13157
849
3518
8869
10767
18237
16266
5556
746
2639
1588
13090
3590
13663
1435
5288
17276
16229
2925
15897
4414
17650
264
14839
14112
9732
8590
569
7109
13334
11935
16073
2974
2549
476
10441
13039
16119
10394
16531
7832
10118
6571
7545
1945
9999
4758
12073
16391
7802
7253
22329
3704
952
24043
10506
11470
5865
3538
379
3462
17680
11293
2138
7707
25289
17877
1101
5154
8445
21011
2798
16616
4460
22501
14166
10633
4592
1524
9069
17905
4543
1344
11698
10078
15923
4040
4673
3268
5499
19262
4756
4953
9556
16225
8823
5615
4209
3853
13627
20714
1616
10373
9613
11189
7089
4477
4658
544
1248
6045
12615
6703
8761
9587
17610
10621
13435
6380
13029
17196
25700
9551
243
6783
7901
8154
2203
18211
3166
2608
4865
5659
4329
19430
16308
4692
22320
1258
3040
6286
15521
4118
3827
10426
8284
1209
22691
641
14812
161
15490
19568
2995
4675
2261
17617
9247
4508
10868
2136
9064
14426
8667
3712
9724
5194
5216
6410
8943
8552
9538
2745
16031
11443
13468
12783
11292
11046
8833
12750
700
18398
6510
5397
1483
6291
5193
13378
7985
24056
4185
2134
91
7464
2814
18867
9277
5806
21300
3356
953
5305
13477
5405
3756
13894
3990
14882
11440
786
12461
6432
3377
2232
9997
10010
3270
13537
19134
10684
15217
12788
13464
7001
16861
15384
18243
8517
19213
9682
2254
378
12342
5739
5738
123
7363
9975
5049
14472
493
6316
4171
14146
1383
2030
2859
5698
689
10527
12256
4158
10215
11318
2416
1127
15291
3663
793
3120
13217
23079
6753
18273
5907
10555
21802
16906
765
7519
16459
9781
8708
17799
10286
13948
18532
8089
9334
9850
18774
5986
14145
9167
11351
19854
1106
4645
15211
23690
6833
12431
15931
5406
12118
8271
4730
1693
18729
4632
24144
7777
10505
1971
5128
17082
7642
20959
13895
13542
673
22856
676
4548
20225
7364
2730
2825
19769
18510
14437
13284
1329
3280
3006
5067
16918
16185
16478
8506
15140
19872
11629
20845
13619
3362
14162
10732
23974
11073
18869
11426
1566
1921
4588
9703
19615
4523
22251
17726
10723
21688
18970
4296
11985
18376
2766
5649
9783
23762
1976
8791
2506
16401
2367
9974
8490
20171
7416
5593
11103
13652
6393
11298
15036
4507
20806
7136
22430
4509
6985
13144
19086
3047
1807
11905
16035
2861
20947
11167
17156
12063
6527
24083
4406
3714
7917
772
930
15191
8537
15131
1711
8074
4839
14175
9823
24231
3733
7860
13211
1196
1254
21573
3517
21858
10303
10296
3654
907
8912
112
14351
11368
12014
10601
12366
15952
846
16349
6427
11133
8435
5226
8767
9177
14448
12116
12838
24952
12603
1851
17290
21923
10786
6954
21264
18633
14013
24625
3340
2369
14952
1606
13670
1216
8658
810
16363
7321
5102
22323
6872
14820
1599
4000
21208
5395
14965
6306
191
14712
17688
6212
11193
25670
7531
8333
3021
22722
14714
5079
20128
4635
7487
9202
9288
7792
22701
567
20666
3367
15408
2618
3332
11272
23273
4398
8024
18569
11486
8184
10002
11759
5946
12244
15180
22988
12854
2264
6685
2829
19813
12337
18426
16626
3968
14071
10913
7058
526
6680
22827
12799
14722
18257
10412
8065
15688
12372
20089
23507
12599
15409
15513
6606
449
6081
10782
9429
6751
8204
6396
6688
10306
10983
9719
1280
9066
13581
8418
5228
16724
11702
5868
5957
5342
12311
15801
8485
24517
7357
17666
11397
12792
12437
17605
22999
12585
12151
21827
3311
14414
3082
6778
6483
25121
12446
6842
4549
3231
1450
7758
16994
3724
21108
1398
2685
12009
12576
6361
6584
6876
11932
13216
6234
25145
3369
3813
19299
4356
3983
15115
685
1866
16235
16489
9809
7419
13960
22
1247
10368
17935
7543
7522
9451
15139
8842
10247
20353
2487
144
2299
12306
5782
3075
14075
14579
17432
10900
10676
8585
14290
14546
6097
7348
14746
6083
8770
5835
27906
263
5510
6147
2130
6299
8296
15645
8466
14475
4821
13532
15973
10705
23331
15682
536
10440
13499
2962
13808
21307
13818
4430
4610
19377
4602
17405
12897
8951
18724
366
1748
18032
7150
8557
18464
8867
12881
15672
9280
3022
13998
19621
11215
14728
4603
14273
529
528
15694
20402
25172
1193
16383
4881
4050
6267
1764
3333
20997
19401
8905
5077
20877
14228
3760
9649
25788
22203
10952
13878
11799
3202
416
5457
10740
15004
16454
2712
19074
2345
19059
4418
17240
19308
2365
3767
3183
435
22766
6771
6884
17397
20737
1573
4559
22554
14843
4314
14005
14249
10386
6668
8488
12829
8857
19973
10854
1670
12279
7834
6014
12518
17722
963
18830
5211
21537
15347
9393
15001
10218
5781
5857
9793
1291
5529
22767
22749
51
11583
6784
16884
19103
4871
9977
9711
6595
18772
6338
7973
21910
17908
15108
5259
22069
12973
4069
4102
25017
19137
14210
13571
1332
23196
2407
18792
17064
4263
13963
23962
14596
14502
5790
12418
20821
27919
13796
12192
10610
10014
17913
21681
962
23635
8529
19838
8191
2156
1048
12001
16498
18700
24890
7619
20564
10081
5178
2439
14130
27803
12277
6610
110
20181
13450
9265
10084
17541
11896
1739
22703
13260
7870
23041
15107
7052
20003
23901
13447
13509
24251
3452
24300
5064
27240
9287
8023
18643
3164
333
12921
9911
8923
22212
26071
23547
9193
5844
24273
2342
7557
8866
11246
10033
7093
7407
4088
9027
21871
2594
22871
10029
19861
11998
16798
6478
22695
9484
18536
17853
12040
19550
11802
18362
24390
12543
14903
2317
7374
18816
935
19511
7625
9800
10848
12544
20251
12043
10928
29249
15967
20946
9512
3390
8798
15172
8285
11245
2833
19005
7096
7302
4891
2219
6125
12551
548
3485
9453
3914
7649
3050
12470
2334
13120
5413
240
2943
4984
11332
8006
8617
9448
22962
5551
10688
521
2758
13366
5953
4514
20561
20562
8868
22784
9791
7055
5059
18850
20563
5062
7872
20313
968
13073
19755
22011
21629
22702
11834
3911
13445
8291
8741
21986
12830
15105
6046
1027
12269
3637
21527
12645
17426
216
14256
4093
14262
7413
10017
617
2324
16190
9968
8084
15501
8554
9317
9795
9369
19317
21513
25933
16404
3136
801
8263
11053
15028
12468
11626
11512
25975
797
6729
19223
8618
22938
13103
18763
12299
6126
9590
23321
12502
19672
20526
14138
13107
21125
15467
18343
4115
26988
16671
752
6350
17513
21172
4828
12209
19744
5786
2609
2075
18704
2559
7888
11916
5996
13616
5311
12093
3643
17591
7075
12617
10040
28764
3193
3685
15116
10493
24684
15381
7138
18396
3925
15830
2276
1444
4823
24874
8820
15610
15636
18108
1071
2823
7982
16139
18224
16003
25091
12448
13286
19509
18542
9637
10679
13134
19410
1840
11549
9244
22185
4337
4170
18771
13325
6683
10249
9039
23468
2564
6618
14386
858
23304
19226
301
23577
22880
14817
7889
20596
456
14490
15058
4386
19007
2440
3502
10862
7229
16838
5525
7234
3195
26435
13348
7021
4825
20635
19597
2235
3871
27927
21324
8130
10171
25528
1176
1652
13606
5892
19174
11894
19206
5937
330
981
1371
3905
5631
18447
10520
11617
10683
15596
17976
14021
9712
16370
11378
12693
8041
7423
3898
2119
26547
4597
10585
6418
8034
6113
18050
9622
6279
16008
7821
18801
2571
1345
15257
3525
12738
19214
24329
15311
8977
4971
8058
21139
4993
8602
21355
11463
1330
9417
27044
15284
18818
19158
10240
17992
14155
26615
14690
13765
3890
7494
10539
19728
17862
1914
14125
10101
14107
14094
14788
66
9995
7382
17751
5558
20137
9889
7298
14770
7119
13701
23191
13691
14451
14616
2321
6342
14610
4281
6344
10197
14521
6314
10366
6582
26112
3961
12098
12592
17800
4433
5538
9640
13959
5980
12289
26775
6995
3596
1814
1439
22742
10646
3579
12235
21349
4728
5118
15364
11686
8321
6058
8374
17086
20650
20542
12459
15071
16102
3578
15112
3234
3235
234
19292
16109
14898
16571
25344
70
23607
2883
14709
7540
15491
3062
25554
3345
8631
22639
14310
11120
29047
23964
21423
21422
11211
17306
12202
13940
21533
10395
15288
10039
21668
12084
16656
14184
208
17076
4295
6619
12940
10201
9979
9666
2922
2926
13938
4584
27982
9194
5319
15309
22810
15307
22812
14780
28067
12866
12865
22866
21174
21701
18496
14089
27030
14599
14795
15081
3646
5849
14644
3703
3710
14529
8437
8484
8493
8512
3841
14328
866
3886
14296
14295
14239
14224
24832
8436
3631
15308
973
16804
16751
23874
16546
7852
23907
16492
16487
16486
3227
16428
16290
16278
16215
8171
16184
3337
7984
7986
5915
16114
24170
8031
28412
993
15605
8097
15592
15548
15547
165
24880
25008
13918
26140
11688
11669
4709
11624
11598
26257
4753
4755
11522
11446
5472
11304
11240
4882
5424
5423
10790
10775
5027
9688
27242
9852
10416
5153
10320
425
10239
10146
613
24881
4625
12222
8691
8692
7778
13827
4024
4025
13658
13518
4151
4152
13401
13390
4176
4179
744
13079
12937
12929
12886
12867
710
12855
12621
9061
25773
25815
12386
25862
5571
12039
7741
396
22833
21318
18511
19736
18451
6182
7007
6343
19770
20992
1689
7437
22850
19799
22969
2220
22811
1865
23339
23313
6953
6177
21058
19356
6658
7177
6144
6143
19136
6591
2442
18692
2463
6588
7274
22392
22384
2034
2329
19522
18845
19385
6054
7164
2073
7576
17102
6364
8
17238
17230
6438
17057
6437
17199
17197
17172
6705
17141
17140
20592
20133
17096
2129
17816
1571
20937
2863
19885
17025
17896
17674
6235
4748
11481
8048
18109
7672
14460
1896
18016
25896
6555
19144
10674
18742
8045
8688
8664
20317
4015
13883
4016
5671
12820
6672
6674
13721
20201
5606
8968
6701
26147
11682
13231
20234
18897
20475
7882
6629
15329
10769
2930
10909
14991
9580
8368
9575
15729
19189
6104
9962
17036
10658
1947
5086
26784
10552
10476
4644
10475
21694
10438
20701
21775
10425
4672
11873
26889
5222
12187
21765
21138
26190
10627
26327
11425
11341
532
11556
4731
4873
4893
10978
4959
457
1766
8787
24220
19556
15909
3262
13167
2195
17299
7453
19658
2637
24089
20031
2047
13268
3962
3341
15522
5327
7377
77
3929
24719
7335
17985
15435
15402
8887
8913
15322
8563
27994
10698
8556
18334
12804
7788
16909
7828
18442
18445
16743
16561
12424
18611
2468
5630
18665
7690
2423
8332
3105
2415
3110
18852
3122
16336
18922
3178
13045
947
13076
8459
10671
896
1036
7198
3644
17423
22268
9482
6513
6474
17727
7967
6423
5964
6400
9549
3824
6271
23517
6258
17507
1356
13815
14193
22800
13876
14099
3746
6155
4519
13985
17512
5069
22118
10883
14505
1522
15315
23888
8945
10037
12524
15065
13516
23852
15032
5825
2652
4363
4987
4996
13756
14889
1727
11628
11636
4441
13898
14670
9136
12526
9939
5871
13741
14797
9142
14886
21615
12509
163
17272
6051
8135
9786
276
14343
14394
14428
592
17050
9262
237
15440
10137
728
16066
4879
13546
2778
13910
12012
22075
7682
7319
2488
21257
7836
10789
10749
11413
5695
11315
23238
6226
7135
8925
13459
4688
11994
17626
4335
13422
12655
15459
8696
2040
8638
7256
8980
11951
15243
11395
3752
6017
14214
9629
22535
11495
4473
10907
11596
1089
21511
11006
13716
6955
14953
10006
690
3617
2196
20359
3158
12489
5598
2401
12776
12367
10607
12859
8417
4251
17260
18091
25073
19085
7615
2550
4833
12717
10498
19125
7774
12661
18348
518
16730
11611
446
11800
11739
12831
12846
4391
26157
12322
11603
596
11517
4488
4198
11491
13803
4503
12569
11439
12595
12611
13774
13639
13615
458
4308
4294
12205
13397
482
13085
12340
3941
13104
12236
13191
13132
12253
13178
4286
13025
4062
11986
4365
12294
4094
11923
12912
11959
12920
11972
12425
13473
12955
12963
12383
11981
577
11848
12564
3310
13936
20893
20786
20494
20474
8721
20276
11137
2010
1074
5084
17645
8223
7195
1300
24445
16495
19237
18879
1061
21722
9090
5532
3602
14404
7285
20182
2386
14325
24410
7353
3571
1755
14602
17977
3491
23649
2625
9933
6930
11008
21146
9909
9268
11039
14779
8315
21274
18800
5273
20340
5595
9844
14677
24912
20319
14635
5580
148
1403
19686
9862
7379
22794
25419
13926
1460
8018
16727
759
5416
25205
8016
21624
1370
9198
19072
19161
7955
7812
2735
4998
2972
5001
16790
17704
7874
16797
21387
7902
1464
2720
28743
2348
8036
5503
17134
7396
14293
9655
16552
295
9128
8125
16575
7458
14147
3894
9604
7514
24006
8110
11387
8105
9139
21315
16624
8077
9144
9148
753
11377
323
11014
6468
629
16019
8574
10590
10596
19333
29325
15464
10188
15451
10623
8580
21845
6444
18559
15349
6888
21048
6517
21051
17530
10115
16121
5729
21828
6241
3300
16013
19373
1229
23143
1226
4690
5165
10397
15823
17415
24697
8644
15
25992
27161
8781
6063
22399
15632
20963
20964
15628
24663
22342
15585
21936
8458
6558
16869
5101
10968
1411
10063
10935
14937
3415
6708
14938
16166
19627
8415
24595
6740
8971
10899
14984
8375
10911
25694
8424
20464
14921
3436
15293
15272
14875
19579
5707
6811
5238
17583
10777
10792
1156
1966
10971
21121
18141
2769
9971
10080
15051
1787
8231
10179
20993
4165
12248
11901
12485
4163
22366
17694
17580
22208
11858
12482
4083
12159
17436
17653
4145
12047
17522
2747
22252
17521
22258
12392
22239
11988
12165
17485
11950
17484
11947
12411
17643
24835
11922
2749
11909
11904
24772
17681
2762
14825
11831
18155
4562
4556
10772
10802
10855
22003
10888
18025
10940
18164
10942
18020
22034
25654
10982
25643
18012
18002
25620
11050
4467
22018
25813
10666
4585
18352
4668
4667
2538
26013
16943
15125
5020
7680
8124
6016
19618
10574
16043
9708
2172
905
20629
23540
16701
464
9707
16041
20631
22993
904
16483
23011
2305
24513
3471
9140
12726
10280
13431
20051
7629
2634
1668
18646
7249
5025
2629
3014
1663
19313
9180
3173
8153
6303
1285
24336
885
12688
23562
12687
5489
12692
22644
14461
16039
14076
14077
7675
16173
7225
21885
496
16506
8158
20970
19749
21175
7647
2900
15462
19748
17835
7943
17833
5496
1281
26966
5073
10308
492
25535
16930
10274
12728
15447
4914
12763
16436
12760
4917
15497
26790
20591
14006
10229
6389
20598
10230
21224
23818
25485
23817
11117
7582
21229
26362
19499
9000
19498
17267
21705
21706
6808
15252
17865
19495
13992
16429
20585
6959
15499
9035
16007
4270
11090
11088
10255
17221
5540
9104
18497
15920
8408
21767
3938
8144
9119
14028
19295
24079
14259
8146
25904
2157
19283
9097
2152
2662
9082
25261
4301
25494
25496
390
16716
9735
2658
1706
7598
5543
12745
9094
16714
6822
2914
14355
8990
17792
6010
13647
18604
20723
20769
25163
19651
15169
12521
15985
19689
5381
22793
10602
7808
12579
15162
2471
2470
23963
17099
1494
2540
22847
22845
12607
9400
9402
14585
5243
9409
9410
28995
14129
3584
6937
14559
17101
8266
14557
1421
17777
19428
5366
9517
19417
13147
6084
4035
20747
10536
7863
6034
25150
18439
17773
2984
12535
20364
10557
10588
22727
22774
19688
14552
4070
23930
18609
1380
12534
774
17778
6032
8247
22098
7877
10558
5293
3970
26510
13122
7704
7210
1115
15789
13781
10353
10355
13181
24009
5146
5458
26934
7086
7087
19633
20192
6861
15791
14085
6245
8342
8341
9258
17695
3008
16525
21897
21898
1299
13782
7695
10337
3973
7211
5467
19463
20783
20193
1333
3988
19031
16970
26920
14211
20030
7176
11500
24145
22549
17339
15886
15888
15020
8548
5701
5725
18629
1183
192
10145
26481
7002
14808
2808
3324
6519
16361
16786
13819
13821
3807
14810
3808
3327
6990
6991
16763
21696
10051
10052
16562
3141
14781
3139
14783
21489
5634
8645
17326
5642
5643
5647
5648
19987
1511
5654
3284
16758
16333
7764
3546
1769
1772
13822
26133
19239
10050
2080
16394
21260
6800
19833
13850
7312
8102
8120
11787
23415
23417
21244
23425
2022
21666
2020
16835
1315
19849
1331
23500
23499
3409
23486
262
2084
16392
6603
18422
15270
11457
15269
1220
6893
11811
12874
8467
20454
10189
10190
16791
10193
5794
8455
8007
8008
4715
4714
1872
17879
3358
2099
13947
8043
19121
5623
21695
26337
3249
21945
7528
3252
20908
4876
7541
9880
9944
13206
13205
8700
9942
2395
7559
2393
3993
2392
5427
26310
8817
11217
4410
11633
7410
16270
7408
18294
4858
18293
4861
19365
17962
5617
15727
15726
14917
9774
9773
7388
7386
7490
11635
5425
13221
90
5616
11152
11154
4801
11158
27779
9645
9646
19026
1080
11300
16304
5608
4807
4808
8783
21449
5581
15042
4812
16306
93
11640
8815
5838
24147
16632
4847
1586
314
24571
6645
12285
15260
8838
27025
23065
5969
9132
12255
9227
9147
13875
16257
9146
19610
17855
18662
25094
22838
3385
5945
3378
5977
19712
18649
9205
25100
25083
20730
3206
5988
16400
20716
13869
1389
6259
15238
3212
1374
22820
5972
20583
1608
1393
16248
17871
1358
9185
3238
24892
6115
6111
20622
18617
1496
20620
22946
15316
12352
17898
9016
17919
1479
9024
22923
8931
16346
8928
15301
6159
8956
17911
13778
24972
6137
16311
3276
28432
8966
6133
1518
3281
8974
1537
13770
22968
6134
1425
1476
13812
16280
9085
27112
17884
3334
13733
17882
22884
1436
4074
5655
18416
3161
19453
3165
18419
25184
25186
16182
5638
11777
14987
16197
11768
13579
1198
5626
11765
5635
3187
15000
1239
5756
16146
5751
16149
5746
5735
16153
13520
13568
19484
3129
8900
5697
15011
8916
13552
22751
11815
13523
13496
14975
14973
19392
25288
1124
22589
13661
20779
5495
13669
14943
20781
20785
1110
20788
3248
20790
5481
20797
13686
5486
22661
19396
16233
22656
9058
5587
16213
14967
11741
11740
18438
5531
25231
2312
20768
13625
13630
1144
13636
22605
17539
20762
20671
20669
11876
6038
2958
8547
12020
20569
17677
18339
13354
1469
23003
27233
17669
11995
11992
2978
2981
2985
8601
19598
8614
16024
17687
20531
17710
20534
12055
20539
13292
8475
12048
6056
24823
2920
18323
19641
8504
13313
24850
19636
24854
8482
2989
8630
5931
5841
17628
5829
18381
16117
3068
8773
19515
8747
17616
27158
3080
5795
11891
1304
5787
1302
13487
8782
17631
13456
15064
5930
11965
13407
5920
13420
19557
8662
8663
3019
8677
27205
19554
5898
11943
8703
16091
8728
8734
19535
13688
17517
5445
11666
3459
13899
19204
13912
5066
5058
22195
16456
5095
11435
22186
5038
799
13934
22176
25658
29005
5011
5046
781
9626
11453
25551
9557
9562
873
28933
25556
22260
18545
837
9589
19222
19221
16423
22235
26845
13896
9611
26842
11468
17367
17365
11415
13969
11383
16507
13972
19156
725
9792
723
25698
3541
16513
16515
22104
14742
25714
14741
11370
9808
9796
13965
19163
741
25678
14768
14767
11412
11410
9723
22154
17358
20990
14764
9738
9742
4989
13958
13961
3524
745
9757
14757
19254
24809
3419
9533
13750
9304
25417
11606
5339
19320
9325
20861
5362
19319
9335
9339
11590
992
20870
22413
9355
22406
22429
9367
5367
5373
14916
22523
10876
5431
18480
14906
11648
9438
9528
9524
13245
2368
13255
12857
581
9514
1777
4595
2373
7447
4600
5380
18172
20209
4605
4607
4611
13257
17008
22042
15947
23201
22041
6532
12864
16990
14419
6526
1798
20184
10819
10820
3400
12070
23689
18165
560
7415
17444
13235
4575
24348
7421
2363
6504
12548
6477
17011
6456
9450
7495
21076
8037
17031
15489
9439
9435
17453
11330
643
17034
21070
649
24398
14473
24401
4697
4701
9414
18977
17274
10872
6462
22070
603
8052
8051
24788
13719
25863
20465
14740
18963
10803
17016
16294
9471
4648
4656
15480
21080
4660
24383
20223
12558
27662
20242
12868
20476
21879
23137
13160
21882
4404
17312
23139
12130
15905
7297
4422
4423
13172
13173
14371
26007
1862
4437
26001
18877
25999
15410
23146
23135
1878
10691
6646
7252
13131
23810
12466
417
19881
2697
8152
29296
2696
2694
14359
4369
18133
429
12904
2893
10707
15898
26035
7856
2907
7315
23735
17889
15438
18896
7362
512
1824
24306
25947
7369
4517
24312
21140
8090
10781
525
25934
1815
21981
10788
4547
15739
15434
10766
13210
24285
25990
21925
17429
16959
7324
1849
20153
15915
16376
11365
23756
23755
12493
29243
13809
18146
2322
6576
4484
27411
21156
18145
8029
13277
7525
12685
17961
22387
22388
19118
5220
11095
11256
12695
20910
20418
14595
7756
11107
7920
11111
19126
18282
17227
18000
18233
12684
2522
20334
19256
22337
5236
4929
1626
19731
17958
24537
4938
14681
24690
2596
4942
11069
18295
7937
24544
24685
15567
6247
27555
18290
23443
6209
1591
7768
7899
18260
25439
11235
7898
14631
11228
2551
912
23371
25506
7831
19681
28324
17203
12747
11220
23357
7847
20842
7853
20369
1565
25522
17184
7918
20350
28917
20356
28287
14608
17168
11252
17170
6201
1628
14612
5189
11247
22464
11156
17177
19701
21463
7062
1676
7046
15203
7041
1695
7016
1702
1708
20144
6971
15168
20120
6945
6911
20098
6896
20080
6867
7071
1656
7081
7090
11547
17332
11567
7245
7220
7217
7200
7188
7182
6849
7163
7147
11641
7125
7121
7116
15230
7101
1646
7097
7156
23602
20067
23935
19964
24103
19945
24138
24142
1996
24161
2001
19911
27896
24212
27887
24226
2062
6415
27851
6392
2093
6359
1956
19968
19969
24078
6825
17469
6815
6803
6799
6772
6770
6759
6747
23932
6723
6709
24025
1908
6684
6676
1919
6670
6665
1932
24008
6358
11542
11528
683
16829
694
16850
16858
16875
15882
16913
8409
8379
8367
8352
8349
8325
8303
10918
15696
8272
8269
16813
10568
15965
22319
16677
9290
10284
21205
10336
10364
10370
10402
10408
8261
10419
10433
10447
10454
10479
16782
10513
10541
10545
15977
10423
23581
8242
10951
7700
7698
11310
11319
7622
17216
7566
20386
7537
17241
17255
17263
15378
15369
15356
23504
20293
20283
23564
23267
20457
23253
11281
8224
8218
8212
10963
8203
17043
1053
8180
11000
10946
15637
17068
17075
15602
7960
20520
15534
15505
23233
11273
11013
21226
6353
6340
18706
18223
4203
26105
4192
4191
4188
18238
18678
4140
4136
14111
4119
14103
26167
4110
4108
4101
26178
26886
4230
26890
4232
14302
14301
14299
14269
18116
18124
14235
18820
18805
4098
14199
14189
4332
14179
4299
18734
4279
18727
4248
4246
18784
14320
4092
18628
18490
26659
26654
3753
26452
18484
3716
26488
3699
26624
3697
26616
3659
3648
3634
3623
3622
3603
3588
26666
13983
13988
26389
26218
4045
14065
3980
3964
3959
18308
26302
3928
4063
3917
3912
3896
3880
3869
3862
3850
18533
14002
3823
14019
2111
4713
4719
14698
2446
14682
12614
5569
12622
12636
12652
27462
17845
17846
2612
2615
288
21262
21271
19003
21278
21793
2832
2827
21304
6331
21780
16614
16618
19037
21320
2813
16631
19053
4726
4734
4744
16648
16651
16655
16569
16564
2173
344
9922
9913
2123
17769
129
2132
9872
9866
27758
17780
9851
14853
2857
150
21830
9830
9828
21822
21819
21236
16530
6293
16535
16537
146
21729
21727
14892
21444
2754
12181
21636
21455
21465
12185
21467
5285
12207
21497
12170
21607
5249
27609
21559
2722
19264
19267
9390
21576
340
2718
5180
12233
17755
3586
12161
19073
14893
4768
21360
4774
27312
19076
21718
4796
17930
4820
12168
4843
17951
21698
4883
4894
4901
21401
21411
21673
21669
280
12434
2787
17746
16551
14504
10079
13063
13069
13071
10073
13074
14487
12941
10082
10061
56
12926
14344
59
12916
13094
14538
78
54
12946
13059
10091
10164
10162
10158
10181
12996
10148
10195
10136
10221
24416
10227
10133
24475
13031
12956
10111
10110
13051
13056
9986
27385
5195
12802
3561
16055
24214
15925
25349
15893
20178
24213
11360
6529
8646
22215
22469
22471
22480
8305
8568
22111
22219
22110
8753
22481
22485
8299
22265
22463
8750
8326
8362
22209
22433
8359
8735
8355
22442
22214
22443
22450
8742
8340
22453
22266
8331
8743
8328
8569
8327
22462
22493
8756
22425
8250
8238
22542
8769
8220
8219
8584
8600
8586
8771
22560
22561
8588
8211
22096
22246
22245
8594
8209
8766
8252
8763
8253
22262
8757
22261
22255
22494
22497
22498
22502
22220
22109
8279
22508
22237
8273
22510
22511
22512
8762
22513
8254
8275
22275
22405
22283
22295
22171
22170
8681
8687
8491
22325
22326
8481
8534
8697
8699
8479
8478
8477
22151
22144
22334
8473
22172
22143
22179
8668
8526
8647
8525
8648
8653
8654
8519
8659
8514
8528
8513
8509
8507
8498
22201
8497
8495
8494
15663
6011
11183
19986
24259
24227
22004
12447
11459
16240
0
22621
8030
8032
8033
8026
8028
8019
22614
22630
8012
8011
22631
22637
22638
22642
7998
7997
7995
22623
22613
22608
22609
8182
8164
8161
8155
8151
8148
8139
8119
8113
8083
22578
22580
8070
8069
8068
22587
8056
8055
22597
22599
22600
22601
22602
22603
7992
22611
7990
22651
22650
22743
22747
22748
22754
22756
7862
22762
22768
22769
7850
7849
22730
22770
22787
22789
7827
7825
22792
7818
22802
22807
22808
7806
22814
22776
22719
7905
22716
8205
7980
7976
7975
22660
22665
22668
22678
22679
22680
22682
22683
7947
7946
7945
7944
7933
7931
22696
22698
7926
22705
22707
7911
7909
7987
8206
22383
7798
21920
21921
21922
21929
21930
21931
21944
21953
21954
21957
21958
21916
21962
8726
8725
21964
21965
21967
8719
21972
21976
21982
21983
21998
8727
8778
8779
8784
8853
21853
21854
8848
8846
21857
21862
8831
21877
21880
8819
8818
21881
21884
8813
21887
21888
21889
21894
21895
8801
21896
8792
8789
8788
8670
22393
22023
22038
22207
8464
8450
8440
8439
22240
22241
8431
8426
8422
8414
22197
8402
8392
22280
22290
22292
22335
22340
22348
22363
22367
22376
22378
8400
8492
8538
22139
8639
8636
8635
8633
22049
22052
22062
22063
22065
22071
22073
22077
22080
22081
22083
22085
22088
22093
22130
22134
22135
8545
22136
8542
22138
22037
7797
7795
21850
23241
7292
23248
23249
23250
7284
7282
23258
23260
7269
7266
7305
7265
7261
23278
23279
23280
7248
23286
23293
23300
23305
23306
23315
7263
23225
7316
7320
7422
7420
7418
23141
7406
7395
7394
23153
23154
23159
23161
7381
23164
23185
23187
7350
7346
23198
23200
23202
7331
7329
23215
23216
23219
7212
23316
7209
7203
7108
7106
7105
7103
23410
23411
12432
3616
6917
26420
3613
13057
13058
6918
3609
3608
3607
3606
13062
10608
6922
6923
13055
23523
13054
26412
20214
26395
10619
6905
10618
23535
23534
18201
6909
18198
13046
26408
13048
18195
26411
10611
23539
18182
18179
6934
26460
6935
23513
3566
3565
13087
3563
3562
13088
23512
26466
26467
26468
26469
26458
10606
13083
13081
10605
26436
18176
26439
26440
26441
26442
26443
26444
26445
26447
26448
18174
18173
20226
18168
20213
20212
3645
18256
23574
18254
12975
12976
12977
12978
12979
23572
12982
26334
12983
23571
23567
12989
3721
3701
6863
20188
3748
6847
12952
3745
26301
6848
10661
3741
26304
26306
10659
12961
12964
12965
10652
20189
23566
23565
18244
26374
26375
26376
3661
3660
13020
18218
23544
13027
18213
3650
18212
13030
20211
26390
18221
3669
26369
18227
3695
18241
10640
12998
12999
6878
13003
10598
10637
10636
26359
6883
23556
18230
6886
3675
26357
13091
13092
20230
18083
18082
26588
23461
18080
18079
6999
13193
13194
13196
13197
3412
23457
26602
26603
3426
26604
3427
23463
18102
23474
6984
23473
23470
18095
18092
26576
26577
23467
23466
3433
23464
18087
18086
23462
26605
3404
3403
7028
18045
7029
3365
7030
18042
7031
18040
3360
18038
18037
3355
7034
3353
23432
23435
23436
26636
3372
20270
18069
26610
10551
20271
23447
26617
18103
26621
7019
7020
13219
18054
26631
7024
13226
10542
3749
26563
6982
26496
13112
13114
13115
13116
13117
18144
3516
10587
26508
13123
13124
3511
18139
3507
13111
18137
26494
26493
18161
3549
18159
26478
26479
13099
23506
6944
18154
23505
18151
18150
18148
18147
13110
3530
10584
3504
26516
3478
18121
13151
20254
6975
3465
6976
10566
20257
26554
6981
26557
18105
26559
26560
18123
18125
13140
3484
26517
26518
26519
10582
6958
13133
3494
13165
5591
19594
29628
29321
11550
5882
11297
24381
15758
5588
24388
29322
11313
24654
19846
19612
15561
15562
24389
5440
11687
15757
17762
5881
767
19847
10205
9309
17229
15037
11295
11314
24655
14316
11968
4708
4663
18959
12004
4664
18932
18933
4706
25392
25386
25426
25414
25394
18958
18953
11997
11996
25422
18952
4695
4693
18936
11980
11990
25413
4679
18935
18911
18928
18891
18890
4604
25489
4599
4596
18892
18881
4590
4587
25498
25499
12065
25501
4591
18893
18894
4616
18927
18918
12018
18917
18916
25449
25450
4638
12026
25457
18908
25462
12032
12035
12042
12005
11964
25702
11962
4834
19034
11879
25291
19030
11885
19028
19027
11893
19021
11895
19020
19019
19018
25310
4835
19042
25279
19046
25238
25239
11835
25246
19070
11842
25251
25311
19066
4862
19061
11851
4857
11852
19056
4848
19063
25312
11899
25314
4761
25345
25347
25350
4750
4749
4746
25343
4745
4582
18982
18981
25371
11952
25374
4725
11937
11963
18997
4766
4799
11900
4791
4790
11907
4786
4785
11925
4784
19008
11912
11920
11921
4769
18998
4767
19009
18985
25517
4576
12219
25675
18745
25679
18741
18739
18738
12231
25689
12237
4349
18728
4346
21747
25703
12218
18746
12213
4380
18773
25637
4413
12189
18770
25646
25647
4340
18764
4397
4396
18758
12204
12208
25662
25663
4400
4416
4339
18720
12287
25753
25754
4273
25766
25767
25768
4269
4267
25770
18673
25775
25777
12307
4255
12282
25745
25744
4297
18719
12249
18718
18714
4326
25716
18711
18721
25719
4318
12261
25724
12263
12264
18694
18693
12260
4417
25634
25629
18858
12090
4541
18855
12095
12096
18849
4524
25546
18841
12110
4518
12111
12114
4512
4544
4545
12088
12085
18871
4574
12074
4569
4568
12075
4564
18837
4563
19077
12082
4555
4554
12083
4551
4550
25516
25557
18835
11345
19953
6146
19957
6120
24585
24583
11344
15746
15747
16796
24785
6119
23006
19958
27486
25853
19952
26903
3034
3041
3042
6715
26906
26907
26891
17714
17715
26908
6711
10165
17723
17724
17725
10166
17728
17729
17730
10168
26897
17703
6727
20378
10128
6754
10131
10140
17685
26937
26936
6738
6737
26933
26932
26931
6735
3011
6734
6733
6732
17693
3016
10147
17696
26921
20379
17732
6726
26916
26915
17702
10170
18636
10174
17772
10202
10203
20326
20322
20321
20320
3142
3143
26805
26804
17797
17771
26800
10228
3160
17803
26793
17804
20309
20308
26789
10233
10234
23599
20304
26798
20336
26832
3119
10127
20358
10176
10177
20357
26864
3081
3083
6690
17748
17749
26858
26854
3093
3094
20349
26851
26849
26848
17757
20346
3104
17760
3107
3114
17767
26833
6702
17664
17658
17661
17557
17564
27085
6846
6845
2840
2841
10058
10059
23421
23422
13330
27074
17556
17576
6834
13322
13321
6831
23428
13318
13317
20452
6827
20451
2865
2866
17587
20456
27055
20468
27100
27134
10027
23384
20488
23386
13376
2784
2785
27125
2788
2789
23390
27121
17551
27120
13369
23392
2799
20479
20478
20477
27107
23403
2812
2815
2816
17550
2818
13370
17663
27054
13310
27010
27009
20426
17623
20419
6786
2940
2941
26993
10107
6780
2948
2949
20427
20412
26987
6777
6776
6775
20409
26981
13243
13242
10114
17652
26970
10120
10121
20411
17588
2923
13272
13309
2874
2875
13306
2878
13305
13304
20448
2882
17595
2888
2889
2891
17619
10076
13294
27035
13293
6813
6812
17606
2904
2905
2906
6809
6807
2918
13273
20442
3174
23608
17814
23768
12843
26527
26526
26525
6450
6449
6448
6447
12836
6446
12834
12833
12832
10385
23776
12824
12823
12822
12821
23780
23781
23782
23787
6424
12805
23793
23767
20173
23766
23753
23727
10349
15401
15416
24454
15691
5684
11458
19650
11127
19642
11130
19895
5674
6103
24205
24204
20880
15152
860
29279
27628
24712
15417
16018
13446
15084
11126
14806
6533
23976
18809
9897
9946
9896
9947
9948
9949
9950
9952
9929
17424
9955
17497
17421
17414
2709
17498
9956
6625
27164
9953
17433
9945
2765
9928
9927
2767
17458
9930
9959
17471
27163
17448
17439
17438
17472
9934
9935
17475
17476
9904
2774
17470
6608
9960
6550
6535
6528
23618
23619
23620
23645
23647
23652
23681
23682
20296
20292
23695
23702
23703
23705
23711
23719
23732
6403
6399
6398
10021
17504
10020
6557
9965
9966
6611
6609
17411
6607
17524
9983
9984
9988
9989
9990
6585
9992
9993
10000
10001
10004
6564
6563
10012
10013
10015
6556
9879
15502
2698
13430
13429
27320
27319
9787
17298
27315
27314
2567
9789
27310
17302
27307
13418
23364
23365
9794
9797
20554
2586
27294
23374
23375
13437
9778
17286
23345
20611
13491
20602
13485
13484
27379
20597
9747
27375
9752
23326
20549
17262
27358
20582
2526
27351
17271
2531
27345
9771
9772
23342
17280
23327
9878
20547
20545
17362
9846
9847
27231
20508
20501
2668
17380
9863
2676
9864
17385
17386
17387
27210
17388
23765
2684
2687
17395
9871
17399
17401
20512
9842
2649
9841
27285
20544
17325
2601
2603
13395
13394
13393
27276
27275
20530
20546
9825
27254
2635
2636
17351
20518
27247
2641
20516
2643
17356
20513
27258
6356
23795
12944
12757
17941
20113
10302
23916
17949
20108
3306
17953
17954
20105
23922
23923
20102
10314
10316
17964
17965
3321
3322
3323
10317
10323
12758
20114
6207
3290
6232
23886
3259
10279
20131
10281
17918
3266
20127
12780
12779
10324
20126
17926
20123
20122
20121
12770
12767
10295
20118
6211
20116
3289
10287
20095
17975
20094
6153
6152
23958
25157
5438
23043
27959
23044
23045
10686
1842
23040
1843
10681
13847
3883
3881
5448
1854
13839
10682
16742
27964
5437
1809
1811
1812
16709
3897
9269
20916
23039
13870
20914
5433
27972
5434
16718
1825
16719
20915
1858
18413
16747
1887
16760
3867
1890
13814
23075
23076
9307
3866
16766
10670
9313
20878
16772
9315
13801
16765
9306
16756
20885
27935
27934
9297
9298
27931
18410
9302
13826
1873
13825
13824
27923
27922
27921
27920
13823
18409
3899
16706
18436
1805
5411
13937
28046
18458
1737
19590
24580
1732
1741
16657
1744
22984
1746
13929
22985
22986
25964
13939
9225
13941
7113
16637
16638
7112
20960
28063
18462
9219
16643
1720
9221
20957
20956
22975
19589
13942
28052
16661
13800
22987
22989
25981
1788
1790
27996
25985
13888
1794
9253
1795
7057
7056
25986
20923
20921
9263
9264
23019
20931
7070
7072
28031
13921
10703
13917
3920
22995
22996
28021
3919
18450
23000
5420
9242
13907
9243
10701
25974
25965
1906
10667
10665
13675
13674
13673
19674
13671
3778
26098
27755
2069
20777
24479
19679
27740
27739
20773
16898
2070
13676
13677
26093
27784
13698
27781
26077
26078
27777
26080
19666
26083
26084
20795
19667
16877
3785
27762
27761
26092
27734
16863
27730
2086
16925
27702
2117
9452
2122
9456
2124
9449
2125
16932
13622
24460
9458
9460
20744
9464
16931
5535
2108
2107
2087
27728
16902
24471
20765
18325
16908
3763
16910
3762
18324
19687
27715
12133
26114
16917
5534
13654
28069
13702
26073
16802
20852
6962
20851
6960
16807
27854
1942
1950
1953
13760
13759
13758
13755
18380
3836
1952
27862
13769
5477
27889
13793
24530
24529
20866
9328
13785
13784
20865
9330
9331
20862
27872
20859
20858
26036
5476
3835
27788
18378
24516
19655
2002
2003
2004
9381
9382
2009
9379
27801
9573
6347
9641
2397
9642
2399
17158
17159
27419
2402
2404
2405
17161
17162
27407
27406
2411
2403
2417
17151
6352
9631
17138
17139
9633
2375
2376
2377
6351
2378
9634
9635
2382
6355
2384
9636
17148
17142
27435
9650
6329
9717
6264
6263
6257
6256
6254
6252
6270
23796
6170
23802
23804
23811
23812
23813
23814
23797
9656
6272
9709
9662
9670
9674
17195
9678
9679
6304
9710
17205
9684
9690
9691
9699
6284
17228
9704
17207
23822
27436
2360
17027
17028
27559
27558
9543
17039
2240
27563
17045
17049
17052
17058
17061
2262
2263
27523
17048
2265
27564
2217
9530
9531
17018
17019
27573
2205
2206
27565
2207
27572
2210
9534
17021
2213
9535
9536
2208
9630
9567
27515
17108
17109
27466
17112
17114
27454
27453
2318
27452
17126
2354
2355
27444
2357
2358
2359
17123
2267
9598
27484
27514
17070
27511
27510
2280
2281
2283
2316
2284
17074
2296
2297
27497
27496
17084
17090
2285
23832
23835
6100
20008
20005
5813
5811
5810
5805
5804
24129
19985
12616
24156
24157
5780
19976
5778
19972
19984
5770
12651
20013
12689
20041
20040
20033
12678
12677
12674
5824
12669
12665
20022
20021
20020
20019
20018
20014
20023
12694
24176
5760
26759
26758
26757
12554
12553
24203
19947
24202
19946
12546
12545
26745
26744
5721
26735
26734
5730
5761
12556
24201
12586
12584
19960
19959
24183
24184
12577
12557
12575
5750
5749
24191
24192
24194
24195
5741
24188
20046
20047
20048
6025
6024
6023
6022
23941
23942
23946
6027
23947
20156
20155
5992
23969
23972
23975
20142
20164
20141
6028
12872
6099
23869
23872
12935
12934
23883
6079
12871
12928
12894
12893
12892
12891
12890
12877
12876
6067
20134
23985
23992
24059
5885
5884
20065
20064
20060
20059
24058
20058
24077
12711
20057
12703
5866
24087
2181
22913
22912
22911
21200
22909
21201
16177
21204
18286
28428
28429
14036
1320
1318
26174
14039
21213
26173
21215
1312
21216
1310
22891
1340
22914
19421
22917
22943
16218
16217
21176
24840
24841
22936
16209
28385
4977
16206
1307
16205
22930
28392
21186
26194
16199
28397
24848
10579
14012
21196
21197
4975
22944
22890
16156
18303
18304
28477
22864
22863
18305
4939
28484
11830
11829
26137
21256
21258
4927
28502
28503
4926
28505
14104
14105
28509
28510
28512
1268
1270
28472
22869
28445
16155
4952
4951
24868
1294
4948
26161
26160
16145
1288
26169
19406
26158
16142
28460
16141
16140
4946
22874
16137
22873
28467
22870
1286
13979
13977
4990
10512
21082
24783
19481
16330
16329
21087
10518
16326
16325
16324
10519
16322
16321
16320
16319
26280
26279
10521
16314
10522
26276
26275
10511
1513
26293
28245
24764
21053
21054
8872
8871
21061
21062
21063
28224
21064
28226
26269
21065
28229
28230
21068
16352
21069
16350
16348
5054
5052
16342
28244
10504
19473
21105
21106
26236
16263
16262
26235
19455
26229
1418
16252
16251
19449
26224
1431
26223
28345
21160
22961
1402
4997
16236
16234
4994
22955
22954
4991
22967
28513
1432
26239
1470
21109
21110
26263
26262
10533
26260
21116
26259
24802
5023
26238
16285
21123
1451
28309
28310
26248
26247
26245
21133
26244
26243
26242
1454
4920
21272
19378
1002
21400
11695
998
11692
10714
21413
986
21414
25002
21418
28735
28736
11679
11677
11676
21425
21426
21427
10728
10729
25012
28752
1003
21399
19293
11697
21367
21368
11716
1039
24981
24982
1031
11704
11703
24988
21390
28753
21391
1018
21393
21394
1015
15940
15939
21395
28708
7184
7185
15934
21392
28754
21435
21436
3817
14360
3820
14365
14366
14368
14369
18473
15861
11645
11644
28789
14375
14377
19260
15855
21473
14384
14385
15086
11720
12495
24408
24407
12498
12499
14227
21452
14229
24399
12508
19270
19269
12510
28767
11721
20615
21443
20616
12477
25067
20632
12481
20628
24415
24414
19913
14206
12491
15881
15880
14212
12494
21440
21441
12490
25113
19917
19257
11660
18356
24363
11656
18363
21519
15792
11661
883
28829
24351
15783
18372
15779
7122
7123
882
20637
18355
24366
1987
19918
933
15835
1992
19923
19247
24365
24379
15825
21495
15816
19933
15813
24367
21503
15826
867
12476
25057
19858
20675
1083
12443
12444
14122
14123
1076
19863
9215
19349
19348
19347
19346
9216
5355
5354
19856
20683
21334
9191
15987
15986
19375
19374
15983
11795
1105
1103
19851
5345
5346
5349
28618
5350
15982
25020
25021
11791
25037
19875
19876
20653
11767
11766
27813
24438
27812
14173
19316
24426
25054
19314
22825
25056
20649
19887
19873
14153
11790
27830
28653
28654
28655
28656
25025
14154
14141
14143
11782
28664
28666
5370
14151
14152
25026
1116
864
28850
14464
10794
10795
11530
11529
24271
24270
10805
24268
18483
4506
10808
10809
10811
15621
14463
24281
24283
24284
11551
24292
21630
14440
14441
21631
21632
21677
21633
28979
24288
28982
10784
21641
21642
21644
21635
15617
15616
11509
15598
19108
19107
29052
19106
21699
27614
29046
27612
19101
11487
14527
19100
11485
11484
5557
11489
11552
29045
21691
11508
14497
15612
27621
4497
14501
11505
27618
11504
667
18494
14506
664
18495
661
21690
21685
7129
739
14434
4581
28890
19181
24315
19178
19177
24314
19173
804
15721
11592
11591
19167
19166
10754
10735
15735
21562
24320
28852
14331
14332
14338
14339
28865
15754
10755
15753
15751
15750
834
15749
24321
27682
15741
11618
10756
26054
8941
11568
28943
28944
21613
19154
28950
19153
11569
27656
19150
21621
25232
9391
19146
14432
15671
25228
19145
28940
14905
29597
24923
24922
10328
15998
15999
16002
28569
28568
1132
1133
1136
7497
1142
17902
17901
16028
16029
16030
23127
23128
17883
1169
19542
19503
17903
24930
24931
10469
10468
10464
3241
3240
10413
18014
3219
18013
18005
18004
10404
17990
17989
3189
21321
21314
21313
10363
10362
9510
10341
28598
19501
10484
28531
17874
17841
17840
17839
17838
17837
17831
17830
4902
10248
26685
19583
10246
10244
10243
26711
26719
26721
26722
26730
26731
24750
24749
12172
16089
19573
19572
19571
16047
16048
16049
1182
16050
19552
1195
19561
10273
10272
16067
17875
16068
1204
16070
1206
19562
19564
1210
10268
10267
16076
16077
26660
16069
10486
10495
12173
10866
10864
10863
10860
21848
21847
10859
29178
10845
10844
527
21820
15431
537
539
545
15442
547
15443
11474
11475
15448
15449
10867
564
29192
10870
441
442
443
4245
14593
14592
15362
11398
4250
10891
14578
14577
465
14576
467
470
10882
10881
11414
475
29201
483
10871
29193
565
21792
21791
14393
14392
11571
11572
15564
15565
11581
15571
15572
15575
15576
4450
4453
4464
4466
21602
21599
21598
21591
15699
3351
10497
10496
21712
21713
14412
14413
21790
572
21789
575
29107
598
21764
29089
21763
15492
607
10494
608
21757
618
619
622
21748
626
15509
21736
10758
19093
21726
612
12174
12175
24730
16548
5282
5283
16558
16559
5292
16572
16573
5301
20733
16578
5303
20728
20721
20720
20717
9101
5317
5318
5324
5326
9113
5328
5277
20700
5276
5270
28079
12413
8988
8989
12414
16474
20814
20812
9006
1671
1672
5256
1685
16519
1687
16520
9036
9037
16528
16529
16532
16533
5268
16545
28080
20699
20698
5619
5620
27605
24003
24004
27590
27587
27582
24020
24021
16971
16972
5668
5669
24031
16983
24037
24038
16991
17005
17006
17013
14911
16398
16397
16388
16387
16374
16373
28135
20832
28175
28176
13512
13513
13517
13533
13535
13540
13541
13545
13547
13556
13557
13569
13570
20978
20979
20981
13601
28089
13604
8973
9120
5138
5158
5166
5167
5188
20084
20085
24299
24253
24252
24242
24239
24225
24216
12793
12794
5562
5563
9172
16635
16634
9171
16617
16615
9131
9130
9123
1621
13605
20995
20996
15207
7763
15194
15189
15188
15185
14624
14625
14626
14628
29367
14636
14638
14639
15147
15146
15145
15144
14660
14661
29396
29397
14664
14665
14668
14669
15130
15208
15216
7782
29308
21039
21044
21045
21046
15323
15321
15314
15306
15305
15299
15298
15295
15294
24588
29237
29246
29247
29263
15250
15249
7790
15232
15231
7789
15227
15226
15224
15223
29238
24589
5100
5099
3945
3947
3948
11239
11241
11242
18514
18513
10997
10989
10987
10986
3979
10976
10975
10974
3994
3995
11284
11285
18781
18782
18790
18791
10944
10943
11317
11222
11221
3943
11210
25830
11125
18622
18621
18657
18658
11135
11136
3815
3814
18608
18607
18594
4033
18593
11064
11061
11060
25893
25894
18574
18573
25914
25915
18554
18553
18549
18548
11065
15129
11325
10915
24629
12350
24628
19810
12355
12356
12360
12361
12362
12363
12364
5070
5071
12375
5075
24612
12380
12381
12384
12385
5081
19828
19829
24603
24602
5097
5098
19809
19805
19801
24647
18829
11356
11357
25606
25604
25584
25583
4141
4142
4182
4183
4201
19699
18812
19705
19708
19709
24716
24715
19763
19764
24669
24668
24662
24661
24657
12326
12327
19706
15128
11108
7535
138
207
7429
7539
7538
14826
7477
132
7428
209
14721
89
14720
14823
14822
14819
14998
14999
14813
75
7590
108
7591
114
7534
88
135
72
15060
29578
15059
29577
172
29587
7563
7562
180
145
15056
29494
15055
29473
14912
7434
14830
7517
7518
7686
7687
7688
7689
15119
15118
15080
15079
14923
14922
14798
14799
14831
4
