393
89
1439
1308
1337
1211
1286
692
559
225
916
65
1290
483
1172
668
1151
1491
624
1081
6
1275
1354
601
1215
588
309
91
263
340
912
1412
1417
862
1472
165
66
394
303
447
790
1297
104
141
1311
434
1154
1213
51
1291
332
10
1445
1152
166
170
351
1002
655
18
541
493
629
516
163
379
710
1150
1008
563
144
1198
628
207
575
408
1355
796
1098
947
151
1035
645
38
295
712
1475
1403
274
966
261
179
613
313
107
789
750
494
1145
1288
1343
1316
25
719
595
87
398
864
34
405
1194
854
409
650
1022
540
1399
785
122
1177
1366
1370
786
172
251
1207
209
626
339
967
302
1302
294
672
621
664
1120
1356
285
1016
355
496
486
1251
19
442
987
362
227
272
1088
401
632
365
573
109
1162
1483
1094
1435
666
926
1427
836
1398
552
1087
443
190
1054
1235
1181
1463
1060
780
1061
978
603
1192
354
676
60
220
292
324
1454
159
235
210
177
1143
600
317
1465
605
98
282
1189
1306
353
358
475
838
85
1277
1102
805
767
956
1490
831
856
1260
399
1386
868
776
869
156
1140
26
153
465
477
1040
275
484
641
529
834
894
1124
112
687
110
688
213
1434
698
216
674
1170
278
1230
178
909
95
212
437
1449
1400
425
738
413
686
1197
625
1077
43
270
53
1314
1141
283
287
522
1157
1347
314
336
1233
54
653
884
258
1258
1117
574
31
679
333
1011
1253
684
1239
485
1201
622
1474
1100
1020
1329
231
1104
128
238
384
330
158
572
949
612
507
771
180
277
549
1423
888
221
835
450
101
1261
772
1056
577
609
16
322
1410
315
229
580
217
1453
1497
1293
421
37
1155
446
444
440
1135
1137
431
430
427
1146
1147
420
416
824
410
402
1161
1048
908
397
623
1362
167
168
534
1166
914
173
915
175
1376
531
1350
1036
1179
1346
1344
536
1184
1340
665
925
1336
192
1186
1281
773
547
546
960
245
782
255
951
1249
725
934
1401
1018
870
1496
689
145
146
1377
893
152
1371
899
901
1038
1037
346
344
526
1476
1468
882
1175
1387
131
138
139
1379
143
662
646
1390
1208
1209
1247
766
1464
929
488
284
867
1396
873
874
487
126
1205
649
648
865
200
1461
466
1225
1455
788
756
1240
474
300
942
1441
545
1317
1424
1425
197
845
1059
841
459
1064
456
454
832
451
825
814
58
863
106
579
734
307
1021
30
728
724
950
1015
793
40
42
56
730
381
