1437
1429
2645
606
357
801
2406
76
358
800
75
2513
363
929
119
872
366
98
661
28
663
519
698
873
91
960
604
819
961
581
826
302
1744
855
369
127
799
821
933
840
287
628
89
359
85
154
283
878
25
11
280
78
820
342
108
827
112
2151
914
842
925
915
704
13
68
88
114
380
90
822
1047
374
932
852
17
531
582
699
44
365
96
34
590
2148
267
2111
643
1199
825
544
161
20
564
7
99
2230
168
427
2224
829
1791
971
361
803
882
871
95
901
167
1006
296
1077
830
708
284
2974
87
3731
1444
832
37
899
579
1222
2628
253
43
172
121
309
393
1223
2147
51
939
1010
681
130
1382
236
885
1841
700
641
371
53
1562
978
2223
3770
1837
286
1232
1205
1200
1777
2231
2413
152
687
1039
1300
274
659
1035
295
927
292
290
282
1028
847
2273
3365
2821
575
170
242
3231
1551
364
1836
3049
1769
902
257
1162
2233
370
607
2124
1206
1747
1399
3029
3083
2228
2119
2225
3358
562
3665
39
2165
2851
288
77
808
101
148
2769
4
809
362
884
2018
1032
2103
635
2731
1761
390
1704
3121
857
431
924
860
875
3735
351
508
2234
3421
134
694
765
854
22
3432
3232
1715
1708
906
1805
2663
80
293
126
2830
31
550
1009
213
831
2
3273
1591
1202
674
122
470
285
1789
373
2146
583
343
272
385
4072
988
563
868
523
1278
2025
828
1016
2479
1403
1273
368
768
994
1667
1062
823
55
304
586
86
1015
1303
2078
175
1455
107
3024
608
376
0
375
207
567
1612
686
220
2636
738
947
2948
2248
2734
4107
814
2338
30
1736
689
129
1228
949
1372
276
2916
2738
301
258
103
964
27
2426
841
839
82
32
1092
33
2632
40
835
811
2096
614
2117
2002
671
1893
648
9
1466
337
2027
2064
795
15
297
1053
2026
1823
1699
2266
113
573
918
1216
910
181
517
2766
281
2602
388
169
16
833
946
2106
1
986
937
762
856
503
50
26
948
383
92
93
893
984
892
998
706
198
1453
2172
896
2081
1484
1027
124
1011
155
680
3
2095
395
1393
47
57
1475
84
391
905
1067
909
1320
392
151
165
930
2122
62
230
81
838
1033
2952
191
1068
163
1149
67
2070
2069
887
408
2399
1785
367
1485
2504
631
451
422
714
8
955
104
911
384
316
340
1003
52
372
1995
1317
702
666
231
888
2820
2269
377
999
19
300
308
667
1017
271
3466
3728
12
199
117
171
2335
1707
1420
435
3431
173
262
2778
235
2902
3888
3412
509
1000
804
266
545
306
1508
1377
18
494
2128
3531
851
513
145
876
877
2192
912
2227
2133
1592
3018
654
3577
2618
1251
1991
1844
3895
2932
3068
436
1706
3303
3676
3574
3150
1461
2180
2105
1994
1985
3019
684
1780
1450
2940
904
907
824
1040
1186
3089
1082
3762
898
3104
3347
3290
249
2740
920
886
3010
609
724
566
997
908
3678
2509
2423
1835
664
2456
1784
1627
2455
3028
560
679
620
2741
883
623
2633
2923
2387
1724
2748
861
2743
3631
3630
535
1939
870
957
2749
1050
381
2770
959
72
2532
1486
180
73
705
1968
3901
3740
3507
1462
3973
646
1386
1659
963
592
1452
1373
1814
903
278
548
458
2194
2537
106
2239
1735
1285
4123
1964
2626
1221
1071
3670
131
788
1480
865
1072
2627
2100
2510
153
109
192
1359
1932
2407
3242
3540
2767
1019
950
1998
1695
1474
1160
1681
318
1367
2933
4112
862
1864
4019
2145
1419
1987
2782
2274
3909
805
2651
166
3279
2800
478
1923
3455
2179
2123
3384
58
1809
1590
3292
1605
1770
3144
2082
289
953
1307
111
2833
312
174
2226
1782
2991
125
222
2951
1404
1775
3247
2631
867
2337
2924
35
985
2402
1045
678
335
1342
720
2053
2430
279
2132
1740
3407
1381
1664
3115
299
2878
3669
1618
3529
490
4069
2816
3243
1834
4082
1150
419
520
3556
2229
1235
3041
3850
387
2976
802
2804
128
3274
1768
577
3316
2363
1431
3623
3725
3395
958
3398
3726
1974
1748
3721
3109
2432
2431
1977
3102
514
737
277
3393
1284
3646
619
4064
3666
1456
3984
3514
1412
4010
1483
2827
637
4075
4076
3761
2935
2507
2682
3261
3241
1505
1614
897
1204
3628
2687
3999
3058
3057
3309
120
1830
3413
627
456
2653
983
4001
2351
638
2073
2697
1369
3118
4083
2028
4029
1927
2024
2222
3105
1057
874
2009
2879
900
63
3253
3744
672
3096
1479
1383
4095
3834
1489
1561
2120
4056
570
74
1762
143
488
1482
3837
144
1857
2065
2641
3966
962
2919
1319
3521
1495
3515
3788
3808
2803
584
149
3663
1445
160
2420
709
1207
1415
952
2779
254
1621
48
2807
1801
142
1803
1059
1061
4050
1811
2823
2848
2166
2758
218
3896
617
3894
613
3572
2232
2609
3898
3084
2599
3826
879
1722
775
3081
3079
1700
4129
14
2453
1727
3456
3810
3823
2736
3023
3021
3550
1743
662
691
3565
690
665
1741
2624
1737
1732
1723
2630
685
3546
657
1751
3575
3614
1781
1776
3605
621
3601
3929
2000
3464
845
1922
1924
3840
3579
3842
2771
3845
3576
2404
2403
1933
3852
2400
3573
3855
1937
1938
1385
3860
2396
1941
1703
2911
2898
2774
2894
2393
2780
1416
1414
3248
3246
3806
2435
2777
3244
1008
3167
2638
2612
2607
2601
603
2600
598
596
591
589
588
1709
2588
1712
3620
3621
3625
3626
3632
3635
3637
2575
2571
3647
3659
541
539
2552
2551
2640
2642
2643
2659
2752
777
3438
771
3445
2737
3452
4149
4151
3530
987
2934
1316
3914
3915
1312
2762
3905
2942
3927
1955
250
2949
2950
1507
1012
3938
1013
2760
1324
2353
981
527
3259
2783
2379
2781
1907
2376
2375
241
1335
3411
965
2369
3884
298
786
3778
3720
4028
693
2247
2012
465
1224
1024
2252
2998
4018
2016
2997
1516
305
2258
4012
2790
1999
2992
2261
1996
1513
2263
1517
1993
3722
4033
115
116
3401
970
1201
1049
3315
447
1638
4049
3403
1584
1106
2968
3705
3980
193
473
2959
3970
1460
938
3983
2296
2299
3957
719
3462
1264
3724
224
3727
228
2297
3986
3987
2275
3036
1527
2698
4060
4057
3025
118
3196
4037
3008
3677
1212
2732
496
3697
1965
1569
415
3752
916
917
2270
182
3745
2499
429
3743
3996
3286
1169
1151
97
2686
1625
2171
2170
79
4091
70
1126
2155
3037
2052
889
1407
2838
1788
2871
2832
2875
2876
818
3824
3416
751
2813
3457
4114
1279
3329
54
3786
3087
1118
4132
3099
3811
3101
3790
1111
4118
4117
3800
237
2135
3328
4116
934
3015
3554
71
2939
969
1880
3910
2791
973
975
976
977
974
