2836
1228
559
15
796
2930
1259
2841
2680
275
357
1323
1772
908
381
2713
2856
1929
1472
961
860
1677
2394
1184
3165
1926
384
3121
2788
1961
2071
2524
2621
144
1089
1320
3304
548
157
2251
62
147
156
1914
2960
1660
1978
2060
2288
2626
1699
2215
2373
1538
1717
1651
2969
25
1495
165
2168
1799
1049
3203
1514
2691
499
686
1357
261
1685
166
603
3029
3258
203
348
3002
1979
9
256
880
2094
2414
1497
47
560
1425
321
1585
3068
2166
1579
2057
2654
404
1606
2201
2488
1003
2523
328
1848
1074
588
136
1232
90
1814
2211
339
3293
2558
3249
2038
1655
2495
1326
3277
2622
2845
2538
217
2040
752
1976
2133
1085
1319
869
117
1715
960
592
1058
573
2250
1838
680
2034
3239
2859
3050
646
1235
2951
260
1918
418
3107
1909
2459
2081
597
3065
2665
3310
711
464
3116
2633
3067
79
2111
3004
2746
2740
2764
2292
1831
1634
1880
2886
999
2789
1527
3228
2440
2233
562
1526
1899
3164
1688
2585
739
927
1993
1721
2490
2506
2950
2261
821
1130
2530
195
1295
353
137
1939
1642
2391
2315
2507
2494
152
1524
2926
3139
3176
1029
1252
2526
1376
2756
150
1475
32
3086
893
2372
2637
2569
868
282
3117
1225
1713
1792
1877
1817
1621
919
976
660
2387
2677
179
1613
1847
1493
277
2225
798
2918
963
1416
323
3196
2130
1111
2604
2893
2487
1794
968
2644
771
1042
2296
2721
75
729
46
435
1570
2105
2398
3079
1028
483
30
2760
2416
1199
196
2780
1739
1845
2778
2063
2631
1202
3171
1844
1582
2791
3034
173
1240
2669
2809
3331
1551
2694
1285
3019
3099
2118
641
576
2790
197
2446
2413
2770
1913
2786
924
3204
2533
1625
250
3049
1645
3328
1387
2553
891
3177
3300
297
2401
1197
532
2520
3062
2839
2878
3336
2131
2376
2664
2355
2595
130
1983
427
2409
2598
2006
1292
1756
3074
114
861
45
371
1215
2174
1131
1490
2818
1807
1377
3080
3054
2940
2318
3025
2234
3013
3326
2796
1858
2985
1683
2348
2891
2889
1653
1676
906
1146
1902
3358
1190
1872
2574
1358
190
2207
1545
682
1943
581
903
272
623
3270
3232
881
538
1337
525
2089
551
834
2625
2832
966
2028
2627
2182
2427
877
2980
2973
3313
96
870
106
940
1335
627
2326
283
287
2151
2412
3059
831
2317
1334
1034
2359
2823
2011
2090
2570
370
756
372
2875
2379
2003
895
1017
2697
776
1509
582
120
563
975
3046
2938
1754
1455
941
2467
2466
698
696
3095
1409
2432
1391
362
1901
3191
211
2816
315
1548
176
500
345
826
1135
3305
3096
364
3257
2294
2273
2582
398
1245
447
2638
997
164
2145
346
2529
419
3151
415
414
412
411
1842
2978
2683
2154
725
727
2964
730
733
303
2963
735
1690
2957
744
1684
746
750
3200
2954
2428
2429
1680
2949
759
760
286
761
1977
1692
3009
722
678
335
2991
3237
3241
3354
793
664
1777
1665
1107
429
1696
1674
423
421
2719
2383
434
2801
1701
2371
1718
402
1094
2725
1726
396
1730
393
390
389
3143
3146
2720
437
126
3345
347
689
969
3168
2241
340
2239
332
1079
3173
2115
320
1571
2634
1562
1206
1086
705
2437
2704
2703
322
326
688
1226
1835
1601
2260
2259
2972
2615
2690
1044
1629
2354
2352
2349
533
3037
1641
2347
2338
523
1658
513
502
494
488
486
2320
3070
462
3078
3027
554
1624
1619
645
1544
1546
635
631
2406
617
2206
1955
1413
168
169
1433
2671
174
1443
819
1474
2421
1484
1893
2681
189
828
1517
192
194
970
971
1048
933
1530
892
459
208
2847
1073
2450
3011
1958
2037
3271
2510
2895
717
2906
2110
1311
2491
2483
1333
665
655
653
2463
2458
1378
1381
2125
1392
3274
610
146
1261
804
97
98
2077
101
1953
797
787
780
2012
2066
2255
375
3111
1611
3108
1924
1595
2287
452
2253
1856
1947
567
571
578
587
595
67
66
3322
64
2996
116
119
2229
1828
1826
1824
2136
2093
213
1175
1736
2188
2824
3315
139
1148
978
241
3332
2798
3330
938
2614
2193
1113
280
2180
2727
839
921
12
1046
1758
279
883
1996
1767
1014
1013
60
3160
2500
3073
1405
913
2829
3303
3016
1173
1873
2712
2219
449
2311
2389
1878
3098
1997
300
1927
3266
3015
316
433
2016
2876
3268
254
1099
558
1666
2222
133
2332
1949
271
2674
39
1159
1286
1300
1060
1055
218
967
2335
2656
3333
1129
2358
3061
129
2496
600
775
3141
2833
209
1500
2955
465
879
2743
1223
1870
724
553
3295
2787
1242
2527
1932
2198
333
1280
3210
2667
1786
2860
3213
388
2997
663
1946
3308
2313
2916
1850
1352
1864
799
694
234
509
2616
22
2465
2408
3142
800
536
2922
1440
480
1119
2888
1353
1501
3194
1340
3110
520
185
430
1710
1800
3156
2363
2439
675
3296
2302
336
3260
2238
3302
2226
2148
2573
1346
55
1532
186
205
304
2670
44
2478
2807
2058
2967
471
314
3103
2445
2106
253
2968
2999
3152
2026
298
428
1742
715
719
1594
3199
391
1168
2141
330
2511
1157
2651
2808
613
2269
3294
2393
2718
654
1981
2377
624
455
1399
3124
2052
2056
1207
636
965
2844
2364
2744
2171
656
2605
1885
138
2877
1911
3039
2423
1382
710
1348
1821
2866
2461
2179
2742
71
907
329
506
2290
1565
2559
2064
2005
1038
3036
3105
3339
1068
1719
3197
1220
1903
1770
2988
2062
1940
876
72
76
1437
1007
1452
2031
1112
1992
1301
2729
1663
2013
3201
585
507
1975
54
18
188
2117
3101
2135
2405
2663
1151
3299
618
1596
3012
2362
783
1109
1862
1617
2275
1403
3023
2513
255
2863
1616
1987
2256
2300
1853
87
247
1528
2032
593
5
468
2436
692
2731
637
361
33
1787
721
379
28
1241
94
3224
31
2611
369
2518
2097
479
596
731
3128
1476
3231
441
1812
531
1022
685
2649
2840
1368
795
867
3205
543
1707
2197
2083
2821
1803
3297
2075
837
1448
2935
2566
2194
540
2794
3129
806
2785
657
1277
1650
1556
1010
1441
3026
1957
1077
1140
3114
463
2484
311
518
1205
378
2965
1144
310
51
61
151
1820
790
1189
2673
1982
1928
848
1618
1737
851
2044
2769
2235
2479
289
2196
2596
3020
985
2366
2493
2336
728
589
3318
1468
58
2059
720
626
1578
2411
1723
400
2035
2279
3052
1254
2880
1306
1379
180
93
1496
3256
334
1744
751
1513
1257
2022
1446
1444
2797
3001
995
3227
855
3245
862
651
448
2734
3066
1671
3123
2641
2826
2737
41
3312
737
2069
1040
132
674
125
2837
2870
598
544
1889
547
2431
1962
690
285
1971
1972
863
2155
1657
1990
1778
2454
1994
2270
115
2007
1678
3071
974
2324
73
2591
1603
3267
801
992
3222
789
467
2914
175
172
2190
1194
454
2002
2831
1895
2932
2586
249
2822
13
3024
2811
424
2555
946
1329
2532
632
915
1330
1365
621
432
481
2668
1460
3236
2091
1989
276
1359
2817
1867
1925
871
3179
2781
2334
2726
1561
1312
2795
1253
2771
2861
2265
2779
257
1553
2804
1414
2970
3088
3089
2442
1482
937
475
1857
229
238
1569
979
3238
3014
955
777
885
2489
2126
2810
1502
3163
3031
1891
3063
3215
338
2716
178
1278
2739
812
691
2247
3350
284
187
1251
2752
3198
2278
2927
3053
2753
3161
1755
2897
2806
815
3219
3018
2977
