384
8063
1463
8885
8941
7717
2033
5833
7726
3422
7766
7992
8951
7693
3546
7448
8577
8121
1625
7244
925
8332
3276
7286
8570
2358
2123
2485
1662
6420
1016
5852
7740
2092
4894
295
1328
8765
5079
7923
2231
8546
7610
1113
8376
6757
3825
8814
3169
7283
6848
2220
1223
5524
6352
791
7619
6736
6681
808
8078
7910
6829
1032
779
2011
6353
908
543
6473
191
1579
1979
6779
7405
8468
8432
8481
535
5154
4282
8467
3633
351
8702
8439
931
2096
4074
2877
2672
4876
5654
6485
7472
2473
8575
415
7990
2545
2548
48
7427
4927
1023
3042
5938
5508
628
3058
7461
3551
4817
5292
8326
2814
7355
3466
6885
4223
2953
8435
5606
5949
6726
7863
7013
2144
8475
3443
2210
8436
8688
3177
2202
6121
3664
7012
1125
8921
7270
7892
4357
1620
1497
4280
1264
8278
8437
181
3794
3857
5607
6340
1504
5906
6355
3260
5285
2218
2670
4345
2657
832
5725
6022
1703
4946
4874
414
5169
2637
4606
7049
613
4412
1687
3426
3634
687
8331
6328
3820
703
5891
634
956
5681
755
2012
4310
7014
1907
439
710
6411
6170
2890
3151
54
4588
5771
494
376
7516
7275
6606
2754
242
3777
5308
1804
2113
4707
5141
1626
574
4081
3734
5071
1627
3170
6803
5870
7175
8120
2304
2730
8769
8396
7215
8135
872
2832
884
4151
8626
8656
8611
8337
8336
561
6262
2652
6316
7977
4231
7042
1093
6711
8347
4365
228
7469
921
5811
4645
440
3975
6339
1308
1116
4372
4094
4031
6666
3756
4586
6559
321
6141
8333
6258
2543
4520
4350
5480
5468
4612
3055
8464
6342
5236
6427
1253
8290
2371
8442
5218
6897
631
1281
419
1586
2207
1787
391
7911
7594
7605
2782
1294
1593
7309
2999
4921
8540
8918
7346
518
8008
3509
2116
7541
2147
1693
8224
7003
2150
6394
8594
223
5752
7694
6607
5793
3051
4408
7860
4424
8900
2306
8108
927
1153
7648
3595
2830
4961
2036
6705
8049
7946
3166
8779
4752
7997
128
1299
85
3962
8698
7697
394
7284
6148
684
4538
3770
3006
5845
8454
8948
7400
317
2317
7114
7778
1462
6345
649
77
4299
4303
3904
8112
4196
1414
738
8553
8690
7190
3838
6598
8292
5585
7876
3348
6480
5321
3110
3454
4680
8352
6550
2500
6127
2516
3350
4755
4531
3713
5525
3439
6762
5282
7313
40
5548
1510
298
6828
2110
3184
4040
3175
689
2438
7626
5857
1049
825
6915
3388
2568
8365
1530
1389
4262
7232
8886
1078
2420
1348
7135
151
2983
2253
5790
441
1338
3052
4281
6840
2826
7880
663
7657
4143
2222
8810
3327
6525
7265
3062
8652
4834
8983
5272
1372
3767
2103
6769
4532
6080
4228
8952
2725
5728
3272
3751
492
1104
1201
970
742
3819
2574
1313
3921
3799
466
8473
4044
4483
7507
94
7643
6319
917
1404
5635
4179
4805
7920
3173
6526
2556
930
2129
8167
1789
8930
815
7060
786
1443
7194
2704
8015
758
7885
5829
3456
8409
5456
4582
274
3697
1243
4351
3926
6054
3356
6581
721
8629
4916
2006
2228
7761
8408
6807
547
7053
3862
6974
8106
2498
1612
731
4884
161
5073
2310
7057
1917
8194
716
4599
4358
3140
7178
6690
5808
4414
2687
7269
3573
7573
6130
5612
2922
5155
3851
1086
3953
6918
6303
333
1156
3534
1318
1336
8809
5841
3855
4509
6465
1682
7845
2455
4328
3374
521
6626
508
957
6820
3774
697
4975
2227
107
8459
2170
6592
8571
8687
1958
1919
1090
4850
6422
4190
6778
8176
4837
8545
2775
2487
4985
7145
7733
6518
1424
3870
1758
5231
8259
558
3012
5610
4572
2013
7398
2022
7056
4974
6729
1606
7043
3868
8250
4715
7854
711
4404
8364
7437
803
7264
934
5656
5286
8311
1722
1643
8576
2566
937
8527
4625
7506
4993
509
1143
6957
1912
2722
5048
1699
4747
6710
3973
5946
6966
8351
2941
2412
6289
8123
4919
6884
7961
5314
1009
4624
4109
4429
2152
1900
8268
8245
8233
4947
446
6270
3625
1878
1816
5772
8262
1831
563
4371
874
7348
2165
5700
6447
6440
2088
897
7414
2073
2072
2062
192
6389
195
7434
2047
3532
4753
4976
7489
8718
1990
7499
618
591
8309
7005
1833
3302
592
1588
2292
286
8110
2417
8457
38
6732
3606
5624
1774
6692
2119
1864
402
5836
8300
6036
1139
4117
1805
5337
5326
4112
4087
8787
2307
2518
4059
1702
8100
382
5798
8730
3967
7174
2296
4583
5823
3939
5838
3925
3915
2319
5648
2641
5338
5491
257
1745
275
1386
6876
279
5537
1392
2595
4420
4441
4266
1380
296
5581
1730
7900
2332
6794
4478
8873
5346
4540
6863
1781
4550
2611
4218
5976
3864
1235
7257
6654
6358
686
4780
4553
4400
97
1808
6995
7731
6834
1450
8402
7536
8533
5053
398
1209
7510
7957
4374
1402
8645
7018
1507
4934
1306
3044
4697
7340
4836
6096
511
5184
8947
7650
7376
806
6491
8560
6574
6010
2758
3036
792
1690
6977
2738
2981
8962
4631
1326
6143
4590
4846
5060
2712
5962
1475
2443
3835
2841
2834
5230
5271
7790
3239
5226
739
3584
2181
525
6107
8392
6733
7401
1896
2258
1254
1868
2590
3060
2057
1587
3185
4922
4558
7310
5690
926
4570
7289
667
2379
79
1762
5721
3363
6684
44
8816
617
2238
4391
7581
7010
7343
4329
1129
3804
3976
2594
4760
7297
2965
2021
4666
2251
3411
4681
2132
2526
5804
1256
4965
747
2187
994
4427
7202
6719
7702
1082
8498
8205
3678
1549
6481
3310
2683
5078
9002
3393
6474
680
3001
903
3193
6460
8789
6996
1289
3604
1508
2720
7638
6925
417
3323
1986
1749
8124
4199
2179
7749
5170
7172
1759
2273
7166
4017
3839
4710
2780
8213
6400
6331
2517
1784
4456
4729
2146
3754
7565
5166
2838
5146
1905
4539
4684
833
2565
8159
8479
3959
2979
4542
6699
2354
3212
5283
7155
2961
8356
4140
4800
750
5091
8258
5575
4229
7511
1849
2241
5474
2133
1915
3223
3773
258
4861
7019
156
251
3843
1610
5596
5413
7424
4674
5082
560
5966
2593
486
3989
1484
5355
2714
5215
4999
5177
1927
2121
3668
6484
1806
4738
2860
2004
3417
1531
5012
798
7163
6281
4547
6775
6617
8114
3783
2171
2822
8274
1529
6031
2743
7132
8888
790
8216
2808
6396
7716
1295
1388
8699
2947
5112
6716
5114
2624
928
6017
531
8314
1026
4855
5263
8644
522
989
1442
2436
4316
3075
7856
8373
7352
2291
527
4611
1233
2654
1152
3949
8784
149
668
2547
3329
6545
2739
8263
206
6660
5513
643
5304
127
640
4813
4751
7504
8857
3689
7121
6943
1814
2138
4732
4468
3762
360
8089
7937
1563
5199
3988
1658
3047
2829
247
2589
1447
4251
2544
6993
4090
963
5960
4968
299
5557
7080
5689
7459
4346
1657
4692
4594
8946
8858
3516
6543
5492
8944
1945
555
2621
1948
7261
8530
6603
1166
4731
3213
8128
271
2951
2488
2608
3295
797
2735
3102
5325
2182
7428
4421
3054
6379
4650
7227
8493
2333
1052
2686
1755
3331
2302
2204
6595
6604
6135
778
5065
3729
3326
3581
5404
4987
8932
1664
7050
8178
5735
5668
5221
4644
5028
5542
5812
1555
4929
4098
2159
6823
4156
5871
6748
6986
8273
8222
2930
6562
1186
1714
3686
764
2781
8295
1679
3893
3085
7381
8898
6049
1800
6455
8138
1324
5806
1089
5964
8827
1558
6567
8271
2246
6026
3499
5135
7187
939
2880
5085
7124
2329
5744
2618
4119
6159
6374
4819
7954
759
106
8391
7339
3580
1708
3097
962
7176
7164
8513
8592
5598
7148
4255
1341
332
3567
614
196
1406
3912
7805
8093
3709
6123
2102
8512
1079
4077
9
603
4086
6318
2700
8791
905
3645
3463
7824
7965
964
866
8612
443
583
5361
331
3538
3693
4054
1725
2623
7392
6032
7230
5910
3343
8317
1145
7253
8165
2414
8758
2294
3574
707
5588
8051
1106
3145
5539
6370
2681
4244
6875
1546
980
6018
889
5805
2423
2932
1272
8732
3914
6633
8494
2280
5471
1203
8150
5489
7572
3136
2546
380
2727
482
4889
8721
849
564
1862
852
8214
3846
1467
2252
1566
3230
1521
158
2680
6162
3999
217
3631
5168
4942
5144
732
5860
7914
3747
1105
4048
2285
7834
622
1863
5617
6612
8482
7676
4675
6102
6826
8604
8902
754
3475
2196
2031
6302
7762
7320
5255
124
7277
2318
2653
3821
4376
3366
843
4334
7556
999
2038
6110
2023
6151
6529
3544
6202
3934
4134
3874
6226
4035
2156
5583
5769
7233
3763
1824
8508
4983
3785
4952
1692
4234
2339
3083
650
3397
3444
7064
4756
1998
1179
5003
2118
7878
7278
8916
6074
2131
6553
373
5010
7768
2625
8147
7318
1198
29
2298
5248
4402
5807
8358
1934
2633
529
3205
7220
5496
1249
7982
1423
120
7084
7208
1037
6978
218
3863
4973
7199
4252
32
2963
6325
5971
6872
8007
514
409
8052
4843
9053
7222
1383
1951
1904
1738
7285
3575
6038
7485
3122
4124
5431
1320
2303
2233
8044
3312
8462
497
6081
3572
7994
1108
5251
2447
2615
1938
2848
5736
2857
4439
6874
8662
5718
3867
2380
3355
4977
2278
1251
2731
3225
4901
6532
455
5343
1691
7412
5402
4879
285
2513
7077
467
8637
2376
5788
4062
6718
4820
7151
1966
7571
8240
2230
1220
7975
8139
8510
6514
6236
2549
425
7769
8931
6685
4643
6233
5441
3844
2068
5380
7498
502
3245
1382
2326
377
6468
4490
4274
4232
5675
3605
4798
8325
7817
4432
768
6753
5487
2017
1087
8734
5419
8377
602
8681
2440
8579
2542
1350
5632
9028
5202
6354
7383
6073
2429
2978
1054
4006
2749
5014
3744
4129
3024
9005
3960
2399
1237
2305
6009
4816
6378
3081
5163
7851
8920
7711
636
8299
3920
823
5375
6752
2756
656
2458
3154
60
677
810
681
9049
165
4814
544
1716
1783
5644
3289
3723
2194
5047
1102
625
4524
8829
2174
3963
2080
8819
2216
7299
1946
4724
6864
1379
5782
2452
8298
4071
5140
1607
7471
5261
4544
920
3877
4969
1368
4848
15
8255
5707
8503
3969
2200
2745
1488
57
5526
7881
6573
5209
4063
3418
7483
5627
1926
523
3086
2632
2824
8586
2759
8115
5228
3705
1895
3856
3159
3018
356
5901
840
6503
4283
5041
6368
8923
4712
4711
5290
7198
5486
3719
3243
5393
6292
2242
5900
2410
2811
339
1247
1073
1552
5002
5921
4003
1802
388
4120
2883
1334
7652
8896
7820
9008
7723
1138
2211
5615
7241
8673
8596
74
858
3880
8569
8410
1635
3909
7545
5755
5433
859
904
5484
3061
6869
3025
5453
4253
304
2407
6665
2269
6556
5268
3109
5920
8727
7665
6894
6983
1391
7956
145
985
155
3812
3190
5462
5868
8440
5729
4443
2426
2101
5956
3405
8998
4501
8080
1622
593
2807
8703
7587
1042
1137
8897
5475
5912
2603
5840
2588
3524
2911
7552
5195
2688
8869
6438
4138
4415
886
3219
2800
8655
28
1435
7065
1837
3714
254
3420
5720
281
7395
3834
3460
4702
8101
5246
8433
6174
2335
5087
2540
5937
7917
8185
63
8047
6013
4012
4566
3384
4629
2350
6999
3339
6152
2514
7527
5658
7739
2398
6219
990
4767
1940
8914
8708
4068
1446
6384
6452
4097
8474
6725
5628
7183
318
4815
1041
532
6373
7578
8192
6939
138
172
1536
2058
7217
1902
442
2553
4108
1437
7949
3033
6749
3888
8091
7858
4343
1180
5941
8955
5506
8843
7410
3378
1307
2923
49
4243
4290
637
1611
4831
7955
3901
5890
6245
717
5075
6908
595
2991
7821
5180
2950
1519
6001
4565
6639
5320
3438
5945
2137
582
4840
3875
6285
8203
1377
8937
3399
3198
6868
1537
3755
2817
3738
3041
395
2924
6195
1118
8659
7115
3898
7044
2842
5363
6098
8291
6572
6580
7306
3630
1420
8634
3478
7221
5132
250
565
3262
5214
1486
4297
3507
8393
2902
483
4885
1707
679
2812
2411
7387
1122
4641
7774
4618
6386
6487
4523
431
5952
4637
1228
3813
8196
270
5822
4260
2449
7967
461
6695
7919
6479
4516
7315
7330
3461
2931
2035
264
4776
4114
4503
8152
3563
6907
3956
4580
7025
1039
207
8828
7907
7041
5783
146
1451
6165
7093
2437
4373
1786
1135
8917
475
4691
3128
7569
7893
1830
8924
5856
8522
1184
2910
5678
4956
6454
7356
4332
5799
8483
5244
6218
2668
489
5379
6137
3011
6552
2626
6341
5077
8997
950
4021
5540
6611
3554
8863
7197
854
2029
6284
6687
3954
1906
2192
2007
785
3652
6349
7372
6929
6947
9029
4561
1976
6538
3752
6851
5904
5217
5842
3659
5779
3010
1700
665
6618
8151
2982
2721
3294
4546
324
7262
1461
2463
3351
6953
5024
8874
7463
7948
1430
6041
7609
2802
6589
7263
378
890
3832
4175
113
2293
3162
5353
3066
5834
4304
5391
1535
7415
6813
9020
6683
2433
3322
4924
7554
1775
507
4288
8770
423
2658
2503
2873
8070
1704
5766
6535
122
661
1495
871
1511
3508
1014
6944
5205
1356
1148
7236
1616
5121
34
1710
7465
3045
3335
4208
8710
7425
6886
4165
5266
1359
7765
5029
4679
630
8154
8683
6069
2492
4239
2368
330
5549
6534
282
1259
2895
5990
43
7091
4407
8700
5975
6985
1646
6767
3993
5551
7170
4385
5183
4653
4271
471
1394
5709
8627
1172
3636
1811
4248
4265
7099
6348
1418
7382
6395
7282
8798
2173
2287
7673
314
3603
1101
7488
3287
1656
8129
8142
3267
4016
5249
2189
4445
3065
5115
5603
4178
642
3458
8525
1210
5800
291
7649
4971
1728
4571
436
3160
5358
589
1178
1753
5291
5958
1197
7357
6911
1405
3342
7686
4505
1718
6119
5591
5399
7487
666
1230
2153
1246
5243
1036
2762
1280
6697
862
2816
2788
5780
2151
6297
8207
6144
4309
8369
7715
784
5982
2184
4015
4384
8002
7549
343
6740
804
4759
7147
610
6142
126
888
8419
5227
3357
3259
7595
7670
8740
7036
3559
5881
8243
5753
3717
5275
5773
7069
3386
4344
2678
4881
2694
2419
2130
4951
3661
2986
2167
6336
1001
4989
3146
3505
83
4959
2427
4355
6805
68
3362
4419
4009
600
3768
4978
184
3144
1240
5889
6605
6741
3627
1006
5979
174
6870
5896
6365
1713
266
1747
7846
5942
8116
2571
2075
6844
3615
7373
8774
8657
8754
3106
6087
232
2849
5722
6505
1604
8286
5017
4437
2465
4896
7660
7307
4083
5216
2778
8782
5125
2785
6956
8301
7271
8768
5650
3248
6214
4635
8602
6914
7550
5538
6103
1128
2733
6169
8609
6569
3824
787
5767
16
5490
4870
4139
201
882
5025
17
7868
5023
4163
7540
6116
1517
2718
678
5016
1683
6114
5974
856
4167
2705
6112
3377
5511
2476
3470
7293
5930
1169
173
4436
4425
2143
1260
648
3074
2139
1477
530
2475
400
6085
2713
1993
2751
3301
773
8585
8187
2569
2682
8593
2240
4953
3113
2247
1022
8261
519
3620
5407
865
6470
3730
6586
7422
5265
5212
6139
1279
2019
4525
8329
1649
7094
6782
9006
1325
407
669
5098
2040
5677
1142
4383
5430
3858
7490
6301
5307
3677
4313
4605
1136
8407
1193
3187
9010
1164
1957
7406
4360
8140
3542
5595
6773
1711
2914
6764
528
5444
1261
3526
6497
5765
7059
3141
6744
3531
7704
2946
1284
5564
556
3034
1204
4464
1215
2134
6522
8887
4687
5242
6777
4507
7453
3640
8206
6599
5995
5867
4235
7618
8846
8696
6185
6469
1534
7898
8764
7006
4440
8038
4322
6883
1231
8125
3547
7623
2770
3068
8841
8838
1796
5518
2533
915
5839
4286
1278
8328
623
7678
5387
6795
3014
7848
2869
6909
6734
814
1561
3290
3319
5138
6975
2257
6558
4096
5589
8294
4500
5030
2369
5094
7368
4743
780
7351
3229
2032
8919
6314
2987
4311
4305
2112
8650
7736
4269
5893
2175
4185
4176
8598
605
606
4128
6432
5988
3468
89
4449
1304
7757
4030
2578
8783
8417
1060
7631
4615
5479
3680
8726
1883
1757
6431
8380
1740
5256
7574
1729
392
3257
6260
135
3865
8978
473
1063
5992
2459
6019
5113
6244
8751
2859
1470
5750
5981
1734
8990
5875
3866
8117
7677
7890
1821
1453
7621
5031
4160
3383
8217
907
6796
6146
8855
6278
365
6942
5660
5447
8181
2644
748
7235
1374
1033
8174
219
749
1873
3209
288
2596
2344
1027
3311
244
4413
1018
1822
5313
2622
6254
664
8366
8428
1512
80
8179
8067
4826
8208
6621
8536
5018
1274
6500
7658
4996
6588
2942
1788
4869
3626
4285
6620
3220
8434
2766
7421
5
2188
6623
7899
7586
7810
842
2201
6608
6832
4314
2602
5824
4065
6982
4055
6418
1797
2614
7756
948
1330
959
2616
8313
6990
6299
7087
1410
1407
6317
3964
6322
1771
4778
3341
3433
6337
906
2067
913
960
8312
1953
7028
2567
7668
4639
1969
6903
1717
5501
8076
3150
4485
1077
5507
1092
2872
2874
2884
2015
7590
2943
327
7486
5058
8842
1287
2404
5749
5092
8155
7879
7260
6275
1457
2208
4913
8554
1977
5086
7431
6817
5188
5185
5993
2771
1229
2795
4849
2094
6042
3271
7705
90
477
3905
2820
992
8455
7840
1885
3464
2226
7525
6194
4928
6628
4943
5613
7847
1480
8766
6865
3249
4301
7112
4287
8502
8972
5076
2320
4801
6713
3365
7804
1415
6490
8519
1345
5238
2863
6459
8995
2636
5561
5233
7558
8665
746
4349
9034
1094
6774
6000
2018
1834
3670
1871
7794
1478
2322
8452
1597
7671
8991
5293
2715
9031
3646
26
8219
977
6635
6272
5880
1126
4774
1266
7251
4856
5885
7347
4137
8158
5059
1732
5153
200
997
4377
7775
4099
7365
3529
2256
6290
4642
1187
6648
5850
3300
5691
4781
1080
1599
2993
3852
293
8431
8012
3211
1865
4029
3098
5458
3955
3775
5157
3818
2919
1309
723
8638
5717
3189
20
3309
1659
2262
3197
7338
6704
3930
3673
3252
947
4797
6023
5310
3431
6308
5878
4122
6014
7479
4981
6513
7939
2706
3974
4604
2990
7776
5741
4958
7500
4135
7719
2709
1595
5704
3359
7196
6187
3090
2851
8678
5928
3568
8195
910
6565
828
515
6271
5602
2840
6965
7173
1513
722
878
8234
965
5851
8397
3997
4041
2499
2737
7517
7818
6077
2076
5810
4472
237
4291
338
3013
1836
3731
2669
8383
5802
4230
1962
1378
7640
2716
2875
4317
1828
4024
1398
8496
5556
2818
8583
901
5563
95
1056
8057
6383
3610
2525
6846
981
3306
8280
2352
5437
830
88
3449
3059
2214
3592
8632
6043
3254
7654
6366
2282
1121
924
8724
6593
1226
4549
1860
1851
5965
91
8398
3859
110
8487
8257
8761
3845
2831
319
2835
341
4972
7385
7316
8446
6279
6453
8272
8064
6642
8528
342
7518
3540
6124
8532
1298
1314
1302
1170
4563
2630
4862
1425
105
8867
4452
6770
1030
7066
8113
6743
2671
1043
2124
8269
7268
2783
6625
4673
3032
5866
5329
4839
6027
7675
7589
7393
2388
5294
1200
2378
2163
1403
7107
2125
8426
2277
7620
7021
1557
9000
3555
7361
5027
5331
5066
5514
5714
7399
3491
7698
5120
2456
6951
4771
2866
4278
4656
3242
134
6967
5686
4273
5415
3869
4690
1002
3517
7718
3504
5927
4484
5819
676
8424
3692
5576
8892
2551
7647
8796
39
5348
8218
4541
148
6409
4422
1501
5319
7331
3647
4915
1877
4730
82
3017
1928
316
998
6200
4453
8901
3344
1941
4049
1057
3735
226
7502
1985
3879
8472
2195
3286
7777
2592
7477
241
297
7161
2674
3698
8251
5809
3907
8270
6847
2127
9041
2605
1509
5123
3795
1012
6659
7988
3445
1426
263
945
4451
4617
8136
6557
4923
62
1019
3380
4147
1624
5858
6367
2334
6615
1706
229
3560
8756
3232
3147
6088
1856
1989
152
3801
8470
501
6780
3233
5747
121
1680
210
6205
3987
7542
7789
2954
8357
4554
2679
8821
8137
1924
7103
18
8304
8265
5394
3126
2393
6053
8349
5935
2572
8293
1332
6047
5944
2342
3222
8161
2753
1444
6964
4037
6853
4224
1629
7555
7833
8184
782
3923
1369
6624
1820
2308
8889
8876
4914
7058
537
1183
2801
6330
5344
7947
3771
1123
4737
2858
5067
5130
5616
6428
1399
5631
4842
5947
6228
3578
575
283
5398
5671
4191
363
5494
5776
8981
2893
4591
2519
6856
6138
253
8104
7958
6831
3354
955
714
2090
7350
4768
8738
4564
7105
2444
6068
8666
3493
2586
4765
8562
4851
6364
3906
8833
7531
7985
1322
1244
1250
2898
6902
7205
3402
4043
3632
8477
1942
3476
4335
6724
1861
204
5446
8890
7978
2122
1793
698
2486
5796
1188
972
4162
7819
8238
7986
4168
5963
4905
6536
354
5640
8767
220
4875
4123
8350
2933
5630
7786
2962
1936
6798
7137
5309
7509
9001
2345
6630
3390
5477
1327
8500
562
4324
968
92
7344
9015
5240
984
4489
2374
4038
5063
2028
1633
6046
2676
214
7519
8647
4994
5688
41
3361
5789
2010
6264
136
4962
7159
4925
7067
5439
8805
1776
6745
966
8429
3895
493
2205
7224
5916
8552
1752
1647
7146
4158
7894
3164
5886
1069
6178
8988
7684
3666
1884
8840
1003
6456
1154
986
3772
3637
6927
5978
4338
2301
3518
6024
7514
2481
7367
8750
2563
3622
1371
6441
5417
7815
5902
379
5192
1840
5364
5345
4457
5007
2140
7321
4150
7020
8212
4706
2521
5476
7729
1390
1365
1110
3078
1344
1785
2710
5211
2767
4519
7033
52
4745
8177
848
506
7246
6039
267
8282
1452
412
6645
404
1609
5111
5523
7038
6852
6827
4219
5219
6980
6192
0
6539
8141
2107
3328
701
5220
371
4388
6058
3945
4793
5620
4106
13
4791
8518
976
1061
8241
7125
5229
485
5189
5821
3980
4131
2507
2937
8006
1364
3215
3469
8661
3369
6382
8099
7725
6958
4932
1524
4970
1221
822
302
1109
1854
179
1844
8895
3687
5593
4988
8244
2871
5662
6564
6171
7837
6772
772
1847
1564
3619
5730
4595
6613
5543
1973
469
7408
4052
5000
8943
1584
2356
1097
2529
8200
1523
166
7796
8225
1058
896
6188
1726
675
8534
6636
8183
6203
1273
6895
4818
2254
1431
7685
8837
2219
7932
1161
2685
5633
6477
5405
7615
2886
3884
8615
552
4182
7023
1347
2111
1684
3336
3437
8453
4598
7216
7389
2341
8956
4214
1553
6801
3940
5609
7585
7454
1615
6304
3320
3842
6949
5759
144
5770
7629
5861
7825
2136
4302
1502
7480
8485
3685
1114
7272
2387
2777
2330
325
6401
5685
5083
4515
8190
2846
265
2977
2108
824
2689
3227
4245
8605
6403
7143
1194
1021
8564
6177
3788
3790
2086
3984
6912
7440
197
6391
5388
1401
2535
328
7126
8000
916
3124
458
6898
8642
7523
5723
8720
9003
4459
8034
3450
208
5694
5544
6176
2327
6888
8817
2375
5093
7695
8023
8555
170
5241
2662
5883
5970
6212
6344
8438
7608
7420
2199
8275
2996
3089
883
5984
4526
8340
5330
5005
662
7559
5473
3387
8695
875
6005
5328
4714
7526
1889
7703
654
5035
5105
7836
8509
1165
769
5414
557
8132
5373
6584
7617
1265
5354
8572
2424
8395
8745
5877
505
8711
6597
7934
3108
8401
3718
4002
6025
6788
3781
4398
8878
8860
4937
5151
5622
8307
7645
3571
4389
6048
6436
895
2027
3474
6644
6184
6333
3800
5037
7970
7867
8253
7653
5339
6133
8712
7561
8757
1798
8640
6075
7528
3612
1050
5758
7039
7616
1493
4069
6972
