340
7321
1312
7009
8135
8082
7017
7055
7251
1819
6754
3073
3184
7798
7369
6116
6986
1459
2110
1994
5250
5800
908
7972
824
7606
1193
3437
6607
6905
4563
2942
7706
6609
8143
2847
6914
1983
3262
689
808
1414
475
4968
5737
6714
4376
1868
1898
7791
924
7335
1797
6766
7658
7694
7665
2397
5738
7192
6777
369
6137
5268
7661
4757
2282
43
5083
8020
7796
5861
2646
5850
3845
4631
555
6245
7142
2527
2285
5350
2226
4422
6734
1135
5360
4954
1918
1974
3796
7768
4325
2470
2854
2216
5107
6086
5740
6669
5319
7701
310
3291
4374
6356
1008
3263
5523
7165
5972
368
2395
2367
3869
7901
7663
1341
3903
6357
2595
6389
5043
7565
739
8115
5431
7250
1097
3729
4226
2379
332
3962
4121
5703
1888
5193
1981
542
6382
717
3396
1174
2584
1454
3375
391
1166
6358
5306
439
5792
1971
481
3076
4927
3571
2744
5174
4555
5571
4689
6596
3433
851
157
3662
7662
609
915
1460
3355
701
668
979
6029
1347
7267
1461
5285
4135
5929
5714
7566
1613
6548
2062
7381
6987
787
2449
7624
830
4618
6629
625
2848
7579
7561
3669
7465
6600
392
6043
6071
3771
775
1703
5230
5651
213
3908
509
5543
4770
4750
7844
7871
7570
7571
7831
5042
4062
1001
3804
4120
6066
586
6710
4969
4141
346
1126
7762
497
2544
7239
821
630
1271
5806
114
5023
1428
2497
282
7527
1596
6841
1768
4916
1921
6774
2122
7368
2280
2737
4906
3623
3915
8096
1923
7066
5776
4416
2930
1151
3958
5261
3632
561
6234
5141
5655
7183
7139
7358
1421
3559
4441
6900
7903
7595
2542
6660
8112
3389
1822
6347
6159
6608
5549
4747
5529
2064
1372
7307
6201
6942
6183
3228
6133
1669
4077
2303
7914
6921
3803
1311
1352
5148
1075
1388
7775
2168
4781
7911
611
7620
196
5211
3042
7210
2538
938
3973
7156
3863
3449
3467
7361
7986
7567
4271
2738
349
4700
69
1521
3861
5273
166
77
5724
964
6951
35
2748
733
3844
1891
3006
7976
2255
284
6808
2693
3678
3101
7529
8124
2728
1210
6354
4268
7693
1668
4393
5725
7356
5830
5897
2239
3843
7256
6184
7159
2073
7584
3682
2673
4168
3386
1885
413
826
3928
4632
3636
5802
5487
1871
2088
6525
7699
3756
5399
6817
4644
3090
6990
7868
437
989
1233
1634
4562
8190
6631
5706
7153
3801
7439
4739
2830
1991
1598
1076
635
4458
4071
1264
4384
7498
2791
86
2383
3528
6127
1711
2445
3916
371
1295
3551
6339
2851
6591
7274
2984
3712
7489
4904
4355
5949
4340
7190
5151
696
817
3964
1179
356
5898
4447
393
6595
1280
2421
6399
494
1423
606
7607
1904
976
4099
7630
2424
6529
132
373
7515
2939
7847
1054
4116
1446
6953
3345
5926
6393
6053
7637
3922
2000
3370
7797
3892
4575
3012
6396
648
2819
7050
7636
2412
4003
4108
829
7724
7817
7979
3471
3524
6800
264
1713
5977
1260
1023
1035
2237
865
1262
5227
4414
590
456
2620
6513
2292
6179
6836
4558
5692
5532
1440
7413
1518
6304
1926
7051
3171
2936
6136
244
4855
1939
657
7022
4475
3418
833
7117
7127
1247
5991
5842
5833
5357
6969
1990
1199
6744
3886
1936
6611
6176
450
2256
3029
463
8015
2199
1504
524
167
1824
3465
6023
4417
2067
262
2130
6590
3207
2740
1020
3805
7422
8198
1707
835
4984
3907
7546
1653
7360
4029
6657
141
1585
6265
1701
2228
1128
3380
4477
8126
3461
7792
2326
5943
2172
5553
2442
3722
2815
7220
352
4274
7024
941
5259
2440
5057
679
7008
573
5068
1748
6637
6731
6091
546
5368
4557
2408
2120
7996
6233
5047
5856
5890
6193
3954
4079
2730
2432
3988
4217
7613
453
1590
1624
8071
1616
5077
3117
5818
4596
655
7473
6654
1948
6870
7223
7690
6383
4234
3930
255
5476
7594
1474
295
7136
3201
4872
1400
4429
522
922
5513
222
294
825
7243
8030
3422
7532
1574
2495
2734
6151
559
7994
643
3462
2895
2912
2913
3821
3447
1431
2182
4187
7669
608
852
5663
2177
301
2933
3831
2941
2152
6617
6612
7929
338
5219
884
3473
258
2370
7076
2342
2828
3539
5742
2327
4269
1322
935
1740
4938
6650
7390
2862
2257
5470
619
4544
6248
3172
6070
2127
4152
7683
1799
229
5444
1028
5025
3509
2300
1184
1832
4342
5625
4131
3927
4786
2005
4798
3938
8140
4361
6509
1026
7675
6801
5597
4088
2682
1865
3978
1191
1949
799
5045
348
1925
6362
1511
1386
3527
2452
2244
4785
1103
4153
7787
1591
7551
3874
4696
5576
4677
2795
2474
520
1520
6741
4658
2084
3170
2671
1222
2054
4156
3217
1639
6583
2638
2050
809
6018
2490
2325
4264
6092
1127
3584
3709
1158
661
4466
827
1985
6313
7583
1351
4673
39
5838
4437
5678
8022
3720
2714
6490
2075
4707
2018
2434
7497
6337
6340
2982
712
3208
6321
858
5932
460
52
3572
845
1693
888
3970
6103
2644
1671
4128
4541
2983
8101
471
3952
1062
5225
3569
901
4483
4652
523
3214
5096
7344
6457
1371
5860
3295
7039
3665
4645
4229
3774
2031
6501
2733
3610
386
1562
3305
4939
2746
4816
7481
2322
1299
3064
2011
957
2384
4766
1248
4623
4641
2549
2699
2165
892
6878
3514
1593
3673
991
4353
3650
1172
6721
2645
2339
3699
4738
837
7484
7086
3976
2921
1485
534
496
4537
3155
4256
1738
3766
6480
5069
4078
2013
5426
7707
9
8157
1301
7900
3366
6498
3818
55
4473
3238
4322
3392
7966
5114
6765
1173
4812
5034
1625
1331
6755
6454
7182
1490
4854
189
2052
4527
4337
2281
1709
3373
6395
515
3432
4488
1294
7554
6051
265
4998
1940
3402
7363
4201
3645
2642
6855
3518
442
2346
3813
3806
4730
5560
2986
3364
875
3021
2049
7991
4140
5166
2406
2426
5276
5753
7603
5224
933
1396
3404
3828
4110
4267
6805
7726
4312
664
7057
5085
5537
543
7812
1009
1853
1012
26
2405
4091
5778
675
1932
1373
6640
2606
4498
142
5235
6499
1116
3909
7310
4640
6120
4621
2689
432
965
6534
5115
4306
5446
1808
4735
654
1684
4817
6436
3176
1617
4161
3560
8083
3932
7537
7912
7106
3516
4594
4250
4870
2233
3721
3519
2348
2351
3984
2186
3243
4613
2521
7177
2864
749
5961
6752
6599
584
2148
7562
4321
567
1791
2184
6602
4323
1077
6390
6024
7501
3456
4864
3337
3047
2861
3215
7348
6511
2380
7749
4363
5333
1550
1502
7855
1558
5229
8058
6028
1393
1609
5013
6471
4424
4423
2897
6578
4231
3236
7510
5659
5374
389
5761
451
2012
2870
3717
7404
4543
1422
1667
550
5680
1784
4354
1161
5845
7685
2016
1383
975
7087
2283
1877
2353
2904
5900
6330
2767
7732
245
2085
1920
6563
1950
5144
3481
6460
2886
2956
7941
1274
2003
3382
2917
5255
3182
1142
6522
3139
4288
4434
3556
7587
2106
4496
2881
6789
3019
6735
5762
7719
1526
536
2779
4647
8114
1913
2873
2915
139
7237
7385
2995
6076
1809
1884
1316
8110
6603
4989
1444
29
190
7824
8098
3071
5209
3523
7309
7457
6696
6404
6811
6163
708
5563
7185
6776
3704
2524
5376
3066
4083
5681
2958
1632
7755
569
1106
993
3989
2422
7302
130
7449
6046
8215
4675
7364
6149
7931
3377
4379
7372
7917
859
4308
4103
7718
7116
4389
7227
2264
3633
1570
7424
4936
3351
3054
5334
428
1332
2741
113
2765
7030
1094
4692
2475
649
3827
6376
574
5075
2833
3342
1122
7705
3506
5923
329
3734
5945
235
180
343
31
7157
1156
2687
6290
2301
6220
5381
8238
7133
972
1582
3838
5913
3434
1592
2631
1692
6038
7998
4167
2027
3822
5226
960
5323
1056
485
6349
6418
3125
3493
973
6422
4970
3322
3714
6662
1240
1929
7894
2131
6089
8181
3986
3691
2972
5768
2887
4249
1720
7752
2202
4758
4934
2409
2674
5969
4112
2061
5439
3965
7716
4669
3309
4612
5994
3776
3229
1513
6636
7266
2060
5862
3726
6864
2951
6286
3943
7597
2711
667
4857
603
7461
6223
1469
2099
1858
1363
7217
4070
3137
2056
4717
5851
4775
2279
6112
746
150
3206
8138
811
4792
4748
2654
6899
1731
663
7877
2192
7137
241
2612
7405
1996
6970
2381
6557
2759
2537
645
7861
5159
1045
5939
2636
3273
1212
4158
1229
1900
138
7536
6343
7099
4324
2004
7548
2158
6215
2082
943
4681
1066
6181
4943
763
4411
751
6114
1785
4490
4204
8184
6242
6869
1340
3466
8131
4166
6576
3146
6318
3015
171
1666
754
3671
6705
748
8047
2286
5286
7528
6078
3209
2535
4461
5253
6403
5028
5711
4118
987
533
4947
4068
6587
5915
4996
6807
5488
1031
5511
4385
2722
1078
2450
4147
3476
4145
5440
1803
2784
4698
8010
3069
3075
6366
621
5257
5366
5177
3846
840
4526
27
4595
1525
313
333
6196
7342
3365
5330
14
3659
4755
3455
1018
4532
2970
7337
6363
6875
526
5384
3477
3639
4200
1993
4723
5756
769
7062
5998
5948
7102
8196
7015
1298
6671
1905
4454
7130
880
2447
2627
6845
2036
7560
2875
2043
5214
831
5203
225
932
5903
2277
4931
3334
2318
331
507
1289
7386
215
5621
5021
3446
1560
1878
591
1917
4729
6718
918
1961
758
762
1893
4654
6485
1183
2668
2175
1110
6327
2309
3022
4959
6111
6044
1435
719
4880
6712
6219
127
1963
4686
2790
3700
2103
395
6633
4085
4907
7252
3901
5325
2419
482
846
283
2162
1727
7892
7494
1003
1221
5739
1120
3218
490
1441
4610
491
6606
3256
1700
1483
4328
1534
469
6893
2119
7305
3011
2252
5349
2063
1924
429
3288
1894
658
3554
602
5422
3992
6708
4479
7054
8045
4282
1242
4921
2849
7213
7401
6500
7128
4438
13
1361
218
4703
1972
2680
7103
2604
4011
2845
1279
3237
1390
1377
1272
1528
579
1937
5674
1384
6468
5462
7043
8085
5424
4598
7688
3981
4685
3497
3034
3929
6322
3904
4261
4639
4617
4933
1201
642
4045
5171
11
3494
2270
2610
1912
500
5539
5941
251
7447
5272
7745
3681
5611
5131
149
3346
6691
4164
3613
6959
4345
7044
6384
7535
7668
4937
4559
1250
1614
1238
7523
7700
5665
5481
5863
1288
6085
3163
4549
636
1555
2523
5310
6692
5876
2461
2899
3484
2362
5967
4836
2971
3033
1185
3651
2473
704
1699
37
5142
6122
3600
5989
6224
7814
6884
570
2183
4910
5087
2568
2940
4592
5638
6828
6626
7806
6056
2078
6693
7816
7887
6647
793
3188
6890
5143
6452
4104
7398
5615
5973
4802
4571
731
3037
5922
4678
7187
1508
7058
8125
2914
3374
8117
5352
2613
2727
6571
7226
7160
3198
6510
7437
615
4728
2403
3359
501
6255
4638
1378
6047
5503
1540
2838
5356
3503
7179
8031
3859
49
6532
8111
6697
820
5201
5410
58
2530
317
6300
5347
2335
5691
540
3053
760
1773
7747
7589
2090
1821
6368
1016
410
3040
3606
350
4450
5239
472
6381
3148
5162
323
639
3086
1276
1595
2393
7874
5313
2147
8062
5449
2609
67
334
6768
7639
6262
5305
3479
3597
792
421
3552
3338
2206
1956
1815
885
4713
4047
5956
5673
4819
7463
2553
2852
7371
1781
7977
1060
384
4992
6946
3482
7653
3007
5061
3884
1969
4280
2955
514
3091
6049
2938
1073
7166
1906
7708
2472
5908
4058
7852
1310
3825
3735
5705
3018
4035
6294
1638
5904
930
857
5983
2441
1131
5079
2253
6204
3492
3820
3323
1353
6058
3752
38
376
2656
6429
1733
1376
2590
6431
3340
4176
287
6329
1476
5385
7189
5905
1798
181
4835
4510
7071
3835
3875
7937
7441
4014
4732
2356
6408
4593
3124
4600
4146
108
1522
6261
2159
2622
336
8206
3235
1462
2824
449
5835
4064
5566
2580
1840
7004
4846
700
3444
5251
1765
8161
4273
3937
1084
6045
774
3890
6518
6854
6279
7219
3280
240
3191
3851
3864
1162
3324
3257
6915
7949
2203
7472
7229
2731
2529
3371
7261
3147
5370
601
5457
6059
2051
7646
1743
6792
5133
4515
1285
50
7218
2808
3957
3427
5304
2628
1674
4381
3987
7506
7872
6169
3761
300
6505
461
695
986
6849
6125
6566
7327
766
1959
3110
5953
5594
7375
3105
2478
5202
1619
713
2363
2167
3782
5129
2721
4452
2459
6783
1253
8141
7680
1857
1119
531
3969
5840
800
6235
4451
136
2934
1436
7397
7393
4697
5391
5317
2954
2533
4990
3809
6791
7735
6099
4810
1263
5175
3913
3004
6980
6685
2045
3902
4657
694
2787
4482
3609
418
7845
2493
112
3646
6588
5188
2751
3577
7704
5049
2516
6482
5195
75
6904
5234
4199
2614
4211
5221
4981
4742
2503
5343
4687
7324
5570
7829
5492
3013
6891
1055
2998
2230
6216
2219
3830
2076
6684
4901
6303
7989
3868
1438
5766
1519
944
269
3588
293
2758
2802
4289
4080
4331
5101
3621
724
6161
7092
6871
6258
5686
7758
631
7155
3603
906
3872
4561
8186
6670
4344
2218
5715
5733
4464
2208
270
2451
4419
204
470
5878
5363
5342
2558
6100
1561
82
2002
7822
6793
2519
6866
6738
144
551
589
3413
6954
1113
1195
5964
7538
2407
7212
5575
1975
2753
3816
6627
4394
996
2981
3880
2007
2046
5730
6562
6883
7451
4769
2675
5507
4503
3468
5976
7545
1099
3755
4242
1190
5388
2705
4922
5189
990
8194
5401
3436
568
6326
1552
279
1319
4134
1952
5727
7813
1543
2844
3247
6387
5847
4860
2467
7482
1050
7365
2752
3743
7922
7622
2992
7388
3165
3185
6432
1805
3144
6964
6197
2306
4683
8113
5701
3935
1531
7971
1826
1450
1168
914
2433
15
6257
1747
5494
3680
4879
2962
5282
5103
110
5514
3745
2354
6843
7590
2429
3531
7576
2364
7563
3522
869
4898
3510
887
473
259
4957
6850
2352
6826
4853
205
5754
5777
3604
6715
7681
5746
4679
5798
4659
6694
1278
537
1909
6913
5894
4207
5404
7047
7599
3252
7531
8043
8040
5026
1702
4711
354
6680
5690
768
6135
1375
8084
7805
6965
948
5548
6312
5541
684
3079
5163
557
1148
361
6729
1955
3115
7499
3312
6972
6093
3507
5942
106
599
1019
6759
723
3985
1150
697
1479
6469
5258
2701
5246
5014
7425
6153
2979
3113
4516
6790
2576
7909
5986
2017
7959
2313
7635
6665
6918
6232
3474
7936
1302
7913
5432
5516
4212
2133
3233
1529
5811
7296
4051
4044
5928
81
1170
1104
1943
4143
419
1569
1682
8170
1313
2579
4581
3307
5810
7610
1605
5637
7163
5971
5256
7459
807
5
7027
3887
5290
5390
1101
5668
5794
3656
7990
2920
2485
4724
950
4705
3947
2581
3486
5873
7678
6916
6319
662
1017
7172
2482
7963
3996
6291
1546
5601
4290
4286
5627
1092
492
2672
7222
3627
6108
1536
6095
2676
6622
7171
5647
2839
2829
2823
1205
7121
6398
1283
1517
7138
7644
7654
5974
4445
1304
7452
6926
2903
6952
2927
6728
5172
8180
118
3561
5472
1354
2394
2712
2567
5648
592
382
1629
4842
4823
5985
5089
6736
3848
7143
7147
3052
2860
3059
7608
3038
575
2137
3051
572
1235
4602
169
3081
5722
4517
4509
894
4504
4502
5780
3158
4486
1337
1705
161
5518
1472
7450
610
7431
5546
4751
1842
7411
844
2856
5589
2910
2841
855
6251
2935
7046
4815
7346
7323
2769
2760
7298
588
72
7660
4926
7427
3753
945
6937
6930
290
3841
3870
3877
919
3883
3963
1914
3974
3990
314
6770
6724
4031
910
3738
1445
4049
7742
105
2607
2621
1424
7666
128
2047
151
3719
7550
1068
3169
1989
3286
3330
3363
3454
6998
3675
1557
4084
4180
6551
5988
464
5048
5082
1741
1749
5882
5871
5866
5035
5852
5186
5220
5241
5254
5283
5296
1758
5402
1761
5837
1861
4982
4953
4230
6546
4232
6533
4370
813
4408
6437
2156
789
707
2565
8025
2557
2507
2425
2345
2331
95
2195
2194
2229
3850
4630
1207
308
8004
7975
1836
2704
6565
160
4287
7601
2969
5857
3819
660
1063
2698
8221
1011
6999
6857
1137
6410
1723
6073
8032
7063
1804
2515
5748
8055
2070
4165
5409
6132
1215
6641
2173
5679
2334
4542
1243
3622
2874
716
1547
6661
5038
6365
7612
3057
2957
4824
5267
2885
7373
2789
3683
6678
8193
4193
5300
5222
6187
2287
1847
6012
3109
6802
2923
872
2238
735
2074
4886
2909
6531
7011
5164
641
304
4364
5653
5654
6508
6971
5765
4468
33
2780
6804
4534
7161
1532
1734
8066
2582
2745
3046
6221
781
4821
8090
5345
5428
217
6424
1175
6065
3873
628
1611
7100
7803
6634
4030
1486
7118
843
5484
23
3274
5423
5293
3807
5697
3702
790
7474
1290
6907
5003
2700
757
7721
4633
6140
3178
7596
2866
1636
1935
3111
5242
1118
3299
1239
6781
3300
6004
1399
5749
2543
7496
3496
1854
3469
2040
3394
1755
4513
7440
83
1282
3376
1664
7934
1902
6225
7135
1385
1203
2560
6695
8205
7746
7626
3998
2916
7382
97
1430
1942
7249
823
6948
5959
5586
302
1049
5512
2547
5526
803
1048
6552
3239
6625
7672
4997
7712
876
1032
5039
1655
6199
6007
94
7750
1256
7657
6703
6819
4845
87
1165
6211
2813
2143
2679
3616
1897
1180
8164
7402
8130
4560
5990
2925
5208
5451
7064
405
117
7007
6263
303
5375
4960
4087
3135
5138
2551
3160
5111
895
6720
4460
1355
7065
2360
7856
2396
6102
8044
3096
4210
7517
1395
2436
1977
934
3478
4255
7850
7638
3087
6128
6405
7737
5435
3999
5050
129
4779
7010
786
1820
1079
7240
7541
321
5365
7460
1899
208
5340
2469
250
2307
911
4179
598
1753
3592
7650
7366
4791
1261
2139
8076
7625
7115
6648
3192
4348
4772
982
8188
2708
5158
8002
4550
3893
2894
3495
2598
1751
2952
1745
529
6995
4890
1968
4418
4402
2399
7430
2035
8089
860
6000
2324
2288
3352
3000
8097
4806
6886
5228
5790
1998
201
34
967
6996
3035
1678
6594
3512
4399
1722
5672
133
3143
6941
107
4248
4789
7696
7383
57
1774
7698
5495
1718
5927
4690
6496
212
263
1345
7507
3293
2095
2896
184
1778
2953
6397
4601
4951
3640
1072
2647
2618
493
6186
6441
2564
4759
2907
4919
6818
2486
6554
7969
4284
3242
1005
2573
3570
4827
5274
2089
1458
1524
2566
252
3196
3212
7643
6138
7974
3225
3041
3420
3582
3485
2906
5747
5604
3156
17
5455
4920
8228
5169
5623
1059
1660
5236
2065
7075
5358
6200
8026
4852
6443
881
5198
4551
1296
1628
4790
5540
1463
3797
2498
2200
6367
6209
5599
891
2014
445
6174
7246
7355
4803
5098
1683
7588
8086
8072
3725
198
3123
2601
2949
1230
510
4278
4848
867
4333
6039
2258
1197
5064
5716
5807
4123
6155
4608
8202
4347
1814
3511
224
7703
6820
7503
6934
5292
3010
4843
1665
7947
120
6664
1945
7655
4281
7582
1064
7783
7725
871
5414
2630
4941
7652
5445
1325
1970
299
319
6473
2319
3390
5301
946
634
6084
3940
4375
2850
2843
5454
7774
4092
3044
8035
6832
1867
4440
6877
816
5063
84
1565
4102
5072
8011
5657
1587
3696
956
4034
3635
193
5609
7263
5210
4924
3136
3261
2410
7519
4263
5113
3703
4400
2138
850
879
2098
6810
2125
3882
6538
6104
2059
1729
7293
4004
6658
6406
7247
1192
3327
2655
3736
1187
3500
3275
7347
7455
6130
498
3630
6274
683
6481
7221
6842
3318
4547
7387
431
3746
7958
438
4972
8189
863
7741
5329
6910
5995
3254
4771
6555
236
1033
3391
623
448
7429
896
2223
335
3266
4493
861
1886
7881
7072
2266
7020
47
7864
1477
4868
4986
3362
6311
1796
6815
7964
7097
3896
4666
1915
5315
730
5475
1232
5433
6364
1647
2762
5764
4923
1882
6494
2634
6679
1419
4967
3157
2299
4682
3313
2260
4225
2597
7351
5909
5466
1226
995
4061
5373
2985
6009
3545
6638
3728
3711
1123
4540
358
5238
2430
4894
2483
4663
4691
4591
6305
5181
7876
7119
1852
5030
7930
4642
2826
4820
7167
4888
8191
366
753
1143
7423
5447
7199
1303
237
2966
5906
311
6575
6373
1919
1962
3575
4125
126
1443
1225
5591
2889
2578
3116
2246
1366
1762
6760
1594
156
2602
5587
3024
7483
798
416
994
1391
8092
5978
5153
4699
3251
1577
267
7679
5933
7016
4985
1401
2993
1658
4462
562
5819
7000
7543
3085
4420
3773
4427
5572
7265
5579
6461
4489
4303
3862
3788
8148
7444
1365
5577
4356
5090
6717
597
1544
1249
147
1095
2108
2667
1911
2404
3814
1688
1651
1206
2592
4567
949
487
7710
3356
6427
3017
4127
2086
5110
1346
2094
6699
3540
6324
5044
1449
5277
4478
947
4006
6882
6978
6464
5693
6598
3972
3407
6374
6549
7825
288
2492
6296
4709
6515
187
999
7466
4484
4576
3579
5217
7023
2414
2556
732
7988
6784
6924
7101
5067
7477
182
3409
4270
1506
0
8023
8137
7435
1779
179
5773
99
3453
4057
2901
6250
6897
6462
327
6259
1982
4877
3758
6535
4097
676
2083
618
5578
720
8039
8042
6237
5538
3739
172
2804
2806
4858
6929
7259
407
1209
5066
7860
6158
5146
291
7107
1069
3695
5783
5380
2388
4788
2337
6903
7664
2772
3608
6553
7574
4066
7362
7908
4811
4710
1044
4101
5569
6858
4233
7480
4587
6727
5729
4000
200
2171
6912
281
7378
5952
6486
4492
6314
4829
3837
3949
3400
778
7733
6415
6827
578
447
585
4520
7544
4865
3971
7623
3596
3341
7629
7490
5434
3205
530
7795
613
1644
5814
680
5055
4432
3945
3385
1675
3167
5180
939
7201
1813
6947
7146
797
5535
6860
4799
7793
7965
6939
5482
7923
6829
7858
7492
5393
8223
6316
7954
6945
6940
