4664
1662
1837
3881
1349
4026
5895
5611
1089
1511
884
5305
4940
4460
641
4500
4353
1739
3205
2593
24
487
4798
4704
2660
1965
2285
4941
539
463
5277
3821
5379
834
4237
2957
3578
125
3425
2934
1289
1651
2728
3218
2652
2390
3807
2846
3799
5662
3707
5493
2878
1159
1509
3183
5465
4403
4333
4487
4931
2143
4219
4409
2134
521
920
4552
406
5663
5676
3673
3219
3102
2214
3945
4823
742
666
3383
458
5226
3446
5424
182
3317
3541
1879
4827
3434
5239
473
4033
2744
1850
5428
607
892
5429
1920
4857
3531
2463
96
2636
3891
2209
5376
3640
1533
3300
999
292
4350
3247
977
2363
3949
4846
2250
4655
4339
1211
4731
2514
1553
3485
4660
215
3076
3825
465
2607
4079
5743
4108
2904
2233
3029
2807
505
1494
695
1098
329
3734
2552
2983
3739
1703
1412
3932
5457
2342
2858
3040
5439
2125
1962
335
224
1071
2792
3920
2283
87
1859
5684
2399
2431
1263
4809
2220
5084
4364
4549
4932
652
40
4298
3746
4569
5032
984
5207
551
4226
2218
3559
2844
966
4729
4328
959
3053
5036
4507
2526
914
1102
640
482
5116
1135
5910
2578
4616
927
4174
4119
3371
5476
1032
5514
2646
3435
885
2628
1112
4868
3786
2072
519
3615
1052
4047
5210
284
853
5038
804
3895
1531
2691
585
5301
5280
4831
247
2021
4807
2053
994
3163
4996
5373
3410
5002
3909
5331
789
1422
4726
913
191
1989
5766
2128
59
4705
3956
4212
5641
3347
2657
3050
4102
2795
264
298
2603
1065
4516
448
3095
2993
1435
5524
1022
2446
4160
3952
1620
5212
1534
726
620
5768
3188
4397
1741
2910
1780
3172
3303
2327
3785
2436
582
5188
740
5228
5142
1627
5704
4662
4423
1743
1692
4652
3840
1247
4689
5339
1996
3620
2961
2811
1536
4586
3780
5050
2371
1493
1366
601
3318
4548
2307
3315
2545
5433
2773
792
1539
3469
2791
840
5639
414
1184
1158
3192
5289
5845
1779
2758
2826
5741
2833
1063
2919
5416
177
415
5073
439
4485
401
480
4556
2583
1571
5577
3327
3899
2924
4177
887
5246
1911
774
4814
1201
997
5593
2005
3113
160
4570
5888
2631
4847
4412
2433
3623
3827
2627
1775
2078
1767
275
289
1893
1520
2606
5152
1170
66
5926
3908
2201
2969
4121
3199
612
2612
5220
2290
5851
4693
821
1409
2261
2888
3915
5106
4288
4720
713
2170
1550
2013
592
437
1086
1872
5843
2247
2207
2049
4294
1200
3179
2724
5442
536
369
4866
586
2689
110
5020
715
4189
2814
5193
147
5432
1606
3162
4384
1454
183
793
976
770
882
1109
2784
4711
1760
3139
1376
2466
5829
5487
1694
3906
5422
356
2333
574
2424
2640
1090
5496
4753
1301
2491
756
5680
141
2817
1498
1491
4419
5559
867
4244
5699
5585
4417
3209
3936
4101
1446
4494
5104
3201
5575
1104
408
1050
5040
2087
1330
5099
5714
3776
1334
745
5110
863
2270
4546
140
5105
5557
1712
4994
1344
1056
3587
3533
662
2971
3464
2774
2154
84
5560
3880
1752
2595
3202
2516
2015
1530
291
2232
4272
2208
4003
1419
4508
3803
1266
5334
3278
355
206
5678
2959
3384
1038
2042
3758
2503
2633
1398
4354
3397
4308
5010
2522
5170
1502
5448
971
1877
407
4281
5171
4589
2223
1681
855
1955
1365
2204
5321
749
1742
4639
1973
3043
3158
1060
337
890
4794
4606
3131
4484
3280
5659
1472
1547
2918
1271
3334
1917
4097
591
5744
5225
3937
1648
517
3296
2050
208
5270
2883
2678
4345
600
3861
1190
5158
1976
4707
5054
3
4547
135
4410
1250
2523
4946
5381
60
4975
2219
795
1345
307
2936
4687
2659
3396
4802
5507
203
3008
1687
2587
573
3331
15
4562
1898
2513
1685
4657
4216
5175
3245
1523
3586
2637
2546
702
5051
4096
5204
3870
2376
4572
4502
974
3639
3356
1696
4090
118
5539
5475
5924
2326
2886
1342
33
590
738
5215
1492
375
2359
440
4881
1844
424
847
2110
447
3681
3625
1145
483
5928
2547
2624
2992
361
1689
262
1069
165
3981
4621
1601
4838
4909
1246
475
2922
5775
2881
5724
644
2977
734
5471
642
1626
1156
3024
2560
3564
1388
282
4641
506
1734
5849
1538
5349
1615
5872
2239
304
4804
5391
5640
3688
2441
5592
2035
5864
2483
545
3497
1480
2549
3056
3214
2211
4236
142
2896
4579
2177
631
4310
5118
2827
4739
865
2723
4565
131
1657
1647
3753
5905
2948
989
4430
5229
2987
3381
5603
5023
5596
5430
4611
1083
935
3175
4439
4676
5698
991
303
1020
4408
5411
250
2543
5938
3267
5452
5853
5112
5717
2902
5911
5917
5477
5495
5923
5946
5943
5913
5925
5953
5844
3210
1213
1122
4422
2775
870
4341
866
5418
2413
562
4421
2074
3903
1458
2181
4366
360
894
1314
547
1683
2813
2927
1017
3376
833
2046
2852
2681
3149
4213
2923
1641
5473
4844
2119
1165
2553
4296
690
271
242
4000
5883
5893
701
788
3436
1946
2393
1826
735
3635
23
4085
5811
3609
5241
1407
1747
248
1139
1427
2911
1483
1007
2868
1367
5944
1039
2477
2464
4702
3067
5255
4776
57
4318
143
881
2136
2525
3262
4324
5626
1192
5257
2770
1019
294
429
1770
2954
4650
1151
5753
3704
611
3420
1565
5889
3575
5156
2231
2862
623
2782
2532
3285
1991
2799
31
2382
2317
764
2750
4498
3508
2667
3914
3414
36
4201
2120
1611
3244
5510
3252
5728
1332
2508
524
2435
2253
4359
3171
320
2442
3380
5420
5687
4596
5901
5320
4344
2527
649
1408
2932
391
3031
5313
4780
5061
2115
2093
2027
1959
3553
4883
1542
3953
1914
1119
4965
1709
4992
919
3481
751
3184
533
4453
492
485
4362
2582
5622
456
2913
2504
419
656
4264
323
2474
29
3795
1774
3801
260
4106
1062
438
1175
778
3961
950
4227
4008
3120
5150
798
3748
1805
3136
1836
1321
2485
3326
2990
4971
2059
3817
5403
2843
3072
5751
5747
2149
4993
343
2257
28
2370
1087
5578
1701
5396
2509
2324
5867
5217
1101
5177
5705
1471
5315
1172
3946
2600
3837
378
2864
2127
4112
1787
1655
2776
2818
2419
2981
5812
811
241
5359
1359
4240
5646
5127
1925
3993
3081
658
2529
2426
1405
3261
3556
1164
661
4736
1796
3286
3307
2007
2632
3466
5132
2092
2156
4215
3487
4348
190
2695
4209
3528
5341
1319
3146
507
4917
3148
5332
484
3147
4319
2392
1847
5137
2861
5244
2970
4752
432
5686
2850
3447
710
4320
4759
4127
417
1363
1869
1569
3808
2372
1228
2963
1226
3810
5401
716
4046
3865
4401
4462
1259
5295
1943
116
948
5881
2829
1934
4985
4144
877
1927
2306
3087
1508
4615
132
1273
1029
461
138
5673
3644
1532
4744
3545
1587
4922
1777
5191
4879
4373
2338
2950
4259
3691
610
3507
1766
4585
1382
2737
5734
3467
5568
3580
2721
3974
4692
2122
5548
1141
382
2917
3824
338
3284
2921
1487
1467
4539
904
1716
3773
2740
2217
1452
646
645
1686
4452
3281
244
333
239
2312
5813
2058
2169
550
2037
4876
13
211
199
210
514
3021
4684
5826
1808
736
2408
525
1637
2559
4588
5566
1234
2763
309
1598
2768
2284
2752
776
4869
1573
2806
4511
1546
5406
4063
4061
2715
4089
4165
4153
350
4819
4825
2658
748
2736
2671
2675
4131
4130
752
4120
1632
2835
2672
4013
801
1669
3037
5824
3042
1396
3055
5361
5834
5835
5009
3092
1372
181
3823
5141
3682
3868
2047
1091
1358
1697
1354
5173
1107
1706
1118
2626
720
3733
717
1998
1128
1130
2471
1331
1729
1982
2598
3886
4530
2478
3277
2928
3629
412
2396
5873
2130
1008
1410
126
5236
128
3513
2429
3675
4791
2111
3518
4260
2105
144
146
4969
5216
5567
388
4796
593
700
594
1795
1797
3475
3705
4691
5095
1855
3706
3630
3633
3345
2996
5312
1149
5642
4896
3260
4005
874
876
818
3796
2174
2507
1846
4580
1191
4952
2172
3365
979
3699
4694
3442
5658
103
431
5517
1522
269
1874
4200
3153
830
5614
3483
4292
5591
4367
5348
5347
2238
814
5799
1887
3599
4914
2243
850
3116
265
903
3790
4270
1456
2352
2497
2205
5063
1465
3227
5513
3597
2347
2322
51
4708
1882
2484
4167
74
1831
949
4360
108
3550
5624
1900
4592
3926
5029
540
4284
1896
605
1231
3931
3217
954
1746
5485
3022
2259
634
1276
2151
4701
21
5251
4937
4330
1277
6
3591
667
917
1554
4
35
2566
3667
4468
2391
1310
928
1162
5015
3901
2561
5021
5022
2564
5014
5027
2567
1146
1144
1143
1142
1138
2563
2556
2554
3905
3919
3918
4986
1196
3916
2538
4990
2539
2542
1188
1185
1183
1182
4999
5000
5001
5005
2550
5008
3890
2575
1132
1202
2608
5078
2609
5080
1080
5082
1077
5083
1085
3855
2616
2617
5792
5778
4346
3693
5286
810
1594
2183
805
5291
4631
802
2735
5294
3686
4636
5282
5278
5296
2188
2190
4151
824
3702
826
2718
828
5271
4150
831
1582
2714
1591
5297
5298
5299
4166
5322
5324
3669
5327
2756
773
5329
4617
2759
757
5333
2168
5335
761
5266
1609
5314
794
3685
2738
4157
5303
1988
1994
4078
4071
5064
5068
3122
1021
1003
3114
4313
5385
4903
426
1317
2404
5836
158
4837
3794
2486
3867
1057
3873
3866
5052
3876
2472
5046
5044
5123
5130
5115
2467
2454
3819
1092
1095
1100
2447
2434
2425
1125
2421
5134
3928
3818
3882
5069
3862
2493
3832
995
998
5109
990
987
1001
2520
1840
5530
5529
2262
1243
4871
512
2267
1233
3999
5531
3495
3496
1225
4884
3499
5515
3500
1223
2830
5511
3995
528
2845
503
4022
4843
5546
2244
3477
1268
2246
3480
5540
504
2248
4854
1258
4858
4009
498
4864
500
501
4865
493
5549
3992
1215
556
2808
3521
4918
2308
2805
3523
2310
3525
4916
1721
4718
648
2873
1960
4135
3725
1035
5103
3123
3282
5201
3313
318
4454
1460
253
5192
2108
5136
4544
4582
4578
4573
1562
1563
1568
1570
4557
4525
4566
4564
4536
1604
4559
1579
1603
4541
1580
4532
1544
4558
1537
1389
4717
1391
4716
1393
1401
1403
1404
4699
1430
1431
1433
1436
4677
1440
1447
3134
5183
5180
3749
3755
879
3759
5167
883
5165
3741
888
3767
5155
3774
905
906
3777
910
3779
916
5159
857
3735
5198
3645
3647
3649
3654
3660
3664
5263
5262
5238
5230
3710
3712
5224
3714
2500
2499
5218
3720
2490
836
845
3784
933
934
938
3852
1027
2332
2330
1040
1041
1044
2316
2315
347
2596
3573
2621
3555
3551
4613
305
312
1656
4649
1668
1666
951
956
4223
3145
5374
3141
2030
2029
4194
293
1469
428
4044
1300
3125
3198
1496
746
1205
2682
1970
4428
295
4829
5855
2869
41
180
179
225
685
733
3589
5353
3628
737
5304
3626
692
694
3590
5343
722
3619
3610
688
4464
1776
3445
1810
4371
2980
4790
4146
3011
4140
5837
5100
4391
5722
5831
398
2300
1832
3089
1210
3581
1753
1207
371
1761
1206
3593
2107
2113
5409
5410
376
3189
2769
4261
5716
2697
4271
5713
4722
3391
5565
433
3389
3387
3386
1938
5506
5501
3450
5572
4148
5574
1338
5583
5504
1897
1360
446
4506
2384
2385
2386
2387
2395
2403
744
706
684
3607
672
3601
654
5354
3579
3576
5372
5383
619
615
613
5399
3543
602
5402
2383
2379
2366
2358
4943
2138
4957
3939
4964
2157
4981
2178
2206
2229
965
2240
5408
939
3812
2281
2286
2294
2296
2299
2311
2313
2314
2348
2351
2357
3815
4942
588
3306
4389
4314
3395
4068
4407
3223
1922
4424
4285
4386
4337
2010
2006
3298
3276
2016
5464
4924
2056
1829
2925
1320
4929
1673
149
5636
5821
1817
3986
4923
145
1322
2065
4427
5608
1282
3366
3361
4173
4501
5846
397
122
4178
4504
4514
4179
2048
3341
1307
3127
3128
379
3337
4935
3335
136
1845
3440
4059
4799
236
3061
5736
5643
5732
1912
2967
1478
228
68
4306
5651
4471
1635
2650
1526
5415
3404
3104
2978
4474
53
1949
2026
3463
4045
5551
5861
3461
201
1619
1961
202
3080
1631
4783
2118
209
1711
4788
5758
5875
4601
4603
1885
4280
5763
52
4117
185
3272
5446
4448
537
3235
5800
38
1451
5942
2081
11
261
2989
167
2867
4247
1868
4432
1353
460
4733
3044
1238
5090
450
4658
3195
5378
4567
5726
1921
4805
4874
39
1177
4818
5124
2153
4054
2648
4249
455
5569
3431
1642
1336
5323
82
1174
2185
898
405
3788
5776
5921
5459
5951
5947
2789
5936
5934
259
5454
5932
1941
4030
3409
1448
4976
3441
4256
1812
2226
5898
5920
5916
5520
5896
5930
5483
3834
5906
5935
5470
5937
5950
5952
