0.99183223
0.98796909
0.98686534
0.98443709
0.98432671
0.98256071
0.97759382
0.97593819
0.97461369
0.97384106
0.97108168
0.97075055
0.96920530
0.96766004
0.96677704
0.96523179
0.96357616
0.96302428
0.96092715
0.94834437
0.94503311
0.94448124
0.94381898
0.94293598
0.94094923
0.94028698
0.93907285
0.93763797
0.93708609
0.93543046
0.93432671
0.93399558
0.93267108
0.93233996
0.93035320
0.92935982
0.92880795
0.92781457
0.92759382
0.92538631
0.92395143
0.92306843
0.92273731
0.92262693
0.92207506
0.92163355
0.91931567
0.91810155
0.91732892
0.91644592
0.91600442
0.91445916
0.91368653
0.91225166
0.91192053
0.91147903
0.91125828
0.91081678
0.91048565
0.91004415
0.90827815
0.90772627
0.90584989
0.90573951
0.90430464
0.90364238
0.90309051
0.90264901
0.90242826
0.90121413
0.90022075
0.89988962
0.89889625
0.89724062
0.89668874
0.89558499
0.89547461
0.89514349
0.89503311
0.89381898
0.89348786
0.89304636
0.89249448
0.89150110
0.89061810
0.89006623
0.88973510
0.88940397
0.88885210
0.88774834
0.88631347
0.88565121
0.88377483
0.88256071
0.88200883
0.88178808
0.88156733
0.88123620
0.88068433
0.87935982
0.87869757
0.87803532
0.87615894
0.87571744
0.87538631
0.87483444
0.87417219
0.87373068
0.87362031
0.87262693
0.87218543
0.87097130
0.87041943
0.86997792
0.86942605
0.86810155
0.86721854
0.86688742
0.86556291
0.86423841
0.86401766
0.86368653
0.86346578
0.86280353
0.86258278
0.86214128
0.86203091
0.86158940
0.86059603
0.86048565
0.86037528
0.85960265
0.85938190
0.85905077
0.85849890
0.85838852
0.85816777
0.85662252
0.85573951
0.85529801
0.85474614
0.85441501
0.85375276
0.85309051
0.85275938
0.85209713
0.85099338
0.85055188
0.84988962
0.84966887
0.84911700
0.84790287
0.84724062
0.84690949
0.84668874
0.84635762
0.84591611
0.84558499
0.84514349
0.84282561
0.84271523
0.84227373
0.84216336
0.84161148
0.84105960
0.84028698
0.83984547
0.83918322
0.83874172
0.83818985
0.83774834
0.83708609
0.83686534
0.83642384
0.83620309
0.83587196
0.83576159
0.83520971
0.83498896
0.83487859
0.83355408
0.83333333
0.83278146
0.83233996
0.83101545
0.83057395
0.83024283
0.83002208
0.82947020
0.82869757
0.82858720
0.82847682
0.82836645
0.82814570
0.82781457
0.82715232
0.82649007
0.82637969
0.82604857
0.82571744
0.82516556
0.82494481
0.82461369
0.82439294
0.82373068
0.82306843
0.82229581
0.82119205
0.82075055
0.82030905
0.81997792
0.81964680
0.81953642
0.81920530
0.81876380
0.81854305
0.81721854
0.81677704
0.81600442
0.81534216
0.81501104
0.81412804
0.81401766
0.81335541
0.81269316
0.81247241
0.81203091
0.81192053
0.81114790
0.81070640
0.81048565
0.81026490
0.81015453
0.80916115
0.80905077
0.80860927
0.80827815
0.80816777
0.80805740
0.80794702
0.80783664
0.80761589
0.80529801
0.80485651
0.80441501
0.80408389
0.80386313
0.80220751
0.80198675
0.80121413
0.80110375
0.80077263
0.80033113
0.80011038
0.79988962
0.79966887
0.79911700
0.79889625
0.79834437
0.79801325
0.79768212
0.79735099
0.79690949
0.79657837
0.79613687
0.79558499
0.79481236
0.79459161
0.79403974
0.79370861
0.79315673
0.79249448
0.79238411
0.79205298
0.79128035
0.79116998
0.79083885
0.79050773
0.79017660
0.78995585
0.78951435
0.78896247
0.78885210
0.78863135
0.78841060
0.78796909
0.78741722
0.78708609
0.78642384
0.78598234
0.78565121
0.78543046
0.78498896
0.78432671
0.78410596
0.78399558
0.78388521
0.78256071
0.78178808
0.78145695
0.78112583
0.78002208
0.77958057
0.77902870
0.77880795
0.77847682
0.77825607
0.77715232
0.77704194
0.77649007
0.77604857
0.77461369
0.77428256
0.77406181
0.77373068
0.77339956
0.77295806
0.77240618
0.77207506
0.77196468
0.77185430
0.77152318
0.77141280
0.77097130
0.77064018
0.77030905
0.76986755
0.76931567
0.76920530
0.76898455
0.76821192
0.76788079
0.76777042
0.76743929
0.76688742
0.76644592
0.76589404
0.76556291
0.76534216
0.76490066
0.76456954
0.76445916
0.76412804
0.76401766
0.76346578
0.76302428
0.76269316
0.76225166
0.76169978
0.76103753
0.76092715
0.76070640
0.76037528
0.76015453
0.75971302
0.75960265
0.75949227
0.75905077
0.75838852
0.75805740
0.75750552
0.75706402
0.75695364
0.75662252
0.75640177
0.75551876
0.75452539
0.75430464
0.75397351
0.75331126
0.75298013
0.75253863
0.75198675
0.75165563
0.75077263
0.75044150
0.75022075
0.74977925
0.74933775
0.74911700
0.74889625
0.74867550
0.74845475
0.74790287
0.74779249
0.74746137
0.74735099
0.74679912
0.74668874
0.74624724
0.74602649
0.74547461
0.74503311
0.74492274
0.74459161
0.74403974
0.74348786
0.74337748
0.74315673
0.74282561
0.74227373
0.74205298
0.74139073
0.74116998
0.74083885
0.74061810
0.74050773
0.73995585
0.73896247
0.73863135
0.73807947
0.73752759
0.73708609
0.73653422
0.73609272
0.73543046
0.73520971
0.73498896
0.73454746
0.73421634
0.73366446
0.73355408
0.73278146
0.73256071
0.73222958
0.73189845
0.73156733
0.73134658
0.73101545
0.73035320
0.73024283
0.72947020
0.72891832
0.72847682
0.72803532
0.72781457
0.72770419
0.72715232
0.72693157
0.72682119
0.72626932
0.72538631
0.72483444
0.72417219
0.72395143
0.72373068
0.72362031
0.72328918
0.72317881
0.72251656
0.72218543
0.72152318
0.72130243
0.72097130
0.72008830
0.71942605
0.71876380
0.71832230
0.71788079
0.71732892
0.71677704
0.71655629
0.71644592
0.71600442
0.71534216
0.71523179
0.71445916
0.71401766
0.71313466
0.71225166
0.71203091
0.71147903
0.71136865
0.71125828
0.71059603
0.71015453
0.71004415
0.70949227
0.70883002
0.70871965
0.70838852
0.70816777
0.70794702
0.70673289
0.70662252
0.70640177
0.70573951
0.70518764
0.70474614
0.70430464
0.70419426
0.70375276
0.70331126
0.70242826
0.70231788
0.70220751
0.70198675
0.70165563
0.70154525
0.70110375
0.70099338
0.70055188
0.70022075
0.69955850
0.69878587
0.69812362
0.69790287
0.69779249
0.69757174
0.69735099
0.69713024
0.69668874
0.69591611
0.69547461
0.69547461
0.69525386
0.69503311
0.69492274
0.69470199
0.69415011
0.69403974
0.69392936
0.69381898
0.69370861
0.69359823
0.69304636
0.69271523
0.69249448
0.69172185
0.69150110
0.69094923
0.69083885
0.69072848
0.69050773
0.69017660
0.68984547
0.68940397
0.68885210
0.68863135
0.68852097
0.68830022
0.68774834
0.68708609
0.68675497
0.68642384
0.68598234
0.68576159
0.68554084
0.68520971
0.68487859
0.68432671
0.68388521
0.68344371
0.68289183
0.68245033
0.68233996
0.68211921
0.68200883
0.68167770
0.68134658
0.68123620
0.68079470
0.68046358
0.68024283
0.67880795
0.67858720
0.67825607
0.67792494
0.67759382
0.67737307
0.67726269
0.67704194
0.67682119
0.67682119
0.67682119
0.67682119
0.67682119
0.67682119
0.67682119
0.67682119
0.67682119
0.67682119
0.67682119
0.67682119
0.67682119
0.67682119
0.67682119
0.67682119
0.67682119
0.67682119
0.67682119
0.67682119
0.67682119
0.67682119
0.67671082
0.67649007
0.67604857
0.67582781
0.67560706
0.67516556
0.67494481
0.67472406
0.67428256
0.67384106
0.67373068
0.67350993
0.67306843
0.67240618
0.67185430
0.67130243
0.67075055
0.67052980
0.67019868
0.66997792
0.66975717
0.66810155
0.66766004
0.66710817
0.66677704
0.66644592
0.66589404
0.66523179
0.66490066
0.66456954
0.66434879
0.66368653
0.66357616
0.66335541
0.66324503
0.66258278
0.66236203
0.66203091
0.66169978
0.66114790
0.66081678
0.66081678
0.66048565
0.66004415
0.65982340
0.65982340
0.65982340
0.65960265
0.65949227
0.65927152
0.65883002
0.65849890
0.65794702
0.65772627
0.65750552
0.65695364
0.65629139
0.65584989
0.65496689
0.65485651
0.65463576
0.65452539
0.65430464
0.65375276
0.65353201
0.65253863
0.65176600
0.65110375
0.65011038
0.64988962
0.64955850
0.64922737
0.64900662
0.64889625
0.64867550
0.64845475
0.64845475
0.64823400
0.64779249
0.64768212
0.64746137
0.64701987
0.64657837
0.64602649
0.64591611
0.64580574
0.64580574
0.64580574
0.64580574
0.64580574
0.64580574
0.64580574
0.64580574
0.64580574
0.64580574
0.64580574
0.64580574
0.64580574
0.64580574
0.64580574
0.64580574
0.64580574
0.64580574
0.64580574
0.64580574
0.64580574
0.64580574
0.64580574
0.64580574
0.64580574
0.64580574
0.64580574
0.64580574
0.64580574
0.64580574
0.64580574
0.64580574
0.64580574
0.64580574
0.64580574
0.64580574
0.64580574
0.64580574
0.64580574
0.64580574
0.64580574
0.64580574
0.64558499
0.64514349
0.64514349
0.64481236
0.64481236
0.64481236
0.64426049
0.64392936
0.64392936
0.64392936
0.64304636
0.64271523
0.64249448
0.64216336
0.64183223
0.64161148
0.64128035
0.64094923
0.64050773
0.64017660
0.63918322
0.63874172
0.63841060
0.63796909
0.63763797
0.63719647
0.63719647
0.63719647
0.63719647
0.63719647
0.63719647
0.63719647
0.63719647
0.63719647
0.63719647
0.63719647
0.63719647
0.63719647
0.63719647
0.63719647
0.63719647
0.63719647
0.63719647
0.63719647
0.63719647
0.63719647
0.63719647
0.63719647
0.63719647
0.63719647
0.63719647
0.63719647
0.63719647
0.63719647
0.63719647
0.63719647
0.63719647
0.63719647
0.63719647
0.63719647
0.63719647
0.63719647
0.63719647
0.63719647
0.63719647
0.63719647
0.63719647
0.63719647
0.63719647
0.63719647
0.63719647
0.63719647
0.63719647
0.63719647
0.63719647
0.63719647
0.63719647
0.63719647
0.63719647
0.63719647
0.63719647
0.63719647
0.63719647
0.63719647
0.63719647
0.63719647
0.63719647
0.63719647
0.63719647
0.63719647
0.63708609
0.63686534
0.63686534
0.63686534
0.63686534
0.63686534
0.63609272
0.63609272
0.63598234
0.63576159
0.63554084
0.63520971
0.63509934
0.63487859
0.63476821
0.63421634
0.63344371
0.63322296
0.63278146
0.63278146
0.63278146
0.63278146
0.63278146
0.63278146
0.63278146
0.63278146
0.63278146
0.63278146
0.63278146
0.63278146
0.63278146
0.63278146
0.63278146
0.63278146
0.63278146
0.63278146
0.63278146
0.63278146
0.63278146
0.63278146
0.63278146
0.63278146
0.63278146
0.63278146
0.63278146
0.63278146
0.63278146
0.63278146
0.63278146
0.63278146
0.63278146
0.63278146
0.63278146
0.63278146
0.63278146
0.63278146
0.63278146
0.63278146
0.63278146
0.63278146
0.63278146
0.63278146
0.63278146
0.63278146
0.63278146
0.63278146
0.63278146
0.63278146
0.63278146
0.63278146
0.63278146
0.63267108
0.63256071
0.63245033
0.63233996
0.63222958
0.63211921
0.63200883
0.63189845
0.63178808
0.63112583
0.63090508
0.63068433
0.63057395
0.63046358
0.63013245
0.62980132
0.62913907
0.62858720
0.62814570
0.62803532
0.62792494
0.62770419
0.62770419
0.62759382
0.62759382
0.62737307
0.62671082
0.62649007
0.62637969
0.62593819
0.62571744
0.62538631
0.62505519
0.62494481
0.62439294
0.62395143
0.62328918
0.62317881
0.62295806
0.62295806
0.62295806
0.62295806
0.62295806
0.62284768
0.62273731
0.62240618
0.62240618
0.62185430
0.62174393
0.62152318
0.62130243
0.62119205
0.62108168
0.62097130
0.62086093
0.62075055
0.62064018
0.62052980
0.62041943
0.62008830
0.62008830
0.62008830
0.61975717
0.61931567
0.61909492
0.61898455
0.61887417
0.61876380
0.61843267
0.61832230
0.61821192
0.61799117
0.61788079
0.61743929
0.61699779
0.61677704
0.61677704
0.61666667
0.61633554
0.61567329
0.61545254
0.61534216
0.61512141
0.61479029
0.61467991
0.61467991
0.61456954
0.61445916
0.61434879
0.61423841
0.61412804
0.61401766
0.61390728
0.61379691
0.61368653
0.61357616
0.61346578
0.61346578
0.61335541
0.61291391
0.61269316
0.61258278
0.61247241
0.61214128
0.61192053
0.61181015
0.61169978
0.61158940
0.61125828
0.61070640
0.61037528
0.61015453
0.61004415
0.60971302
0.60927152
0.60860927
0.60838852
0.60805740
0.60761589
0.60662252
0.60662252
0.60662252
0.60662252
0.60662252
0.60662252
0.60662252
0.60662252
0.60662252
0.60662252
0.60662252
0.60662252
0.60662252
0.60629139
0.60596026
0.60551876
0.60540839
0.60496689
0.60485651
0.60474614
0.60452539
0.60441501
0.60430464
0.60419426
0.60397351
0.60342163
0.60320088
0.60309051
0.60298013
0.60253863
0.60242826
0.60176600
0.60154525
0.60132450
0.60099338
0.60077263
0.60066225
0.60055188
0.60055188
0.60044150
0.60022075
0.60011038
0.60000000
0.59988962
0.59977925
0.59966887
0.59955850
0.59911700
0.59900662
0.59878587
0.59845475
0.59834437
0.59823400
0.59801325
0.59746137
0.59690949
0.59635762
0.59613687
0.59602649
0.59591611
0.59547461
0.59503311
0.59492274
0.59481236
0.59448124
0.59437086
0.59426049
0.59415011
0.59403974
0.59370861
0.59359823
0.59304636
0.59249448
0.59205298
0.59194260
0.59183223
0.59128035
0.59094923
0.59083885
0.59039735
0.59028698
0.58940397
0.58940397
0.58940397
0.58940397
0.58907285
0.58885210
0.58852097
0.58818985
0.58785872
0.58752759
0.58741722
0.58741722
0.58741722
0.58741722
0.58741722
0.58741722
0.58741722
0.58741722
0.58741722
0.58741722
0.58741722
0.58741722
0.58741722
0.58741722
0.58741722
0.58741722
0.58741722
0.58741722
0.58741722
0.58741722
0.58741722
0.58741722
0.58741722
0.58741722
0.58741722
0.58741722
0.58741722
0.58741722
0.58741722
0.58686534
0.58653422
0.58620309
0.58609272
0.58598234
0.58532009
0.58498896
0.58498896
0.58498896
0.58498896
0.58498896
0.58498896
0.58498896
0.58454746
0.58388521
0.58366446
0.58333333
0.58311258
0.58245033
0.58211921
0.58178808
0.58167770
0.58167770
0.58145695
0.58134658
0.58112583
0.58068433
0.58057395
0.58057395
0.58046358
0.58035320
0.58024283
0.57991170
0.57980132
0.57969095
0.57947020
0.57935982
0.57913907
0.57880795
0.57880795
0.57880795
0.57792494
0.57781457
0.57770419
0.57737307
0.57704194
0.57693157
0.57682119
0.57671082
0.57660044
0.57637969
0.57615894
0.57593819
0.57593819
0.57527594
0.57516556
0.57494481
0.57494481
0.57494481
0.57494481
0.57494481
0.57494481
0.57494481
0.57494481
0.57494481
0.57494481
0.57494481
0.57494481
0.57494481
0.57494481
0.57494481
0.57494481
0.57494481
0.57494481
0.57494481
0.57483444
0.57472406
0.57461369
0.57450331
0.57450331
0.57450331
0.57450331
0.57406181
0.57384106
0.57373068
0.57362031
0.57350993
0.57350993
0.57350993
0.57350993
0.57339956
0.57317881
0.57306843
0.57262693
0.57251656
0.57240618
0.57185430
0.57174393
0.57163355
0.57119205
0.57086093
0.57064018
0.57052980
0.57008830
0.56997792
0.56964680
0.56931567
0.56920530
0.56887417
0.56843267
0.56799117
0.56788079
0.56754967
0.56721854
0.56666667
0.56655629
0.56633554
0.56578366
0.56545254
0.56534216
0.56523179
0.56501104
0.56467991
0.56434879
0.56401766
0.56357616
0.56346578
0.56313466
0.56269316
0.56247241
0.56236203
0.56192053
0.56169978
0.56125828
0.56081678
0.56059603
0.56037528
0.56026490
0.56015453
0.56004415
0.55971302
0.55938190
0.55916115
0.55894040
0.55883002
0.55871965
0.55871965
0.55871965
0.55871965
0.55871965
0.55871965
0.55871965
0.55871965
0.55871965
0.55871965
0.55871965
0.55871965
0.55871965
0.55871965
0.55871965
0.55871965
0.55871965
0.55860927
0.55860927
0.55849890
0.55805740
0.55794702
0.55761589
0.55761589
0.55761589
0.55728477
0.55684327
0.55662252
0.55651214
0.55651214
0.55640177
0.55629139
0.55596026
0.55562914
0.55551876
0.55529801
0.55507726
0.55430464
0.55375276
0.55331126
0.55298013
0.55231788
0.55176600
0.55154525
0.55143488
0.55132450
0.55088300
0.55077263
0.55066225
0.54988962
0.54977925
0.54944812
0.54911700
0.54878587
0.54834437
0.54812362
0.54790287
0.54790287
0.54768212
0.54724062
0.54701987
0.54690949
0.54646799
0.54635762
0.54624724
0.54613687
0.54602649
0.54591611
0.54558499
0.54547461
0.54492274
0.54481236
0.54459161
0.54448124
0.54437086
0.54426049
0.54392936
0.54392936
0.54381898
0.54370861
0.54326711
0.54315673
0.54282561
0.54271523
0.54260486
0.54238411
0.54194260
0.54150110
0.54128035
0.54128035
0.54128035
0.54128035
0.54128035
0.54128035
0.54128035
0.54128035
0.54128035
0.54128035
0.54128035
0.54128035
0.54128035
0.54128035
0.54128035
0.54116998
0.54072848
0.54061810
0.54061810
0.54017660
0.54006623
0.53995585
0.53984547
0.53962472
0.53951435
0.53940397
0.53929360
0.53896247
0.53852097
0.53807947
0.53796909
0.53763797
0.53741722
0.53719647
0.53675497
0.53631347
0.53598234
0.53587196
0.53576159
0.53565121
0.53532009
0.53476821
0.53421634
0.53399558
0.53377483
0.53355408
0.53322296
0.53311258
0.53300221
0.53278146
0.53245033
0.53211921
0.53145695
0.53134658
0.53123620
0.53090508
0.53068433
0.53035320
0.52991170
0.52980132
0.52969095
0.52958057
0.52947020
0.52935982
0.52913907
0.52902870
0.52891832
0.52858720
0.52847682
0.52781457
0.52770419
0.52759382
0.52748344
0.52737307
0.52726269
0.52693157
0.52682119
0.52671082
0.52604857
0.52560706
0.52483444
0.52439294
0.52417219
0.52384106
0.52373068
0.52362031
0.52339956
0.52317881
0.52317881
0.52317881
0.52295806
0.52218543
0.52196468
0.52174393
0.52174393
0.52174393
0.52174393
0.52174393
0.52174393
0.52174393
0.52174393
0.52174393
0.52174393
0.52174393
0.52174393
0.52174393
0.52174393
0.52163355
0.52108168
0.52108168
0.52108168
0.52108168
0.52108168
0.52108168
0.52097130
0.52030905
0.52008830
0.51975717
0.51942605
0.51942605
0.51920530
0.51887417
0.51821192
0.51766004
0.51754967
0.51743929
0.51666667
0.51644592
0.51633554
0.51622517
0.51611479
0.51589404
0.51567329
0.51556291
0.51523179
0.51512141
0.51479029
0.51412804
0.51412804
0.51412804
0.51390728
0.51324503
0.51302428
0.51280353
0.51247241
0.51225166
0.51203091
0.51158940
0.51125828
0.51092715
0.51015453
0.50982340
0.50960265
0.50949227
0.50938190
0.50927152
0.50905077
0.50894040
0.50883002
0.50871965
0.50838852
0.50827815
0.50816777
0.50805740
0.50783664
0.50739514
0.50706402
0.50673289
0.50640177
0.50629139
0.50596026
0.50584989
0.50551876
0.50496689
0.50463576
0.50452539
0.50408389
0.50386313
0.50364238
0.50353201
0.50331126
0.50320088
0.50264901
0.50209713
0.50198675
0.50176600
0.50176600
0.50176600
0.50176600
0.50176600
0.50176600
0.50176600
0.50176600
0.50176600
0.50176600
0.50176600
0.50176600
0.50176600
0.50176600
0.50176600
0.50176600
0.50176600
0.50176600
0.50176600
0.50176600
0.50176600
0.50176600
0.50176600
0.50176600
0.50176600
0.50165563
0.50143488
0.50143488
0.50132450
0.50132450
0.50121413
0.50099338
0.50066225
0.50055188
0.50044150
0.50022075
0.49977925
0.49966887
0.49955850
0.49933775
0.49933775
0.49933775
0.49900662
0.49889625
0.49878587
0.49867550
0.49768212
0.49757174
0.49735099
0.49724062
0.49701987
0.49690949
0.49657837
0.49624724
0.49613687
0.49602649
0.49591611
0.49580574
0.49569536
0.49547461
0.49536424
0.49525386
0.49514349
0.49481236
0.49459161
0.49426049
0.49403974
0.49359823
0.49315673
0.49304636
0.49293598
0.49282561
0.49271523
0.49238411
0.49205298
0.49128035
0.49094923
0.49061810
0.49017660
0.49017660
0.48962472
0.48951435
0.48929360
0.48929360
0.48907285
0.48885210
0.48874172
0.48807947
0.48807947
0.48807947
0.48807947
0.48807947
0.48807947
0.48807947
0.48807947
0.48807947
0.48807947
0.48807947
0.48807947
0.48807947
0.48807947
0.48807947
0.48796909
0.48774834
0.48741722
0.48741722
0.48741722
0.48741722
0.48664459
0.48664459
0.48653422
0.48631347
0.48609272
0.48609272
0.48598234
0.48587196
0.48565121
0.48498896
0.48465784
0.48432671
0.48421634
0.48366446
0.48344371
0.48311258
0.48267108
0.48245033
0.48222958
0.48178808
0.48145695
0.48134658
0.48112583
0.48035320
0.48013245
0.48013245
0.47991170
0.47947020
0.47924945
0.47902870
0.47869757
0.47836645
0.47792494
0.47726269
0.47715232
0.47704194
0.47693157
0.47671082
0.47626932
0.47615894
0.47582781
0.47505519
0.47395143
0.47384106
0.47373068
0.47339956
0.47306843
0.47273731
0.47262693
0.47218543
0.47185430
0.47152318
0.47152318
0.47152318
0.47141280
0.47119205
0.47097130
0.47052980
0.47041943
0.47008830
0.46997792
0.46975717
0.46964680
0.46920530
0.46865342
0.46810155
0.46766004
0.46743929
0.46743929
0.46743929
0.46743929
0.46710817
0.46688742
0.46655629
0.46600442
0.46567329
0.46567329
0.46567329
0.46567329
0.46567329
0.46567329
0.46567329
0.46567329
0.46567329
0.46567329
0.46567329
0.46567329
0.46567329
0.46567329
0.46567329
0.46567329
0.46567329
0.46567329
0.46567329
0.46556291
0.46545254
0.46523179
0.46501104
0.46490066
0.46479029
0.46467991
0.46412804
0.46379691
0.46368653
0.46313466
0.46313466
0.46313466
0.46313466
0.46313466
0.46313466
0.46313466
0.46269316
0.46236203
0.46225166
0.46169978
0.46125828
0.46081678
0.46037528
0.46026490
0.46015453
0.46015453
0.46004415
0.45960265
0.45938190
0.45927152
0.45827815
0.45794702
0.45772627
0.45739514
0.45739514
0.45739514
0.45695364
0.45673289
0.45629139
0.45618102
0.45607064
0.45562914
0.45507726
0.45452539
0.45441501
0.45430464
0.45364238
0.45298013
0.45264901
0.45242826
0.45165563
0.45165563
0.45165563
0.45154525
0.45132450
0.45066225
0.45044150
0.45022075
0.45011038
0.45000000
0.44966887
0.44944812
0.44922737
0.44911700
0.44900662
0.44878587
0.44867550
0.44845475
0.44812362
0.44812362
0.44812362
0.44812362
0.44812362
0.44812362
0.44812362
0.44790287
0.44779249
0.44713024
0.44679912
0.44657837
0.44635762
0.44624724
0.44580574
0.44525386
0.44470199
0.44403974
0.44337748
0.44337748
0.44337748
0.44304636
0.44304636
0.44304636
0.44304636
0.44304636
0.44304636
0.44304636
0.44304636
0.44304636
0.44304636
0.44304636
0.44304636
0.44304636
0.44304636
0.44304636
0.44304636
0.44304636
0.44304636
0.44293598
0.44293598
0.44282561
0.44249448
0.44194260
0.44116998
0.44105960
0.44072848
0.44039735
0.43973510
0.43973510
0.43973510
0.43973510
0.43973510
0.43973510
0.43973510
0.43973510
0.43973510
0.43973510
0.43973510
0.43973510
0.43973510
0.43940397
0.43929360
0.43918322
0.43885210
0.43863135
0.43852097
0.43818985
0.43796909
0.43763797
0.43741722
0.43730684
0.43719647
0.43719647
0.43719647
0.43719647
0.43697572
0.43642384
0.43576159
0.43532009
0.43509934
0.43487859
0.43465784
0.43454746
0.43421634
0.43399558
0.43355408
0.43300221
0.43256071
0.43167770
0.43123620
0.43101545
0.43079470
0.43057395
0.43057395
0.42947020
0.42891832
0.42858720
0.42836645
0.42792494
0.42759382
0.42726269
0.42671082
0.42660044
0.42615894
0.42560706
0.42494481
0.42439294
0.42373068
0.42339956
0.42317881
0.42295806
0.42251656
0.42229581
0.42218543
0.42174393
0.42130243
0.42086093
0.42064018
0.42041943
0.41986755
0.41964680
0.41942605
0.41920530
0.41865342
0.41821192
0.41821192
0.41821192
0.41821192
0.41821192
0.41821192
0.41821192
0.41821192
0.41821192
0.41821192
0.41821192
0.41821192
0.41821192
0.41821192
0.41821192
0.41821192
0.41821192
0.41821192
0.41821192
0.41821192
0.41821192
0.41821192
0.41821192
0.41821192
0.41821192
0.41821192
0.41821192
0.41810155
0.41777042
0.41766004
0.41754967
0.41721854
0.41666667
0.41611479
0.41589404
0.41578366
0.41523179
0.41512141
0.41501104
0.41501104
0.41490066
0.41479029
0.41456954
0.41423841
0.41390728
0.41390728
0.41335541
0.41302428
0.41247241
0.41236203
0.41158940
0.41136865
0.41125828
0.41059603
0.41004415
0.40949227
0.40905077
0.40860927
0.40838852
0.40816777
0.40783664
0.40739514
0.40695364
0.40651214
0.40629139
0.40607064
0.40562914
0.40540839
0.40507726
0.40463576
0.40386313
0.40342163
0.40320088
0.40298013
0.40275938
0.40209713
0.40187638
0.40121413
0.40088300
0.40055188
0.39977925
0.39933775
0.39856512
0.39823400
0.39801325
0.39735099
0.39668874
0.39613687
0.39613687
0.39558499
0.39481236
0.39481236
0.39459161
0.39415011
0.39370861
0.39348786
0.39326711
0.39293598
0.39271523
0.39271523
0.39271523
0.39271523
0.39249448
0.39216336
0.39194260
0.39194260
0.39150110
0.39094923
0.39061810
0.39006623
0.38995585
0.38984547
0.38940397
0.38818985
0.38785872
0.38752759
0.38708609
0.38653422
0.38609272
0.38554084
0.38520971
0.38465784
0.38465784
0.38465784
0.38421634
0.38377483
0.38366446
0.38311258
0.38267108
0.38211921
0.38189845
0.38156733
0.38123620
0.38068433
0.38024283
0.37969095
0.37913907
0.37880795
0.37836645
0.37836645
0.37803532
0.37792494
0.37704194
0.37660044
0.37637969
0.37604857
0.37516556
0.37472406
0.37439294
0.37373068
0.37339956
0.37295806
0.37251656
0.37218543
0.37174393
0.37130243
0.37075055
0.37041943
0.36986755
0.36942605
0.36931567
0.36920530
0.36887417
0.36821192
0.36777042
0.36754967
0.36754967
0.36754967
0.36743929
0.36677704
0.36633554
0.36589404
0.36479029
0.36456954
0.36423841
0.36401766
0.36368653
0.36346578
0.36335541
0.36291391
0.36269316
0.36225166
0.36214128
0.36192053
0.36114790
0.36114790
0.36103753
0.36004415
0.35905077
0.35883002
0.35805740
0.35761589
0.35717439
0.35706402
0.35706402
0.35684327
0.35640177
0.35629139
0.35607064
0.35573951
0.35518764
0.35474614
0.35408389
0.35364238
0.35342163
0.35342163
0.35320088
0.35242826
0.35242826
0.35231788
0.35231788
0.35231788
0.35231788
0.35231788
0.35231788
0.35231788
0.35231788
0.35231788
0.35231788
0.35231788
0.35231788
0.35231788
0.35231788
0.35110375
0.35110375
0.35088300
0.35022075
0.34977925
0.34922737
0.34900662
0.34878587
0.34867550
0.34834437
0.34801325
0.34768212
0.34657837
0.34613687
0.34569536
0.34536424
0.34514349
0.34470199
0.34426049
0.34392936
0.34326711
0.34282561
0.34271523
0.34227373
0.34172185
0.34072848
0.34028698
0.33995585
0.33918322
0.33874172
0.33852097
0.33852097
0.33830022
0.33774834
0.33752759
0.33752759
0.33752759
0.33730684
0.33686534
0.33675497
0.33675497
0.33631347
0.33565121
0.33498896
0.33476821
0.33465784
0.33421634
0.33399558
0.33377483
0.33344371
0.33333333
0.33322296
0.33233996
0.33189845
0.33178808
0.33134658
0.33068433
0.33046358
0.33024283
0.33024283
0.32980132
0.32891832
0.32814570
0.32770419
0.32737307
0.32682119
0.32671082
0.32671082
0.32671082
0.32671082
0.32671082
0.32671082
0.32671082
0.32671082
0.32671082
0.32660044
0.32615894
0.32560706
0.32527594
0.32505519
0.32472406
0.32439294
0.32439294
0.32439294
0.32439294
0.32439294
0.32439294
0.32439294
0.32439294
0.32439294
0.32439294
0.32439294
0.32439294
0.32339956
0.32229581
0.32174393
0.32119205
0.32086093
0.32052980
0.32041943
0.31997792
0.31964680
0.31920530
0.31854305
0.31843267
0.31821192
0.31810155
0.31754967
0.31754967
0.31721854
0.31688742
0.31633554
0.31622517
0.31567329
0.31556291
0.31523179
0.31501104
0.31467991
0.31390728
0.31324503
0.31302428
0.31280353
0.31236203
0.31214128
0.31192053
0.31169978
0.31136865
0.31136865
0.31092715
0.31037528
0.31026490
0.31026490
0.30982340
0.30982340
0.30949227
0.30916115
0.30894040
0.30838852
0.30805740
0.30772627
0.30772627
0.30728477
0.30728477
0.30695364
0.30662252
0.30651214
0.30640177
0.30551876
0.30485651
0.30430464
0.30430464
0.30430464
0.30430464
0.30430464
0.30419426
0.30386313
0.30386313
0.30386313
0.30386313
0.30353201
0.30309051
0.30275938
0.30165563
0.30143488
0.30088300
0.30055188
0.30022075
0.29977925
0.29977925
0.29977925
0.29977925
0.29977925
0.29977925
0.29977925
0.29977925
0.29977925
0.29977925
0.29977925
0.29955850
0.29933775
0.29889625
0.29856512
0.29834437
0.29812362
0.29724062
0.29657837
0.29580574
0.29569536
0.29481236
0.29448124
0.29403974
0.29381898
0.29348786
0.29260486
0.29249448
0.29227373
0.29205298
0.29094923
0.28995585
0.28973510
0.28973510
0.28918322
0.28885210
0.28852097
0.28852097
0.28852097
0.28841060
0.28830022
0.28807947
0.28664459
0.28620309
0.28587196
0.28587196
0.28587196
0.28587196
0.28587196
0.28554084
0.28543046
0.28509934
0.28509934
0.28509934
0.28487859
0.28476821
0.28421634
0.28399558
0.28377483
0.28355408
0.28322296
0.28189845
0.28189845
0.28189845
0.28156733
0.28123620
0.28101545
0.28068433
0.28046358
0.28024283
0.28013245
0.28013245
0.27991170
0.27969095
0.27958057
0.27913907
0.27847682
0.27715232
0.27693157
0.27637969
0.27604857
0.27582781
0.27549669
0.27516556
0.27516556
0.27516556
0.27516556
0.27483444
0.27483444
0.27461369
0.27417219
0.27417219
0.27384106
0.27362031
0.27339956
0.27317881
0.27295806
0.27284768
0.27262693
0.27262693
0.27218543
0.27174393
0.27152318
0.27152318
0.27152318
0.27152318
0.27152318
0.27152318
0.27108168
0.27108168
0.26997792
0.26942605
0.26920530
0.26909492
0.26909492
0.26854305
0.26732892
0.26710817
0.26622517
0.26600442
0.26578366
0.26578366
0.26556291
0.26512141
0.26501104
0.26479029
0.26445916
0.26445916
0.26445916
0.26445916
0.26445916
0.26412804
0.26412804
0.26412804
0.26412804
0.26412804
0.26379691
0.26346578
0.26324503
0.26324503
0.26324503
0.26324503
0.26324503
0.26280353
0.26269316
0.26247241
0.26214128
0.26192053
0.26181015
0.26169978
0.26158940
0.26114790
0.26103753
0.26048565
0.26004415
0.25982340
0.25905077
0.25883002
0.25883002
0.25883002
0.25883002
0.25883002
0.25883002
0.25883002
0.25883002
0.25883002
0.25883002
0.25883002
0.25883002
0.25883002
0.25883002
0.25883002
0.25883002
0.25883002
0.25883002
0.25883002
0.25883002
0.25883002
0.25883002
0.25883002
0.25883002
0.25883002
0.25883002
0.25883002
0.25883002
0.25883002
0.25883002
0.25883002
0.25883002
0.25883002
0.25883002
0.25883002
0.25883002
0.25883002
0.25883002
0.25883002
0.25827815
0.25816777
0.25772627
0.25728477
0.25629139
0.25596026
0.25518764
0.25507726
0.25485651
0.25474614
0.25452539
0.25441501
0.25408389
0.25397351
0.25364238
0.25342163
0.25286976
0.25264901
0.25209713
0.25209713
0.25198675
0.25088300
0.25066225
0.24966887
0.24889625
0.24834437
0.24801325
0.24757174
0.24735099
0.24613687
0.24591611
0.24580574
0.24580574
0.24580574
0.24580574
0.24580574
0.24580574
0.24514349
0.24514349
0.24470199
0.24426049
0.24403974
0.24359823
0.24337748
0.24260486
0.24260486
0.24227373
0.24227373
0.24205298
0.24183223
0.24150110
0.24094923
0.24083885
0.24072848
0.24039735
0.23973510
0.23940397
0.23940397
0.23940397
0.23940397
0.23929360
0.23852097
0.23852097
0.23852097
0.23852097
0.23852097
0.23852097
0.23852097
0.23852097
0.23852097
0.23852097
0.23852097
0.23852097
0.23852097
0.23852097
0.23852097
0.23852097
0.23852097
0.23852097
0.23852097
0.23852097
0.23852097
0.23852097
0.23852097
0.23852097
0.23852097
0.23852097
0.23852097
0.23852097
0.23852097
0.23774834
0.23675497
0.23664459
0.23631347
0.23587196
0.23565121
0.23487859
0.23465784
0.23454746
0.23421634
0.23399558
0.23377483
0.23366446
0.23344371
0.23256071
0.23233996
0.23178808
0.23178808
0.23178808
0.23156733
0.23156733
0.23090508
0.23079470
0.23035320
0.22891832
0.22858720
0.22825607
0.22781457
0.22748344
0.22748344
0.22637969
0.22637969
0.22571744
0.22571744
0.22571744
0.22538631
0.22538631
0.22538631
0.22538631
0.22538631
0.22516556
0.22494481
0.22494481
0.22494481
0.22494481
0.22494481
0.22494481
0.22494481
0.22494481
0.22494481
0.22494481
0.22494481
0.22494481
0.22483444
0.22472406
0.22450331
0.22439294
0.22428256
0.22406181
0.22373068
0.22373068
0.22373068
0.22373068
0.22328918
0.22284768
0.22273731
0.22262693
0.22174393
0.22163355
0.22141280
0.22119205
0.22030905
0.22008830
0.21997792
0.21986755
0.21986755
0.21986755
0.21986755
0.21986755
0.21986755
0.21986755
0.21986755
0.21986755
0.21986755
0.21986755
0.21986755
0.21986755
0.21986755
0.21986755
0.21986755
0.21942605
0.21920530
0.21854305
0.21810155
0.21743929
0.21677704
0.21600442
0.21567329
0.21501104
0.21501104
0.21456954
0.21401766
0.21357616
0.21324503
0.21291391
0.21169978
0.21125828
0.21048565
0.21026490
0.21015453
0.20960265
0.20938190
0.20938190
0.20916115
0.20916115
0.20916115
0.20916115
0.20860927
0.20827815
0.20827815
0.20750552
0.20728477
0.20728477
0.20728477
0.20728477
0.20651214
0.20629139
0.20584989
0.20573951
0.20573951
0.20573951
0.20573951
0.20573951
0.20573951
0.20573951
0.20573951
0.20573951
0.20441501
0.20419426
0.20353201
0.20353201
0.20331126
0.20198675
0.20198675
0.20198675
0.20198675
0.20154525
0.20154525
0.20154525
0.20099338
0.20099338
0.20033113
0.20011038
0.20011038
0.19977925
0.19977925
0.19944812
0.19922737
0.19922737
0.19900662
0.19900662
0.19900662
0.19900662
0.19900662
0.19900662
0.19900662
0.19900662
0.19900662
0.19900662
0.19900662
0.19900662
0.19900662
0.19900662
0.19900662
0.19900662
0.19900662
0.19900662
0.19900662
0.19900662
0.19900662
0.19845475
0.19801325
0.19746137
0.19746137
0.19713024
0.19713024
0.19591611
0.19525386
0.19525386
0.19525386
0.19525386
0.19525386
0.19525386
0.19525386
0.19525386
0.19525386
0.19525386
0.19525386
0.19503311
0.19503311
0.19481236
0.19459161
0.19459161
0.19459161
0.19459161
0.19459161
0.19459161
0.19459161
0.19459161
0.19459161
0.19459161
0.19437086
0.19415011
0.19381898
0.19348786
0.19315673
0.19271523
0.19271523
0.19271523
0.19271523
0.19271523
0.19271523
0.19271523
0.19271523
0.19271523
0.19271523
0.19271523
0.19271523
0.19271523
0.19271523
0.19271523
0.19271523
0.19271523
0.19271523
0.19271523
0.19271523
0.19271523
0.19271523
0.19271523
0.19271523
0.19271523
0.19271523
0.19271523
0.19271523
0.19271523
0.19271523
0.19271523
0.19271523
0.19271523
0.19271523
0.19271523
0.19271523
0.19271523
0.19271523
0.19271523
0.19271523
0.19271523
0.19271523
0.19271523
0.19271523
0.19271523
0.19271523
0.19271523
0.19271523
0.19271523
0.19271523
0.19271523
0.19271523
0.19271523
0.19271523
0.19271523
0.19172185
0.19105960
0.19083885
0.19017660
0.19017660
0.19017660
0.19017660
0.19017660
0.19017660
0.19017660
0.19017660
0.19017660
0.19017660
0.19017660
0.19017660
0.19017660
0.19017660
0.19017660
0.19017660
0.19017660
0.19017660
0.19017660
0.19017660
0.19017660
0.19017660
0.19017660
0.19017660
0.19017660
0.19017660
0.19017660
0.19017660
0.19017660
0.19017660
0.19017660
0.19017660
0.19017660
0.19017660
0.19017660
0.19017660
0.19017660
0.19017660
0.19017660
0.19017660
0.19017660
0.19017660
0.19017660
0.19017660
0.19017660
0.19017660
0.19017660
0.19006623
0.18995585
0.18984547
0.18973510
0.18962472
0.18951435
0.18940397
0.18929360
0.18929360
0.18918322
0.18907285
0.18896247
0.18885210
0.18874172
0.18863135
0.18852097
0.18852097
0.18852097
0.18841060
0.18830022
0.18818985
0.18807947
0.18796909
0.18785872
0.18774834
0.18763797
0.18752759
0.18741722
0.18741722
0.18730684
0.18719647
0.18708609
0.18686534
0.18675497
0.18664459
0.18653422
0.18642384
0.18631347
0.18609272
0.18609272
0.18609272
0.18609272
0.18609272
0.18609272
0.18609272
0.18609272
0.18609272
0.18532009
0.18432671
0.18333333
0.18322296
0.18311258
0.18300221
0.18289183
0.18278146
0.18267108
0.18256071
0.18245033
0.18222958
0.18211921
0.18200883
0.18090508
0.18090508
0.18068433
0.18046358
0.18035320
0.18024283
0.17935982
0.17924945
0.17913907
0.17803532
0.17792494
0.17759382
0.17748344
0.17737307
0.17704194
0.17693157
0.17682119
0.17671082
0.17660044
0.17649007
0.17637969
0.17626932
0.17615894
0.17582781
0.17560706
0.17549669
0.17527594
0.17505519
0.17483444
0.17461369
0.17450331
0.17450331
0.17439294
0.17428256
0.17395143
0.17384106
0.17350993
0.17339956
0.17317881
0.17295806
0.17295806
0.17295806
0.17295806
0.17284768
0.17273731
0.17262693
0.17251656
0.17207506
0.17196468
0.17163355
0.17130243
0.17119205
0.17097130
0.17086093
0.17075055
0.17064018
0.17052980
0.17041943
0.17030905
0.17019868
0.17008830
0.16997792
0.16986755
0.16975717
0.16964680
0.16953642
0.16942605
0.16931567
0.16909492
0.16909492
0.16909492
0.16887417
0.16887417
0.16887417
0.16887417
0.16887417
0.16887417
0.16887417
0.16887417
0.16887417
0.16887417
0.16887417
0.16887417
0.16887417
0.16887417
0.16887417
0.16887417
0.16887417
0.16887417
0.16887417
0.16887417
0.16887417
0.16887417
0.16876380
0.16865342
0.16854305
0.16854305
0.16821192
0.16732892
0.16688742
0.16666667
0.16633554
0.16622517
0.16611479
0.16600442
0.16589404
0.16556291
0.16490066
0.16357616
0.16346578
0.16335541
0.16313466
0.16302428
0.16291391
0.16258278
0.16203091
0.16192053
0.16181015
0.16169978
0.16158940
0.16114790
0.16092715
0.16081678
0.16081678
0.16081678
0.16070640
0.16059603
0.16048565
0.16037528
0.16026490
0.16004415
0.15971302
0.15927152
0.15905077
0.15894040
0.15860927
0.15827815
0.15794702
0.15783664
0.15772627
0.15772627
0.15750552
0.15728477
0.15684327
0.15629139
0.15573951
0.15562914
0.15551876
0.15540839
0.15529801
0.15518764
0.15507726
0.15507726
0.15496689
0.15474614
0.15463576
0.15463576
0.15463576
0.15463576
0.15419426
0.15419426
0.15419426
0.15419426
0.15419426
0.15419426
0.15419426
0.15419426
0.15419426
0.15419426
0.15419426
0.15419426
0.15419426
0.15419426
0.15419426
0.15419426
0.15419426
0.15419426
0.15419426
0.15419426
0.15419426
0.15419426
0.15419426
0.15419426
0.15419426
0.15386313
0.15331126
0.15331126
0.15331126
0.15320088
0.15309051
0.15253863
0.15231788
0.15209713
0.15198675
0.15187638
0.15132450
0.15132450
0.15099338
0.15044150
0.15044150
0.15033113
0.15022075
0.14977925
0.14922737
0.14911700
0.14823400
0.14812362
0.14801325
0.14790287
0.14779249
0.14768212
0.14724062
0.14713024
0.14690949
0.14679912
0.14668874
0.14657837
0.14646799
0.14591611
0.14547461
0.14536424
0.14536424
0.14536424
0.14426049
0.14415011
0.14403974
0.14392936
0.14381898
0.14348786
0.14337748
0.14304636
0.14249448
0.14238411
0.14227373
0.14194260
0.14183223
0.14172185
0.14161148
0.14105960
0.14072848
0.14061810
0.14039735
0.14028698
0.14017660
0.14006623
0.14006623
0.13973510
0.13962472
0.13962472
0.13962472
0.13962472
0.13962472
0.13962472
0.13962472
0.13962472
0.13962472
0.13962472
0.13962472
0.13962472
0.13962472
0.13962472
0.13962472
0.13951435
0.13940397
0.13929360
0.13918322
0.13907285
0.13896247
0.13863135
0.13830022
0.13818985
0.13785872
0.13763797
0.13719647
0.13708609
0.13697572
0.13686534
0.13664459
0.13653422
0.13631347
0.13587196
0.13509934
0.13498896
0.13487859
0.13476821
0.13465784
0.13454746
0.13443709
0.13421634
0.13410596
0.13355408
0.13344371
0.13333333
0.13278146
0.13267108
0.13222958
0.13222958
0.13200883
0.13189845
0.13134658
0.13123620
0.13068433
0.13024283
0.13002208
0.12991170
0.12935982
0.12858720
0.12836645
0.12803532
0.12792494
0.12781457
0.12770419
0.12759382
0.12748344
0.12737307
0.12726269
0.12693157
0.12671082
0.12637969
0.12604857
0.12604857
0.12604857
0.12604857
0.12593819
0.12582781
0.12549669
0.12516556
0.12483444
0.12483444
0.12472406
0.12472406
0.12428256
0.12417219
0.12406181
0.12395143
0.12384106
0.12373068
0.12362031
0.12362031
0.12362031
0.12362031
0.12362031
0.12362031
0.12362031
0.12362031
0.12362031
0.12339956
0.12328918
0.12295806
0.12284768
0.12251656
0.12240618
0.12229581
0.12218543
0.12207506
0.12196468
0.12163355
0.12152318
0.12141280
0.12130243
0.12108168
0.12086093
0.12064018
0.12041943
0.12019868
0.11986755
0.11953642
0.11931567
0.11898455
0.11876380
0.11821192
0.11810155
0.11788079
0.11777042
0.11766004
0.11743929
0.11699779
0.11644592
0.11611479
0.11589404
0.11578366
0.11556291
0.11512141
0.11467991
0.11434879
0.11368653
0.11335541
0.11335541
0.11302428
0.11280353
0.11258278
0.11247241
0.11236203
0.11225166
0.11225166
0.11214128
0.11181015
0.11158940
0.11147903
0.11114790
0.11103753
0.11103753
0.11092715
0.11081678
0.11081678
0.11070640
0.11059603
0.11015453
0.11015453
0.11015453
0.11015453
0.11015453
0.11004415
0.10993377
0.10938190
0.10938190
0.10938190
0.10927152
0.10916115
0.10916115
0.10905077
0.10871965
0.10871965
0.10860927
0.10849890
0.10838852
0.10816777
0.10805740
0.10761589
0.10761589
0.10761589
0.10739514
0.10739514
0.10739514
0.10706402
0.10673289
0.10662252
0.10651214
0.10629139
0.10618102
0.10596026
0.10573951
0.10562914
0.10474614
0.10452539
0.10419426
0.10408389
0.10364238
0.10353201
0.10353201
0.10331126
0.10320088
0.10309051
0.10298013
0.10275938
0.10231788
0.10209713
0.10187638
0.10176600
0.10143488
0.10143488
0.10066225
0.10011038
0.09977925
0.09944812
0.09944812
0.09933775
0.09889625
0.09867550
0.09845475
0.09834437
0.09801325
0.09790287
0.09746137
0.09735099
0.09713024
0.09690949
0.09679912
0.09635762
0.09613687
0.09569536
0.09547461
0.09514349
0.09492274
0.09492274
0.09448124
0.09448124
0.09381898
0.09381898
0.09381898
0.09370861
0.09359823
0.09348786
0.09337748
0.09326711
0.09326711
0.09326711
0.09315673
0.09304636
0.09293598
0.09260486
0.09238411
0.09227373
0.09194260
0.09194260
0.09183223
0.09183223
0.09172185
0.09150110
0.09139073
0.09139073
0.09139073
0.09116998
0.09105960
0.09083885
0.09050773
0.09006623
0.08984547
0.08984547
0.08984547
0.08940397
0.08907285
0.08863135
0.08852097
0.08818985
0.08785872
0.08763797
0.08752759
0.08719647
0.08686534
0.08664459
0.08642384
0.08609272
0.08587196
0.08554084
0.08520971
0.08498896
0.08487859
0.08454746
0.08443709
0.08421634
0.08388521
0.08355408
0.08322296
0.08300221
0.08267108
0.08222958
0.08211921
0.08178808
0.08156733
0.08112583
0.08068433
0.08024283
0.08002208
0.07980132
0.07969095
0.07947020
0.07947020
0.07935982
0.07913907
0.07880795
0.07847682
0.07814570
0.07803532
0.07781457
0.07737307
0.07704194
0.07649007
0.07649007
0.07649007
0.07626932
0.07604857
0.07582781
0.07582781
0.07571744
0.07560706
0.07549669
0.07538631
0.07527594
0.07516556
0.07494481
0.07472406
0.07450331
0.07395143
0.07339956
0.07306843
0.07284768
0.07251656
0.07229581
0.07229581
0.07207506
0.07207506
0.07196468
0.07174393
0.07163355
0.07141280
0.07119205
0.07108168
0.07097130
0.07052980
0.07030905
0.07008830
0.06997792
0.06953642
0.06931567
0.06876380
0.06865342
0.06821192
0.06810155
0.06766004
0.06721854
0.06688742
0.06644592
0.06622517
0.06611479
0.06567329
0.06556291
0.06523179
0.06479029
0.06467991
0.06401766
0.06379691
0.06346578
0.06313466
0.06291391
0.06236203
0.06225166
0.06203091
0.06169978
0.06136865
0.06136865
0.06136865
0.06092715
0.06037528
0.05993377
0.05971302
0.05949227
0.05927152
0.05871965
0.05838852
0.05805740
0.05772627
0.05739514
0.05706402
0.05695364
0.05662252
0.05629139
0.05607064
0.05607064
0.05607064
0.05607064
0.05607064
0.05607064
0.05607064
0.05607064
0.05607064
0.05607064
0.05607064
0.05607064
0.05607064
0.05584989
0.05551876
0.05540839
0.05540839
0.05518764
0.05518764
0.05518764
0.05518764
0.05518764
0.05474614
0.05441501
0.05430464
0.05419426
0.05397351
0.05386313
0.05353201
0.05331126
0.05275938
0.05253863
0.05253863
0.05209713
0.05165563
0.05154525
0.05121413
0.05121413
0.05121413
0.05121413
0.05121413
0.05088300
0.05066225
0.05055188
0.05022075
0.05000000
0.04977925
0.04955850
0.04867550
0.04856512
0.04834437
0.04779249
0.04635762
0.04569536
0.04514349
0.04481236
0.04448124
0.04437086
0.04381898
0.04337748
0.04304636
0.04238411
0.04205298
0.04161148
0.04116998
0.04105960
0.04094923
0.04061810
0.04039735
0.03951435
0.03896247
0.03830022
0.03774834
0.03774834
0.03664459
0.03642384
0.03620309
0.03598234
0.03520971
0.03443709
0.03432671
0.03333333
0.03300221
0.03211921
0.03167770
0.03112583
0.03101545
0.03079470
0.03046358
0.03035320
0.03013245
0.03002208
0.03002208
0.02991170
0.02980132
0.02980132
0.02947020
0.02947020
0.02947020
0.02947020
0.02913907
0.02913907
0.02880795
0.02880795
0.02858720
0.02836645
0.02836645
0.02803532
0.02737307
0.02660044
0.02604857
0.02549669
0.02549669
0.02549669
0.02549669
0.02549669
0.02549669
0.02549669
0.02549669
0.02549669
0.02549669
0.02549669
0.02549669
0.02549669
0.02549669
0.02549669
0.02549669
0.02549669
0.02549669
0.02549669
0.02549669
0.02549669
0.02549669
0.02549669
0.02549669
0.02549669
0.02549669
0.02549669
0.02549669
0.02549669
0.02516556
0.02428256
0.02317881
0.02262693
0.02130243
0.02097130
0.01710817
0.01710817
0.01710817
0.01710817
0.01710817
0.01710817
0.01710817
0.01710817
0.01710817
0.01710817
0.01710817
0.01710817
0.01710817
0.01710817
0.01688742
0.01688742
0.01688742
0.01688742
0.01688742
0.01688742
0.01688742
0.01688742
0.01677704
0.01677704
0.01677704
0.01677704
0.01677704
0.01677704
0.01677704
0.01677704
0.01677704
0.01677704
0.01677704
0.01655629
0.01655629
0.01655629
0.01655629
0.01655629
0.01655629
0.01655629
0.01655629
0.01655629
0.01655629
0.01655629
0.01655629
0.01633554
0.01633554
0.01633554
0.01633554
0.01633554
0.01633554
0.01633554
0.01633554
0.01633554
0.01633554
0.01633554
0.01633554
0.01633554
0.01633554
0.01633554
0.01633554
0.01633554
0.01633554
0.01633554
0.01633554
0.01633554
0.01633554
0.01633554
0.01633554
0.01633554
0.01633554
0.01633554
0.01633554
0.01633554
0.01633554
0.01633554
0.01633554
0.01633554
0.01633554
0.01633554
0.01633554
0.01633554
0.01633554
0.01633554
0.01633554
0.01633554
0.01633554
0.01633554
0.01633554
0.01622517
0.01611479
0.01600442
0.01567329
0.01567329
0.01567329
0.01556291
0.01545254
0.01490066
0.01423841
0.01401766
0.01390728
0.01379691
0.01368653
0.01357616
0.01346578
0.01335541
0.01280353
0.01269316
0.01258278
0.01236203
0.01225166
0.01181015
0.01169978
0.01125828
0.01114790
0.01081678
0.01037528
0.01015453
0.00993377
0.00982340
0.00971302
0.00960265
0.00949227
0.00938190
0.00894040
0.00883002
0.00871965
0.00849890
0.00838852
0.00827815
0.00816777
0.00816777
0.00772627
0.00772627
0.00761589
0.00761589
0.00761589
0.00761589
0.00706402
0.00673289
0.00640177
0.00629139
0.00629139
0.00618102
0.00607064
0.00607064
0.00573951
0.00573951
0.00573951
0.00573951
0.00573951
0.00573951
0.00573951
0.00573951
0.00573951
0.00573951
0.00573951
0.00573951
0.00573951
0.00573951
0.00540839
0.00529801
0.00529801
0.00518764
0.00507726
0.00474614
0.00430464
0.00408389
0.00408389
0.00408389
0.00408389
0.00408389
0.00408389
0.00408389
0.00408389
0.00364238
0.00320088
0.00275938
0.00187638
0.00143488
0.00066225
0.00066225
0.00044150
0.00044150
0.00044150
0.00022075
0.00022075
0.00022075
0.00022075
0.00022075
0.00022075
0.00022075
0.00022075
0.00022075
0.00011038
0.00011038
0.00011038
0.00011038
0.00011038
0.00011038
0.00011038
0.00011038
0.00011038
0.00011038
0.00011038
0.00011038
0.00011038
0.00011038
0.00011038
0.00011038
0.00011038
0.00011038
0.00011038
0.00011038
0.00011038
0.00011038
0.00011038
0.00011038
0.00011038
0.00011038
0.00011038
0.00011038
0.00011038
0.00011038
0.00011038
0.00011038
0.00011038
0.00011038
0.00011038
0.00011038
0.00011038
0.00011038
0.00011038
0.00011038
0.00011038
0.00011038
0.00011038
0.00011038
0.00011038
0.00011038
0.00011038
0.00011038
0.00011038
0.00011038
0.00011038
0.00011038
0.00011038
0.00011038
0.00011038
0.00011038
0.00011038
0.00011038
0.00011038
0.00011038
0.00011038
0.00011038
0.00011038
0.00011038
0.00011038
0.00011038
0.00011038
0.00011038
0.00011038
0.00011038
0.00011038
0.00011038
0.00011038
0.00011038
0.00011038
0.00011038
0.00011038
0.00011038
0.00011038
0.00011038
0.00011038
0.00011038
0.00011038
0.00011038
0.00011038
0.00011038
0.00011038
0.00011038
0.00011038
0.00011038
0.00011038
0.00011038
0.00011038
0.00011038
0.00011038
0.00011038
0.00011038
0.00011038
0.00011038
0.00011038
0.00011038
0.00011038
0.00011038
0.00011038
0.00011038
0.00011038
0.00011038
0.00011038
0.00011038
0.00011038
0.00011038
0.00011038
0.00011038
0.00011038
0.00011038
0.00011038
0.00011038
0.00011038
0.00011038
0.00011038
0.00011038
0.00011038
0.00011038
0.00011038
0.00011038
0.00011038
0.00011038
0.00011038
0.00011038
0.00011038
0.00011038
0.00011038
0.00011038
0.00011038
0.00011038
0.00011038
0.00011038
0.00011038
0.00011038
0.00011038
0.00011038
0.00011038
0.00011038
0.00011038
0.00011038
0.00011038
0.00011038
0.00011038
0.00011038
0.00011038
0.00011038
0.00011038
0.00011038
0.00011038
0.00011038
0.00011038
0.00011038
0.00011038
0.00011038
0.00011038
0.00011038
0.00011038
0.00011038
0.00011038
0.00011038
0.00011038
0.00011038
0.00011038
0.00011038
0.00011038
0.00011038
0.00011038
0.00011038
0.00011038
0.00011038
0.00011038
0.00011038
0.00011038
0.00011038
0.00011038
0.00011038
0.00011038
0.00011038
0.00011038
0.00011038
0.00011038
0.00011038
0.00011038
0.00011038
0.00011038
0.00011038
0.00011038
0.00011038
0.00011038
0.00011038
0.00011038
0.00011038
0.00011038
0.00011038
0.00011038
0.00011038
0.00011038
0.00011038
0.00011038
0.00011038
0.00011038
0.00011038
0.00011038
0.00011038
0.00011038
0.00011038
0.00011038
0.00011038
0.00011038
0.00011038
0.00011038
0.00011038
0.00011038
0.00011038
0.00011038
0.00011038
0.00011038
0.00011038
0.00011038
0.00011038
0.00011038
0.00011038
0.00011038
0.00011038
0.00011038
0.00011038
0.00011038
0.00011038
0.00011038
0.00011038
0.00011038
0.00011038
0.00011038
0.00011038
0.00011038
0.00011038
0.00011038
0.00011038
0.00011038
0.00011038
0.00011038
0.00011038
0.00011038
0.00011038
0.00011038
0.00011038
0.00011038
0.00011038
0.00011038
0.00011038
0.00011038
0.00011038
0.00011038
0.00011038
0.00011038
0.00011038
0.00011038
0.00011038
0.00011038
0.00011038
0.00011038
0.00011038
0.00011038
0.00011038
0.00011038
0.00011038
0.00011038
0.00011038
0.00011038
0.00011038
0.00011038
0.00011038
0.00011038
0.00011038
0.00011038
0.00011038
0.00011038
0.00011038
0.00011038
0.00011038
0.00011038
0.00011038
0.00011038
0.00011038
0.00011038
0.00011038
0.00011038
0.00011038
0.00011038
0.00011038
0.00011038
0.00011038
0.00011038
0.00011038
0.00011038
0.00011038
0.00011038
0.00011038
0.00011038
0.00011038
0.00011038
0.00011038
0.00011038
0.00011038
0.00011038
0.00011038
0.00011038
0.00011038
0.00011038
0.00011038
0.00011038
0.00011038
0.00011038
0.00011038
0.00011038
0.00011038
0.00011038
0.00011038
0.00011038
0.00011038
0.00011038
0.00011038
0.00011038
0.00011038
0.00011038
0.00011038
0.00011038
0.00011038
0.00011038
0.00011038
0.00011038
0.00011038
0.00011038
0.00011038
0.00011038
0.00011038
0.00011038
0.00011038
0.00011038
0.00011038
0.00011038
0.00011038
0.00011038
0.00011038
0.00011038
0.00011038
0.00011038
0.00011038
0.00011038
0.00011038
0.00011038
0.00011038
0.00011038
0.00011038
0.00011038
0.00011038
0.00011038
0.00011038
0.00011038
0.00011038
0.00011038
0.00011038
0.00011038
0.00011038
0.00011038
0.00011038
0.00011038
0.00011038
0.00011038
0.00011038
0.00011038
0.00011038
0.00011038
0.00011038
0.00011038
0.00011038
0.00011038
0.00011038
0.00011038
0.00011038
0.00011038
0.00011038
0.00011038
0.00011038
0.00011038
0.00011038
0.00011038
0.00011038
0.00011038
0.00011038
0.00011038
0.00011038
0.00011038
0.00011038
0.00011038
0.00011038
0.00011038
0.00011038
0.00011038
0.00011038
0.00011038
0.00011038
0.00011038
0.00011038
0.00011038
0.00011038
0.00011038
0.00011038
0.00011038
0.00011038
0.00011038
0.00011038
0.00011038
0.00011038
0.00011038
0.00011038
0.00011038
0.00011038
0.00011038
0.00011038
0.00011038
0.00011038
0.00011038
0.00011038
0.00011038
0.00011038
0.00011038
0.00011038
0.00011038
0.00011038
0.00011038
0.00011038
0.00011038
0.00011038
0.00011038
0.00011038
0.00011038
0.00011038
0.00011038
0.00011038
0.00011038
0.00011038
0.00011038
0.00011038
0.00011038
0.00011038
0.00011038
0.00011038
0.00011038
0.00011038
0.00011038
0.00011038
0.00011038
0.00011038
0.00011038
0.00011038
0.00011038
0.00011038
0.00011038
0.00011038
0.00011038
0.00011038
0.00011038
0.00011038
0.00011038
0.00011038
0.00011038
0.00011038
0.00011038
0.00011038
0.00011038
0.00011038
0.00011038
0.00011038
0.00011038
0.00011038
0.00011038
0.00011038
0.00011038
0.00011038
0.00011038
0.00011038
0.00011038
0.00011038
0.00011038
0.00011038
0.00011038
0.00011038
0.00011038
0.00011038
0.00011038
0.00011038
0.00011038
0.00011038
0.00011038
0.00011038
0.00011038
0.00011038
0.00011038
0.00011038
0.00011038
0.00011038
0.00011038
0.00011038
0.00011038
0.00011038
0.00011038
0.00011038
0.00011038
0.00011038
0.00011038
0.00011038
0.00011038
0.00011038
0.00011038
0.00011038
0.00011038
0.00011038
0.00011038
0.00011038
0.00011038
0.00011038
0.00011038
0.00011038
0.00011038
0.00011038
0.00011038
0.00011038
0.00011038
0.00011038
0.00011038
0.00011038
0.00011038
0.00011038
0.00011038
0.00011038
0.00011038
0.00011038
0.00011038
0.00011038
0.00011038
0.00011038
0.00011038
0.00011038
0.00011038
0.00011038
0.00011038
0.00011038
0.00011038
0.00011038
0.00011038
0.00011038
0.00011038
0.00011038
0.00011038
0.00011038
0.00011038
0.00011038
0.00011038
0.00011038
0.00011038
0.00011038
0.00011038
0.00011038
0.00011038
0.00011038
0.00011038
0.00011038
0.00011038
0.00011038
0.00011038
0.00011038
0.00011038
0.00011038
0.00011038
0.00011038
0.00011038
0.00011038
0.00011038
0.00011038
0.00011038
0.00011038
0.00011038
0.00011038
0.00011038
0.00011038
0.00011038
0.00011038
0.00011038
0.00011038
0.00011038
0.00011038
0.00011038
0.00011038
0.00011038
0.00011038
0.00011038
0.00011038
0.00011038
0.00011038
0.00011038
0.00011038
0.00011038
0.00011038
0.00011038
0.00011038
0.00011038
0.00011038
0.00011038
0.00011038
0.00011038
0.00011038
0.00011038
0.00011038
0.00011038
0.00011038
0.00011038
0.00011038
0.00011038
0.00011038
0.00011038
0.00011038
0.00011038
0.00011038
0.00011038
0.00011038
0.00011038
0.00011038
0.00011038
0.00011038
0.00011038
0.00011038
0.00011038
0.00011038
0.00011038
0.00011038
0.00011038
0.00011038
0.00011038
0.00011038
0.00011038
0.00011038
0.00011038
0.00011038
0.00011038
0.00011038
0.00011038
0.00011038
0.00011038
0.00011038
0.00011038
0.00011038
0.00011038
0.00011038
0.00011038
0.00011038
0.00011038
0.00011038
0.00011038
0.00011038
0.00011038
0.00011038
0.00011038
0.00011038
0.00011038
0.00011038
0.00011038
0.00011038
0.00011038
0.00011038
0.00011038
0.00011038
0.00011038
0.00011038
0.00011038
0.00011038
0.00011038
0.00011038
0.00011038
0.00011038
0.00011038
0.00011038
0.00011038
0.00011038
0.00011038
0.00011038
0.00011038
0.00011038
0.00011038
0.00011038
0.00011038
0.00011038
0.00011038
0.00011038
0.00011038
0.00011038
0.00011038
0.00011038
0.00011038
0.00011038
0.00011038
0.00011038
0.00011038
0.00011038
0.00011038
0.00011038
0.00011038
0.00011038
0.00011038
0.00011038
0.00011038
0.00011038
0.00011038
0.00011038
0.00011038
0.00011038
0.00011038
0.00011038
0.00011038
0.00011038
0.00011038
0.00011038
0.00011038
0.00011038
0.00011038
0.00011038
0.00011038
0.00011038
0.00011038
0.00011038
0.00011038
0.00011038
0.00011038
0.00011038
0.00011038
0.00011038
0.00011038
0.00011038
0.00011038
0.00011038
0.00011038
0.00011038
0.00011038
0.00011038
0.00011038
0.00011038
0.00011038
0.00011038
0.00011038
0.00011038
0.00011038
0.00011038
0.00011038
0.00011038
0.00011038
0.00011038
0.00011038
0.00011038
0.00011038
0.00011038
0.00011038
0.00011038
0.00011038
0.00011038
0.00011038
0.00011038
0.00011038
0.00011038
0.00011038
0.00011038
0.00011038
0.00011038
0.00011038
0.00011038
0.00011038
0.00011038
0.00011038
0.00011038
0.00011038
0.00011038
0.00011038
0.00011038
0.00011038
0.00011038
0.00011038
0.00011038
0.00011038
0.00011038
0.00011038
0.00011038
0.00011038
0.00011038
0.00011038
0.00011038
0.00011038
0.00011038
0.00011038
0.00011038
0.00011038
0.00011038
0.00011038
0.00011038
0.00011038
0.00011038
0.00011038
0.00011038
0.00011038
0.00011038
0.00011038
0.00011038
0.00011038
0.00011038
0.00011038
0.00011038
0.00011038
0.00011038
0.00011038
0.00011038
0.00011038
0.00011038
0.00011038
0.00011038
0.00011038
0.00011038
0.00011038
0.00011038
0.00011038
0.00011038
0.00011038
0.00011038
0.00011038
0.00011038
0.00011038
0.00011038
0.00011038
0.00011038
0.00011038
0.00011038
0.00011038
0.00011038
0.00011038
0.00011038
0.00011038
0.00011038
0.00011038
0.00011038
0.00011038
0.00011038
0.00011038
0.00011038
0.00011038
0.00011038
0.00011038
0.00011038
0.00011038
0.00011038
0.00011038
0.00011038
0.00011038
0.00011038
0.00011038
0.00011038
0.00011038
0.00011038
0.00011038
0.00011038
0.00011038
0.00011038
0.00011038
0.00011038
0.00011038
0.00011038
0.00011038
0.00011038
0.00011038
0.00011038
0.00011038
0.00011038
0.00011038
0.00011038
0.00011038
0.00011038
0.00011038
0.00011038
0.00011038
0.00011038
0.00011038
0.00011038
0.00011038
0.00011038
0.00011038
0.00011038
0.00011038
0.00011038
0.00011038
0.00011038
0.00011038
0.00011038
0.00011038
0.00011038
0.00011038
0.00011038
0.00011038
0.00011038
0.00011038
0.00011038
0.00011038
0.00011038
0.00011038
0.00011038
0.00011038
0.00011038
0.00011038
0.00011038
0.00011038
0.00011038
0.00011038
0.00011038
0.00011038
0.00011038
0.00011038
0.00011038
0.00011038
0.00011038
0.00011038
0.00011038
0.00011038
0.00011038
0.00011038
0.00011038
0.00011038
0.00011038
0.00011038
0.00011038
0.00011038
0.00011038
0.00011038
0.00011038
0.00011038
0.00011038
0.00011038
0.00011038
0.00011038
0.00011038
0.00011038
0.00011038
0.00011038
0.00011038
0.00011038
0.00011038
0.00011038
0.00011038
0.00011038
0.00011038
0.00011038
0.00011038
0.00011038
0.00011038
0.00011038
0.00011038
0.00011038
0.00011038
0.00011038
0.00011038
0.00011038
0.00011038
0.00011038
0.00011038
0.00011038
0.00011038
0.00011038
0.00011038
0.00011038
0.00011038
0.00011038
0.00011038
0.00011038
0.00011038
0.00011038
0.00011038
0.00011038
0.00011038
0.00011038
0.00011038
0.00011038
0.00011038
0.00011038
0.00011038
0.00011038
0.00011038
0.00011038
0.00011038
0.00011038
0.00011038
0.00011038
0.00011038
0.00011038
0.00011038
0.00011038
0.00011038
0.00011038
0.00011038
0.00011038
0.00011038
0.00011038
0.00011038
0.00011038
0.00011038
0.00011038
0.00011038
0.00011038
0.00011038
0.00011038
0.00011038
0.00011038
0.00011038
0.00011038
0.00011038
0.00011038
0.00011038
0.00011038
0.00011038
0.00011038
0.00011038
0.00011038
0.00011038
0.00011038
0.00011038
0.00011038
0.00011038
0.00011038
0.00011038
0.00011038
0.00011038
0.00011038
0.00011038
0.00011038
0.00011038
0.00011038
0.00011038
0.00011038
0.00011038
0.00011038
0.00011038
0.00011038
0.00011038
0.00011038
0.00011038
0.00011038
0.00011038
0.00011038
0.00011038
0.00011038
0.00011038
0.00011038
0.00011038
0.00011038
0.00011038
0.00011038
0.00011038
0.00011038
0.00011038
0.00011038
0.00011038
0.00011038
0.00011038
0.00011038
0.00011038
0.00011038
0.00011038
0.00011038
0.00011038
0.00011038
0.00011038
0.00011038
0.00011038
0.00011038
0.00011038
0.00011038
0.00011038
0.00011038
0.00011038
0.00011038
0.00011038
0.00011038
0.00011038
0.00011038
0.00011038
0.00011038
0.00011038
0.00011038
0.00011038
0.00011038
0.00011038
0.00011038
0.00011038
0.00011038
0.00011038
0.00011038
0.00011038
0.00011038
0.00011038
0.00011038
0.00011038
0.00011038
0.00011038
0.00011038
0.00011038
0.00011038
0.00011038
0.00011038
0.00011038
0.00011038
0.00011038
0.00011038
0.00011038
0.00011038
0.00011038
0.00011038
0.00011038
0.00011038
0.00011038
0.00011038
0.00011038
0.00011038
0.00011038
0.00011038
0.00011038
0.00011038
0.00011038
0.00011038
0.00011038
0.00011038
0.00011038
0.00011038
0.00011038
0.00011038
0.00011038
0.00011038
0.00011038
0.00011038
0.00011038
0.00011038
0.00011038
0.00011038
0.00011038
0.00011038
0.00011038
0.00011038
0.00011038
0.00011038
0.00011038
0.00011038
0.00011038
0.00011038
0.00011038
0.00011038
0.00011038
0.00011038
0.00011038
0.00011038
0.00011038
0.00011038
0.00011038
0.00011038
0.00011038
0.00011038
0.00011038
0.00011038
0.00011038
0.00011038
0.00011038
0.00011038
0.00011038
0.00011038
0.00011038
0.00011038
0.00011038
0.00011038
0.00011038
0.00011038
0.00011038
0.00011038
0.00011038
0.00011038
0.00011038
0.00011038
0.00011038
0.00011038
0.00011038
0.00011038
0.00011038
0.00011038
0.00011038
0.00011038
0.00011038
0.00011038
0.00011038
0.00011038
0.00011038
0.00011038
0.00011038
0.00011038
0.00011038
0.00011038
0.00011038
0.00011038
0.00011038
0.00011038
0.00011038
0.00011038
0.00011038
0.00011038
0.00011038
0.00011038
0.00011038
0.00011038
0.00011038
0.00011038
0.00011038
0.00011038
0.00011038
0.00011038
0.00011038
0.00011038
0.00011038
0.00011038
0.00011038
0.00011038
0.00011038
0.00011038
0.00011038
0.00011038
0.00011038
0.00011038
0.00011038
0.00011038
0.00011038
0.00011038
0.00011038
0.00011038
0.00011038
0.00011038
0.00011038
0.00011038
0.00011038
0.00011038
0.00011038
0.00011038
0.00011038
0.00011038
0.00011038
0.00011038
0.00011038
0.00011038
0.00011038
0.00011038
0.00011038
0.00011038
0.00011038
0.00011038
0.00011038
0.00011038
0.00011038
0.00011038
0.00011038
0.00011038
0.00011038
0.00011038
0.00011038
0.00011038
0.00011038
0.00011038
0.00011038
0.00011038
0.00011038
0.00011038
0.00011038
0.00011038
0.00011038
0.00011038
0.00011038
0.00011038
0.00011038
0.00011038
0.00011038
0.00011038
0.00011038
0.00011038
0.00011038
0.00011038
0.00011038
0.00011038
0.00011038
0.00011038
0.00011038
0.00011038
0.00011038
0.00011038
0.00011038
0.00011038
0.00011038
0.00011038
0.00011038
0.00011038
0.00011038
0.00011038
0.00011038
0.00011038
0.00011038
0.00011038
0.00011038
0.00011038
0.00011038
0.00011038
0.00011038
0.00011038
0.00011038
0.00011038
0.00011038
0.00011038
0.00011038
0.00011038
0.00011038
0.00011038
0.00011038
0.00011038
0.00011038
0.00011038
0.00011038
0.00011038
0.00011038
0.00011038
0.00011038
0.00011038
0.00011038
0.00011038
0.00011038
0.00011038
0.00011038
0.00011038
0.00011038
0.00011038
0.00011038
0.00011038
0.00011038
0.00011038
0.00011038
0.00011038
0.00011038
0.00011038
0.00011038
0.00011038
0.00011038
0.00011038
0.00011038
0.00011038
0.00011038
0.00011038
0.00011038
0.00011038
0.00011038
0.00011038
0.00011038
0.00011038
0.00011038
0.00011038
0.00011038
0.00011038
0.00011038
0.00011038
0.00011038
0.00011038
0.00011038
0.00011038
0.00011038
0.00011038
0.00011038
0.00011038
0.00011038
0.00011038
0.00011038
0.00011038
0.00011038
0.00011038
0.00011038
0.00011038
0.00011038
0.00011038
0.00011038
0.00011038
0.00011038
0.00011038
0.00011038
0.00011038
0.00011038
0.00011038
0.00011038
0.00011038
0.00011038
0.00011038
0.00011038
0.00011038
0.00011038
0.00011038
0.00011038
0.00011038
0.00011038
0.00011038
0.00011038
0.00011038
0.00011038
0.00011038
0.00011038
0.00011038
0.00011038
0.00011038
0.00011038
0.00011038
0.00011038
0.00011038
0.00011038
0.00011038
0.00011038
0.00011038
0.00011038
0.00011038
0.00011038
0.00011038
0.00011038
0.00011038
0.00011038
0.00011038
0.00011038
0.00011038
0.00011038
0.00011038
0.00011038
0.00011038
0.00011038
0.00011038
0.00011038
0.00011038
0.00011038
0.00011038
0.00011038
0.00011038
0.00011038
0.00011038
0.00011038
0.00011038
0.00011038
0.00011038
0.00011038
0.00011038
0.00011038
0.00011038
0.00011038
0.00011038
0.00011038
0.00011038
0.00011038
0.00011038
0.00011038
0.00011038
0.00011038
0.00011038
0.00011038
0.00011038
0.00011038
0.00011038
0.00011038
0.00011038
0.00011038
0.00011038
0.00011038
0.00011038
0.00011038
0.00011038
0.00011038
0.00011038
0.00011038
0.00011038
0.00011038
0.00011038
0.00011038
0.00011038
0.00011038
0.00011038
0.00011038
0.00011038
0.00011038
0.00011038
0.00011038
0.00011038
0.00011038
0.00011038
0.00011038
0.00011038
0.00011038
0.00011038
0.00011038
0.00011038
0.00011038
0.00011038
0.00011038
0.00011038
0.00011038
0.00011038
0.00011038
0.00011038
0.00011038
0.00011038
0.00011038
0.00011038
0.00011038
0.00011038
0.00011038
0.00011038
0.00011038
0.00011038
0.00011038
0.00011038
0.00011038
0.00011038
0.00011038
0.00011038
0.00011038
0.00011038
0.00011038
0.00011038
0.00011038
0.00011038
0.00011038
0.00011038
0.00011038
0.00011038
0.00011038
0.00011038
0.00011038
0.00011038
0.00011038
0.00011038
0.00011038
0.00011038
0.00011038
0.00011038
0.00011038
0.00011038
0.00011038
0.00011038
0.00011038
0.00011038
0.00011038
0.00011038
0.00011038
0.00011038
0.00011038
0.00011038
0.00011038
0.00011038
0.00011038
0.00011038
0.00011038
0.00011038
0.00011038
0.00011038
0.00011038
0.00011038
0.00011038
0.00011038
0.00011038
0.00011038
0.00011038
0.00011038
0.00011038
0.00011038
0.00011038
0.00011038
0.00011038
0.00011038
0.00011038
0.00011038
0.00011038
0.00011038
0.00011038
0.00011038
0.00011038
0.00011038
0.00011038
0.00011038
0.00011038
0.00011038
0.00011038
0.00011038
0.00011038
0.00011038
0.00011038
0.00011038
0.00011038
0.00011038
0.00011038
0.00011038
0.00011038
0.00011038
0.00011038
0.00011038
0.00011038
0.00011038
0.00011038
0.00011038
0.00011038
0.00011038
0.00011038
0.00011038
0.00011038
0.00011038
0.00011038
0.00011038
0.00011038
0.00011038
0.00011038
0.00011038
0.00011038
0.00011038
0.00011038
0.00011038
0.00011038
0.00011038
0.00011038
0.00011038
0.00011038
0.00011038
0.00011038
0.00011038
0.00011038
0.00011038
0.00011038
0.00011038
0.00011038
0.00011038
0.00011038
0.00011038
0.00011038
0.00011038
0.00011038
0.00011038
0.00011038
0.00011038
0.00011038
0.00011038
0.00011038
0.00011038
0.00011038
0.00011038
0.00011038
0.00011038
0.00011038
0.00011038
0.00011038
0.00011038
0.00011038
0.00011038
0.00011038
0.00011038
0.00011038
0.00011038
0.00011038
0.00011038
0.00011038
0.00011038
0.00011038
0.00011038
0.00011038
0.00011038
0.00011038
0.00011038
0.00011038
0.00011038
0.00011038
0.00011038
0.00011038
0.00011038
0.00011038
0.00011038
0.00011038
0.00011038
0.00011038
0.00011038
0.00011038
0.00011038
0.00011038
0.00011038
0.00011038
0.00011038
0.00011038
0.00011038
0.00011038
0.00011038
0.00011038
0.00011038
0.00011038
0.00011038
0.00011038
0.00011038
0.00011038
0.00011038
0.00011038
0.00011038
0.00011038
0.00011038
0.00011038
0.00011038
0.00011038
0.00011038
0.00011038
0.00011038
0.00011038
0.00011038
0.00011038
0.00011038
0.00011038
0.00011038
0.00011038
0.00011038
0.00011038
0.00011038
0.00011038
0.00011038
0.00011038
0.00011038
0.00011038
0.00011038
0.00011038
0.00011038
0.00011038
0.00011038
0.00011038
0.00011038
0.00011038
0.00011038
0.00011038
0.00011038
0.00011038
0.00011038
0.00011038
0.00011038
0.00011038
0.00011038
0.00011038
0.00011038
0.00011038
0.00011038
0.00011038
0.00011038
0.00011038
0.00011038
0.00011038
0.00011038
0.00011038
0.00011038
0.00011038
0.00011038
0.00011038
0.00011038
0.00011038
0.00011038
0.00011038
0.00011038
0.00011038
0.00011038
0.00011038
0.00011038
0.00011038
0.00011038
0.00011038
0.00011038
0.00011038
0.00011038
0.00011038
0.00011038
0.00011038
0.00011038
0.00011038
0.00011038
0.00011038
0.00011038
0.00011038
0.00011038
0.00011038
0.00011038
0.00011038
0.00011038
0.00011038
0.00011038
0.00011038
0.00011038
0.00011038
0.00011038
0.00011038
0.00011038
0.00011038
0.00011038
0.00011038
0.00011038
0.00011038
0.00011038
0.00011038
0.00011038
0.00011038
0.00011038
0.00011038
0.00011038
0.00011038
0.00011038
0.00011038
0.00011038
0.00011038
0.00011038
0.00011038
0.00011038
0.00011038
0.00011038
0.00011038
0.00011038
0.00011038
0.00011038
0.00011038
0.00011038
0.00011038
0.00011038
0.00011038
0.00011038
0.00011038
0.00011038
0.00011038
0.00011038
0.00011038
0.00011038
0.00011038
0.00011038
0.00011038
0.00011038
0.00011038
0.00011038
0.00011038
0.00011038
0.00011038
0.00011038
0.00011038
0.00011038
0.00011038
0.00011038
0.00011038
0.00011038
0.00011038
0.00011038
0.00011038
0.00011038
0.00011038
0.00011038
0.00011038
0.00011038
0.00011038
0.00011038
0.00011038
0.00011038
0.00011038
0.00011038
0.00011038
0.00011038
0.00011038
0.00011038
0.00011038
0.00011038
0.00011038
0.00011038
0.00011038
0.00011038
0.00011038
0.00011038
0.00011038
0.00011038
0.00011038
0.00011038
0.00011038
0.00011038
0.00011038
0.00011038
0.00011038
0.00011038
0.00011038
0.00011038
0.00011038
0.00011038
0.00011038
0.00011038
0.00011038
0.00011038
0.00011038
0.00011038
0.00011038
0.00011038
0.00011038
0.00011038
0.00011038
0.00011038
0.00011038
0.00011038
0.00011038
0.00011038
0.00011038
0.00011038
0.00011038
0.00011038
0.00011038
0.00011038
0.00011038
0.00011038
0.00011038
0.00011038
0.00011038
0.00011038
0.00011038
0.00011038
0.00011038
0.00011038
0.00011038
0.00011038
0.00011038
0.00011038
0.00011038
0.00011038
0.00011038
0.00011038
0.00011038
0.00011038
0.00011038
0.00011038
0.00011038
0.00011038
0.00011038
0.00011038
0.00011038
0.00011038
0.00011038
0.00011038
0.00011038
0.00011038
0.00011038
0.00011038
0.00011038
0.00011038
0.00011038
0.00011038
0.00011038
0.00011038
0.00011038
0.00011038
0.00011038
0.00011038
0.00011038
0.00011038
0.00011038
0.00011038
0.00011038
0.00011038
0.00011038
0.00011038
0.00011038
0.00011038
0.00011038
0.00011038
0.00011038
0.00011038
0.00011038
0.00011038
0.00011038
0.00011038
0.00011038
0.00011038
0.00011038
0.00011038
0.00011038
0.00011038
0.00011038
0.00011038
0.00011038
0.00011038
0.00011038
0.00011038
0.00011038
0.00011038
0.00011038
0.00011038
0.00011038
0.00011038
0.00011038
0.00011038
0.00011038
0.00011038
0.00011038
0.00011038
0.00011038
0.00011038
0.00011038
0.00011038
0.00011038
0.00011038
0.00011038
0.00011038
0.00011038
0.00011038
0.00011038
0.00011038
0.00011038
0.00011038
0.00011038
0.00011038
0.00011038
0.00011038
0.00011038
0.00011038
0.00011038
0.00011038
0.00011038
0.00011038
0.00011038
0.00011038
0.00011038
0.00011038
0.00011038
0.00011038
0.00011038
0.00011038
0.00011038
0.00011038
0.00011038
0.00011038
0.00011038
0.00011038
0.00011038
0.00011038
0.00011038
0.00011038
0.00011038
0.00011038
0.00011038
0.00011038
0.00011038
0.00011038
0.00011038
0.00011038
0.00011038
0.00011038
0.00011038
0.00011038
0.00011038
0.00011038
0.00011038
0.00011038
0.00011038
0.00011038
0.00011038
0.00011038
0.00011038
0.00011038
0.00011038
0.00011038
0.00011038
0.00011038
0.00011038
0.00011038
0.00011038
0.00011038
0.00011038
0.00011038
0.00011038
0.00011038
0.00011038
0.00011038
0.00011038
0.00011038
0.00011038
0.00011038
0.00011038
0.00011038
0.00011038
0.00011038
0.00011038
0.00011038
0.00011038
0.00011038
0.00011038
0.00011038
0.00011038
0.00011038
0.00011038
0.00011038
0.00011038
0.00011038
0.00011038
0.00011038
0.00011038
0.00011038
0.00011038
0.00011038
0.00011038
0.00011038
0.00011038
0.00011038
0.00011038
0.00011038
0.00011038
0.00011038
0.00011038
0.00011038
0.00011038
0.00011038
0.00011038
0.00011038
0.00011038
0.00011038
0.00011038
0.00011038
0.00011038
0.00011038
0.00011038
0.00011038
0.00011038
0.00011038
0.00011038
0.00011038
0.00011038
0.00011038
0.00011038
0.00011038
0.00011038
0.00011038
0.00011038
0.00011038
0.00011038
0.00011038
0.00011038
0.00011038
0.00011038
0.00011038
0.00011038
0.00011038
0.00011038
0.00011038
0.00011038
0.00011038
0.00011038
0.00011038
0.00011038
0.00011038
0.00011038
0.00011038
0.00011038
0.00011038
0.00011038
0.00011038
0.00011038
0.00011038
0.00011038
0.00011038
0.00011038
0.00011038
0.00011038
0.00011038
0.00011038
0.00011038
0.00011038
0.00011038
0.00011038
0.00011038
0.00011038
0.00011038
0.00011038
0.00011038
0.00011038
0.00011038
0.00011038
0.00011038
0.00011038
0.00011038
0.00011038
0.00011038
0.00011038
0.00011038
0.00011038
0.00011038
0.00011038
0.00011038
0.00011038
0.00011038
0.00011038
0.00011038
0.00011038
0.00011038
0.00011038
0.00011038
0.00011038
0.00011038
0.00011038
0.00011038
0.00011038
0.00011038
0.00011038
0.00011038
0.00011038
0.00011038
0.00011038
0.00011038
0.00011038
0.00011038
0.00011038
0.00011038
0.00011038
0.00011038
0.00011038
0.00011038
0.00011038
0.00011038
0.00011038
0.00011038
0.00011038
0.00011038
0.00011038
0.00011038
0.00011038
0.00011038
0.00011038
0.00011038
0.00011038
0.00011038
0.00011038
0.00011038
0.00011038
0.00011038
0.00011038
0.00011038
0.00011038
0.00011038
0.00011038
0.00011038
0.00011038
0.00011038
0.00011038
0.00011038
0.00011038
0.00011038
0.00011038
0.00011038
0.00011038
0.00011038
0.00011038
0.00011038
0.00011038
0.00011038
0.00011038
0.00011038
0.00011038
0.00011038
0.00011038
0.00011038
0.00011038
0.00011038
0.00011038
0.00011038
0.00011038
0.00011038
0.00011038
0.00011038
0.00011038
0.00011038
0.00011038
0.00011038
0.00011038
0.00011038
0.00011038
0.00011038
0.00011038
0.00011038
0.00011038
0.00011038
0.00011038
0.00011038
0.00011038
0.00011038
0.00011038
0.00011038
0.00011038
0.00011038
0.00011038
0.00011038
0.00011038
0.00011038
0.00011038
0.00011038
0.00011038
0.00011038
0.00011038
0.00011038
0.00011038
0.00011038
0.00011038
0.00011038
0.00011038
0.00011038
0.00011038
0.00011038
0.00011038
0.00011038
0.00011038
0.00011038
0.00011038
0.00011038
0.00011038
0.00011038
0.00011038
0.00011038
0.00011038
0.00011038
0.00011038
0.00011038
0.00011038
0.00011038
0.00011038
0.00011038
0.00011038
0.00011038
0.00011038
0.00011038
0.00011038
0.00011038
0.00011038
0.00011038
0.00011038
0.00011038
0.00011038
0.00011038
0.00011038
0.00011038
0.00011038
0.00011038
0.00011038
0.00011038
0.00011038
0.00011038
0.00011038
0.00011038
0.00011038
0.00011038
0.00011038
0.00011038
0.00011038
0.00011038
0.00011038
0.00011038
0.00011038
0.00011038
0.00011038
0.00011038
0.00011038
0.00011038
0.00011038
0.00011038
0.00011038
0.00011038
0.00011038
0.00011038
0.00011038
0.00011038
0.00011038
0.00011038
0.00011038
0.00011038
0.00011038
0.00011038
0.00011038
0.00011038
0.00011038
0.00011038
0.00011038
0.00011038
0.00011038
0.00011038
0.00011038
0.00011038
0.00011038
0.00011038
0.00011038
0.00011038
0.00011038
0.00011038
0.00011038
0.00011038
0.00011038
0.00011038
0.00011038
0.00011038
0.00011038
0.00011038
0.00011038
0.00011038
0.00011038
0.00011038
0.00011038
0.00011038
0.00011038
0.00011038
0.00011038
0.00011038
0.00011038
0.00011038
0.00011038
0.00011038
0.00011038
0.00011038
0.00011038
0.00011038
0.00011038
0.00011038
0.00011038
0.00011038
0.00011038
0.00011038
0.00011038
0.00011038
0.00011038
0.00011038
0.00011038
0.00011038
0.00011038
0.00011038
0.00011038
0.00011038
0.00011038
0.00011038
0.00011038
0.00011038
0.00011038
0.00011038
0.00011038
0.00011038
0.00011038
0.00011038
0.00011038
0.00011038
0.00011038
0.00011038
0.00011038
0.00011038
0.00011038
0.00011038
0.00011038
0.00011038
0.00011038
0.00011038
0.00011038
0.00011038
0.00011038
0.00011038
0.00011038
0.00011038
0.00011038
0.00011038
0.00011038
0.00011038
0.00011038
0.00011038
0.00011038
0.00011038
0.00011038
0.00011038
0.00011038
0.00011038
0.00011038
0.00011038
0.00011038
0.00011038
0.00011038
0.00011038
0.00011038
0.00011038
0.00011038
0.00011038
0.00011038
0.00011038
0.00011038
0.00011038
0.00011038
0.00011038
0.00011038
0.00011038
0.00011038
0.00011038
0.00011038
0.00011038
0.00011038
0.00011038
0.00011038
0.00011038
0.00011038
0.00011038
0.00011038
0.00011038
0.00011038
0.00011038
0.00011038
0.00011038
0.00011038
0.00011038
0.00011038
0.00011038
0.00011038
0.00011038
0.00011038
0.00011038
0.00011038
0.00011038
0.00011038
0.00011038
0.00011038
0.00011038
0.00011038
0.00011038
0.00011038
0.00011038
0.00011038
0.00011038
0.00011038
0.00011038
0.00011038
0.00011038
0.00011038
0.00011038
0.00011038
0.00011038
0.00011038
0.00011038
0.00011038
0.00011038
0.00011038
0.00011038
0.00011038
0.00011038
0.00011038
0.00011038
0.00011038
0.00011038
0.00011038
0.00011038
0.00011038
0.00011038
0.00011038
0.00011038
0.00011038
0.00011038
0.00011038
0.00011038
0.00011038
0.00011038
0.00011038
0.00011038
0.00011038
0.00011038
0.00011038
0.00011038
0.00011038
0.00011038
0.00011038
0.00011038
0.00011038
0.00011038
0.00011038
0.00011038
0.00011038
0.00011038
0.00011038
0.00011038
0.00011038
0.00011038
0.00011038
0.00011038
0.00011038
0.00011038
0.00011038
0.00011038
0.00011038
0.00011038
0.00011038
0.00011038
0.00011038
0.00011038
0.00011038
0.00011038
0.00011038
0.00011038
0.00011038
0.00011038
0.00011038
0.00011038
0.00011038
0.00011038
0.00011038
0.00011038
0.00011038
0.00011038
0.00011038
0.00011038
0.00011038
0.00011038
0.00011038
0.00011038
0.00011038
0.00011038
0.00011038
0.00011038
0.00011038
0.00011038
0.00011038
0.00011038
0.00011038
0.00011038
0.00011038
0.00011038
0.00011038
0.00011038
0.00011038
0.00011038
0.00011038
0.00011038
0.00011038
0.00011038
0.00011038
0.00011038
0.00011038
0.00011038
0.00011038
0.00011038
0.00011038
0.00011038
0.00011038
0.00011038
0.00011038
0.00011038
0.00011038
0.00011038
0.00011038
0.00011038
0.00011038
0.00011038
0.00011038
0.00011038
0.00011038
0.00011038
0.00011038
0.00011038
0.00011038
0.00011038
0.00011038
0.00011038
0.00011038
0.00011038
0.00011038
0.00011038
0.00011038
0.00011038
0.00011038
0.00011038
0.00011038
0.00011038
0.00011038
0.00011038
0.00011038
0.00011038
0.00011038
0.00011038
0.00011038
0.00011038
0.00011038
0.00011038
0.00011038
0.00011038
0.00011038
0.00011038
0.00011038
0.00011038
0.00011038
0.00011038
0.00011038
0.00011038
0.00011038
0.00011038
0.00011038
0.00011038
0.00011038
0.00011038
0.00011038
0.00011038
0.00011038
0.00011038
0.00011038
0.00011038
0.00011038
0.00011038
0.00011038
0.00011038
0.00011038
0.00011038
0.00011038
0.00011038
0.00011038
0.00011038
0.00011038
0.00011038
0.00011038
0.00011038
0.00011038
0.00011038
0.00011038
0.00011038
0.00011038
0.00011038
0.00011038
0.00011038
0.00011038
0.00011038
0.00011038
0.00011038
0.00011038
0.00011038
0.00011038
0.00011038
0.00011038
0.00011038
0.00011038
0.00011038
0.00011038
0.00011038
0.00011038
0.00011038
0.00011038
0.00011038
0.00011038
0.00011038
0.00011038
0.00011038
0.00011038
0.00011038
0.00011038
0.00011038
0.00011038
0.00011038
0.00011038
0.00011038
0.00011038
0.00011038
0.00011038
0.00011038
0.00011038
0.00011038
0.00011038
0.00011038
0.00011038
0.00011038
0.00011038
0.00011038
0.00011038
0.00011038
0.00011038
0.00011038
0.00011038
0.00011038
0.00011038
0.00011038
0.00011038
0.00011038
0.00011038
0.00011038
0.00011038
0.00011038
0.00011038
0.00011038
0.00011038
0.00011038
0.00011038
0.00011038
0.00011038
0.00011038
0.00011038
0.00011038
0.00011038
0.00011038
0.00011038
0.00011038
0.00011038
0.00011038
0.00011038
0.00011038
0.00011038
0.00011038
0.00011038
0.00011038
0.00011038
0.00011038
0.00011038
0.00011038
0.00011038
0.00011038
0.00011038
0.00011038
0.00011038
0.00011038
0.00011038
0.00011038
0.00011038
0.00011038
0.00011038
0.00011038
0.00011038
0.00011038
0.00011038
0.00011038
0.00011038
0.00011038
0.00011038
0.00011038
0.00011038
0.00011038
0.00011038
0.00011038
0.00011038
0.00011038
0.00011038
0.00011038
0.00011038
0.00011038
0.00011038
0.00011038
0.00011038
0.00011038
0.00011038
0.00011038
0.00011038
0.00011038
0.00011038
0.00011038
0.00011038
0.00011038
0.00011038
0.00011038
0.00011038
0.00011038
0.00011038
0.00011038
0.00011038
0.00011038
0.00011038
0.00011038
0.00011038
0.00011038
0.00011038
0.00011038
0.00011038
0.00011038
0.00011038
0.00011038
0.00011038
0.00011038
0.00011038
0.00011038
0.00011038
0.00011038
0.00011038
0.00011038
0.00011038
0.00011038
0.00011038
0.00011038
0.00011038
0.00011038
0.00011038
0.00011038
0.00011038
0.00011038
0.00011038
0.00011038
0.00011038
0.00011038
0.00011038
0.00011038
0.00011038
0.00011038
0.00011038
0.00011038
0.00011038
0.00011038
0.00011038
0.00011038
0.00011038
0.00011038
0.00011038
0.00011038
0.00011038
0.00011038
0.00011038
0.00011038
0.00011038
0.00011038
0.00011038
0.00011038
0.00011038
0.00011038
0.00011038
0.00011038
0.00011038
0.00011038
0.00011038
0.00011038
0.00011038
0.00011038
0.00011038
0.00011038
0.00011038
0.00011038
0.00011038
0.00011038
0.00011038
0.00011038
0.00011038
0.00011038
0.00011038
0.00011038
0.00011038
0.00011038
0.00011038
0.00011038
0.00011038
0.00011038
0.00011038
0.00011038
0.00011038
0.00011038
0.00011038
0.00011038
0.00011038
0.00011038
0.00011038
0.00011038
0.00011038
0.00011038
0.00011038
0.00011038
0.00011038
0.00011038
0.00011038
0.00011038
0.00011038
0.00011038
0.00011038
0.00011038
0.00011038
0.00011038
0.00011038
0.00011038
0.00011038
0.00011038
0.00011038
0.00011038
0.00011038
0.00011038
0.00011038
0.00011038
0.00011038
0.00011038
0.00011038
0.00011038
0.00011038
0.00011038
0.00011038
0.00011038
0.00011038
0.00011038
0.00011038
0.00011038
0.00011038
0.00011038
0.00011038
0.00011038
0.00011038
0.00011038
0.00011038
0.00011038
0.00011038
0.00011038
0.00011038
0.00011038
0.00011038
0.00011038
0.00011038
0.00011038
0.00011038
0.00011038
0.00011038
0.00011038
0.00011038
0.00011038
0.00011038
0.00011038
0.00011038
0.00011038
0.00011038
0.00011038
0.00011038
0.00011038
0.00011038
0.00011038
0.00011038
0.00011038
0.00011038
0.00011038
0.00011038
0.00011038
0.00011038
0.00011038
0.00011038
0.00011038
0.00011038
0.00011038
0.00011038
0.00011038
0.00011038
0.00011038
0.00011038
0.00011038
0.00011038
0.00011038
0.00011038
0.00011038
0.00011038
0.00011038
0.00011038
0.00011038
0.00011038
0.00011038
0.00011038
0.00011038
0.00011038
0.00011038
0.00011038
0.00011038
0.00011038
0.00011038
0.00011038
0.00011038
0.00011038
0.00011038
0.00011038
0.00011038
0.00011038
0.00011038
0.00011038
0.00011038
0.00011038
0.00011038
0.00011038
0.00011038
0.00011038
0.00011038
0.00011038
0.00011038
0.00011038
0.00011038
0.00011038
0.00011038
0.00011038
0.00011038
0.00011038
0.00011038
0.00011038
0.00011038
0.00011038
0.00011038
0.00011038
0.00011038
0.00011038
0.00011038
0.00011038
0.00011038
0.00011038
0.00011038
0.00011038
0.00011038
0.00011038
0.00011038
0.00011038
0.00011038
0.00011038
0.00011038
0.00011038
0.00011038
0.00011038
0.00011038
0.00011038
0.00011038
0.00011038
0.00011038
0.00011038
0.00011038
0.00011038
0.00011038
0.00011038
0.00011038
0.00011038
0.00011038
0.00011038
0.00011038
0.00011038
0.00011038
0.00011038
0.00011038
0.00011038
0.00011038
0.00011038
0.00011038
0.00011038
0.00011038
0.00011038
0.00011038
0.00011038
0.00011038
0.00011038
0.00011038
0.00011038
0.00011038
0.00011038
0.00011038
0.00011038
0.00011038
0.00011038
0.00011038
0.00011038
0.00011038
0.00011038
0.00011038
0.00011038
0.00011038
0.00011038
0.00011038
0.00011038
0.00011038
0.00011038
0.00011038
0.00011038
0.00011038
0.00011038
0.00011038
0.00011038
0.00011038
0.00011038
0.00011038
0.00011038
0.00011038
0.00011038
0.00011038
0.00011038
0.00011038
0.00011038
0.00011038
0.00011038
0.00011038
0.00011038
0.00011038
0.00011038
0.00011038
0.00011038
0.00011038
0.00011038
0.00011038
0.00011038
0.00011038
0.00011038
0.00011038
0.00011038
0.00011038
0.00011038
0.00011038
0.00011038
0.00011038
0.00011038
0.00011038
0.00011038
0.00011038
0.00011038
0.00011038
0.00011038
0.00011038
0.00011038
0.00011038
0.00011038
0.00011038
0.00011038
0.00011038
0.00011038
0.00011038
0.00011038
0.00011038
0.00011038
0.00011038
0.00011038
0.00011038
0.00011038
0.00011038
0.00011038
0.00011038
0.00011038
0.00011038
0.00011038
0.00011038
0.00011038
0.00011038
0.00011038
0.00011038
0.00011038
0.00011038
0.00011038
0.00011038
0.00011038
0.00011038
0.00011038
0.00011038
0.00011038
0.00011038
0.00011038
0.00011038
0.00011038
0.00011038
0.00011038
0.00011038
0.00011038
0.00011038
0.00011038
0.00011038
0.00011038
0.00011038
0.00011038
0.00011038
0.00011038
0.00011038
0.00011038
0.00011038
0.00011038
0.00011038
0.00011038
0.00011038
0.00011038
0.00011038
0.00011038
0.00011038
0.00011038
0.00011038
0.00011038
0.00011038
0.00011038
0.00011038
0.00011038
0.00011038
0.00011038
0.00011038
0.00011038
0.00011038
0.00011038
0.00011038
0.00011038
0.00011038
0.00011038
0.00011038
0.00011038
0.00011038
0.00011038
0.00011038
0.00011038
0.00011038
0.00011038
0.00011038
0.00011038
0.00011038
0.00011038
0.00011038
0.00011038
0.00011038
0.00011038
0.00011038
0.00011038
0.00011038
0.00011038
0.00011038
0.00011038
0.00011038
0.00011038
0.00011038
0.00011038
0.00011038
0.00011038
0.00011038
0.00011038
0.00011038
0.00011038
0.00011038
0.00011038
0.00011038
0.00011038
0.00011038
0.00011038
0.00011038
0.00011038
0.00011038
0.00011038
0.00011038
0.00011038
0.00011038
0.00011038
0.00011038
0.00011038
0.00011038
0.00011038
0.00011038
0.00011038
0.00011038
0.00011038
0.00011038
0.00011038
0.00011038
0.00011038
0.00011038
0.00011038
0.00011038
0.00011038
0.00011038
0.00011038
0.00011038
0.00011038
0.00011038
0.00011038
0.00011038
0.00011038
0.00011038
0.00011038
0.00011038
0.00011038
0.00011038
0.00011038
0.00011038
0.00011038
0.00011038
0.00011038
0.00011038
0.00011038
0.00011038
0.00011038
0.00011038
0.00011038
0.00011038
0.00011038
0.00011038
0.00011038
0.00011038
0.00011038
0.00011038
0.00011038
0.00011038
0.00011038
0.00011038
0.00011038
0.00011038
0.00011038
0.00011038
0.00011038
0.00011038
0.00011038
0.00011038
0.00011038
0.00011038
0.00011038
0.00011038
0.00011038
0.00011038
0.00011038
0.00011038
0.00011038
0.00011038
0.00011038
0.00011038
0.00011038
0.00011038
0.00011038
0.00011038
0.00011038
0.00011038
0.00011038
0.00011038
0.00011038
0.00011038
0.00011038
0.00011038
0.00011038
0.00011038
0.00011038
0.00011038
0.00011038
0.00011038
0.00011038
0.00011038
0.00011038
0.00011038
0.00011038
0.00011038
0.00011038
0.00011038
0.00011038
0.00011038
0.00011038
0.00011038
0.00011038
0.00011038
0.00011038
0.00011038
0.00011038
0.00011038
0.00011038
0.00011038
0.00011038
0.00011038
0.00011038
0.00011038
0.00011038
0.00011038
0.00011038
0.00011038
0.00011038
0.00011038
0.00011038
0.00011038
0.00011038
0.00011038
0.00011038
0.00011038
0.00011038
0.00011038
0.00011038
0.00011038
0.00011038
0.00011038
0.00011038
0.00011038
0.00011038
0.00011038
0.00011038
0.00011038
0.00011038
0.00011038
0.00011038
0.00011038
0.00011038
0.00011038
0.00011038
0.00011038
0.00011038
0.00011038
0.00011038
0.00011038
0.00011038
0.00011038
0.00011038
0.00011038
0.00011038
0.00011038
0.00011038
0.00011038
0.00011038
0.00011038
0.00011038
0.00011038
0.00011038
0.00011038
0.00011038
0.00011038
0.00011038
0.00011038
0.00011038
0.00011038
0.00011038
0.00011038
0.00011038
0.00011038
0.00011038
0.00011038
0.00011038
0.00011038
0.00011038
0.00011038
0.00011038
0.00011038
0.00011038
0.00011038
0.00011038
0.00011038
0.00011038
0.00011038
0.00011038
0.00011038
0.00011038
0.00011038
0.00011038
0.00011038
0.00011038
0.00011038
0.00011038
0.00011038
0.00011038
0.00011038
0.00011038
0.00011038
0.00011038
0.00011038
0.00011038
0.00011038
0.00011038
0.00011038
0.00011038
0.00011038
0.00011038
0.00011038
0.00011038
0.00011038
0.00011038
0.00011038
0.00011038
0.00011038
0.00011038
0.00011038
0.00011038
0.00011038
0.00011038
0.00011038
0.00011038
0.00011038
0.00011038
0.00011038
0.00011038
0.00011038
0.00011038
0.00011038
0.00011038
0.00011038
0.00011038
0.00011038
0.00011038
0.00011038
0.00011038
0.00011038
0.00011038
0.00011038
0.00011038
0.00011038
0.00011038
0.00011038
0.00011038
0.00011038
0.00011038
0.00011038
0.00011038
0.00011038
0.00011038
0.00011038
0.00011038
0.00011038
0.00011038
0.00011038
0.00011038
0.00011038
0.00011038
0.00011038
0.00011038
0.00011038
0.00011038
0.00011038
0.00011038
0.00011038
0.00011038
0.00011038
0.00011038
0.00011038
0.00011038
0.00011038
0.00011038
0.00011038
0.00011038
0.00011038
0.00011038
0.00011038
0.00011038
0.00011038
0.00011038
0.00011038
0.00011038
0.00011038
0.00011038
0.00011038
0.00011038
0.00011038
0.00011038
0.00011038
0.00011038
0.00011038
0.00011038
0.00011038
0.00011038
0.00011038
0.00011038
0.00011038
0.00011038
0.00011038
0.00011038
0.00011038
0.00011038
0.00011038
0.00011038
0.00011038
0.00011038
0.00011038
0.00011038
0.00011038
0.00011038
0.00011038
0.00011038
0.00011038
0.00011038
0.00011038
0.00011038
0.00011038
0.00011038
0.00011038
0.00011038
0.00011038
0.00011038
0.00011038
0.00011038
0.00011038
0.00011038
0.00011038
0.00011038
0.00011038
0.00011038
0.00011038
0.00011038
0.00011038
0.00011038
0.00011038
0.00011038
0.00011038
0.00011038
0.00011038
0.00011038
0.00011038
0.00011038
0.00011038
0.00011038
0.00011038
0.00011038
0.00011038
0.00011038
0.00011038
0.00011038
0.00011038
0.00011038
0.00011038
0.00011038
0.00011038
0.00011038
0.00011038
0.00011038
0.00011038
0.00011038
0.00011038
0.00011038
0.00011038
0.00011038
0.00011038
0.00011038
0.00011038
0.00011038
0.00011038
0.00011038
0.00011038
0.00011038
0.00011038
0.00011038
0.00011038
0.00011038
0.00011038
0.00011038
0.00011038
0.00011038
0.00011038
0.00011038
0.00011038
0.00011038
0.00011038
0.00011038
0.00011038
0.00011038
0.00011038
0.00011038
0.00011038
0.00011038
0.00011038
0.00011038
0.00011038
0.00011038
0.00011038
0.00011038
0.00011038
0.00011038
0.00011038
0.00011038
0.00011038
0.00011038
0.00011038
0.00011038
0.00011038
0.00011038
0.00011038
0.00011038
0.00011038
0.00011038
0.00011038
0.00011038
0.00011038
0.00011038
0.00011038
0.00011038
0.00011038
0.00011038
0.00011038
0.00011038
0.00011038
0.00011038
0.00011038
0.00011038
0.00011038
0.00011038
0.00011038
0.00011038
0.00011038
0.00011038
0.00011038
0.00011038
0.00011038
0.00011038
0.00011038
0.00011038
0.00011038
0.00011038
0.00011038
0.00011038
0.00011038
0.00011038
0.00011038
0.00011038
0.00011038
0.00011038
0.00011038
0.00011038
0.00011038
0.00011038
0.00011038
0.00011038
0.00011038
0.00011038
0.00011038
0.00011038
0.00011038
0.00011038
0.00011038
0.00011038
0.00011038
0.00011038
0.00011038
0.00011038
0.00011038
0.00011038
0.00011038
0.00011038
0.00011038
0.00011038
0.00011038
0.00011038
0.00011038
0.00011038
0.00011038
0.00011038
0.00011038
0.00011038
0.00011038
0.00011038
0.00011038
0.00011038
0.00011038
0.00011038
0.00011038
0.00011038
0.00011038
0.00011038
0.00011038
0.00011038
0.00011038
0.00011038
0.00011038
0.00011038
0.00011038
0.00011038
0.00011038
0.00011038
0.00011038
0.00011038
0.00011038
0.00011038
0.00011038
0.00011038
0.00011038
0.00011038
0.00011038
0.00011038
0.00011038
0.00011038
0.00011038
0.00011038
0.00011038
0.00011038
0.00011038
0.00011038
0.00011038
0.00011038
0.00011038
0.00011038
0.00011038
0.00011038
0.00011038
0.00011038
0.00011038
0.00011038
0.00011038
0.00011038
0.00011038
0.00011038
0.00011038
0.00011038
0.00011038
0.00011038
0.00011038
0.00011038
0.00011038
0.00011038
0.00011038
0.00011038
0.00011038
0.00011038
0.00011038
0.00011038
0.00011038
0.00011038
0.00011038
0.00011038
0.00011038
0.00011038
0.00011038
0.00011038
0.00011038
0.00011038
0.00011038
0.00011038
0.00011038
0.00011038
0.00011038
0.00011038
0.00011038
0.00011038
0.00011038
0.00011038
0.00011038
0.00011038
0.00011038
0.00011038
0.00011038
0.00011038
0.00011038
0.00011038
0.00011038
0.00011038
0.00011038
0.00011038
0.00011038
0.00011038
0.00011038
0.00011038
0.00011038
0.00011038
0.00011038
0.00011038
0.00011038
0.00011038
0.00011038
0.00011038
0.00011038
0.00011038
0.00011038
0.00011038
0.00011038
0.00011038
0.00011038
0.00011038
0.00011038
0.00011038
0.00011038
0.00011038
0.00011038
0.00011038
0.00011038
0.00011038
0.00011038
0.00011038
0.00011038
0.00011038
0.00011038
0.00011038
0.00011038
0.00011038
0.00011038
0.00011038
0.00011038
0.00011038
0.00011038
0.00011038
0.00011038
0.00011038
0.00011038
0.00011038
0.00011038
0.00011038
0.00011038
0.00011038
0.00011038
0.00011038
0.00011038
0.00011038
0.00011038
0.00011038
0.00011038
0.00011038
0.00011038
0.00011038
0.00011038
0.00011038
0.00011038
0.00011038
0.00011038
0.00011038
0.00011038
0.00011038
0.00011038
0.00011038
0.00011038
0.00011038
0.00011038
0.00011038
0.00011038
0.00011038
0.00011038
0.00011038
0.00011038
0.00011038
0.00011038
0.00011038
0.00011038
0.00011038
0.00011038
0.00011038
0.00011038
0.00011038
0.00011038
0.00011038
0.00011038
0.00011038
0.00011038
0.00011038
0.00011038
0.00011038
0.00011038
0.00011038
0.00011038
0.00011038
0.00011038
0.00011038
0.00011038
0.00011038
0.00011038
0.00011038
0.00011038
0.00011038
0.00011038
0.00011038
0.00011038
0.00011038
0.00011038
0.00011038
0.00011038
0.00011038
0.00011038
0.00011038
0.00011038
0.00011038
0.00011038
0.00011038
0.00011038
0.00011038
0.00011038
0.00011038
0.00011038
0.00011038
0.00011038
0.00011038
0.00011038
0.00011038
0.00011038
0.00011038
0.00011038
0.00011038
0.00011038
0.00011038
0.00011038
0.00011038
0.00011038
0.00011038
0.00011038
0.00011038
0.00011038
0.00011038
0.00011038
0.00011038
0.00011038
0.00011038
0.00011038
0.00011038
0.00011038
0.00011038
0.00011038
0.00011038
0.00011038
0.00011038
0.00011038
0.00011038
0.00011038
0.00011038
0.00011038
0.00011038
0.00011038
0.00011038
0.00011038
0.00011038
0.00011038
0.00011038
0.00011038
0.00011038
0.00011038
0.00011038
0.00011038
0.00011038
0.00011038
0.00011038
0.00011038
0.00011038
0.00011038
0.00011038
0.00011038
0.00011038
0.00011038
0.00011038
0.00011038
0.00011038
0.00011038
0.00011038
0.00011038
0.00011038
0.00011038
0.00011038
0.00011038
0.00011038
0.00011038
0.00011038
0.00011038
0.00011038
0.00011038
0.00011038
0.00011038
0.00011038
0.00011038
0.00011038
0.00011038
0.00011038
0.00011038
0.00011038
0.00011038
0.00011038
0.00011038
0.00011038
0.00011038
0.00011038
0.00011038
0.00011038
0.00011038
0.00011038
0.00011038
0.00011038
0.00011038
0.00011038
0.00011038
0.00011038
0.00011038
0.00011038
0.00011038
0.00011038
0.00011038
0.00011038
0.00011038
0.00011038
0.00011038
0.00011038
0.00011038
0.00011038
0.00011038
0.00011038
0.00011038
0.00011038
0.00011038
0.00011038
0.00011038
0.00011038
0.00011038
0.00011038
0.00011038
0.00011038
0.00011038
0.00011038
0.00011038
0.00011038
0.00011038
0.00011038
0.00011038
0.00011038
0.00011038
0.00011038
0.00011038
0.00011038
0.00011038
0.00011038
0.00011038
0.00011038
0.00011038
0.00011038
0.00011038
0.00011038
0.00011038
0.00011038
0.00011038
0.00011038
0.00011038
0.00011038
0.00011038
0.00011038
0.00011038
0.00011038
0.00011038
0.00011038
0.00011038
0.00011038
0.00011038
0.00011038
0.00011038
0.00011038
0.00011038
0.00011038
0.00011038
0.00011038
0.00011038
0.00011038
0.00011038
0.00011038
0.00011038
0.00011038
0.00011038
0.00011038
0.00011038
0.00011038
0.00011038
0.00011038
0.00011038
0.00011038
0.00011038
0.00011038
0.00011038
0.00011038
0.00011038
0.00011038
0.00011038
0.00011038
0.00011038
0.00011038
0.00011038
0.00011038
0.00011038
0.00011038
0.00011038
0.00011038
0.00011038
0.00011038
0.00011038
0.00011038
0.00011038
0.00011038
0.00011038
0.00011038
0.00011038
0.00011038
0.00011038
0.00011038
0.00011038
0.00011038
0.00011038
0.00011038
0.00011038
0.00011038
0.00011038
0.00011038
0.00011038
0.00011038
0.00011038
0.00011038
0.00011038
0.00011038
0.00011038
0.00011038
0.00011038
0.00011038
0.00011038
0.00011038
0.00011038
0.00011038
0.00011038
0.00011038
0.00011038
0.00011038
0.00011038
0.00011038
0.00011038
0.00011038
0.00011038
0.00011038
0.00011038
0.00011038
0.00011038
0.00011038
0.00011038
0.00011038
0.00011038
0.00011038
0.00011038
0.00011038
0.00011038
0.00011038
0.00011038
0.00011038
0.00011038
0.00011038
0.00011038
0.00011038
0.00011038
0.00011038
0.00011038
0.00011038
0.00011038
0.00011038
0.00011038
0.00011038
0.00011038
0.00011038
0.00011038
0.00011038
0.00011038
0.00011038
0.00011038
0.00011038
0.00011038
0.00011038
0.00011038
0.00011038
0.00011038
0.00011038
0.00011038
0.00011038
0.00011038
0.00011038
0.00011038
0.00011038
0.00011038
0.00011038
0.00011038
0.00011038
0.00011038
0.00011038
0.00011038
0.00011038
0.00011038
0.00011038
0.00011038
0.00011038
0.00011038
0.00011038
0.00011038
0.00011038
0.00011038
0.00011038
0.00011038
0.00011038
0.00011038
0.00011038
0.00011038
0.00011038
0.00011038
0.00011038
0.00011038
0.00011038
0.00011038
0.00011038
0.00011038
0.00011038
0.00011038
0.00011038
0.00011038
0.00011038
0.00011038
0.00011038
0.00011038
0.00011038
0.00011038
0.00011038
0.00011038
0.00011038
0.00011038
0.00011038
0.00011038
0.00011038
0.00011038
0.00011038
0.00011038
0.00011038
0.00011038
0.00011038
0.00011038
0.00011038
0.00011038
0.00011038
0.00011038
0.00011038
0.00011038
0.00011038
0.00011038
0.00011038
0.00011038
0.00011038
0.00011038
0.00011038
0.00011038
0.00011038
0.00011038
0.00011038
0.00011038
0.00011038
0.00011038
0.00011038
0.00011038
0.00011038
0.00011038
0.00011038
0.00011038
0.00011038
0.00011038
0.00011038
0.00011038
0.00011038
0.00011038
0.00011038
0.00011038
0.00011038
0.00011038
0.00011038
0.00011038
0.00011038
0.00011038
0.00011038
0.00011038
0.00011038
0.00011038
0.00011038
0.00011038
0.00011038
0.00011038
0.00011038
0.00011038
0.00011038
0.00011038
0.00011038
0.00011038
0.00011038
0.00011038
0.00011038
0.00011038
0.00011038
0.00011038
0.00011038
0.00011038
0.00011038
0.00011038
0.00011038
0.00011038
0.00011038
0.00011038
0.00011038
0.00011038
0.00011038
0.00011038
0.00011038
0.00011038
0.00011038
0.00011038
0.00011038
0.00011038
0.00011038
0.00011038
0.00011038
0.00011038
0.00011038
0.00011038
0.00011038
0.00011038
0.00011038
0.00011038
0.00011038
0.00011038
0.00011038
0.00011038
0.00011038
0.00011038
0.00011038
0.00011038
0.00011038
0.00011038
0.00011038
0.00011038
0.00011038
0.00011038
0.00011038
0.00011038
0.00011038
0.00011038
0.00011038
0.00011038
0.00011038
0.00011038
0.00011038
0.00011038
0.00011038
0.00011038
0.00011038
0.00011038
0.00011038
0.00011038
0.00011038
0.00011038
0.00011038
0.00011038
0.00011038
0.00011038
0.00011038
0.00011038
0.00011038
0.00011038
0.00011038
0.00011038
0.00011038
0.00011038
0.00011038
0.00011038
0.00011038
0.00011038
0.00011038
0.00011038
0.00011038
0.00011038
0.00011038
0.00011038
0.00011038
0.00011038
0.00011038
0.00011038
0.00011038
0.00011038
0.00011038
0.00011038
0.00011038
0.00011038
0.00011038
0.00011038
0.00011038
0.00011038
0.00011038
0.00011038
0.00011038
0.00011038
0.00011038
0.00011038
0.00011038
0.00011038
0.00011038
0.00011038
0.00011038
0.00011038
0.00011038
0.00011038
0.00011038
0.00011038
0.00011038
0.00011038
0.00011038
0.00011038
0.00011038
0.00011038
0.00011038
0.00011038
0.00011038
0.00011038
0.00011038
0.00011038
0.00011038
0.00011038
0.00011038
0.00011038
0.00011038
0.00011038
0.00011038
0.00011038
0.00011038
0.00011038
0.00011038
0.00011038
0.00011038
0.00011038
0.00011038
0.00011038
0.00011038
0.00011038
0.00011038
0.00011038
0.00011038
0.00011038
0.00011038
0.00011038
0.00011038
0.00011038
0.00011038
0.00011038
0.00011038
0.00011038
0.00011038
0.00011038
0.00011038
0.00011038
0.00011038
0.00011038
0.00011038
0.00011038
0.00011038
0.00011038
0.00011038
0.00011038
0.00011038
0.00011038
0.00011038
0.00011038
0.00011038
0.00011038
0.00011038
0.00011038
0.00011038
0.00011038
0.00011038
0.00011038
0.00011038
0.00011038
0.00011038
0.00011038
0.00011038
0.00011038
0.00011038
0.00011038
0.00011038
0.00011038
0.00011038
0.00011038
0.00011038
0.00011038
0.00011038
0.00011038
0.00011038
0.00011038
0.00011038
0.00011038
0.00011038
0.00011038
0.00011038
0.00011038
0.00011038
0.00011038
0.00011038
0.00011038
0.00011038
0.00011038
0.00011038
0.00011038
0.00011038
0.00011038
0.00011038
0.00011038
0.00011038
0.00011038
0.00011038
0.00011038
0.00011038
0.00011038
0.00011038
0.00011038
0.00011038
0.00011038
0.00011038
0.00011038
0.00011038
0.00011038
0.00011038
0.00011038
0.00011038
0.00011038
0.00011038
0.00011038
0.00011038
0.00011038
0.00011038
0.00011038
0.00011038
0.00011038
0.00011038
0.00011038
0.00011038
0.00011038
0.00011038
0.00011038
0.00011038
0.00011038
0.00011038
0.00011038
0.00011038
0.00011038
0.00011038
0.00011038
0.00011038
0.00011038
0.00011038
0.00011038
0.00011038
0.00011038
0.00011038
0.00011038
0.00011038
0.00011038
0.00011038
0.00011038
0.00011038
0.00011038
0.00011038
0.00011038
0.00011038
0.00011038
0.00011038
0.00011038
0.00011038
0.00011038
0.00011038
0.00011038
0.00011038
0.00011038
0.00011038
0.00011038
0.00011038
0.00011038
0.00011038
0.00011038
0.00011038
0.00011038
0.00011038
0.00011038
0.00011038
0.00011038
0.00011038
0.00011038
0.00011038
0.00011038
0.00011038
0.00011038
0.00011038
0.00011038
0.00011038
0.00011038
0.00011038
0.00011038
0.00011038
0.00011038
0.00011038
0.00011038
0.00011038
0.00011038
0.00011038
0.00011038
0.00011038
0.00011038
0.00011038
0.00011038
0.00011038
0.00011038
0.00011038
0.00011038
0.00011038
0.00011038
0.00011038
0.00011038
0.00011038
0.00011038
0.00011038
0.00011038
0.00011038
0.00011038
0.00011038
0.00011038
0.00011038
0.00011038
0.00011038
0.00011038
0.00011038
0.00011038
0.00011038
0.00011038
0.00011038
0.00011038
0.00011038
0.00011038
0.00011038
0.00011038
0.00011038
0.00011038
0.00011038
0.00011038
0.00011038
0.00011038
0.00011038
0.00011038
0.00011038
0.00011038
0.00011038
0.00011038
0.00011038
0.00011038
0.00011038
0.00011038
0.00011038
0.00011038
0.00011038
0.00011038
0.00011038
0.00011038
0.00011038
0.00011038
0.00011038
0.00011038
0.00011038
0.00011038
0.00011038
0.00011038
0.00011038
0.00011038
0.00011038
0.00011038
0.00011038
0.00011038
0.00011038
0.00011038
0.00011038
0.00011038
0.00011038
0.00011038
0.00011038
0.00011038
0.00011038
0.00011038
0.00011038
0.00011038
0.00011038
0.00011038
0.00011038
0.00011038
0.00011038
0.00011038
0.00011038
0.00011038
0.00011038
0.00011038
0.00011038
0.00011038
0.00011038
0.00011038
0.00011038
0.00011038
0.00011038
0.00011038
0.00011038
0.00011038
0.00011038
0.00011038
0.00011038
0.00011038
0.00011038
0.00011038
0.00011038
0.00011038
0.00011038
0.00011038
0.00011038
0.00011038
0.00011038
0.00011038
0.00011038
0.00011038
0.00011038
0.00011038
0.00011038
0.00011038
0.00011038
0.00011038
0.00011038
0.00011038
0.00011038
0.00011038
0.00011038
0.00011038
0.00011038
0.00011038
0.00011038
0.00011038
0.00011038
0.00011038
0.00011038
0.00011038
0.00011038
0.00011038
0.00011038
0.00011038
0.00011038
0.00011038
0.00011038
0.00011038
0.00011038
0.00011038
0.00011038
0.00011038
0.00011038
0.00011038
0.00011038
0.00011038
0.00011038
0.00011038
0.00011038
0.00011038
0.00011038
0.00011038
0.00011038
0.00011038
0.00011038
0.00011038
0.00011038
0.00011038
0.00011038
0.00011038
0.00011038
0.00011038
0.00011038
0.00011038
0.00011038
0.00011038
0.00011038
0.00011038
0.00011038
0.00011038
0.00011038
0.00011038
0.00011038
0.00011038
0.00011038
0.00011038
0.00011038
0.00011038
0.00011038
0.00011038
0.00011038
0.00011038
0.00011038
0.00011038
0.00011038
0.00011038
0.00011038
0.00011038
0.00011038
0.00011038
0.00011038
0.00011038
0.00011038
0.00011038
0.00011038
0.00011038
0.00011038
0.00011038
0.00011038
0.00011038
0.00011038
0.00011038
0.00011038
0.00011038
0.00011038
0.00011038
0.00011038
0.00011038
0.00011038
0.00011038
0.00011038
0.00011038
0.00011038
0.00011038
0.00011038
0.00011038
0.00011038
0.00011038
0.00011038
0.00011038
0.00011038
0.00011038
0.00011038
0.00011038
0.00011038
0.00011038
0.00011038
0.00011038
0.00011038
0.00011038
0.00011038
0.00011038
0.00011038
0.00011038
0.00011038
0.00011038
0.00011038
0.00011038
0.00011038
0.00011038
0.00011038
0.00011038
0.00011038
0.00011038
0.00011038
0.00011038
0.00011038
0.00011038
0.00011038
0.00011038
0.00011038
0.00011038
0.00011038
0.00011038
0.00011038
0.00011038
0.00011038
0.00011038
0.00011038
0.00011038
0.00011038
0.00011038
0.00011038
0.00011038
0.00011038
0.00011038
0.00011038
0.00011038
0.00011038
0.00011038
0.00011038
0.00011038
0.00011038
0.00011038
0.00011038
0.00011038
0.00011038
0.00011038
0.00011038
0.00011038
0.00011038
0.00011038
0.00011038
0.00011038
0.00011038
0.00011038
0.00011038
0.00011038
0.00011038
0.00011038
0.00011038
0.00011038
0.00011038
0.00011038
0.00011038
0.00011038
0.00011038
0.00011038
0.00011038
0.00011038
0.00011038
0.00011038
0.00011038
0.00011038
0.00011038
0.00011038
0.00011038
0.00011038
0.00011038
0.00011038
0.00011038
0.00011038
0.00011038
0.00011038
0.00011038
0.00011038
0.00011038
0.00011038
0.00011038
0.00011038
0.00011038
0.00011038
