0.98835658
0.98556701
0.98399030
0.98156458
0.97537902
0.97525773
0.97453002
0.97355973
0.97307459
0.97125531
0.96955731
0.96822317
0.96676774
0.96482717
0.96409945
0.96179503
0.95924803
0.95803517
0.94530018
0.94384475
0.94311704
0.94202547
0.94057004
0.94008490
0.93984233
0.93923590
0.93862947
0.93765919
0.93632505
0.93559733
0.93547605
0.93220133
0.93159491
0.93147362
0.93026076
0.92965434
0.92856277
0.92795634
0.92662220
0.92565191
0.92492420
0.92456034
0.92334748
0.92225591
0.92189206
0.92116434
0.91970891
0.91728320
0.91522135
0.91461492
0.91376592
0.91146149
0.91073378
0.91012735
0.90879321
0.90867192
0.90818678
0.90782292
0.90697392
0.90648878
0.90563978
0.90539721
0.90466950
0.90394178
0.90285021
0.90260764
0.90200121
0.90127350
0.89921164
0.89787750
0.89714979
0.89678593
0.89630079
0.89593693
0.89508793
0.89448150
0.89375379
0.89254093
0.89217708
0.89205579
0.89120679
0.89047908
0.88999394
0.88950879
0.88914494
0.88865979
0.88817465
0.88793208
0.88756822
0.88635537
0.88574894
0.88550637
0.88502122
0.88453608
0.88405094
0.88332323
0.88308065
0.88235294
0.88186780
0.88162523
0.88114008
0.88089751
0.88077623
0.88004851
0.87810794
0.87677380
0.87580352
0.87531837
0.87519709
0.87495452
0.87362038
0.87216495
0.87167981
0.87107338
0.87058824
0.87046695
0.87022438
0.86986052
0.86901152
0.86889024
0.86828381
0.86755609
0.86731352
0.86694967
0.86670710
0.86597938
0.86513038
0.86464524
0.86391753
0.86282596
0.86246210
0.86197696
0.86149181
0.86064281
0.86040024
0.86015767
0.85991510
0.85942996
0.85906610
0.85882353
0.85858096
0.85845967
0.85736810
0.85688296
0.85664039
0.85518496
0.85482110
0.85457853
0.85397210
0.85336568
0.85324439
0.85251668
0.85227411
0.85154639
0.85142511
0.85069739
0.85045482
0.85009096
0.84972711
0.84936325
0.84887811
0.84851425
0.84839297
0.84778654
0.84742268
0.84693754
0.84669497
0.84620982
0.84560340
0.84548211
0.84426925
0.84342025
0.84232868
0.84172226
0.84135840
0.84050940
0.83953911
0.83881140
0.83869012
0.83747726
0.83662826
0.83577926
0.83541540
0.83529412
0.83456640
0.83408126
0.83371740
0.83347483
0.83335355
0.83298969
0.83250455
0.83214069
0.83117041
0.83080655
0.83044269
0.83020012
0.82995755
0.82874469
0.82862341
0.82825955
0.82753184
0.82668284
0.82607641
0.82546998
0.82462098
0.82425713
0.82401455
0.82377198
0.82183141
0.82146756
0.82086113
0.82073984
0.81989084
0.81964827
0.81916313
0.81843542
0.81795027
0.81710127
0.81697999
0.81685870
0.81673742
0.81661613
0.81613099
0.81540327
0.81528199
0.81455428
0.81297756
0.81237113
0.81212856
0.81176471
0.81115828
0.81091571
0.81067314
0.80921771
0.80861128
0.80751971
0.80582171
0.80570042
0.80545785
0.80509400
0.80424500
0.80375985
0.80339600
0.80278957
0.80266828
0.80218314
0.80121286
0.80012129
0.79963614
0.79951486
0.79915100
0.79721043
0.79684657
0.79648272
0.79624015
0.79575500
0.79526986
0.79417829
0.79357186
0.79345058
0.79296543
0.79235901
0.79199515
0.79187386
0.79151001
0.79126743
0.79102486
0.79041844
0.79005458
0.78993329
0.78944815
0.78884172
0.78859915
0.78811401
0.78799272
0.78787144
0.78702244
0.78677987
0.78641601
0.78617344
0.78593087
0.78544572
0.78520315
0.78496058
0.78459673
0.78435415
0.78423287
0.78362644
0.78326258
0.78277744
0.78253487
0.78180716
0.78168587
0.78144330
0.78132201
0.78120073
0.78095816
0.78059430
0.78023044
0.77962401
0.77913887
0.77877502
0.77792602
0.77756216
0.77731959
0.77659187
0.77634930
0.77622802
0.77598545
0.77574287
0.77489388
0.77428745
0.77392359
0.77331716
0.77295331
0.77271073
0.77222559
0.77198302
0.77161916
0.77137659
0.77101273
0.77089145
0.77077016
0.77040631
0.77028502
0.77004245
0.76992116
0.76907216
0.76895088
0.76810188
0.76749545
0.76701031
0.76664645
0.76616131
0.76604002
0.76555488
0.76519102
0.76494845
0.76446331
0.76385688
0.76252274
0.76215888
0.76143117
0.76106731
0.76094603
0.76082474
0.76009703
0.75997574
0.75936931
0.75864160
0.75779260
0.75694360
0.75670103
0.75633717
0.75597332
0.75548817
0.75476046
0.75403275
0.75330503
0.75281989
0.75233475
0.75197089
0.75172832
0.75100061
0.75075804
0.75039418
0.74966646
0.74954518
0.74930261
0.74881747
0.74821104
0.74796847
0.74724075
0.74687690
0.74614918
0.74542147
0.74493633
0.74457247
0.74372347
0.74275318
0.74238933
0.74202547
0.74129776
0.74081261
0.74057004
0.73959976
0.73935719
0.73899333
0.73875076
0.73741662
0.73729533
0.73717404
0.73705276
0.73681019
0.73644633
0.73620376
0.73486962
0.73389933
0.73353548
0.73305033
0.73268648
0.73256519
0.73232262
0.73123105
0.73110976
0.73098848
0.73050334
0.73050334
0.73050334
0.73050334
0.72977562
0.72929048
0.72856277
0.72771377
0.72747119
0.72686477
0.72625834
0.72553062
0.72480291
0.72419648
0.72407520
0.72371134
0.72298363
0.72249848
0.72225591
0.72164948
0.72092177
0.72031534
0.71983020
0.71970891
0.71922377
0.71861734
0.71752577
0.71728320
0.71655549
0.71643420
0.71607035
0.71558520
0.71534263
0.71449363
0.71425106
0.71400849
0.71400849
0.71352335
0.71328078
0.71279563
0.71279563
0.71231049
0.71218921
0.71170406
0.71146149
0.71134021
0.71109763
0.71061249
0.71012735
0.70976349
0.70952092
0.70891449
0.70855064
0.70806549
0.70758035
0.70673135
0.70600364
0.70563978
0.70515464
0.70466950
0.70430564
0.70382050
0.70345664
0.70321407
0.70297150
0.70272893
0.70260764
0.70200121
0.70139478
0.70103093
0.70078836
0.70066707
0.70054579
0.70030321
0.70018193
0.70018193
0.69993936
0.69921164
0.69872650
0.69848393
0.69775622
0.69751364
0.69678593
0.69617950
0.69593693
0.69581565
0.69569436
0.69545179
0.69496665
0.69423893
0.69411765
0.69399636
0.69387508
0.69375379
0.69302608
0.69278351
0.69266222
0.69254093
0.69241965
0.69181322
0.69144936
0.69120679
0.69023651
0.68999394
0.68987265
0.68926622
0.68878108
0.68853851
0.68841722
0.68817465
0.68768951
0.68756822
0.68732565
0.68647665
0.68599151
0.68574894
0.68514251
0.68502122
0.68502122
0.68477865
0.68453608
0.68429351
0.68405094
0.68368708
0.68320194
0.68211037
0.68186780
0.68186780
0.68186780
0.68186780
0.68186780
0.68077623
0.68041237
0.68029109
0.67992723
0.67980594
0.67907823
0.67871437
0.67847180
0.67835052
0.67810794
0.67810794
0.67810794
0.67810794
0.67810794
0.67810794
0.67810794
0.67810794
0.67810794
0.67810794
0.67810794
0.67810794
0.67810794
0.67810794
0.67810794
0.67810794
0.67810794
0.67810794
0.67810794
0.67810794
0.67810794
0.67810794
0.67810794
0.67810794
0.67810794
0.67810794
0.67810794
0.67786537
0.67738023
0.67665252
0.67653123
0.67616737
0.67580352
0.67556095
0.67507580
0.67507580
0.67507580
0.67483323
0.67362038
0.67313523
0.67277138
0.67265009
0.67265009
0.67252881
0.67167981
0.67143723
0.67131595
0.67107338
0.67083081
0.67046695
0.67010309
0.66986052
0.66949666
0.66949666
0.66937538
0.66901152
0.66876895
0.66852638
0.66840509
0.66816252
0.66779867
0.66767738
0.66682838
0.66634324
0.66622195
0.66561552
0.66537295
0.66513038
0.66488781
0.66464524
0.66452395
0.66428138
0.66391753
0.66379624
0.66367495
0.66331110
0.66306853
0.66282596
0.66270467
0.66246210
0.66221953
0.66185567
0.66161310
0.66112796
0.66088539
0.66076410
0.66040024
0.66015767
0.65967253
0.65918739
0.65748939
0.65724682
0.65676167
0.65676167
0.65676167
0.65676167
0.65676167
0.65676167
0.65676167
0.65676167
0.65676167
0.65676167
0.65676167
0.65676167
0.65676167
0.65676167
0.65676167
0.65676167
0.65676167
0.65676167
0.65676167
0.65651910
0.65627653
0.65579139
0.65530625
0.65494239
0.65494239
0.65469982
0.65469982
0.65469982
0.65469982
0.65433596
0.65421468
0.65385082
0.65360825
0.65336568
0.65324439
0.65300182
0.65263796
0.65251668
0.65227411
0.65215282
0.65203153
0.65166768
0.65130382
0.65118253
0.65081868
0.65033354
0.65009096
0.64936325
0.64936325
0.64936325
0.64936325
0.64936325
0.64936325
0.64936325
0.64936325
0.64936325
0.64936325
0.64936325
0.64936325
0.64936325
0.64936325
0.64936325
0.64936325
0.64936325
0.64936325
0.64936325
0.64936325
0.64936325
0.64936325
0.64936325
0.64936325
0.64936325
0.64936325
0.64936325
0.64936325
0.64936325
0.64936325
0.64936325
0.64936325
0.64936325
0.64936325
0.64936325
0.64936325
0.64936325
0.64936325
0.64936325
0.64936325
0.64936325
0.64936325
0.64936325
0.64936325
0.64936325
0.64936325
0.64936325
0.64936325
0.64936325
0.64936325
0.64936325
0.64936325
0.64936325
0.64936325
0.64912068
0.64899939
0.64899939
0.64851425
0.64790782
0.64754397
0.64718011
0.64705882
0.64681625
0.64657368
0.64633111
0.64633111
0.64633111
0.64633111
0.64633111
0.64633111
0.64633111
0.64633111
0.64633111
0.64633111
0.64633111
0.64633111
0.64633111
0.64633111
0.64633111
0.64633111
0.64633111
0.64633111
0.64633111
0.64633111
0.64633111
0.64633111
0.64633111
0.64633111
0.64633111
0.64633111
0.64633111
0.64633111
0.64633111
0.64633111
0.64633111
0.64633111
0.64633111
0.64633111
0.64633111
0.64633111
0.64633111
0.64633111
0.64633111
0.64633111
0.64633111
0.64633111
0.64633111
0.64633111
0.64633111
0.64633111
0.64633111
0.64633111
0.64633111
0.64633111
0.64633111
0.64633111
0.64633111
0.64633111
0.64633111
0.64633111
0.64633111
0.64633111
0.64633111
0.64633111
0.64633111
0.64633111
0.64633111
0.64584597
0.64560340
0.64548211
0.64536082
0.64523954
0.64511825
0.64499697
0.64487568
0.64475440
0.64390540
0.64354154
0.64305640
0.64293511
0.64269254
0.64196483
0.64184354
0.64160097
0.64111583
0.64087326
0.64063069
0.63978169
0.63978169
0.63978169
0.63978169
0.63978169
0.63966040
0.63953911
0.63941783
0.63893269
0.63881140
0.63869012
0.63856883
0.63832626
0.63820497
0.63796240
0.63771983
0.63735597
0.63711340
0.63687083
0.63650697
0.63638569
0.63626440
0.63614312
0.63602183
0.63590055
0.63577926
0.63565797
0.63529412
0.63517283
0.63505155
0.63493026
0.63468769
0.63444512
0.63408126
0.63395998
0.63371740
0.63311098
0.63286841
0.63274712
0.63238326
0.63177683
0.63165555
0.63141298
0.63080655
0.63020012
0.63007884
0.62995755
0.62983626
0.62971498
0.62959369
0.62947241
0.62935112
0.62922984
0.62922984
0.62910855
0.62898727
0.62886598
0.62874469
0.62862341
0.62850212
0.62838084
0.62825955
0.62813827
0.62801698
0.62789569
0.62777441
0.62765312
0.62765312
0.62741055
0.62656155
0.62631898
0.62619770
0.62583384
0.62559127
0.62522741
0.62498484
0.62474227
0.62462098
0.62449970
0.62425713
0.62413584
0.62389327
0.62389327
0.62389327
0.62389327
0.62389327
0.62389327
0.62389327
0.62389327
0.62389327
0.62389327
0.62389327
0.62365070
0.62352941
0.62340813
0.62268041
0.62158884
0.62158884
0.62146756
0.62122498
0.62073984
0.61989084
0.61964827
0.61940570
0.61904184
0.61867799
0.61831413
0.61795027
0.61782899
0.61758642
0.61734384
0.61722256
0.61685870
0.61673742
0.61625227
0.61588842
0.61564585
0.61503942
0.61467556
0.61455428
0.61382656
0.61370528
0.61358399
0.61346270
0.61334142
0.61322013
0.61309885
0.61297756
0.61285628
0.61273499
0.61261371
0.61237113
0.61188599
0.61176471
0.61164342
0.61127956
0.61127956
0.61018799
0.60994542
0.60982414
0.60946028
0.60933899
0.60909642
0.60873257
0.60824742
0.60800485
0.60776228
0.60727714
0.60691328
0.60654942
0.60642814
0.60630685
0.60618557
0.60594300
0.60594300
0.60594300
0.60570042
0.60557914
0.60557914
0.60557914
0.60557914
0.60557914
0.60557914
0.60557914
0.60557914
0.60557914
0.60557914
0.60557914
0.60557914
0.60557914
0.60557914
0.60557914
0.60557914
0.60557914
0.60557914
0.60557914
0.60557914
0.60557914
0.60545785
0.60521528
0.60521528
0.60509400
0.60497271
0.60497271
0.60497271
0.60497271
0.60497271
0.60448757
0.60424500
0.60388114
0.60363857
0.60339600
0.60339600
0.60327471
0.60315343
0.60242571
0.60145543
0.60109157
0.60084900
0.60036386
0.60024257
0.59987871
0.59975743
0.59963614
0.59951486
0.59939357
0.59927229
0.59915100
0.59890843
0.59878714
0.59866586
0.59818072
0.59805943
0.59769557
0.59745300
0.59721043
0.59708914
0.59660400
0.59648272
0.59624015
0.59611886
0.59587629
0.59551243
0.59539115
0.59514857
0.59490600
0.59478472
0.59466343
0.59454215
0.59442086
0.59405700
0.59357186
0.59296543
0.59248029
0.59199515
0.59199515
0.59175258
0.59090358
0.59053972
0.59029715
0.59029715
0.59029715
0.59029715
0.59029715
0.59029715
0.59029715
0.59029715
0.59029715
0.59029715
0.59029715
0.59029715
0.59029715
0.59029715
0.59029715
0.59029715
0.59029715
0.59029715
0.58969072
0.58908429
0.58859915
0.58859915
0.58859915
0.58811401
0.58738629
0.58690115
0.58653730
0.58617344
0.58593087
0.58532444
0.58471801
0.58423287
0.58411158
0.58350515
0.58314130
0.58265616
0.58204973
0.58156458
0.58132201
0.58071559
0.58047301
0.58035173
0.57998787
0.57986659
0.57974530
0.57938144
0.57926016
0.57913887
0.57901759
0.57877502
0.57804730
0.57780473
0.57756216
0.57731959
0.57719830
0.57707702
0.57683445
0.57671316
0.57659187
0.57622802
0.57610673
0.57598545
0.57562159
0.57525773
0.57501516
0.57477259
0.57465130
0.57416616
0.57404488
0.57392359
0.57331716
0.57271073
0.57258945
0.57246816
0.57234688
0.57222559
0.57210431
0.57149788
0.57125531
0.57101273
0.57064888
0.57064888
0.57064888
0.57028502
0.57016374
0.56979988
0.56943602
0.56882959
0.56870831
0.56846574
0.56834445
0.56834445
0.56834445
0.56834445
0.56834445
0.56834445
0.56834445
0.56834445
0.56834445
0.56834445
0.56834445
0.56834445
0.56834445
0.56834445
0.56834445
0.56834445
0.56834445
0.56834445
0.56834445
0.56834445
0.56834445
0.56834445
0.56834445
0.56834445
0.56834445
0.56834445
0.56834445
0.56810188
0.56761674
0.56749545
0.56737417
0.56725288
0.56713159
0.56713159
0.56713159
0.56713159
0.56713159
0.56688902
0.56664645
0.56640388
0.56640388
0.56628260
0.56616131
0.56616131
0.56616131
0.56579745
0.56555488
0.56482717
0.56470588
0.56458460
0.56446331
0.56397817
0.56325045
0.56276531
0.56252274
0.56215888
0.56203760
0.56130988
0.56106731
0.56094603
0.56021831
0.55997574
0.55973317
0.55961189
0.55949060
0.55888417
0.55864160
0.55791389
0.55755003
0.55742874
0.55718617
0.55670103
0.55657975
0.55657975
0.55657975
0.55657975
0.55657975
0.55657975
0.55657975
0.55657975
0.55657975
0.55657975
0.55657975
0.55657975
0.55657975
0.55657975
0.55657975
0.55657975
0.55657975
0.55645846
0.55633717
0.55609460
0.55597332
0.55573075
0.55560946
0.55548817
0.55536689
0.55512432
0.55463918
0.55415403
0.55403275
0.55391146
0.55342632
0.55294118
0.55257732
0.55233475
0.55197089
0.55148575
0.55136446
0.55136446
0.55124318
0.55112189
0.55112189
0.55075804
0.55039418
0.54978775
0.54942389
0.54906004
0.54845361
0.54808975
0.54772589
0.54760461
0.54736204
0.54663432
0.54578532
0.54493633
0.54432990
0.54408733
0.54311704
0.54275318
0.54251061
0.54238933
0.54238933
0.54238933
0.54226804
0.54214676
0.54141904
0.54129776
0.54093390
0.54057004
0.54044876
0.53984233
0.53959976
0.53887204
0.53850819
0.53814433
0.53765919
0.53729533
0.53656762
0.53644633
0.53632505
0.53583990
0.53559733
0.53535476
0.53499090
0.53486962
0.53486962
0.53486962
0.53486962
0.53486962
0.53486962
0.53486962
0.53402062
0.53353548
0.53305033
0.53268648
0.53232262
0.53171619
0.53098848
0.53098848
0.53098848
0.53098848
0.53098848
0.53098848
0.53098848
0.53098848
0.53098848
0.53098848
0.53098848
0.53098848
0.53098848
0.53098848
0.53098848
0.53098848
0.53098848
0.53098848
0.53098848
0.53098848
0.53098848
0.53098848
0.53098848
0.53098848
0.53098848
0.53098848
0.53098848
0.53098848
0.53098848
0.53098848
0.53098848
0.53038205
0.53038205
0.53038205
0.53038205
0.53038205
0.53038205
0.53038205
0.53038205
0.53038205
0.52953305
0.52929048
0.52892662
0.52892662
0.52892662
0.52880534
0.52832019
0.52771377
0.52747119
0.52650091
0.52637962
0.52625834
0.52613705
0.52601577
0.52528805
0.52468163
0.52407520
0.52395391
0.52383263
0.52310491
0.52225591
0.52201334
0.52140691
0.52128563
0.52128563
0.52128563
0.52043663
0.52043663
0.52043663
0.52007277
0.51983020
0.51983020
0.51983020
0.51983020
0.51983020
0.51983020
0.51983020
0.51983020
0.51983020
0.51983020
0.51983020
0.51983020
0.51983020
0.51983020
0.51983020
0.51983020
0.51983020
0.51983020
0.51983020
0.51983020
0.51983020
0.51983020
0.51983020
0.51983020
0.51983020
0.51983020
0.51983020
0.51970891
0.51970891
0.51970891
0.51970891
0.51970891
0.51958763
0.51946634
0.51898120
0.51885992
0.51873863
0.51849606
0.51764706
0.51752577
0.51691935
0.51655549
0.51607035
0.51570649
0.51510006
0.51485749
0.51473620
0.51473620
0.51412978
0.51400849
0.51352335
0.51352335
0.51352335
0.51315949
0.51267435
0.51218921
0.51206792
0.51170406
0.51146149
0.51097635
0.51049121
0.51000606
0.50976349
0.50964221
0.50915706
0.50867192
0.50855064
0.50794421
0.50770164
0.50733778
0.50685264
0.50673135
0.50661007
0.50612492
0.50588235
0.50551850
0.50515464
0.50418435
0.50406307
0.50369921
0.50369921
0.50369921
0.50333535
0.50309278
0.50285021
0.50260764
0.50236507
0.50236507
0.50236507
0.50236507
0.50236507
0.50236507
0.50236507
0.50236507
0.50236507
0.50236507
0.50236507
0.50236507
0.50236507
0.50236507
0.50236507
0.50236507
0.50236507
0.50236507
0.50236507
0.50236507
0.50236507
0.50236507
0.50236507
0.50224378
0.50212250
0.50200121
0.50187993
0.50175864
0.50163736
0.50139478
0.50139478
0.50139478
0.50139478
0.50139478
0.50127350
0.50103093
0.50042450
0.49957550
0.49957550
0.49945421
0.49945421
0.49945421
0.49896907
0.49884779
0.49824136
0.49775622
0.49775622
0.49763493
0.49751364
0.49739236
0.49714979
0.49678593
0.49593693
0.49581565
0.49508793
0.49484536
0.49448150
0.49411765
0.49399636
0.49375379
0.49326865
0.49290479
0.49254093
0.49241965
0.49229836
0.49217708
0.49144936
0.49096422
0.49035779
0.49011522
0.48975136
0.48926622
0.48853851
0.48841722
0.48817465
0.48793208
0.48768951
0.48768951
0.48720437
0.48696180
0.48635537
0.48611280
0.48574894
0.48489994
0.48453608
0.48441480
0.48405094
0.48380837
0.48344451
0.48344451
0.48344451
0.48344451
0.48344451
0.48344451
0.48344451
0.48344451
0.48344451
0.48344451
0.48344451
0.48344451
0.48344451
0.48344451
0.48344451
0.48344451
0.48344451
0.48332323
0.48308065
0.48283808
0.48223166
0.48211037
0.48198908
0.48186780
0.48186780
0.48186780
0.48150394
0.48101880
0.48053366
0.48041237
0.48029109
0.48016980
0.48016980
0.48016980
0.47992723
0.47980594
0.47968466
0.47944209
0.47883566
0.47871437
0.47871437
0.47847180
0.47835052
0.47786537
0.47750152
0.47725894
0.47713766
0.47689509
0.47689509
0.47689509
0.47592480
0.47580352
0.47556095
0.47483323
0.47471195
0.47422680
0.47398423
0.47386295
0.47337780
0.47301395
0.47252881
0.47228623
0.47216495
0.47192238
0.47167981
0.47131595
0.47107338
0.47095209
0.47083081
0.47070952
0.46998181
0.46986052
0.46961795
0.46901152
0.46852638
0.46852638
0.46852638
0.46852638
0.46852638
0.46791995
0.46767738
0.46731352
0.46670710
0.46610067
0.46585810
0.46549424
0.46525167
0.46500910
0.46476653
0.46440267
0.46416010
0.46391753
0.46367495
0.46294724
0.46294724
0.46294724
0.46294724
0.46294724
0.46294724
0.46294724
0.46294724
0.46294724
0.46294724
0.46294724
0.46294724
0.46294724
0.46282596
0.46282596
0.46258338
0.46246210
0.46234081
0.46185567
0.46173438
0.46161310
0.46137053
0.46124924
0.46112796
0.46052153
0.46040024
0.46027896
0.45991510
0.45979381
0.45967253
0.45967253
0.45967253
0.45967253
0.45967253
0.45967253
0.45967253
0.45967253
0.45967253
0.45955124
0.45930867
0.45930867
0.45930867
0.45906610
0.45870224
0.45845967
0.45833839
0.45821710
0.45773196
0.45761067
0.45736810
0.45724682
0.45712553
0.45712553
0.45712553
0.45700424
0.45676167
0.45603396
0.45554882
0.45518496
0.45494239
0.45469982
0.45445725
0.45385082
0.45372953
0.45336568
0.45300182
0.45275925
0.45275925
0.45263796
0.45215282
0.45203153
0.45178896
0.45154639
0.45130382
0.45093996
0.45081868
0.45057611
0.45009096
0.44936325
0.44912068
0.44887811
0.44875682
0.44827168
0.44705882
0.44681625
0.44657368
0.44645240
0.44633111
0.44560340
0.44536082
0.44511825
0.44499697
0.44439054
0.44378411
0.44378411
0.44378411
0.44378411
0.44378411
0.44378411
0.44378411
0.44378411
0.44378411
0.44378411
0.44378411
0.44378411
0.44378411
0.44378411
0.44378411
0.44378411
0.44378411
0.44378411
0.44378411
0.44378411
0.44378411
0.44378411
0.44378411
0.44378411
0.44378411
0.44305640
0.44305640
0.44293511
0.44281383
0.44257126
0.44208611
0.44196483
0.44172226
0.44135840
0.44063069
0.44002426
0.43966040
0.43953911
0.43917526
0.43905397
0.43881140
0.43881140
0.43881140
0.43832626
0.43820497
0.43784112
0.43699212
0.43553669
0.43432383
0.43371740
0.43335355
0.43274712
0.43214069
0.43201941
0.43129169
0.43068526
0.43032141
0.42971498
0.42922984
0.42898727
0.42813827
0.42801698
0.42789569
0.42777441
0.42741055
0.42631898
0.42607641
0.42607641
0.42559127
0.42498484
0.42486355
0.42462098
0.42437841
0.42389327
0.42340813
0.42328684
0.42280170
0.42195270
0.42158884
0.42134627
0.42061856
0.42001213
0.41989084
0.41952699
0.41940570
0.41916313
0.41892056
0.41843542
0.41746513
0.41734384
0.41685870
0.41600970
0.41564585
0.41552456
0.41552456
0.41552456
0.41552456
0.41552456
0.41552456
0.41540327
0.41503942
0.41479685
0.41419042
0.41346270
0.41261371
0.41249242
0.41224985
0.41176471
0.41152213
0.41140085
0.41043056
0.40994542
0.40946028
0.40909642
0.40861128
0.40812614
0.40764099
0.40739842
0.40667071
0.40642814
0.40582171
0.40545785
0.40497271
0.40448757
0.40424500
0.40424500
0.40424500
0.40424500
0.40363857
0.40278957
0.40194057
0.40157671
0.40109157
0.40060643
0.40036386
0.39975743
0.39939357
0.39866586
0.39854457
0.39842329
0.39781686
0.39769557
0.39696786
0.39672529
0.39587629
0.39526986
0.39502729
0.39442086
0.39393572
0.39345058
0.39320800
0.39260158
0.39211643
0.39163129
0.39066101
0.38981201
0.38956944
0.38920558
0.38896301
0.38884172
0.38872044
0.38775015
0.38750758
0.38690115
0.38641601
0.38580958
0.38556701
0.38471801
0.38423287
0.38386901
0.38374773
0.38350515
0.38265616
0.38241358
0.38156458
0.38120073
0.38010916
0.37998787
0.37974530
0.37974530
0.37938144
0.37938144
0.37877502
0.37853244
0.37792602
0.37768344
0.37744087
0.37744087
0.37744087
0.37707702
0.37683445
0.37647059
0.37610673
0.37562159
0.37525773
0.37501516
0.37453002
0.37453002
0.37453002
0.37453002
0.37453002
0.37453002
0.37453002
0.37453002
0.37453002
0.37453002
0.37453002
0.37453002
0.37453002
0.37404488
0.37355973
0.37331716
0.37198302
0.37174045
0.37137659
0.37077016
0.37040631
0.36992116
0.36979988
0.36955731
0.36882959
0.36761674
0.36737417
0.36725288
0.36664645
0.36652517
0.36591874
0.36531231
0.36446331
0.36409945
0.36373560
0.36349303
0.36337174
0.36337174
0.36325045
0.36288660
0.36276531
0.36240146
0.36203760
0.36179503
0.36155246
0.36094603
0.36009703
0.35997574
0.35949060
0.35936931
0.35924803
0.35912674
0.35876289
0.35852032
0.35827774
0.35827774
0.35767132
0.35767132
0.35755003
0.35742874
0.35718617
0.35670103
0.35633717
0.35597332
0.35597332
0.35560946
0.35524560
0.35476046
0.35439660
0.35391146
0.35318375
0.35306246
0.35281989
0.35245603
0.35184961
0.35160703
0.35148575
0.35100061
0.35075804
0.35039418
0.35027289
0.34966646
0.34918132
0.34918132
0.34869618
0.34821104
0.34772589
0.34748332
0.34699818
0.34687690
0.34627047
0.34554275
0.34530018
0.34517890
0.34517890
0.34517890
0.34457247
0.34420861
0.34408733
0.34348090
0.34299576
0.34202547
0.34129776
0.34081261
0.34032747
0.33984233
0.33984233
0.33923590
0.33911461
0.33875076
0.33778047
0.33765919
0.33729533
0.33656762
0.33596119
0.33535476
0.33523347
0.33474833
0.33462705
0.33462705
0.33438448
0.33402062
0.33377805
0.33317162
0.33317162
0.33147362
0.33123105
0.33110976
0.33110976
0.33098848
0.33026076
0.33013948
0.32965434
0.32941176
0.32929048
0.32916919
0.32916919
0.32868405
0.32832019
0.32747119
0.32710734
0.32674348
0.32650091
0.32650091
0.32650091
0.32650091
0.32613705
0.32589448
0.32589448
0.32577320
0.32443905
0.32383263
0.32383263
0.32346877
0.32334748
0.32261977
0.32261977
0.32237720
0.32225591
0.32189206
0.32164948
0.32152820
0.32152820
0.32152820
0.32152820
0.32152820
0.32152820
0.32152820
0.32152820
0.32152820
0.32152820
0.32152820
0.32152820
0.32152820
0.32152820
0.32152820
0.32152820
0.32152820
0.32067920
0.31970891
0.31934506
0.31922377
0.31885992
0.31813220
0.31776834
0.31716192
0.31655549
0.31631292
0.31594906
0.31582777
0.31534263
0.31522135
0.31510006
0.31473620
0.31412978
0.31376592
0.31267435
0.31243178
0.31218921
0.31206792
0.31182535
0.31182535
0.31170406
0.31146149
0.31097635
0.31085506
0.31061249
0.30988478
0.30952092
0.30939964
0.30915706
0.30915706
0.30915706
0.30842935
0.30782292
0.30758035
0.30673135
0.30612492
0.30612492
0.30576107
0.30563978
0.30527592
0.30454821
0.30454821
0.30454821
0.30394178
0.30357793
0.30345664
0.30333535
0.30309278
0.30285021
0.30236507
0.30187993
0.30187993
0.30187993
0.30187993
0.30187993
0.30187993
0.30187993
0.30187993
0.30187993
0.30187993
0.30187993
0.30187993
0.30187993
0.30187993
0.30175864
0.30163736
0.30090964
0.30066707
0.30042450
0.30006064
0.29969679
0.29957550
0.29909036
0.29848393
0.29836264
0.29812007
0.29775622
0.29727107
0.29654336
0.29642207
0.29605822
0.29605822
0.29605822
0.29605822
0.29605822
0.29593693
0.29581565
0.29533050
0.29520922
0.29496665
0.29484536
0.29448150
0.29411765
0.29387508
0.29302608
0.29278351
0.29254093
0.29229836
0.29132808
0.29132808
0.29132808
0.29132808
0.29096422
0.29047908
0.29023651
0.29011522
0.28987265
0.28926622
0.28902365
0.28853851
0.28817465
0.28817465
0.28817465
0.28817465
0.28793208
0.28744694
0.28708308
0.28696180
0.28671922
0.28647665
0.28623408
0.28562765
0.28562765
0.28562765
0.28562765
0.28562765
0.28562765
0.28489994
0.28465737
0.28465737
0.28441480
0.28368708
0.28308065
0.28271680
0.28235294
0.28211037
0.28186780
0.28089751
0.28041237
0.27944209
0.27932080
0.27907823
0.27883566
0.27871437
0.27835052
0.27810794
0.27774409
0.27677380
0.27653123
0.27616737
0.27616737
0.27556095
0.27471195
0.27459066
0.27434809
0.27398423
0.27362038
0.27362038
0.27325652
0.27240752
0.27216495
0.27119466
0.26973924
0.26889024
0.26755609
0.26743481
0.26646452
0.26561552
0.26476653
0.26452395
0.26416010
0.26379624
0.26282596
0.26282596
0.26282596
0.26282596
0.26282596
0.26282596
0.26282596
0.26282596
0.26282596
0.26282596
0.26282596
0.26282596
0.26282596
0.26282596
0.26161310
0.26149181
0.26137053
0.26064281
0.26027896
0.25991510
0.25967253
0.25918739
0.25894482
0.25858096
0.25773196
0.25724682
0.25724682
0.25676167
0.25530625
0.25518496
0.25518496
0.25433596
0.25421468
0.25360825
0.25300182
0.25300182
0.25300182
0.25300182
0.25300182
0.25300182
0.25300182
0.25300182
0.25300182
0.25300182
0.25300182
0.25300182
0.25300182
0.25300182
0.25300182
0.25300182
0.25300182
0.25300182
0.25300182
0.25300182
0.25300182
0.25300182
0.25300182
0.25300182
0.25300182
0.25300182
0.25300182
0.25300182
0.25300182
0.25300182
0.25300182
0.25300182
0.25300182
0.25300182
0.25300182
0.25300182
0.25251668
0.25191025
0.25093996
0.25033354
0.25021225
0.24899939
0.24827168
0.24681625
0.24681625
0.24681625
0.24681625
0.24681625
0.24681625
0.24596725
0.24487568
0.24451183
0.24402668
0.24342025
0.24317768
0.24281383
0.24269254
0.24244997
0.24196483
0.24147968
0.24050940
0.24026683
0.24002426
0.23953911
0.23941783
0.23929654
0.23893269
0.23869012
0.23856883
0.23808369
0.23784112
0.23687083
0.23687083
0.23687083
0.23687083
0.23662826
0.23662826
0.23662826
0.23662826
0.23662826
0.23662826
0.23662826
0.23662826
0.23553669
0.23529412
0.23505155
0.23505155
0.23505155
0.23505155
0.23505155
0.23505155
0.23505155
0.23468769
0.23468769
0.23444512
0.23408126
0.23359612
0.23238326
0.23238326
0.23177683
0.23141298
0.23141298
0.23104912
0.23104912
0.23068526
0.23044269
0.23020012
0.22971498
0.22935112
0.22886598
0.22862341
0.22825955
0.22813827
0.22813827
0.22813827
0.22813827
0.22813827
0.22813827
0.22728927
0.22607641
0.22534870
0.22486355
0.22413584
0.22328684
0.22280170
0.22195270
0.22158884
0.22122498
0.22098241
0.22073984
0.22049727
0.21976956
0.21952699
0.21952699
0.21952699
0.21831413
0.21819284
0.21770770
0.21758642
0.21697999
0.21649485
0.21649485
0.21649485
0.21625227
0.21625227
0.21625227
0.21625227
0.21625227
0.21625227
0.21625227
0.21625227
0.21552456
0.21552456
0.21552456
0.21552456
0.21552456
0.21552456
0.21552456
0.21552456
0.21552456
0.21552456
0.21528199
0.21455428
0.21431170
0.21406913
0.21322013
0.21322013
0.21273499
0.21200728
0.21176471
0.21140085
0.21115828
0.21067314
0.21067314
0.21067314
0.21067314
0.21067314
0.21067314
0.21067314
0.21067314
0.21067314
0.21067314
0.21067314
0.21067314
0.21067314
0.21067314
0.21067314
0.21067314
0.21067314
0.21067314
0.21067314
0.21067314
0.21067314
0.21067314
0.21067314
0.21067314
0.21067314
0.21067314
0.21067314
0.21067314
0.20958156
0.20885385
0.20824742
0.20800485
0.20776228
0.20727714
0.20667071
0.20667071
0.20667071
0.20667071
0.20667071
0.20667071
0.20667071
0.20667071
0.20667071
0.20667071
0.20642814
0.20618557
0.20618557
0.20618557
0.20618557
0.20618557
0.20618557
0.20618557
0.20618557
0.20606428
0.20582171
0.20545785
0.20545785
0.20533657
0.20533657
0.20533657
0.20533657
0.20533657
0.20533657
0.20533657
0.20533657
0.20533657
0.20533657
0.20533657
0.20533657
0.20533657
0.20533657
0.20533657
0.20533657
0.20533657
0.20533657
0.20533657
0.20533657
0.20533657
0.20533657
0.20533657
0.20533657
0.20533657
0.20533657
0.20533657
0.20533657
0.20533657
0.20533657
0.20533657
0.20533657
0.20533657
0.20533657
0.20533657
0.20533657
0.20533657
0.20533657
0.20533657
0.20533657
0.20533657
0.20533657
0.20533657
0.20533657
0.20533657
0.20533657
0.20533657
0.20533657
0.20533657
0.20533657
0.20533657
0.20533657
0.20533657
0.20533657
0.20533657
0.20533657
0.20497271
0.20497271
0.20497271
0.20497271
0.20497271
0.20497271
0.20497271
0.20497271
0.20497271
0.20497271
0.20497271
0.20497271
0.20497271
0.20497271
0.20497271
0.20497271
0.20497271
0.20497271
0.20497271
0.20497271
0.20497271
0.20497271
0.20497271
0.20497271
0.20497271
0.20497271
0.20497271
0.20497271
0.20497271
0.20497271
0.20497271
0.20497271
0.20497271
0.20497271
0.20497271
0.20497271
0.20497271
0.20497271
0.20497271
0.20497271
0.20497271
0.20497271
0.20497271
0.20497271
0.20497271
0.20497271
0.20497271
0.20497271
0.20497271
0.20497271
0.20497271
0.20497271
0.20497271
0.20497271
0.20497271
0.20497271
0.20497271
0.20497271
0.20497271
0.20497271
0.20497271
0.20497271
0.20497271
0.20497271
0.20497271
0.20497271
0.20497271
0.20497271
0.20497271
0.20497271
0.20497271
0.20497271
0.20497271
0.20497271
0.20497271
0.20497271
0.20497271
0.20497271
0.20497271
0.20497271
0.20497271
0.20497271
0.20497271
0.20497271
0.20497271
0.20497271
0.20497271
0.20497271
0.20497271
0.20497271
0.20497271
0.20497271
0.20497271
0.20485143
0.20460885
0.20448757
0.20436628
0.20424500
0.20412371
0.20400243
0.20388114
0.20375985
0.20363857
0.20351728
0.20339600
0.20339600
0.20315343
0.20303214
0.20291086
0.20278957
0.20266828
0.20254700
0.20242571
0.20230443
0.20218314
0.20206186
0.20194057
0.20181928
0.20169800
0.20157671
0.20060643
0.20048514
0.20036386
0.19987871
0.19963614
0.19963614
0.19951486
0.19939357
0.19927229
0.19915100
0.19902971
0.19890843
0.19866586
0.19842329
0.19793814
0.19781686
0.19769557
0.19757429
0.19721043
0.19708914
0.19684657
0.19684657
0.19672529
0.19660400
0.19660400
0.19660400
0.19660400
0.19636143
0.19611886
0.19587629
0.19514857
0.19502729
0.19490600
0.19466343
0.19454215
0.19442086
0.19393572
0.19381443
0.19345058
0.19296543
0.19260158
0.19235901
0.19211643
0.19187386
0.19114615
0.19114615
0.19114615
0.19114615
0.19114615
0.19114615
0.19114615
0.19114615
0.19114615
0.19114615
0.19114615
0.19017586
0.18993329
0.18981201
0.18969072
0.18944815
0.18932686
0.18920558
0.18908429
0.18884172
0.18872044
0.18872044
0.18872044
0.18787144
0.18629472
0.18617344
0.18605215
0.18593087
0.18593087
0.18580958
0.18544572
0.18532444
0.18520315
0.18508187
0.18447544
0.18435415
0.18423287
0.18386901
0.18338387
0.18302001
0.18289873
0.18277744
0.18204973
0.18192844
0.18156458
0.18107944
0.18095816
0.18083687
0.18071559
0.17938144
0.17926016
0.17913887
0.17901759
0.17889630
0.17853244
0.17841116
0.17828987
0.17792602
0.17719830
0.17707702
0.17695573
0.17647059
0.17586416
0.17537902
0.17501516
0.17489388
0.17440873
0.17404488
0.17380230
0.17343845
0.17319588
0.17295331
0.17295331
0.17295331
0.17295331
0.17295331
0.17283202
0.17246816
0.17210431
0.17210431
0.17210431
0.17161916
0.17161916
0.17161916
0.17161916
0.17161916
0.17161916
0.17161916
0.17161916
0.17161916
0.17161916
0.17161916
0.17161916
0.17161916
0.17161916
0.17161916
0.17161916
0.17161916
0.17161916
0.17161916
0.17161916
0.17161916
0.17161916
0.17161916
0.17161916
0.17161916
0.17161916
0.17161916
0.17161916
0.17161916
0.17161916
0.17161916
0.17161916
0.17161916
0.17161916
0.17161916
0.17161916
0.17161916
0.17149788
0.17149788
0.17149788
0.17137659
0.17052759
0.17016374
0.17004245
0.17004245
0.17004245
0.17004245
0.16955731
0.16907216
0.16882959
0.16846574
0.16834445
0.16822317
0.16822317
0.16773802
0.16713159
0.16616131
0.16591874
0.16567617
0.16531231
0.16494845
0.16482717
0.16470588
0.16434203
0.16397817
0.16385688
0.16373560
0.16361431
0.16349303
0.16337174
0.16325045
0.16252274
0.16240146
0.16228017
0.16215888
0.16203760
0.16155246
0.16155246
0.16155246
0.16155246
0.16130988
0.16130988
0.16130988
0.16130988
0.16130988
0.16130988
0.16130988
0.16130988
0.16130988
0.16130988
0.16130988
0.16130988
0.16118860
0.16106731
0.16070346
0.16058217
0.16046089
0.16033960
0.15997574
0.15949060
0.15936931
0.15912674
0.15900546
0.15888417
0.15876289
0.15864160
0.15852032
0.15827774
0.15815646
0.15803517
0.15791389
0.15779260
0.15767132
0.15755003
0.15742874
0.15706489
0.15694360
0.15682232
0.15670103
0.15657975
0.15645846
0.15633717
0.15621589
0.15609460
0.15597332
0.15585203
0.15573075
0.15560946
0.15512432
0.15488175
0.15463918
0.15463918
0.15451789
0.15439660
0.15427532
0.15403275
0.15391146
0.15366889
0.15342632
0.15330503
0.15318375
0.15306246
0.15294118
0.15281989
0.15257732
0.15184961
0.15160703
0.15124318
0.15112189
0.15100061
0.15087932
0.15075804
0.15063675
0.15051546
0.15039418
0.15027289
0.15003032
0.14990904
0.14990904
0.14978775
0.14966646
0.14954518
0.14954518
0.14954518
0.14954518
0.14954518
0.14954518
0.14954518
0.14954518
0.14954518
0.14942389
0.14930261
0.14906004
0.14893875
0.14881747
0.14869618
0.14808975
0.14760461
0.14736204
0.14699818
0.14627047
0.14590661
0.14542147
0.14530018
0.14517890
0.14457247
0.14445118
0.14432990
0.14372347
0.14348090
0.14323833
0.14311704
0.14299576
0.14287447
0.14238933
0.14202547
0.14154033
0.14141904
0.14105518
0.14081261
0.14020619
0.14008490
0.13972104
0.13935719
0.13850819
0.13838690
0.13838690
0.13705276
0.13668890
0.13596119
0.13559733
0.13547605
0.13535476
0.13511219
0.13474833
0.13450576
0.13414190
0.13414190
0.13414190
0.13414190
0.13365676
0.13365676
0.13341419
0.13329290
0.13317162
0.13292905
0.13268648
0.13256519
0.13244391
0.13232262
0.13220133
0.13195876
0.13183748
0.13171619
0.13159491
0.13147362
0.13086719
0.13074591
0.13074591
0.13050334
0.13038205
0.13038205
0.13001819
0.12977562
0.12977562
0.12977562
0.12977562
0.12977562
0.12977562
0.12977562
0.12977562
0.12977562
0.12965434
0.12953305
0.12941176
0.12929048
0.12904791
0.12892662
0.12880534
0.12856277
0.12844148
0.12783505
0.12759248
0.12747119
0.12734991
0.12722862
0.12662220
0.12650091
0.12625834
0.12565191
0.12516677
0.12492420
0.12456034
0.12443905
0.12407520
0.12346877
0.12322620
0.12213463
0.12189206
0.12164948
0.12152820
0.12140691
0.12116434
0.12104306
0.12092177
0.12067920
0.12019406
0.11970891
0.11958763
0.11946634
0.11910249
0.11898120
0.11898120
0.11885992
0.11873863
0.11873863
0.11873863
0.11813220
0.11801092
0.11776834
0.11752577
0.11716192
0.11667677
0.11655549
0.11619163
0.11607035
0.11594906
0.11594906
0.11594906
0.11582777
0.11570649
0.11546392
0.11522135
0.11510006
0.11497878
0.11497878
0.11497878
0.11485749
0.11449363
0.11437235
0.11400849
0.11388720
0.11376592
0.11376592
0.11315949
0.11315949
0.11291692
0.11255306
0.11231049
0.11194663
0.11170406
0.11134021
0.11109763
0.11097635
0.11085506
0.11061249
0.11024864
0.11000606
0.10976349
0.10964221
0.10939964
0.10915706
0.10903578
0.10891449
0.10855064
0.10842935
0.10830807
0.10806549
0.10806549
0.10758035
0.10745907
0.10733778
0.10709521
0.10685264
0.10673135
0.10636750
0.10612492
0.10576107
0.10563978
0.10539721
0.10515464
0.10515464
0.10503335
0.10491207
0.10466950
0.10454821
0.10430564
0.10394178
0.10369921
0.10357793
0.10345664
0.10297150
0.10297150
0.10285021
0.10272893
0.10236507
0.10236507
0.10224378
0.10224378
0.10175864
0.10115221
0.10090964
0.10042450
0.10030321
0.10018193
0.10018193
0.10018193
0.10006064
0.09981807
0.09957550
0.09933293
0.09921164
0.09872650
0.09860522
0.09824136
0.09799879
0.09787750
0.09775622
0.09727107
0.09714979
0.09666465
0.09654336
0.09654336
0.09605822
0.09593693
0.09581565
0.09569436
0.09557307
0.09557307
0.09557307
0.09520922
0.09460279
0.09411765
0.09363250
0.09326865
0.09302608
0.09266222
0.09254093
0.09205579
0.09169193
0.09157065
0.09144936
0.09132808
0.09108551
0.09084294
0.09047908
0.08999394
0.08975136
0.08975136
0.08950879
0.08950879
0.08914494
0.08890237
0.08817465
0.08793208
0.08744694
0.08720437
0.08647665
0.08635537
0.08599151
0.08550637
0.08514251
0.08477865
0.08441480
0.08356580
0.08320194
0.08320194
0.08295937
0.08259551
0.08235294
0.08198908
0.08186780
0.08162523
0.08162523
0.08126137
0.08114008
0.08101880
0.08041237
0.08016980
0.08004851
0.07992723
0.07968466
0.07944209
0.07919951
0.07895694
0.07847180
0.07786537
0.07786537
0.07786537
0.07738023
0.07640995
0.07604609
0.07580352
0.07543966
0.07531837
0.07531837
0.07507580
0.07471195
0.07446938
0.07422680
0.07422680
0.07386295
0.07362038
0.07349909
0.07325652
0.07313523
0.07252881
0.07192238
0.07155852
0.07131595
0.07083081
0.07034566
0.07010309
0.06998181
0.06961795
0.06937538
0.06901152
0.06864767
0.06816252
0.06767738
0.06707095
0.06670710
0.06634324
0.06610067
0.06573681
0.06513038
0.06440267
0.06391753
0.06331110
0.06294724
0.06234081
0.06173438
0.06149181
0.06112796
0.06076410
0.06027896
0.06027896
0.06003639
0.05979381
0.05942996
0.05906610
0.05833839
0.05809582
0.05773196
0.05712553
0.05676167
0.05664039
0.05664039
0.05664039
0.05627653
0.05567010
0.05567010
0.05530625
0.05506367
0.05494239
0.05494239
0.05457853
0.05385082
0.05360825
0.05324439
0.05275925
0.05263796
0.05191025
0.05178896
0.05178896
0.05166768
0.05142511
0.05130382
0.05130382
0.05106125
0.05106125
0.05106125
0.05106125
0.05106125
0.05106125
0.05106125
0.05106125
0.05106125
0.05106125
0.05106125
0.05106125
0.05106125
0.05106125
0.05106125
0.05106125
0.05106125
0.05106125
0.05106125
0.05081868
0.05069739
0.05057611
0.05057611
0.05021225
0.04984839
0.04948454
0.04899939
0.04887811
0.04815039
0.04802911
0.04790782
0.04730139
0.04693754
0.04669497
0.04584597
0.04487568
0.04439054
0.04402668
0.04354154
0.04342025
0.04305640
0.04281383
0.04208611
0.04196483
0.04147968
0.04123711
0.04087326
0.04075197
0.04014554
0.03978169
0.03929654
0.03905397
0.03881140
0.03856883
0.03808369
0.03711340
0.03674955
0.03626440
0.03517283
0.03517283
0.03480898
0.03371740
0.03335355
0.03323226
0.03250455
0.03226198
0.03165555
0.03165555
0.03165555
0.03165555
0.03165555
0.03092784
0.03080655
0.03020012
0.03020012
0.02983626
0.02983626
0.02983626
0.02983626
0.02983626
0.02983626
0.02862341
0.02838084
0.02801698
0.02777441
0.02741055
0.02704669
0.02704669
0.02668284
0.02644027
0.02619770
0.02619770
0.02619770
0.02619770
0.02619770
0.02571255
0.02522741
0.02486355
0.02486355
0.02486355
0.02474227
0.02365070
0.02365070
0.02365070
0.02328684
0.02086113
0.01928441
0.01928441
0.01795027
0.01795027
0.01795027
0.01795027
0.01795027
0.01795027
0.01795027
0.01795027
0.01795027
0.01795027
0.01795027
0.01795027
0.01795027
0.01795027
0.01795027
0.01795027
0.01795027
0.01795027
0.01795027
0.01770770
0.01770770
0.01770770
0.01770770
0.01746513
0.01746513
0.01746513
0.01746513
0.01746513
0.01746513
0.01746513
0.01746513
0.01746513
0.01746513
0.01746513
0.01746513
0.01746513
0.01746513
0.01746513
0.01746513
0.01746513
0.01746513
0.01746513
0.01746513
0.01722256
0.01722256
0.01722256
0.01722256
0.01722256
0.01722256
0.01722256
0.01722256
0.01722256
0.01722256
0.01722256
0.01722256
0.01722256
0.01722256
0.01722256
0.01722256
0.01722256
0.01722256
0.01722256
0.01722256
0.01722256
0.01722256
0.01722256
0.01722256
0.01722256
0.01722256
0.01722256
0.01722256
0.01722256
0.01722256
0.01722256
0.01722256
0.01722256
0.01722256
0.01722256
0.01722256
0.01722256
0.01722256
0.01722256
0.01722256
0.01722256
0.01722256
0.01722256
0.01722256
0.01722256
0.01722256
0.01710127
0.01697999
0.01685870
0.01673742
0.01637356
0.01625227
0.01600970
0.01528199
0.01516070
0.01503942
0.01491813
0.01479685
0.01467556
0.01419042
0.01358399
0.01346270
0.01346270
0.01334142
0.01322013
0.01309885
0.01297756
0.01285628
0.01273499
0.01261371
0.01249242
0.01176471
0.01164342
0.01115828
0.01079442
0.01067314
0.01055185
0.00994542
0.00982414
0.00970285
0.00970285
0.00970285
0.00970285
0.00958156
0.00946028
0.00933899
0.00909642
0.00873257
0.00873257
0.00861128
0.00848999
0.00836871
0.00824742
0.00764099
0.00715585
0.00703457
0.00703457
0.00667071
0.00667071
0.00667071
0.00667071
0.00667071
0.00667071
0.00667071
0.00654942
0.00642814
0.00630685
0.00618557
0.00594300
0.00582171
0.00570042
0.00557914
0.00557914
0.00557914
0.00557914
0.00557914
0.00545785
0.00533657
0.00509400
0.00473014
0.00436628
0.00412371
0.00375985
0.00351728
0.00327471
0.00291086
0.00254700
0.00109157
0.00084900
0.00060643
0.00060643
0.00060643
0.00060643
0.00060643
0.00036386
0.00036386
0.00024257
0.00024257
0.00024257
0.00012129
0.00012129
0.00012129
0.00012129
0.00012129
0.00012129
0.00012129
0.00012129
0.00012129
0.00012129
0.00012129
0.00012129
0.00012129
0.00012129
0.00012129
0.00012129
0.00012129
0.00012129
0.00012129
0.00012129
0.00012129
0.00012129
0.00012129
0.00012129
0.00012129
0.00012129
0.00012129
0.00012129
0.00012129
0.00012129
0.00012129
0.00012129
0.00012129
0.00012129
0.00012129
0.00012129
0.00012129
0.00012129
0.00012129
0.00012129
0.00012129
0.00012129
0.00012129
0.00012129
0.00012129
0.00012129
0.00012129
0.00012129
0.00012129
0.00012129
0.00012129
0.00012129
0.00012129
0.00012129
0.00012129
0.00012129
0.00012129
0.00012129
0.00012129
0.00012129
0.00012129
0.00012129
0.00012129
0.00012129
0.00012129
0.00012129
0.00012129
0.00012129
0.00012129
0.00012129
0.00012129
0.00012129
0.00012129
0.00012129
0.00012129
0.00012129
0.00012129
0.00012129
0.00012129
0.00012129
0.00012129
0.00012129
0.00012129
0.00012129
0.00012129
0.00012129
0.00012129
0.00012129
0.00012129
0.00012129
0.00012129
0.00012129
0.00012129
0.00012129
0.00012129
0.00012129
0.00012129
0.00012129
0.00012129
0.00012129
0.00012129
0.00012129
0.00012129
0.00012129
0.00012129
0.00012129
0.00012129
0.00012129
0.00012129
0.00012129
0.00012129
0.00012129
0.00012129
0.00012129
0.00012129
0.00012129
0.00012129
0.00012129
0.00012129
0.00012129
0.00012129
0.00012129
0.00012129
0.00012129
0.00012129
0.00012129
0.00012129
0.00012129
0.00012129
0.00012129
0.00012129
0.00012129
0.00012129
0.00012129
0.00012129
0.00012129
0.00012129
0.00012129
0.00012129
0.00012129
0.00012129
0.00012129
0.00012129
0.00012129
0.00012129
0.00012129
0.00012129
0.00012129
0.00012129
0.00012129
0.00012129
0.00012129
0.00012129
0.00012129
0.00012129
0.00012129
0.00012129
0.00012129
0.00012129
0.00012129
0.00012129
0.00012129
0.00012129
0.00012129
0.00012129
0.00012129
0.00012129
0.00012129
0.00012129
0.00012129
0.00012129
0.00012129
0.00012129
0.00012129
0.00012129
0.00012129
0.00012129
0.00012129
0.00012129
0.00012129
0.00012129
0.00012129
0.00012129
0.00012129
0.00012129
0.00012129
0.00012129
0.00012129
0.00012129
0.00012129
0.00012129
0.00012129
0.00012129
0.00012129
0.00012129
0.00012129
0.00012129
0.00012129
0.00012129
0.00012129
0.00012129
0.00012129
0.00012129
0.00012129
0.00012129
0.00012129
0.00012129
0.00012129
0.00012129
0.00012129
0.00012129
0.00012129
0.00012129
0.00012129
0.00012129
0.00012129
0.00012129
0.00012129
0.00012129
0.00012129
0.00012129
0.00012129
0.00012129
0.00012129
0.00012129
0.00012129
0.00012129
0.00012129
0.00012129
0.00012129
0.00012129
0.00012129
0.00012129
0.00012129
0.00012129
0.00012129
0.00012129
0.00012129
0.00012129
0.00012129
0.00012129
0.00012129
0.00012129
0.00012129
0.00012129
0.00012129
0.00012129
0.00012129
0.00012129
0.00012129
0.00012129
0.00012129
0.00012129
0.00012129
0.00012129
0.00012129
0.00012129
0.00012129
0.00012129
0.00012129
0.00012129
0.00012129
0.00012129
0.00012129
0.00012129
0.00012129
0.00012129
0.00012129
0.00012129
0.00012129
0.00012129
0.00012129
0.00012129
0.00012129
0.00012129
0.00012129
0.00012129
0.00012129
0.00012129
0.00012129
0.00012129
0.00012129
0.00012129
0.00012129
0.00012129
0.00012129
0.00012129
0.00012129
0.00012129
0.00012129
0.00012129
0.00012129
0.00012129
0.00012129
0.00012129
0.00012129
0.00012129
0.00012129
0.00012129
0.00012129
0.00012129
0.00012129
0.00012129
0.00012129
0.00012129
0.00012129
0.00012129
0.00012129
0.00012129
0.00012129
0.00012129
0.00012129
0.00012129
0.00012129
0.00012129
0.00012129
0.00012129
0.00012129
0.00012129
0.00012129
0.00012129
0.00012129
0.00012129
0.00012129
0.00012129
0.00012129
0.00012129
0.00012129
0.00012129
0.00012129
0.00012129
0.00012129
0.00012129
0.00012129
0.00012129
0.00012129
0.00012129
0.00012129
0.00012129
0.00012129
0.00012129
0.00012129
0.00012129
0.00012129
0.00012129
0.00012129
0.00012129
0.00012129
0.00012129
0.00012129
0.00012129
0.00012129
0.00012129
0.00012129
0.00012129
0.00012129
0.00012129
0.00012129
0.00012129
0.00012129
0.00012129
0.00012129
0.00012129
0.00012129
0.00012129
0.00012129
0.00012129
0.00012129
0.00012129
0.00012129
0.00012129
0.00012129
0.00012129
0.00012129
0.00012129
0.00012129
0.00012129
0.00012129
0.00012129
0.00012129
0.00012129
0.00012129
0.00012129
0.00012129
0.00012129
0.00012129
0.00012129
0.00012129
0.00012129
0.00012129
0.00012129
0.00012129
0.00012129
0.00012129
0.00012129
0.00012129
0.00012129
0.00012129
0.00012129
0.00012129
0.00012129
0.00012129
0.00012129
0.00012129
0.00012129
0.00012129
0.00012129
0.00012129
0.00012129
0.00012129
0.00012129
0.00012129
0.00012129
0.00012129
0.00012129
0.00012129
0.00012129
0.00012129
0.00012129
0.00012129
0.00012129
0.00012129
0.00012129
0.00012129
0.00012129
0.00012129
0.00012129
0.00012129
0.00012129
0.00012129
0.00012129
0.00012129
0.00012129
0.00012129
0.00012129
0.00012129
0.00012129
0.00012129
0.00012129
0.00012129
0.00012129
0.00012129
0.00012129
0.00012129
0.00012129
0.00012129
0.00012129
0.00012129
0.00012129
0.00012129
0.00012129
0.00012129
0.00012129
0.00012129
0.00012129
0.00012129
0.00012129
0.00012129
0.00012129
0.00012129
0.00012129
0.00012129
0.00012129
0.00012129
0.00012129
0.00012129
0.00012129
0.00012129
0.00012129
0.00012129
0.00012129
0.00012129
0.00012129
0.00012129
0.00012129
0.00012129
0.00012129
0.00012129
0.00012129
0.00012129
0.00012129
0.00012129
0.00012129
0.00012129
0.00012129
0.00012129
0.00012129
0.00012129
0.00012129
0.00012129
0.00012129
0.00012129
0.00012129
0.00012129
0.00012129
0.00012129
0.00012129
0.00012129
0.00012129
0.00012129
0.00012129
0.00012129
0.00012129
0.00012129
0.00012129
0.00012129
0.00012129
0.00012129
0.00012129
0.00012129
0.00012129
0.00012129
0.00012129
0.00012129
0.00012129
0.00012129
0.00012129
0.00012129
0.00012129
0.00012129
0.00012129
0.00012129
0.00012129
0.00012129
0.00012129
0.00012129
0.00012129
0.00012129
0.00012129
0.00012129
0.00012129
0.00012129
0.00012129
0.00012129
0.00012129
0.00012129
0.00012129
0.00012129
0.00012129
0.00012129
0.00012129
0.00012129
0.00012129
0.00012129
0.00012129
0.00012129
0.00012129
0.00012129
0.00012129
0.00012129
0.00012129
0.00012129
0.00012129
0.00012129
0.00012129
0.00012129
0.00012129
0.00012129
0.00012129
0.00012129
0.00012129
0.00012129
0.00012129
0.00012129
0.00012129
0.00012129
0.00012129
0.00012129
0.00012129
0.00012129
0.00012129
0.00012129
0.00012129
0.00012129
0.00012129
0.00012129
0.00012129
0.00012129
0.00012129
0.00012129
0.00012129
0.00012129
0.00012129
0.00012129
0.00012129
0.00012129
0.00012129
0.00012129
0.00012129
0.00012129
0.00012129
0.00012129
0.00012129
0.00012129
0.00012129
0.00012129
0.00012129
0.00012129
0.00012129
0.00012129
0.00012129
0.00012129
0.00012129
0.00012129
0.00012129
0.00012129
0.00012129
0.00012129
0.00012129
0.00012129
0.00012129
0.00012129
0.00012129
0.00012129
0.00012129
0.00012129
0.00012129
0.00012129
0.00012129
0.00012129
0.00012129
0.00012129
0.00012129
0.00012129
0.00012129
0.00012129
0.00012129
0.00012129
0.00012129
0.00012129
0.00012129
0.00012129
0.00012129
0.00012129
0.00012129
0.00012129
0.00012129
0.00012129
0.00012129
0.00012129
0.00012129
0.00012129
0.00012129
0.00012129
0.00012129
0.00012129
0.00012129
0.00012129
0.00012129
0.00012129
0.00012129
0.00012129
0.00012129
0.00012129
0.00012129
0.00012129
0.00012129
0.00012129
0.00012129
0.00012129
0.00012129
0.00012129
0.00012129
0.00012129
0.00012129
0.00012129
0.00012129
0.00012129
0.00012129
0.00012129
0.00012129
0.00012129
0.00012129
0.00012129
0.00012129
0.00012129
0.00012129
0.00012129
0.00012129
0.00012129
0.00012129
0.00012129
0.00012129
0.00012129
0.00012129
0.00012129
0.00012129
0.00012129
0.00012129
0.00012129
0.00012129
0.00012129
0.00012129
0.00012129
0.00012129
0.00012129
0.00012129
0.00012129
0.00012129
0.00012129
0.00012129
0.00012129
0.00012129
0.00012129
0.00012129
0.00012129
0.00012129
0.00012129
0.00012129
0.00012129
0.00012129
0.00012129
0.00012129
0.00012129
0.00012129
0.00012129
0.00012129
0.00012129
0.00012129
0.00012129
0.00012129
0.00012129
0.00012129
0.00012129
0.00012129
0.00012129
0.00012129
0.00012129
0.00012129
0.00012129
0.00012129
0.00012129
0.00012129
0.00012129
0.00012129
0.00012129
0.00012129
0.00012129
0.00012129
0.00012129
0.00012129
0.00012129
0.00012129
0.00012129
0.00012129
0.00012129
0.00012129
0.00012129
0.00012129
0.00012129
0.00012129
0.00012129
0.00012129
0.00012129
0.00012129
0.00012129
0.00012129
0.00012129
0.00012129
0.00012129
0.00012129
0.00012129
0.00012129
0.00012129
0.00012129
0.00012129
0.00012129
0.00012129
0.00012129
0.00012129
0.00012129
0.00012129
0.00012129
0.00012129
0.00012129
0.00012129
0.00012129
0.00012129
0.00012129
0.00012129
0.00012129
0.00012129
0.00012129
0.00012129
0.00012129
0.00012129
0.00012129
0.00012129
0.00012129
0.00012129
0.00012129
0.00012129
0.00012129
0.00012129
0.00012129
0.00012129
0.00012129
0.00012129
0.00012129
0.00012129
0.00012129
0.00012129
0.00012129
0.00012129
0.00012129
0.00012129
0.00012129
0.00012129
0.00012129
0.00012129
0.00012129
0.00012129
0.00012129
0.00012129
0.00012129
0.00012129
0.00012129
0.00012129
0.00012129
0.00012129
0.00012129
0.00012129
0.00012129
0.00012129
0.00012129
0.00012129
0.00012129
0.00012129
0.00012129
0.00012129
0.00012129
0.00012129
0.00012129
0.00012129
0.00012129
0.00012129
0.00012129
0.00012129
0.00012129
0.00012129
0.00012129
0.00012129
0.00012129
0.00012129
0.00012129
0.00012129
0.00012129
0.00012129
0.00012129
0.00012129
0.00012129
0.00012129
0.00012129
0.00012129
0.00012129
0.00012129
0.00012129
0.00012129
0.00012129
0.00012129
0.00012129
0.00012129
0.00012129
0.00012129
0.00012129
0.00012129
0.00012129
0.00012129
0.00012129
0.00012129
0.00012129
0.00012129
0.00012129
0.00012129
0.00012129
0.00012129
0.00012129
0.00012129
0.00012129
0.00012129
0.00012129
0.00012129
0.00012129
0.00012129
0.00012129
0.00012129
0.00012129
0.00012129
0.00012129
0.00012129
0.00012129
0.00012129
0.00012129
0.00012129
0.00012129
0.00012129
0.00012129
0.00012129
0.00012129
0.00012129
0.00012129
0.00012129
0.00012129
0.00012129
0.00012129
0.00012129
0.00012129
0.00012129
0.00012129
0.00012129
0.00012129
0.00012129
0.00012129
0.00012129
0.00012129
0.00012129
0.00012129
0.00012129
0.00012129
0.00012129
0.00012129
0.00012129
0.00012129
0.00012129
0.00012129
0.00012129
0.00012129
0.00012129
0.00012129
0.00012129
0.00012129
0.00012129
0.00012129
0.00012129
0.00012129
0.00012129
0.00012129
0.00012129
0.00012129
0.00012129
0.00012129
0.00012129
0.00012129
0.00012129
0.00012129
0.00012129
0.00012129
0.00012129
0.00012129
0.00012129
0.00012129
0.00012129
0.00012129
0.00012129
0.00012129
0.00012129
0.00012129
0.00012129
0.00012129
0.00012129
0.00012129
0.00012129
0.00012129
0.00012129
0.00012129
0.00012129
0.00012129
0.00012129
0.00012129
0.00012129
0.00012129
0.00012129
0.00012129
0.00012129
0.00012129
0.00012129
0.00012129
0.00012129
0.00012129
0.00012129
0.00012129
0.00012129
0.00012129
0.00012129
0.00012129
0.00012129
0.00012129
0.00012129
0.00012129
0.00012129
0.00012129
0.00012129
0.00012129
0.00012129
0.00012129
0.00012129
0.00012129
0.00012129
0.00012129
0.00012129
0.00012129
0.00012129
0.00012129
0.00012129
0.00012129
0.00012129
0.00012129
0.00012129
0.00012129
0.00012129
0.00012129
0.00012129
0.00012129
0.00012129
0.00012129
0.00012129
0.00012129
0.00012129
0.00012129
0.00012129
0.00012129
0.00012129
0.00012129
0.00012129
0.00012129
0.00012129
0.00012129
0.00012129
0.00012129
0.00012129
0.00012129
0.00012129
0.00012129
0.00012129
0.00012129
0.00012129
0.00012129
0.00012129
0.00012129
0.00012129
0.00012129
0.00012129
0.00012129
0.00012129
0.00012129
0.00012129
0.00012129
0.00012129
0.00012129
0.00012129
0.00012129
0.00012129
0.00012129
0.00012129
0.00012129
0.00012129
0.00012129
0.00012129
0.00012129
0.00012129
0.00012129
0.00012129
0.00012129
0.00012129
0.00012129
0.00012129
0.00012129
0.00012129
0.00012129
0.00012129
0.00012129
0.00012129
0.00012129
0.00012129
0.00012129
0.00012129
0.00012129
0.00012129
0.00012129
0.00012129
0.00012129
0.00012129
0.00012129
0.00012129
0.00012129
0.00012129
0.00012129
0.00012129
0.00012129
0.00012129
0.00012129
0.00012129
0.00012129
0.00012129
0.00012129
0.00012129
0.00012129
0.00012129
0.00012129
0.00012129
0.00012129
0.00012129
0.00012129
0.00012129
0.00012129
0.00012129
0.00012129
0.00012129
0.00012129
0.00012129
0.00012129
0.00012129
0.00012129
0.00012129
0.00012129
0.00012129
0.00012129
0.00012129
0.00012129
0.00012129
0.00012129
0.00012129
0.00012129
0.00012129
0.00012129
0.00012129
0.00012129
0.00012129
0.00012129
0.00012129
0.00012129
0.00012129
0.00012129
0.00012129
0.00012129
0.00012129
0.00012129
0.00012129
0.00012129
0.00012129
0.00012129
0.00012129
0.00012129
0.00012129
0.00012129
0.00012129
0.00012129
0.00012129
0.00012129
0.00012129
0.00012129
0.00012129
0.00012129
0.00012129
0.00012129
0.00012129
0.00012129
0.00012129
0.00012129
0.00012129
0.00012129
0.00012129
0.00012129
0.00012129
0.00012129
0.00012129
0.00012129
0.00012129
0.00012129
0.00012129
0.00012129
0.00012129
0.00012129
0.00012129
0.00012129
0.00012129
0.00012129
0.00012129
0.00012129
0.00012129
0.00012129
0.00012129
0.00012129
0.00012129
0.00012129
0.00012129
0.00012129
0.00012129
0.00012129
0.00012129
0.00012129
0.00012129
0.00012129
0.00012129
0.00012129
0.00012129
0.00012129
0.00012129
0.00012129
0.00012129
0.00012129
0.00012129
0.00012129
0.00012129
0.00012129
0.00012129
0.00012129
0.00012129
0.00012129
0.00012129
0.00012129
0.00012129
0.00012129
0.00012129
0.00012129
0.00012129
0.00012129
0.00012129
0.00012129
0.00012129
0.00012129
0.00012129
0.00012129
0.00012129
0.00012129
0.00012129
0.00012129
0.00012129
0.00012129
0.00012129
0.00012129
0.00012129
0.00012129
0.00012129
0.00012129
0.00012129
0.00012129
0.00012129
0.00012129
0.00012129
0.00012129
0.00012129
0.00012129
0.00012129
0.00012129
0.00012129
0.00012129
0.00012129
0.00012129
0.00012129
0.00012129
0.00012129
0.00012129
0.00012129
0.00012129
0.00012129
0.00012129
0.00012129
0.00012129
0.00012129
0.00012129
0.00012129
0.00012129
0.00012129
0.00012129
0.00012129
0.00012129
0.00012129
0.00012129
0.00012129
0.00012129
0.00012129
0.00012129
0.00012129
0.00012129
0.00012129
0.00012129
0.00012129
0.00012129
0.00012129
0.00012129
0.00012129
0.00012129
0.00012129
0.00012129
0.00012129
0.00012129
0.00012129
0.00012129
0.00012129
0.00012129
0.00012129
0.00012129
0.00012129
0.00012129
0.00012129
0.00012129
0.00012129
0.00012129
0.00012129
0.00012129
0.00012129
0.00012129
0.00012129
0.00012129
0.00012129
0.00012129
0.00012129
0.00012129
0.00012129
0.00012129
0.00012129
0.00012129
0.00012129
0.00012129
0.00012129
0.00012129
0.00012129
0.00012129
0.00012129
0.00012129
0.00012129
0.00012129
0.00012129
0.00012129
0.00012129
0.00012129
0.00012129
0.00012129
0.00012129
0.00012129
0.00012129
0.00012129
0.00012129
0.00012129
0.00012129
0.00012129
0.00012129
0.00012129
0.00012129
0.00012129
0.00012129
0.00012129
0.00012129
0.00012129
0.00012129
0.00012129
0.00012129
0.00012129
0.00012129
0.00012129
0.00012129
0.00012129
0.00012129
0.00012129
0.00012129
0.00012129
0.00012129
0.00012129
0.00012129
0.00012129
0.00012129
0.00012129
0.00012129
0.00012129
0.00012129
0.00012129
0.00012129
0.00012129
0.00012129
0.00012129
0.00012129
0.00012129
0.00012129
0.00012129
0.00012129
0.00012129
0.00012129
0.00012129
0.00012129
0.00012129
0.00012129
0.00012129
0.00012129
0.00012129
0.00012129
0.00012129
0.00012129
0.00012129
0.00012129
0.00012129
0.00012129
0.00012129
0.00012129
0.00012129
0.00012129
0.00012129
0.00012129
0.00012129
0.00012129
0.00012129
0.00012129
0.00012129
0.00012129
0.00012129
0.00012129
0.00012129
0.00012129
0.00012129
0.00012129
0.00012129
0.00012129
0.00012129
0.00012129
0.00012129
0.00012129
0.00012129
0.00012129
0.00012129
0.00012129
0.00012129
0.00012129
0.00012129
0.00012129
0.00012129
0.00012129
0.00012129
0.00012129
0.00012129
0.00012129
0.00012129
0.00012129
0.00012129
0.00012129
0.00012129
0.00012129
0.00012129
0.00012129
0.00012129
0.00012129
0.00012129
0.00012129
0.00012129
0.00012129
0.00012129
0.00012129
0.00012129
0.00012129
0.00012129
0.00012129
0.00012129
0.00012129
0.00012129
0.00012129
0.00012129
0.00012129
0.00012129
0.00012129
0.00012129
0.00012129
0.00012129
0.00012129
0.00012129
0.00012129
0.00012129
0.00012129
0.00012129
0.00012129
0.00012129
0.00012129
0.00012129
0.00012129
0.00012129
0.00012129
0.00012129
0.00012129
0.00012129
0.00012129
0.00012129
0.00012129
0.00012129
0.00012129
0.00012129
0.00012129
0.00012129
0.00012129
0.00012129
0.00012129
0.00012129
0.00012129
0.00012129
0.00012129
0.00012129
0.00012129
0.00012129
0.00012129
0.00012129
0.00012129
0.00012129
0.00012129
0.00012129
0.00012129
0.00012129
0.00012129
0.00012129
0.00012129
0.00012129
0.00012129
0.00012129
0.00012129
0.00012129
0.00012129
0.00012129
0.00012129
0.00012129
0.00012129
0.00012129
0.00012129
0.00012129
0.00012129
0.00012129
0.00012129
0.00012129
0.00012129
0.00012129
0.00012129
0.00012129
0.00012129
0.00012129
0.00012129
0.00012129
0.00012129
0.00012129
0.00012129
0.00012129
0.00012129
0.00012129
0.00012129
0.00012129
0.00012129
0.00012129
0.00012129
0.00012129
0.00012129
0.00012129
0.00012129
0.00012129
0.00012129
0.00012129
0.00012129
0.00012129
0.00012129
0.00012129
0.00012129
0.00012129
0.00012129
0.00012129
0.00012129
0.00012129
0.00012129
0.00012129
0.00012129
0.00012129
0.00012129
0.00012129
0.00012129
0.00012129
0.00012129
0.00012129
0.00012129
0.00012129
0.00012129
0.00012129
0.00012129
0.00012129
0.00012129
0.00012129
0.00012129
0.00012129
0.00012129
0.00012129
0.00012129
0.00012129
0.00012129
0.00012129
0.00012129
0.00012129
0.00012129
0.00012129
0.00012129
0.00012129
0.00012129
0.00012129
0.00012129
0.00012129
0.00012129
0.00012129
0.00012129
0.00012129
0.00012129
0.00012129
0.00012129
0.00012129
0.00012129
0.00012129
0.00012129
0.00012129
0.00012129
0.00012129
0.00012129
0.00012129
0.00012129
0.00012129
0.00012129
0.00012129
0.00012129
0.00012129
0.00012129
0.00012129
0.00012129
0.00012129
0.00012129
0.00012129
0.00012129
0.00012129
0.00012129
0.00012129
0.00012129
0.00012129
0.00012129
0.00012129
0.00012129
0.00012129
0.00012129
0.00012129
0.00012129
0.00012129
0.00012129
0.00012129
0.00012129
0.00012129
0.00012129
0.00012129
0.00012129
0.00012129
0.00012129
0.00012129
0.00012129
0.00012129
0.00012129
0.00012129
0.00012129
0.00012129
0.00012129
0.00012129
0.00012129
0.00012129
0.00012129
0.00012129
0.00012129
0.00012129
0.00012129
0.00012129
0.00012129
0.00012129
0.00012129
0.00012129
0.00012129
0.00012129
0.00012129
0.00012129
0.00012129
0.00012129
0.00012129
0.00012129
0.00012129
0.00012129
0.00012129
0.00012129
0.00012129
0.00012129
0.00012129
0.00012129
0.00012129
0.00012129
0.00012129
0.00012129
0.00012129
0.00012129
0.00012129
0.00012129
0.00012129
0.00012129
0.00012129
0.00012129
0.00012129
0.00012129
0.00012129
0.00012129
0.00012129
0.00012129
0.00012129
0.00012129
0.00012129
0.00012129
0.00012129
0.00012129
0.00012129
0.00012129
0.00012129
0.00012129
0.00012129
0.00012129
0.00012129
0.00012129
0.00012129
0.00012129
0.00012129
0.00012129
0.00012129
0.00012129
0.00012129
0.00012129
0.00012129
0.00012129
0.00012129
0.00012129
0.00012129
0.00012129
0.00012129
0.00012129
0.00012129
0.00012129
0.00012129
0.00012129
0.00012129
0.00012129
0.00012129
0.00012129
0.00012129
0.00012129
0.00012129
0.00012129
0.00012129
0.00012129
0.00012129
0.00012129
0.00012129
0.00012129
0.00012129
0.00012129
0.00012129
0.00012129
0.00012129
0.00012129
0.00012129
0.00012129
0.00012129
0.00012129
0.00012129
0.00012129
0.00012129
0.00012129
0.00012129
0.00012129
0.00012129
0.00012129
0.00012129
0.00012129
0.00012129
0.00012129
0.00012129
0.00012129
0.00012129
0.00012129
0.00012129
0.00012129
0.00012129
0.00012129
0.00012129
0.00012129
0.00012129
0.00012129
0.00012129
0.00012129
0.00012129
0.00012129
0.00012129
0.00012129
0.00012129
0.00012129
0.00012129
0.00012129
0.00012129
0.00012129
0.00012129
0.00012129
0.00012129
0.00012129
0.00012129
0.00012129
0.00012129
0.00012129
0.00012129
0.00012129
0.00012129
0.00012129
0.00012129
0.00012129
0.00012129
0.00012129
0.00012129
0.00012129
0.00012129
0.00012129
0.00012129
0.00012129
0.00012129
0.00012129
0.00012129
0.00012129
0.00012129
0.00012129
0.00012129
0.00012129
0.00012129
0.00012129
0.00012129
0.00012129
0.00012129
0.00012129
0.00012129
0.00012129
0.00012129
0.00012129
0.00012129
0.00012129
0.00012129
0.00012129
0.00012129
0.00012129
0.00012129
0.00012129
0.00012129
0.00012129
0.00012129
0.00012129
0.00012129
0.00012129
0.00012129
0.00012129
0.00012129
0.00012129
0.00012129
0.00012129
0.00012129
0.00012129
0.00012129
0.00012129
0.00012129
0.00012129
0.00012129
0.00012129
0.00012129
0.00012129
0.00012129
0.00012129
0.00012129
0.00012129
0.00012129
0.00012129
0.00012129
0.00012129
0.00012129
0.00012129
0.00012129
0.00012129
0.00012129
0.00012129
0.00012129
0.00012129
0.00012129
0.00012129
0.00012129
0.00012129
0.00012129
0.00012129
0.00012129
0.00012129
0.00012129
0.00012129
0.00012129
0.00012129
0.00012129
0.00012129
0.00012129
0.00012129
0.00012129
0.00012129
0.00012129
0.00012129
0.00012129
0.00012129
0.00012129
0.00012129
0.00012129
0.00012129
0.00012129
0.00012129
0.00012129
0.00012129
0.00012129
0.00012129
0.00012129
0.00012129
0.00012129
0.00012129
0.00012129
0.00012129
0.00012129
0.00012129
0.00012129
0.00012129
0.00012129
0.00012129
0.00012129
0.00012129
0.00012129
0.00012129
0.00012129
0.00012129
0.00012129
0.00012129
0.00012129
0.00012129
0.00012129
0.00012129
0.00012129
0.00012129
0.00012129
0.00012129
0.00012129
0.00012129
0.00012129
0.00012129
0.00012129
0.00012129
0.00012129
0.00012129
0.00012129
0.00012129
0.00012129
0.00012129
0.00012129
0.00012129
0.00012129
0.00012129
0.00012129
0.00012129
0.00012129
0.00012129
0.00012129
0.00012129
0.00012129
0.00012129
0.00012129
0.00012129
0.00012129
0.00012129
0.00012129
0.00012129
0.00012129
0.00012129
0.00012129
0.00012129
0.00012129
0.00012129
0.00012129
0.00012129
0.00012129
0.00012129
0.00012129
0.00012129
0.00012129
0.00012129
0.00012129
0.00012129
0.00012129
0.00012129
0.00012129
0.00012129
0.00012129
0.00012129
0.00012129
0.00012129
0.00012129
0.00012129
0.00012129
0.00012129
0.00012129
0.00012129
0.00012129
0.00012129
0.00012129
0.00012129
0.00012129
0.00012129
0.00012129
0.00012129
0.00012129
0.00012129
0.00012129
0.00012129
0.00012129
0.00012129
0.00012129
0.00012129
0.00012129
0.00012129
0.00012129
0.00012129
0.00012129
0.00012129
0.00012129
0.00012129
0.00012129
0.00012129
0.00012129
0.00012129
0.00012129
0.00012129
0.00012129
0.00012129
0.00012129
0.00012129
0.00012129
0.00012129
0.00012129
0.00012129
0.00012129
0.00012129
0.00012129
0.00012129
0.00012129
0.00012129
0.00012129
0.00012129
0.00012129
0.00012129
0.00012129
0.00012129
0.00012129
0.00012129
0.00012129
0.00012129
0.00012129
0.00012129
0.00012129
0.00012129
0.00012129
0.00012129
0.00012129
0.00012129
0.00012129
0.00012129
0.00012129
0.00012129
0.00012129
0.00012129
0.00012129
0.00012129
0.00012129
0.00012129
0.00012129
0.00012129
0.00012129
0.00012129
0.00012129
0.00012129
0.00012129
0.00012129
0.00012129
0.00012129
0.00012129
0.00012129
0.00012129
0.00012129
0.00012129
0.00012129
0.00012129
0.00012129
0.00012129
0.00012129
0.00012129
0.00012129
0.00012129
0.00012129
0.00012129
0.00012129
0.00012129
0.00012129
0.00012129
0.00012129
0.00012129
0.00012129
0.00012129
0.00012129
0.00012129
0.00012129
0.00012129
0.00012129
0.00012129
0.00012129
0.00012129
0.00012129
0.00012129
0.00012129
0.00012129
0.00012129
0.00012129
0.00012129
0.00012129
0.00012129
0.00012129
0.00012129
0.00012129
0.00012129
0.00012129
0.00012129
0.00012129
0.00012129
0.00012129
0.00012129
0.00012129
0.00012129
0.00012129
0.00012129
0.00012129
0.00012129
0.00012129
0.00012129
0.00012129
0.00012129
0.00012129
0.00012129
0.00012129
0.00012129
0.00012129
0.00012129
0.00012129
0.00012129
0.00012129
0.00012129
0.00012129
0.00012129
0.00012129
0.00012129
0.00012129
0.00012129
0.00012129
0.00012129
0.00012129
0.00012129
0.00012129
0.00012129
0.00012129
0.00012129
0.00012129
0.00012129
0.00012129
0.00012129
0.00012129
0.00012129
0.00012129
0.00012129
0.00012129
0.00012129
0.00012129
0.00012129
0.00012129
0.00012129
0.00012129
0.00012129
0.00012129
0.00012129
0.00012129
0.00012129
0.00012129
0.00012129
0.00012129
0.00012129
0.00012129
0.00012129
0.00012129
0.00012129
0.00012129
0.00012129
0.00012129
0.00012129
0.00012129
0.00012129
0.00012129
0.00012129
0.00012129
0.00012129
0.00012129
0.00012129
0.00012129
0.00012129
0.00012129
0.00012129
0.00012129
0.00012129
0.00012129
0.00012129
0.00012129
0.00012129
0.00012129
0.00012129
0.00012129
0.00012129
0.00012129
0.00012129
0.00012129
0.00012129
0.00012129
0.00012129
0.00012129
0.00012129
0.00012129
0.00012129
0.00012129
0.00012129
0.00012129
0.00012129
0.00012129
0.00012129
0.00012129
0.00012129
0.00012129
0.00012129
0.00012129
0.00012129
0.00012129
0.00012129
0.00012129
0.00012129
0.00012129
0.00012129
0.00012129
0.00012129
0.00012129
0.00012129
0.00012129
0.00012129
0.00012129
0.00012129
0.00012129
0.00012129
0.00012129
0.00012129
0.00012129
0.00012129
0.00012129
0.00012129
0.00012129
0.00012129
0.00012129
0.00012129
0.00012129
0.00012129
0.00012129
0.00012129
0.00012129
0.00012129
0.00012129
0.00012129
0.00012129
0.00012129
0.00012129
0.00012129
0.00012129
0.00012129
0.00012129
0.00012129
0.00012129
0.00012129
0.00012129
0.00012129
0.00012129
0.00012129
0.00012129
0.00012129
0.00012129
0.00012129
0.00012129
0.00012129
0.00012129
0.00012129
0.00012129
0.00012129
0.00012129
0.00012129
0.00012129
0.00012129
0.00012129
0.00012129
0.00012129
0.00012129
0.00012129
0.00012129
0.00012129
0.00012129
0.00012129
0.00012129
0.00012129
0.00012129
0.00012129
0.00012129
0.00012129
0.00012129
0.00012129
0.00012129
0.00012129
0.00012129
0.00012129
0.00012129
0.00012129
0.00012129
0.00012129
0.00012129
0.00012129
0.00012129
0.00012129
0.00012129
0.00012129
0.00012129
0.00012129
0.00012129
0.00012129
0.00012129
0.00012129
0.00012129
0.00012129
0.00012129
0.00012129
0.00012129
0.00012129
0.00012129
0.00012129
0.00012129
0.00012129
0.00012129
0.00012129
0.00012129
0.00012129
0.00012129
0.00012129
0.00012129
0.00012129
0.00012129
0.00012129
0.00012129
0.00012129
0.00012129
0.00012129
0.00012129
0.00012129
0.00012129
0.00012129
0.00012129
0.00012129
0.00012129
0.00012129
0.00012129
0.00012129
0.00012129
0.00012129
0.00012129
0.00012129
0.00012129
0.00012129
0.00012129
0.00012129
0.00012129
0.00012129
0.00012129
0.00012129
0.00012129
0.00012129
0.00012129
0.00012129
0.00012129
0.00012129
0.00012129
0.00012129
0.00012129
0.00012129
0.00012129
0.00012129
0.00012129
0.00012129
0.00012129
0.00012129
0.00012129
0.00012129
0.00012129
0.00012129
0.00012129
0.00012129
0.00012129
0.00012129
0.00012129
0.00012129
0.00012129
0.00012129
0.00012129
0.00012129
0.00012129
0.00012129
0.00012129
0.00012129
0.00012129
0.00012129
0.00012129
0.00012129
0.00012129
0.00012129
0.00012129
0.00012129
0.00012129
0.00012129
0.00012129
0.00012129
0.00012129
0.00012129
0.00012129
0.00012129
0.00012129
0.00012129
0.00012129
0.00012129
0.00012129
0.00012129
0.00012129
0.00012129
0.00012129
0.00012129
0.00012129
0.00012129
0.00012129
0.00012129
0.00012129
0.00012129
0.00012129
0.00012129
0.00012129
0.00012129
0.00012129
0.00012129
0.00012129
0.00012129
0.00012129
0.00012129
0.00012129
0.00012129
0.00012129
0.00012129
0.00012129
0.00012129
0.00012129
0.00012129
0.00012129
0.00012129
0.00012129
0.00012129
0.00012129
0.00012129
0.00012129
0.00012129
0.00012129
0.00012129
0.00012129
0.00012129
0.00012129
0.00012129
0.00012129
0.00012129
0.00012129
0.00012129
0.00012129
0.00012129
0.00012129
0.00012129
0.00012129
0.00012129
0.00012129
0.00012129
0.00012129
0.00012129
0.00012129
0.00012129
0.00012129
0.00012129
0.00012129
0.00012129
0.00012129
0.00012129
0.00012129
0.00012129
0.00012129
0.00012129
0.00012129
0.00012129
0.00012129
0.00012129
0.00012129
0.00012129
0.00012129
0.00012129
0.00012129
0.00012129
0.00012129
0.00012129
0.00012129
0.00012129
0.00012129
0.00012129
0.00012129
0.00012129
0.00012129
0.00012129
0.00012129
0.00012129
0.00012129
0.00012129
0.00012129
0.00012129
0.00012129
0.00012129
0.00012129
0.00012129
0.00012129
0.00012129
0.00012129
0.00012129
0.00012129
0.00012129
0.00012129
0.00012129
0.00012129
0.00012129
0.00012129
0.00012129
0.00012129
0.00012129
0.00012129
0.00012129
0.00012129
0.00012129
0.00012129
0.00012129
0.00012129
0.00012129
0.00012129
0.00012129
0.00012129
0.00012129
0.00012129
0.00012129
0.00012129
0.00012129
0.00012129
0.00012129
0.00012129
0.00012129
0.00012129
0.00012129
0.00012129
0.00012129
0.00012129
0.00012129
0.00012129
0.00012129
0.00012129
0.00012129
0.00012129
0.00012129
0.00012129
0.00012129
0.00012129
0.00012129
0.00012129
0.00012129
0.00012129
0.00012129
0.00012129
0.00012129
0.00012129
0.00012129
0.00012129
0.00012129
0.00012129
0.00012129
0.00012129
0.00012129
0.00012129
0.00012129
0.00012129
0.00012129
0.00012129
0.00012129
0.00012129
0.00012129
0.00012129
0.00012129
0.00012129
0.00012129
0.00012129
0.00012129
0.00012129
0.00012129
0.00012129
0.00012129
0.00012129
0.00012129
0.00012129
0.00012129
0.00012129
0.00012129
0.00012129
0.00012129
0.00012129
0.00012129
0.00012129
0.00012129
0.00012129
0.00012129
0.00012129
0.00012129
0.00012129
0.00012129
0.00012129
0.00012129
0.00012129
0.00012129
0.00012129
0.00012129
0.00012129
0.00012129
0.00012129
0.00012129
0.00012129
0.00012129
0.00012129
0.00012129
0.00012129
0.00012129
0.00012129
0.00012129
0.00012129
0.00012129
0.00012129
0.00012129
0.00012129
0.00012129
0.00012129
0.00012129
0.00012129
0.00012129
0.00012129
0.00012129
0.00012129
0.00012129
0.00012129
0.00012129
0.00012129
0.00012129
0.00012129
0.00012129
0.00012129
0.00012129
0.00012129
0.00012129
0.00012129
0.00012129
0.00012129
0.00012129
0.00012129
0.00012129
0.00012129
0.00012129
0.00012129
0.00012129
0.00012129
0.00012129
0.00012129
0.00012129
0.00012129
0.00012129
0.00012129
0.00012129
0.00012129
0.00012129
0.00012129
0.00012129
0.00012129
0.00012129
0.00012129
0.00012129
0.00012129
0.00012129
0.00012129
0.00012129
0.00012129
0.00012129
0.00012129
0.00012129
0.00012129
0.00012129
0.00012129
0.00012129
0.00012129
0.00012129
0.00012129
0.00012129
0.00012129
0.00012129
0.00012129
0.00012129
0.00012129
0.00012129
0.00012129
0.00012129
0.00012129
0.00012129
0.00012129
0.00012129
0.00012129
0.00012129
0.00012129
0.00012129
0.00012129
0.00012129
0.00012129
0.00012129
0.00012129
0.00012129
0.00012129
0.00012129
0.00012129
0.00012129
0.00012129
0.00012129
0.00012129
0.00012129
0.00012129
0.00012129
0.00012129
0.00012129
0.00012129
0.00012129
0.00012129
0.00012129
0.00012129
0.00012129
0.00012129
0.00012129
0.00012129
0.00012129
0.00012129
0.00012129
0.00012129
0.00012129
0.00012129
0.00012129
0.00012129
0.00012129
0.00012129
0.00012129
0.00012129
0.00012129
0.00012129
0.00012129
0.00012129
0.00012129
0.00012129
0.00012129
0.00012129
0.00012129
0.00012129
0.00012129
0.00012129
0.00012129
0.00012129
0.00012129
0.00012129
0.00012129
0.00012129
0.00012129
0.00012129
0.00012129
0.00012129
0.00012129
0.00012129
0.00012129
0.00012129
0.00012129
0.00012129
0.00012129
0.00012129
0.00012129
0.00012129
0.00012129
0.00012129
0.00012129
0.00012129
0.00012129
0.00012129
0.00012129
0.00012129
0.00012129
0.00012129
0.00012129
0.00012129
0.00012129
0.00012129
0.00012129
0.00012129
0.00012129
0.00012129
0.00012129
0.00012129
0.00012129
0.00012129
0.00012129
0.00012129
0.00012129
0.00012129
0.00012129
0.00012129
0.00012129
0.00012129
0.00012129
0.00012129
0.00012129
0.00012129
0.00012129
0.00012129
0.00012129
0.00012129
0.00012129
0.00012129
0.00012129
0.00012129
0.00012129
0.00012129
0.00012129
0.00012129
0.00012129
0.00012129
0.00012129
0.00012129
0.00012129
0.00012129
0.00012129
0.00012129
0.00012129
0.00012129
0.00012129
0.00012129
0.00012129
0.00012129
0.00012129
0.00012129
0.00012129
0.00012129
0.00012129
0.00012129
0.00012129
0.00012129
0.00012129
0.00012129
0.00012129
0.00012129
0.00012129
0.00012129
0.00012129
0.00012129
0.00012129
0.00012129
0.00012129
0.00012129
0.00012129
0.00012129
0.00012129
0.00012129
0.00012129
0.00012129
0.00012129
0.00012129
0.00012129
0.00012129
0.00012129
0.00012129
0.00012129
0.00012129
0.00012129
0.00012129
0.00012129
0.00012129
0.00012129
0.00012129
0.00012129
0.00012129
0.00012129
0.00012129
0.00012129
0.00012129
0.00012129
0.00012129
0.00012129
0.00012129
0.00012129
0.00012129
0.00012129
0.00012129
0.00012129
0.00012129
0.00012129
0.00012129
0.00012129
0.00012129
0.00012129
0.00012129
0.00012129
0.00012129
0.00012129
0.00012129
0.00012129
0.00012129
0.00012129
0.00012129
0.00012129
0.00012129
0.00012129
0.00012129
0.00012129
0.00012129
0.00012129
0.00012129
0.00012129
0.00012129
0.00012129
0.00012129
0.00012129
0.00012129
0.00012129
0.00012129
0.00012129
0.00012129
0.00012129
0.00012129
0.00012129
0.00012129
0.00012129
0.00012129
0.00012129
0.00012129
0.00012129
0.00012129
0.00012129
0.00012129
0.00012129
0.00012129
0.00012129
0.00012129
0.00012129
0.00012129
0.00012129
0.00012129
0.00012129
0.00012129
0.00012129
0.00012129
0.00012129
0.00012129
0.00012129
0.00012129
0.00012129
0.00012129
0.00012129
0.00012129
0.00012129
0.00012129
0.00012129
0.00012129
0.00012129
0.00012129
0.00012129
0.00012129
0.00012129
0.00012129
0.00012129
0.00012129
0.00012129
0.00012129
0.00012129
0.00012129
0.00012129
0.00012129
0.00012129
0.00012129
0.00012129
0.00012129
0.00012129
0.00012129
0.00012129
0.00012129
0.00012129
0.00012129
0.00012129
0.00012129
0.00012129
0.00012129
0.00012129
0.00012129
0.00012129
0.00012129
0.00012129
0.00012129
0.00012129
0.00012129
0.00012129
0.00012129
0.00012129
0.00012129
0.00012129
0.00012129
0.00012129
0.00012129
0.00012129
0.00012129
0.00012129
0.00012129
0.00012129
0.00012129
0.00012129
0.00012129
0.00012129
0.00012129
0.00012129
0.00012129
0.00012129
0.00012129
0.00012129
0.00012129
0.00012129
0.00012129
0.00012129
0.00012129
0.00012129
0.00012129
0.00012129
0.00012129
0.00012129
0.00012129
0.00012129
0.00012129
0.00012129
0.00012129
0.00012129
0.00012129
0.00012129
0.00012129
0.00012129
0.00012129
0.00012129
0.00012129
0.00012129
0.00012129
0.00012129
0.00012129
0.00012129
0.00012129
0.00012129
0.00012129
0.00012129
0.00012129
0.00012129
0.00012129
0.00012129
0.00012129
0.00012129
0.00012129
0.00012129
0.00012129
0.00012129
0.00012129
0.00012129
0.00012129
0.00012129
0.00012129
0.00012129
0.00012129
0.00012129
0.00012129
0.00012129
0.00012129
0.00012129
0.00012129
0.00012129
0.00012129
0.00012129
0.00012129
0.00012129
0.00012129
0.00012129
0.00012129
0.00012129
0.00012129
0.00012129
0.00012129
0.00012129
0.00012129
0.00012129
0.00012129
0.00012129
0.00012129
0.00012129
0.00012129
0.00012129
0.00012129
0.00012129
0.00012129
0.00012129
0.00012129
0.00012129
0.00012129
0.00012129
0.00012129
0.00012129
0.00012129
0.00012129
0.00012129
0.00012129
0.00012129
0.00012129
0.00012129
0.00012129
0.00012129
0.00012129
0.00012129
0.00012129
0.00012129
0.00012129
0.00012129
0.00012129
0.00012129
0.00012129
0.00012129
0.00012129
0.00012129
0.00012129
0.00012129
0.00012129
0.00012129
0.00012129
0.00012129
0.00012129
0.00012129
0.00012129
0.00012129
0.00012129
0.00012129
0.00012129
0.00012129
0.00012129
0.00012129
0.00012129
0.00012129
0.00012129
0.00012129
0.00012129
0.00012129
0.00012129
0.00012129
0.00012129
0.00012129
0.00012129
0.00012129
0.00012129
0.00012129
0.00012129
0.00012129
0.00012129
0.00012129
0.00012129
0.00012129
0.00012129
0.00012129
0.00012129
0.00012129
0.00012129
0.00012129
0.00012129
0.00012129
0.00012129
0.00012129
0.00012129
0.00012129
0.00012129
0.00012129
0.00012129
0.00012129
0.00012129
0.00012129
0.00012129
0.00012129
0.00012129
0.00012129
0.00012129
0.00012129
0.00012129
0.00012129
0.00012129
0.00012129
0.00012129
0.00012129
0.00012129
0.00012129
0.00012129
0.00012129
0.00012129
0.00012129
0.00012129
0.00012129
0.00012129
0.00012129
0.00012129
0.00012129
0.00012129
0.00012129
0.00012129
0.00012129
0.00012129
0.00012129
0.00012129
0.00012129
0.00012129
0.00012129
0.00012129
0.00012129
0.00012129
0.00012129
0.00012129
0.00012129
0.00012129
0.00012129
0.00012129
0.00012129
0.00012129
0.00012129
0.00012129
0.00012129
0.00012129
0.00012129
0.00012129
0.00012129
0.00012129
0.00012129
0.00012129
0.00012129
0.00012129
0.00012129
0.00012129
0.00012129
0.00012129
0.00012129
0.00012129
0.00012129
0.00012129
0.00012129
0.00012129
0.00012129
0.00012129
0.00012129
0.00012129
0.00012129
0.00012129
0.00012129
0.00012129
0.00012129
0.00012129
0.00012129
0.00012129
0.00012129
0.00012129
0.00012129
0.00012129
0.00012129
0.00012129
0.00012129
0.00012129
0.00012129
0.00012129
0.00012129
0.00012129
0.00012129
0.00012129
0.00012129
0.00012129
0.00012129
0.00012129
0.00012129
0.00012129
0.00012129
0.00012129
0.00012129
0.00012129
0.00012129
0.00012129
0.00012129
0.00012129
0.00012129
0.00012129
0.00012129
0.00012129
0.00012129
0.00012129
0.00012129
0.00012129
0.00012129
0.00012129
0.00012129
0.00012129
0.00012129
0.00012129
0.00012129
0.00012129
0.00012129
0.00012129
0.00012129
0.00012129
0.00012129
0.00012129
0.00012129
0.00012129
0.00012129
0.00012129
0.00012129
0.00012129
0.00012129
0.00012129
0.00012129
0.00012129
0.00012129
0.00012129
0.00012129
0.00012129
0.00012129
0.00012129
0.00012129
0.00012129
0.00012129
0.00012129
0.00012129
0.00012129
0.00012129
0.00012129
0.00012129
0.00012129
0.00012129
0.00012129
0.00012129
0.00012129
0.00012129
0.00012129
0.00012129
0.00012129
0.00012129
0.00012129
0.00012129
0.00012129
0.00012129
0.00012129
0.00012129
0.00012129
0.00012129
0.00012129
0.00012129
0.00012129
0.00012129
0.00012129
0.00012129
0.00012129
0.00012129
0.00012129
0.00012129
0.00012129
0.00012129
0.00012129
0.00012129
0.00012129
0.00012129
0.00012129
0.00012129
0.00012129
0.00012129
0.00012129
0.00012129
0.00012129
0.00012129
0.00012129
0.00012129
0.00012129
0.00012129
0.00012129
0.00012129
0.00012129
0.00012129
0.00012129
0.00012129
0.00012129
0.00012129
0.00012129
0.00012129
0.00012129
0.00012129
0.00012129
0.00012129
0.00012129
0.00012129
0.00012129
0.00012129
0.00012129
0.00012129
0.00012129
0.00012129
0.00012129
0.00012129
0.00012129
0.00012129
0.00012129
0.00012129
0.00012129
0.00012129
0.00012129
0.00012129
0.00012129
0.00012129
0.00012129
0.00012129
0.00012129
0.00012129
0.00012129
0.00012129
0.00012129
0.00012129
0.00012129
0.00012129
0.00012129
0.00012129
0.00012129
0.00012129
0.00012129
0.00012129
0.00012129
0.00012129
0.00012129
0.00012129
0.00012129
0.00012129
0.00012129
0.00012129
0.00012129
0.00012129
0.00012129
0.00012129
0.00012129
0.00012129
0.00012129
0.00012129
0.00012129
0.00012129
0.00012129
0.00012129
0.00012129
0.00012129
0.00012129
0.00012129
0.00012129
0.00012129
0.00012129
0.00012129
0.00012129
0.00012129
0.00012129
0.00012129
0.00012129
0.00012129
0.00012129
0.00012129
0.00012129
0.00012129
0.00012129
0.00012129
0.00012129
0.00012129
0.00012129
0.00012129
0.00012129
0.00012129
0.00012129
0.00012129
0.00012129
0.00012129
0.00012129
0.00012129
0.00012129
0.00012129
0.00012129
0.00012129
0.00012129
0.00012129
0.00012129
0.00012129
0.00012129
0.00012129
0.00012129
0.00012129
0.00012129
0.00012129
0.00012129
0.00012129
0.00012129
0.00012129
0.00012129
0.00012129
0.00012129
0.00012129
0.00012129
0.00012129
0.00012129
0.00012129
0.00012129
0.00012129
0.00012129
0.00012129
0.00012129
0.00012129
0.00012129
0.00012129
0.00012129
0.00012129
0.00012129
0.00012129
0.00012129
0.00012129
0.00012129
0.00012129
0.00012129
0.00012129
0.00012129
0.00012129
0.00012129
0.00012129
0.00012129
0.00012129
0.00012129
0.00012129
0.00012129
0.00012129
0.00012129
0.00012129
0.00012129
0.00012129
0.00012129
0.00012129
0.00012129
0.00012129
0.00012129
0.00012129
0.00012129
0.00012129
0.00012129
0.00012129
0.00012129
0.00012129
0.00012129
0.00012129
0.00012129
0.00012129
0.00012129
0.00012129
0.00012129
0.00012129
0.00012129
0.00012129
0.00012129
0.00012129
0.00012129
0.00012129
0.00012129
0.00012129
0.00012129
0.00012129
0.00012129
0.00012129
0.00012129
0.00012129
0.00012129
0.00012129
0.00012129
0.00012129
0.00012129
0.00012129
0.00012129
0.00012129
0.00012129
0.00012129
0.00012129
0.00012129
0.00012129
0.00012129
0.00012129
0.00012129
0.00012129
0.00012129
0.00012129
0.00012129
0.00012129
0.00012129
0.00012129
0.00012129
0.00012129
0.00012129
0.00012129
0.00012129
0.00012129
0.00012129
0.00012129
0.00012129
0.00012129
0.00012129
0.00012129
0.00012129
0.00012129
0.00012129
0.00012129
0.00012129
0.00012129
0.00012129
0.00012129
0.00012129
0.00012129
0.00012129
0.00012129
0.00012129
0.00012129
0.00012129
0.00012129
0.00012129
0.00012129
0.00012129
0.00012129
0.00012129
0.00012129
0.00012129
0.00012129
0.00012129
0.00012129
0.00012129
0.00012129
0.00012129
0.00012129
0.00012129
0.00012129
0.00012129
0.00012129
0.00012129
0.00012129
0.00012129
0.00012129
0.00012129
0.00012129
0.00012129
0.00012129
0.00012129
0.00012129
0.00012129
0.00012129
0.00012129
0.00012129
0.00012129
0.00012129
0.00012129
0.00012129
0.00012129
0.00012129
0.00012129
0.00012129
0.00012129
0.00012129
0.00012129
0.00012129
0.00012129
0.00012129
0.00012129
0.00012129
0.00012129
0.00012129
0.00012129
0.00012129
0.00012129
0.00012129
0.00012129
0.00012129
0.00012129
0.00012129
0.00012129
0.00012129
0.00012129
0.00012129
0.00012129
0.00012129
0.00012129
0.00012129
0.00012129
0.00012129
0.00012129
0.00012129
0.00012129
0.00012129
0.00012129
0.00012129
0.00012129
0.00012129
0.00012129
0.00012129
0.00012129
0.00012129
0.00012129
0.00012129
0.00012129
0.00012129
0.00012129
0.00012129
0.00012129
0.00012129
0.00012129
0.00012129
0.00012129
0.00012129
0.00012129
0.00012129
0.00012129
0.00012129
0.00012129
0.00012129
0.00012129
0.00012129
0.00012129
0.00012129
0.00012129
0.00012129
0.00012129
0.00012129
0.00012129
0.00012129
0.00012129
0.00012129
0.00012129
0.00012129
0.00012129
0.00012129
0.00012129
0.00012129
0.00012129
0.00012129
0.00012129
0.00012129
0.00012129
0.00012129
0.00012129
0.00012129
0.00012129
0.00012129
0.00012129
0.00012129
0.00012129
0.00012129
0.00012129
0.00012129
0.00012129
0.00012129
0.00012129
0.00012129
0.00012129
0.00012129
0.00012129
0.00012129
0.00012129
0.00012129
0.00012129
0.00012129
0.00012129
0.00012129
0.00012129
0.00012129
0.00012129
0.00012129
0.00012129
0.00012129
0.00012129
0.00012129
0.00012129
0.00012129
0.00012129
0.00012129
0.00012129
0.00012129
0.00012129
0.00012129
0.00012129
0.00012129
0.00012129
0.00012129
0.00012129
0.00012129
0.00012129
0.00012129
0.00012129
0.00012129
0.00012129
0.00012129
0.00012129
0.00012129
0.00012129
0.00012129
0.00012129
0.00012129
0.00012129
0.00012129
0.00012129
0.00012129
0.00012129
0.00012129
0.00012129
0.00012129
0.00012129
0.00012129
0.00012129
0.00012129
0.00012129
0.00012129
0.00012129
0.00012129
0.00012129
0.00012129
0.00012129
0.00012129
0.00012129
0.00012129
0.00012129
0.00012129
0.00012129
0.00012129
0.00012129
0.00012129
0.00012129
0.00012129
0.00012129
0.00012129
0.00012129
0.00012129
0.00012129
0.00012129
0.00012129
0.00012129
0.00012129
0.00012129
0.00012129
0.00012129
0.00012129
0.00012129
0.00012129
0.00012129
0.00012129
0.00012129
0.00012129
0.00012129
0.00012129
0.00012129
0.00012129
0.00012129
0.00012129
0.00012129
0.00012129
0.00012129
0.00012129
0.00012129
0.00012129
0.00012129
0.00012129
0.00012129
0.00012129
0.00012129
0.00012129
0.00012129
0.00012129
0.00012129
0.00012129
0.00012129
0.00012129
0.00012129
0.00012129
0.00012129
0.00012129
0.00012129
0.00012129
0.00012129
0.00012129
0.00012129
0.00012129
0.00012129
0.00012129
0.00012129
0.00012129
0.00012129
0.00012129
0.00012129
0.00012129
0.00012129
0.00012129
0.00012129
0.00012129
0.00012129
0.00012129
0.00012129
0.00012129
0.00012129
0.00012129
0.00012129
0.00012129
0.00012129
0.00012129
0.00012129
0.00012129
0.00012129
0.00012129
0.00012129
0.00012129
0.00012129
0.00012129
0.00012129
0.00012129
0.00012129
0.00012129
0.00012129
0.00012129
0.00012129
0.00012129
0.00012129
0.00012129
0.00012129
0.00012129
0.00012129
0.00012129
0.00012129
0.00012129
0.00012129
0.00012129
0.00012129
0.00012129
0.00012129
0.00012129
0.00012129
0.00012129
0.00012129
0.00012129
0.00012129
0.00012129
0.00012129
0.00012129
0.00012129
0.00012129
0.00012129
0.00012129
0.00012129
0.00012129
0.00012129
0.00012129
0.00012129
0.00012129
0.00012129
0.00012129
0.00012129
0.00012129
0.00012129
0.00012129
0.00012129
0.00012129
0.00012129
0.00012129
0.00012129
0.00012129
0.00012129
0.00012129
0.00012129
0.00012129
0.00012129
0.00012129
0.00012129
0.00012129
0.00012129
0.00012129
0.00012129
0.00012129
0.00012129
0.00012129
0.00012129
0.00012129
0.00012129
0.00012129
0.00012129
0.00012129
0.00012129
0.00012129
0.00012129
0.00012129
0.00012129
0.00012129
0.00012129
0.00012129
0.00012129
0.00012129
0.00012129
0.00012129
0.00012129
0.00012129
0.00012129
0.00012129
0.00012129
0.00012129
0.00012129
0.00012129
0.00012129
0.00012129
0.00012129
0.00012129
0.00012129
0.00012129
0.00012129
0.00012129
0.00012129
0.00012129
0.00012129
0.00012129
0.00012129
0.00012129
0.00012129
0.00012129
0.00012129
0.00012129
0.00012129
0.00012129
0.00012129
0.00012129
0.00012129
0.00012129
0.00012129
0.00012129
0.00012129
0.00012129
0.00012129
0.00012129
0.00012129
0.00012129
0.00012129
0.00012129
0.00012129
0.00012129
0.00012129
0.00012129
0.00012129
0.00012129
0.00012129
0.00012129
0.00012129
0.00012129
0.00012129
0.00012129
0.00012129
0.00012129
0.00012129
0.00012129
0.00012129
0.00012129
0.00012129
0.00012129
0.00012129
0.00012129
0.00012129
0.00012129
0.00012129
0.00012129
0.00012129
0.00012129
0.00012129
0.00012129
0.00012129
0.00012129
0.00012129
0.00012129
0.00012129
0.00012129
0.00012129
0.00012129
0.00012129
0.00012129
0.00012129
0.00012129
0.00012129
0.00012129
0.00012129
0.00012129
0.00012129
0.00012129
0.00012129
0.00012129
0.00012129
0.00012129
0.00012129
0.00012129
0.00012129
0.00012129
0.00012129
0.00012129
0.00012129
0.00012129
0.00012129
0.00012129
0.00012129
0.00012129
0.00012129
0.00012129
0.00012129
0.00012129
0.00012129
0.00012129
0.00012129
0.00012129
0.00012129
0.00012129
0.00012129
0.00012129
0.00012129
0.00012129
0.00012129
0.00012129
0.00012129
0.00012129
0.00012129
0.00012129
0.00012129
0.00012129
0.00012129
0.00012129
0.00012129
0.00012129
0.00012129
0.00012129
0.00012129
0.00012129
0.00012129
0.00012129
0.00012129
0.00012129
0.00012129
0.00012129
0.00012129
0.00012129
0.00012129
0.00012129
0.00012129
0.00012129
0.00012129
0.00012129
0.00012129
0.00012129
0.00012129
0.00012129
0.00012129
0.00012129
0.00012129
0.00012129
0.00012129
0.00012129
0.00012129
0.00012129
0.00012129
0.00012129
0.00012129
0.00012129
0.00012129
0.00012129
0.00012129
0.00012129
0.00012129
0.00012129
0.00012129
0.00012129
0.00012129
0.00012129
0.00012129
0.00012129
0.00012129
0.00012129
0.00012129
0.00012129
0.00012129
0.00012129
0.00012129
0.00012129
0.00012129
0.00012129
0.00012129
0.00012129
0.00012129
0.00012129
0.00012129
0.00012129
0.00012129
0.00012129
0.00012129
0.00012129
0.00012129
0.00012129
0.00012129
0.00012129
0.00012129
0.00012129
0.00012129
0.00012129
0.00012129
0.00012129
0.00012129
0.00012129
0.00012129
0.00012129
0.00012129
0.00012129
0.00012129
0.00012129
0.00012129
0.00012129
0.00012129
0.00012129
0.00012129
0.00012129
0.00012129
0.00012129
0.00012129
0.00012129
0.00012129
0.00012129
0.00012129
0.00012129
0.00012129
0.00012129
0.00012129
0.00012129
0.00012129
0.00012129
0.00012129
0.00012129
0.00012129
0.00012129
0.00012129
0.00012129
0.00012129
0.00012129
0.00012129
0.00012129
0.00012129
0.00012129
0.00012129
0.00012129
0.00012129
0.00012129
0.00012129
0.00012129
0.00012129
0.00012129
0.00012129
0.00012129
0.00012129
0.00012129
0.00012129
0.00012129
0.00012129
0.00012129
0.00012129
0.00012129
0.00012129
0.00012129
0.00012129
0.00012129
0.00012129
0.00012129
0.00012129
0.00012129
0.00012129
0.00012129
0.00012129
0.00012129
0.00012129
0.00012129
0.00012129
0.00012129
0.00012129
0.00012129
0.00012129
0.00012129
0.00012129
0.00012129
0.00012129
0.00012129
0.00012129
0.00012129
0.00012129
0.00012129
0.00012129
0.00012129
0.00012129
0.00012129
0.00012129
0.00012129
0.00012129
0.00012129
0.00012129
0.00012129
0.00012129
0.00012129
0.00012129
0.00012129
0.00012129
0.00012129
0.00012129
0.00012129
0.00012129
0.00012129
0.00012129
0.00012129
0.00012129
0.00012129
0.00012129
0.00012129
0.00012129
0.00012129
0.00012129
0.00012129
0.00012129
0.00012129
0.00012129
0.00012129
0.00012129
0.00012129
0.00012129
0.00012129
0.00012129
0.00012129
0.00012129
0.00012129
0.00012129
0.00012129
0.00012129
0.00012129
0.00012129
0.00012129
0.00012129
0.00012129
0.00012129
0.00012129
0.00012129
0.00012129
0.00012129
0.00012129
0.00012129
0.00012129
0.00012129
0.00012129
0.00012129
0.00012129
0.00012129
0.00012129
0.00012129
0.00012129
0.00012129
0.00012129
0.00012129
0.00012129
0.00012129
0.00012129
0.00012129
0.00012129
0.00012129
0.00012129
0.00012129
0.00012129
0.00012129
0.00012129
0.00012129
0.00012129
0.00012129
0.00012129
0.00012129
0.00012129
0.00012129
0.00012129
0.00012129
0.00012129
0.00012129
0.00012129
0.00012129
0.00012129
0.00012129
0.00012129
0.00012129
0.00012129
0.00012129
0.00012129
0.00012129
0.00012129
0.00012129
0.00012129
0.00012129
0.00012129
0.00012129
0.00012129
0.00012129
0.00012129
0.00012129
0.00012129
0.00012129
0.00012129
0.00012129
0.00012129
0.00012129
0.00012129
0.00012129
0.00012129
0.00012129
0.00012129
0.00012129
0.00012129
0.00012129
0.00012129
0.00012129
0.00012129
0.00012129
0.00012129
0.00012129
0.00012129
0.00012129
0.00012129
0.00012129
0.00012129
0.00012129
0.00012129
0.00012129
0.00012129
0.00012129
0.00012129
0.00012129
0.00012129
0.00012129
0.00012129
0.00012129
0.00012129
0.00012129
0.00012129
0.00012129
0.00012129
0.00012129
0.00012129
0.00012129
0.00012129
0.00012129
0.00012129
0.00012129
0.00012129
0.00012129
0.00012129
0.00012129
0.00012129
0.00012129
0.00012129
0.00012129
0.00012129
0.00012129
0.00012129
0.00012129
0.00012129
0.00012129
0.00012129
0.00012129
0.00012129
0.00012129
0.00012129
0.00012129
0.00012129
0.00012129
0.00012129
0.00012129
0.00012129
0.00012129
0.00012129
0.00012129
0.00012129
0.00012129
0.00012129
0.00012129
0.00012129
0.00012129
0.00012129
0.00012129
0.00012129
0.00012129
0.00012129
0.00012129
0.00012129
