1.00000000
0.99855942
0.99039616
0.98055222
0.97551020
0.97214886
0.96710684
0.95726291
0.95294118
0.94693878
0.94381753
0.93877551
0.93421369
0.92965186
0.92797119
0.92388956
0.91932773
0.91476591
0.90612245
0.90252101
0.89723890
0.89459784
0.89075630
0.88403361
0.87971188
0.86818727
0.86434574
0.85930372
0.85498199
0.84873950
0.84729892
0.84441777
0.84129652
0.83625450
0.83361345
0.83025210
0.82833133
0.82689076
0.82496999
0.82064826
0.81728691
0.81320528
0.80336134
0.80096038
0.79687875
0.79111645
0.78967587
0.78871549
0.78391357
0.78295318
0.77983193
0.77791116
0.77647059
0.77070828
0.76806723
0.76566627
0.76494598
0.76398559
0.76134454
0.75894358
0.75654262
0.75366146
0.75078031
0.74621849
0.74501801
0.73997599
0.73877551
0.73781513
0.73733493
0.73589436
0.73397359
0.73205282
0.73013205
0.72893157
0.72725090
0.72533013
0.72340936
0.72172869
0.71932773
0.71308523
0.71260504
0.71188475
0.70972389
0.70876351
0.70708283
0.70588235
0.70348139
0.70300120
0.69627851
0.69507803
0.69291717
0.69051621
0.68883553
0.68691477
0.68499400
0.68403361
0.68307323
0.68115246
0.67923169
0.67779112
0.67731092
0.67539016
0.67442977
0.67106843
0.66890756
0.66722689
0.66554622
0.66410564
0.66194478
0.65954382
0.65690276
0.65426170
0.65402161
0.65306122
0.65186074
0.64969988
0.64969988
0.64849940
0.64753902
0.64561825
0.64417767
0.64177671
0.64033613
0.63913565
0.63841537
0.63793517
0.63745498
0.63649460
0.63553421
0.63193277
0.63049220
0.62929172
0.62857143
0.62713085
0.62665066
0.62496999
0.62328932
0.62160864
0.62040816
0.61872749
0.61512605
0.61272509
0.61128451
0.60936375
0.60816327
0.60672269
0.60480192
0.60336134
0.60048019
0.59879952
0.59783914
0.59735894
0.59639856
0.59639856
0.59639856
0.59639856
0.59519808
0.59303721
0.59207683
0.59111645
0.58943577
0.58847539
0.58751501
0.58559424
0.58511405
0.58295318
0.58199280
0.58007203
0.57911164
0.57743097
0.57599040
0.57503001
0.57382953
0.57238896
0.56806723
0.56734694
0.56566627
0.56422569
0.56230492
0.56182473
0.56110444
0.55966387
0.55822329
0.55726291
0.55606242
0.55414166
0.55270108
0.55102041
0.54621849
0.54405762
0.54213685
0.54093637
0.53997599
0.53949580
0.53877551
0.53565426
0.53373349
0.53205282
0.53085234
0.53085234
0.53061224
0.52989196
0.52917167
0.52845138
0.52845138
0.52533013
0.52388956
0.52220888
0.52076831
0.51980792
0.51884754
0.51788715
0.51764706
0.51572629
0.51356543
0.51284514
0.51092437
0.51044418
0.50996399
0.50852341
0.50732293
0.50612245
0.50324130
0.50228091
0.50180072
0.50132053
0.49987995
0.49819928
0.49579832
0.49531813
0.49411765
0.49387755
0.49219688
0.49075630
0.48979592
0.48859544
0.48715486
0.48619448
0.48379352
0.48187275
0.48139256
0.48067227
0.47995198
0.47947179
0.47803121
0.47683073
0.47635054
0.47587035
0.47466987
0.47370948
0.47250900
0.47106843
0.47034814
0.46938776
0.46698679
0.46626651
0.46578631
0.46482593
0.46458583
0.46266507
0.46242497
0.46098439
0.45954382
0.45882353
0.45834334
0.45546218
0.45498199
0.45354142
0.45114046
0.45018007
0.45018007
0.45018007
0.44873950
0.44633854
0.44441777
0.44225690
0.44081633
0.43937575
0.43769508
0.43649460
0.43433373
0.43409364
0.43361345
0.43265306
0.43217287
0.42905162
0.42737095
0.42617047
0.42400960
0.42136855
0.41992797
0.41800720
0.41752701
0.41320528
0.41200480
0.41080432
0.40744298
0.40648259
0.40456182
0.40360144
0.40288115
0.40048019
0.40024010
0.39903962
0.39807923
0.39711885
0.39615846
0.39279712
0.39159664
0.39087635
0.39039616
0.38799520
0.38607443
0.38487395
0.38487395
0.38319328
0.38247299
0.38151261
0.38007203
0.37983193
0.37839136
0.37671068
0.37575030
0.37430972
0.37382953
0.37286915
0.37166867
0.37022809
0.36902761
0.36806723
0.36758703
0.36470588
0.36302521
0.36206483
0.36062425
0.35918367
0.35750300
0.35558223
0.35246098
0.35150060
0.34933974
0.34765906
0.34645858
0.34453782
0.34309724
0.34213685
0.34045618
0.33925570
0.33829532
0.33733493
0.33613445
0.33469388
0.33373349
0.33301321
0.33109244
0.32845138
0.32701080
0.32220888
0.32028812
0.31932773
0.31812725
0.31716687
0.31548619
0.31500600
0.31428571
0.31356543
0.31188475
0.30948379
0.30900360
0.30876351
0.30660264
0.30468187
0.30324130
0.30276110
0.30156062
0.30012005
0.29987995
0.29627851
0.29507803
0.29387755
0.29291717
0.29243697
0.29195678
0.28859544
0.28811525
0.28739496
0.28667467
0.28547419
0.28451381
0.27971188
0.27803121
0.27707083
0.27587035
0.27515006
0.27202881
0.26986795
0.26842737
0.26674670
0.26602641
0.26482593
0.26146459
0.26074430
0.26050420
0.25906363
0.25738295
0.25330132
0.24441777
0.24273709
0.23913565
0.23697479
0.23553421
0.23361345
0.22881152
0.22737095
0.22593037
0.22448980
0.22328932
0.22328932
0.22184874
0.22088836
0.21512605
0.20408163
0.20240096
0.19975990
0.19687875
0.19543818
0.19183673
0.19111645
0.18799520
0.18679472
0.18223289
0.18223289
0.18175270
0.17983193
0.17911164
0.17695078
0.17623049
0.17623049
0.17623049
0.17454982
0.17382953
0.17382953
0.17382953
0.17286915
0.17286915
0.17046819
0.16926771
0.16614646
0.16302521
0.16086435
0.15894358
0.15726291
0.15198079
0.14885954
0.14309724
0.14093637
0.14093637
0.13781513
0.13661465
0.13445378
0.13253301
0.13133253
0.12629052
0.12364946
0.12268908
0.12124850
0.11740696
0.11692677
0.11332533
0.11332533
0.11332533
0.11188475
0.10996399
0.10756303
0.10756303
0.10660264
0.10660264
0.10660264
0.10660264
0.10660264
0.10660264
0.10660264
0.10660264
0.10204082
0.10204082
0.10204082
0.10012005
0.10012005
0.09603842
0.09603842
0.09603842
0.09267707
0.09267707
0.09075630
0.08691477
0.08427371
0.08307323
0.08187275
0.07899160
0.07827131
0.07827131
0.07370948
0.07298920
0.07226891
0.07226891
0.07226891
0.07130852
0.07130852
0.07130852
0.07106843
0.06554622
0.06554622
0.06554622
0.06554622
0.06554622
0.06554622
0.06458583
0.06386555
0.06386555
0.06386555
0.06386555
0.06170468
0.06170468
0.06170468
0.06170468
0.06170468
0.05738295
0.05738295
0.05738295
0.05738295
0.05738295
0.05690276
0.05690276
0.05690276
0.05666267
0.05594238
0.05450180
0.05306122
0.05258103
0.05258103
0.05258103
0.05042017
0.04897959
0.04585834
0.04033613
0.03433373
0.03433373
0.03433373
0.03433373
0.03433373
0.03433373
0.03433373
0.03433373
0.03433373
0.03433373
0.02064826
0.02064826
0.02064826
0.02064826
0.02064826
0.02064826
0.02064826
0.02064826
0.02064826
0.02064826
0.02064826
0.02064826
0.02064826
0.01920768
0.01920768
0.01920768
0.01920768
0.01920768
0.01920768
0.01824730
0.01824730
0.01824730
0.01824730
0.01392557
0.01392557
0.01392557
0.00960384
0.00960384
0.00960384
0.00960384
0.00960384
0.00960384
0.00960384
0.00960384
0.00960384
0.00960384
0.00960384
0.00960384
0.00960384
0.00960384
0.00960384
0.00960384
0.00960384
0.00960384
0.00960384
0.00960384
0.00960384
0.00960384
0.00960384
0.00960384
0.00960384
0.00960384
0.00960384
0.00960384
0.00960384
0.00960384
0.00960384
0.00960384
0.00960384
0.00960384
0.00960384
0.00816327
0.00576230
0.00576230
0.00576230
0.00576230
0.00576230
0.00576230
0.00576230
0.00576230
0.00576230
0.00576230
0.00576230
0.00576230
0.00576230
0.00576230
0.00576230
0.00576230
0.00576230
0.00576230
0.00576230
0.00576230
0.00576230
0.00576230
0.00576230
0.00576230
0.00576230
0.00576230
0.00576230
0.00576230
0.00576230
0.00576230
0.00576230
0.00576230
0.00576230
0.00576230
0.00576230
0.00576230
0.00576230
0.00576230
0.00528211
0.00528211
0.00528211
0.00528211
0.00528211
0.00528211
0.00528211
0.00528211
0.00528211
0.00528211
0.00528211
0.00528211
0.00528211
0.00528211
0.00528211
0.00528211
0.00528211
0.00528211
0.00528211
0.00528211
0.00528211
0.00528211
0.00528211
0.00528211
0.00528211
0.00528211
0.00528211
0.00528211
0.00528211
0.00528211
0.00528211
0.00528211
0.00528211
0.00528211
0.00528211
0.00528211
0.00528211
0.00528211
0.00528211
0.00528211
0.00528211
0.00528211
0.00528211
0.00528211
0.00528211
0.00528211
0.00528211
0.00528211
0.00528211
0.00528211
0.00528211
0.00528211
0.00528211
0.00528211
0.00528211
0.00528211
0.00528211
0.00528211
0.00528211
0.00528211
0.00528211
0.00528211
0.00528211
0.00528211
0.00528211
0.00528211
0.00528211
0.00528211
0.00528211
0.00528211
0.00528211
0.00528211
0.00528211
0.00528211
0.00528211
0.00528211
0.00528211
0.00528211
0.00528211
0.00528211
0.00528211
0.00528211
0.00528211
0.00528211
0.00528211
0.00528211
0.00528211
0.00528211
0.00528211
0.00528211
0.00528211
0.00528211
0.00528211
0.00528211
0.00528211
0.00528211
0.00528211
0.00456182
0.00456182
0.00456182
0.00456182
0.00456182
0.00456182
0.00456182
0.00456182
0.00456182
0.00456182
0.00456182
0.00456182
0.00456182
0.00456182
0.00456182
0.00456182
0.00456182
0.00456182
0.00456182
0.00456182
0.00456182
0.00456182
0.00456182
0.00456182
0.00456182
0.00456182
0.00456182
0.00456182
0.00456182
0.00456182
0.00456182
0.00456182
0.00456182
0.00456182
0.00456182
0.00456182
0.00456182
0.00456182
0.00456182
0.00456182
0.00456182
0.00456182
0.00456182
0.00456182
0.00456182
0.00456182
0.00456182
0.00456182
0.00456182
0.00456182
0.00456182
0.00456182
0.00456182
0.00456182
0.00456182
0.00456182
0.00456182
0.00456182
0.00456182
0.00456182
0.00456182
0.00456182
0.00456182
0.00456182
0.00456182
0.00456182
0.00456182
0.00456182
0.00456182
0.00456182
0.00456182
0.00456182
0.00456182
0.00456182
0.00456182
0.00456182
0.00456182
0.00456182
0.00456182
0.00456182
0.00456182
0.00456182
0.00456182
0.00456182
0.00456182
0.00456182
0.00456182
0.00456182
0.00456182
0.00456182
0.00456182
0.00456182
0.00456182
0.00456182
0.00456182
0.00456182
0.00456182
0.00456182
0.00456182
0.00456182
0.00456182
0.00456182
0.00456182
0.00456182
0.00456182
0.00456182
0.00456182
0.00456182
0.00456182
0.00456182
0.00456182
0.00456182
0.00456182
0.00456182
0.00456182
0.00456182
0.00456182
0.00456182
0.00456182
0.00456182
0.00456182
0.00456182
0.00456182
0.00456182
0.00456182
0.00456182
0.00456182
0.00456182
0.00456182
0.00456182
0.00456182
0.00456182
0.00456182
0.00456182
0.00456182
0.00456182
0.00456182
0.00456182
0.00456182
0.00456182
0.00456182
0.00456182
0.00456182
0.00456182
0.00456182
0.00456182
0.00456182
0.00456182
0.00456182
0.00456182
0.00456182
0.00456182
0.00456182
0.00456182
0.00456182
0.00456182
0.00456182
0.00456182
0.00456182
0.00456182
0.00456182
0.00456182
0.00456182
0.00456182
0.00456182
0.00456182
0.00456182
0.00456182
0.00456182
0.00456182
0.00456182
0.00456182
0.00456182
0.00456182
0.00456182
0.00456182
0.00456182
0.00456182
0.00456182
0.00456182
0.00456182
0.00456182
0.00456182
0.00456182
0.00456182
0.00456182
0.00456182
0.00456182
0.00456182
0.00456182
0.00456182
0.00456182
0.00456182
0.00456182
0.00456182
0.00456182
0.00456182
0.00456182
0.00456182
0.00456182
0.00456182
0.00456182
0.00456182
0.00456182
0.00456182
0.00456182
0.00456182
0.00456182
0.00456182
0.00456182
0.00456182
0.00456182
0.00456182
0.00456182
0.00456182
0.00456182
0.00456182
0.00456182
0.00456182
0.00456182
0.00456182
0.00456182
0.00456182
0.00456182
0.00456182
0.00456182
0.00456182
0.00456182
0.00456182
0.00456182
0.00456182
0.00456182
0.00456182
0.00456182
0.00456182
0.00456182
0.00456182
0.00456182
0.00456182
0.00456182
0.00456182
0.00456182
0.00456182
0.00456182
0.00456182
0.00456182
0.00456182
0.00456182
0.00456182
0.00456182
0.00456182
0.00456182
0.00456182
0.00456182
0.00456182
0.00456182
0.00456182
0.00456182
0.00456182
0.00456182
0.00456182
0.00456182
0.00456182
0.00456182
0.00456182
0.00456182
0.00456182
0.00456182
0.00456182
0.00456182
0.00456182
0.00456182
0.00456182
0.00456182
0.00456182
0.00456182
0.00456182
0.00456182
0.00456182
0.00456182
0.00456182
0.00456182
0.00456182
0.00456182
0.00456182
0.00456182
0.00456182
0.00456182
0.00456182
0.00456182
0.00456182
0.00456182
0.00456182
0.00456182
0.00456182
0.00456182
0.00456182
0.00456182
0.00456182
0.00456182
0.00456182
0.00456182
0.00456182
0.00456182
0.00456182
0.00456182
0.00456182
0.00456182
0.00456182
0.00456182
0.00456182
0.00456182
0.00456182
0.00456182
0.00456182
0.00456182
0.00456182
0.00456182
0.00456182
0.00456182
0.00456182
0.00456182
0.00456182
0.00456182
0.00456182
0.00456182
0.00456182
0.00456182
0.00456182
0.00456182
0.00456182
0.00456182
0.00456182
0.00456182
0.00456182
0.00456182
0.00456182
0.00456182
0.00456182
0.00456182
0.00456182
0.00456182
0.00456182
0.00456182
0.00456182
0.00456182
0.00456182
0.00456182
0.00456182
0.00456182
0.00456182
0.00456182
0.00456182
0.00456182
0.00456182
0.00456182
0.00456182
0.00456182
0.00456182
0.00456182
0.00456182
0.00456182
0.00456182
0.00456182
0.00456182
0.00456182
0.00456182
0.00456182
0.00456182
0.00456182
0.00456182
0.00456182
0.00456182
0.00456182
0.00456182
0.00456182
0.00456182
0.00456182
0.00456182
0.00456182
0.00456182
0.00456182
0.00456182
0.00456182
0.00456182
0.00456182
0.00456182
0.00456182
0.00456182
0.00456182
0.00456182
0.00456182
0.00456182
0.00456182
0.00456182
0.00456182
0.00456182
0.00456182
0.00456182
0.00456182
0.00456182
0.00456182
0.00456182
0.00456182
0.00456182
0.00456182
0.00456182
0.00456182
0.00456182
0.00456182
0.00456182
0.00456182
0.00456182
0.00456182
0.00456182
0.00456182
0.00456182
0.00456182
0.00456182
0.00456182
0.00456182
0.00456182
0.00456182
0.00456182
0.00456182
0.00456182
0.00456182
0.00456182
0.00456182
0.00456182
0.00456182
0.00456182
0.00456182
0.00456182
0.00456182
0.00456182
0.00456182
0.00456182
0.00456182
0.00456182
0.00456182
0.00456182
0.00456182
0.00456182
0.00456182
0.00456182
0.00456182
0.00456182
0.00456182
0.00456182
0.00456182
0.00456182
0.00456182
0.00456182
0.00456182
0.00456182
0.00456182
0.00456182
0.00360144
0.00360144
0.00360144
0.00360144
0.00288115
0.00264106
0.00216086
0.00216086
0.00216086
0.00192077
0.00168067
0.00144058
0.00120048
0.00024010
0.00024010
0.00024010
0.00024010
0.00024010
0.00024010
0.00024010
0.00024010
0.00024010
0.00024010
0.00024010
0.00024010
0.00024010
0.00024010
0.00024010
0.00024010
0.00024010
0.00024010
0.00024010
0.00024010
0.00024010
0.00024010
0.00024010
0.00024010
0.00024010
0.00024010
0.00024010
0.00024010
0.00024010
0.00024010
0.00024010
0.00024010
0.00024010
0.00024010
0.00024010
0.00024010
0.00024010
0.00024010
0.00024010
0.00024010
0.00024010
0.00024010
0.00024010
0.00024010
0.00024010
0.00024010
0.00024010
0.00024010
0.00024010
0.00024010
0.00024010
0.00024010
0.00024010
0.00024010
0.00024010
0.00024010
0.00024010
0.00024010
0.00024010
0.00024010
0.00024010
0.00024010
0.00024010
0.00024010
0.00024010
0.00024010
0.00024010
0.00024010
0.00024010
0.00024010
0.00024010
0.00024010
0.00024010
0.00024010
0.00024010
0.00024010
0.00024010
0.00024010
0.00024010
0.00024010
0.00024010
0.00024010
0.00024010
0.00024010
0.00024010
0.00024010
0.00024010
0.00024010
0.00024010
0.00024010
0.00024010
0.00024010
0.00024010
0.00024010
0.00024010
0.00024010
0.00024010
0.00024010
0.00024010
0.00024010
0.00024010
0.00024010
0.00024010
0.00024010
0.00024010
0.00024010
0.00024010
0.00024010
0.00024010
0.00024010
0.00024010
0.00024010
0.00024010
0.00024010
0.00024010
0.00024010
0.00024010
0.00024010
0.00024010
0.00024010
0.00024010
0.00024010
0.00024010
0.00024010
0.00024010
0.00024010
0.00024010
0.00024010
0.00024010
0.00024010
0.00024010
0.00024010
0.00024010
0.00024010
0.00024010
0.00024010
0.00024010
0.00024010
0.00024010
0.00024010
0.00024010
0.00024010
0.00024010
0.00024010
0.00024010
0.00024010
0.00024010
0.00024010
0.00024010
0.00024010
0.00024010
0.00024010
0.00024010
0.00024010
0.00024010
0.00024010
0.00024010
0.00024010
0.00024010
0.00024010
0.00024010
0.00024010
0.00024010
0.00024010
0.00024010
0.00024010
0.00024010
0.00024010
0.00024010
0.00024010
0.00024010
0.00024010
0.00024010
0.00024010
0.00024010
0.00024010
0.00024010
0.00024010
0.00024010
0.00024010
0.00024010
0.00024010
0.00024010
0.00024010
0.00024010
0.00024010
0.00024010
0.00024010
0.00024010
0.00024010
0.00024010
0.00024010
0.00024010
0.00024010
0.00024010
0.00024010
0.00024010
0.00024010
0.00024010
0.00024010
0.00024010
0.00024010
0.00024010
0.00024010
0.00024010
0.00024010
0.00024010
0.00024010
0.00024010
0.00024010
0.00024010
0.00024010
0.00024010
0.00024010
0.00024010
0.00024010
0.00024010
0.00024010
0.00024010
0.00024010
0.00024010
0.00024010
0.00024010
0.00024010
0.00024010
0.00024010
0.00024010
0.00024010
0.00024010
0.00024010
0.00024010
0.00024010
0.00024010
0.00024010
0.00024010
0.00024010
0.00024010
0.00024010
0.00024010
0.00024010
0.00024010
0.00024010
0.00024010
0.00024010
0.00024010
0.00024010
0.00024010
0.00024010
0.00024010
0.00024010
0.00024010
0.00024010
0.00024010
0.00024010
0.00024010
0.00024010
0.00024010
0.00024010
0.00024010
0.00024010
0.00024010
0.00024010
0.00024010
0.00024010
0.00024010
0.00024010
0.00024010
0.00024010
0.00024010
0.00024010
0.00024010
0.00024010
0.00024010
0.00024010
0.00024010
0.00024010
0.00024010
0.00024010
0.00024010
0.00024010
0.00024010
0.00024010
0.00024010
0.00024010
0.00024010
0.00024010
0.00024010
0.00024010
0.00024010
0.00024010
0.00024010
0.00024010
0.00024010
0.00024010
0.00024010
0.00024010
0.00024010
0.00024010
0.00024010
0.00024010
0.00024010
0.00024010
0.00024010
0.00024010
0.00024010
0.00024010
0.00024010
0.00024010
0.00024010
0.00024010
0.00024010
0.00024010
0.00024010
0.00024010
0.00024010
0.00024010
0.00024010
0.00024010
0.00024010
0.00024010
0.00024010
0.00024010
0.00024010
0.00024010
0.00024010
0.00024010
0.00024010
0.00024010
0.00024010
0.00024010
0.00024010
0.00024010
0.00024010
0.00024010
0.00024010
0.00024010
0.00024010
0.00024010
0.00024010
0.00024010
0.00024010
0.00024010
0.00024010
0.00024010
0.00024010
0.00024010
0.00024010
0.00024010
0.00024010
0.00024010
0.00024010
0.00024010
0.00024010
0.00024010
0.00024010
0.00024010
0.00024010
0.00024010
0.00024010
0.00024010
0.00024010
0.00024010
0.00024010
0.00024010
0.00024010
0.00024010
0.00024010
0.00024010
0.00024010
0.00024010
0.00024010
0.00024010
0.00024010
0.00024010
0.00024010
0.00024010
0.00024010
0.00024010
0.00024010
0.00024010
0.00024010
0.00024010
0.00024010
0.00024010
0.00024010
0.00024010
0.00024010
0.00024010
0.00024010
0.00024010
0.00024010
0.00024010
0.00024010
0.00024010
0.00024010
0.00024010
0.00024010
0.00024010
0.00024010
0.00024010
0.00024010
0.00024010
0.00024010
0.00024010
0.00024010
0.00024010
0.00024010
0.00024010
0.00024010
0.00024010
0.00024010
0.00024010
0.00024010
0.00024010
0.00024010
0.00024010
0.00024010
0.00024010
0.00024010
0.00024010
0.00024010
0.00024010
0.00024010
0.00024010
0.00024010
0.00024010
0.00024010
0.00024010
0.00024010
0.00024010
0.00024010
0.00024010
0.00024010
0.00024010
0.00024010
0.00024010
0.00024010
0.00024010
0.00024010
0.00024010
0.00024010
0.00024010
0.00024010
0.00024010
0.00024010
0.00024010
0.00024010
0.00024010
0.00024010
0.00024010
0.00024010
0.00024010
0.00024010
0.00024010
0.00024010
0.00024010
0.00024010
0.00024010
0.00024010
0.00024010
0.00024010
0.00024010
0.00024010
0.00024010
0.00024010
0.00024010
0.00024010
0.00024010
0.00024010
0.00024010
0.00024010
0.00024010
0.00024010
0.00024010
0.00024010
0.00024010
0.00024010
0.00024010
0.00024010
0.00024010
0.00024010
0.00024010
0.00024010
0.00024010
0.00024010
0.00024010
0.00024010
0.00024010
0.00024010
0.00024010
0.00024010
0.00024010
0.00024010
0.00024010
0.00024010
0.00024010
0.00024010
0.00024010
0.00024010
0.00024010
0.00024010
0.00024010
0.00024010
0.00024010
0.00024010
0.00024010
0.00024010
0.00024010
0.00024010
0.00024010
0.00024010
0.00024010
0.00024010
0.00024010
0.00024010
0.00024010
0.00024010
0.00024010
0.00024010
0.00024010
0.00024010
0.00024010
0.00024010
0.00024010
0.00024010
0.00024010
0.00024010
0.00024010
0.00024010
0.00024010
0.00024010
0.00024010
0.00024010
0.00024010
0.00024010
0.00024010
0.00024010
0.00024010
0.00024010
0.00024010
0.00024010
0.00024010
0.00024010
0.00024010
0.00024010
0.00024010
0.00024010
0.00024010
0.00024010
0.00024010
0.00024010
0.00024010
0.00024010
0.00024010
0.00024010
0.00024010
0.00024010
0.00024010
0.00024010
0.00024010
0.00024010
0.00024010
0.00024010
0.00024010
0.00024010
0.00024010
0.00024010
0.00024010
0.00024010
0.00024010
0.00024010
0.00024010
0.00024010
0.00024010
0.00024010
0.00024010
0.00024010
0.00024010
0.00024010
0.00024010
0.00024010
0.00024010
0.00024010
0.00024010
0.00024010
0.00024010
0.00024010
0.00024010
0.00024010
0.00024010
0.00024010
0.00024010
0.00024010
0.00024010
0.00024010
0.00024010
0.00024010
0.00024010
0.00024010
0.00024010
0.00024010
0.00024010
0.00024010
0.00024010
0.00024010
0.00024010
0.00024010
0.00024010
0.00024010
0.00024010
0.00024010
0.00024010
0.00024010
0.00024010
0.00024010
0.00024010
0.00024010
0.00024010
0.00024010
0.00024010
0.00024010
0.00024010
0.00024010
0.00024010
0.00024010
0.00024010
0.00024010
0.00024010
0.00024010
0.00024010
0.00024010
0.00024010
0.00024010
0.00024010
0.00024010
0.00024010
0.00024010
0.00024010
0.00024010
0.00024010
0.00024010
0.00024010
0.00024010
0.00024010
0.00024010
0.00024010
0.00024010
0.00024010
0.00024010
0.00024010
0.00024010
0.00024010
0.00024010
0.00024010
0.00024010
0.00024010
0.00024010
0.00024010
0.00024010
0.00024010
0.00024010
0.00024010
0.00024010
0.00024010
0.00024010
0.00024010
0.00024010
0.00024010
0.00024010
0.00024010
0.00024010
0.00024010
0.00024010
0.00024010
0.00024010
0.00024010
0.00024010
0.00024010
0.00024010
0.00024010
0.00024010
0.00024010
0.00024010
0.00024010
0.00024010
0.00024010
0.00024010
0.00024010
0.00024010
0.00024010
0.00024010
0.00024010
0.00024010
0.00024010
0.00024010
0.00024010
0.00024010
0.00024010
0.00024010
0.00024010
0.00024010
0.00024010
0.00024010
0.00024010
0.00024010
0.00024010
0.00024010
0.00024010
0.00024010
0.00024010
0.00024010
0.00024010
0.00024010
0.00024010
0.00024010
0.00024010
0.00024010
0.00024010
0.00024010
0.00024010
0.00024010
0.00024010
0.00024010
0.00024010
0.00024010
0.00024010
0.00024010
0.00024010
0.00024010
0.00024010
0.00024010
0.00024010
0.00024010
0.00024010
0.00024010
0.00024010
0.00024010
0.00024010
0.00024010
0.00024010
0.00024010
0.00024010
0.00024010
0.00024010
0.00024010
0.00024010
0.00024010
0.00024010
0.00024010
0.00024010
0.00024010
0.00024010
0.00024010
0.00024010
0.00024010
0.00024010
0.00024010
0.00024010
0.00024010
0.00024010
0.00024010
0.00024010
0.00024010
0.00024010
0.00024010
0.00024010
0.00024010
0.00024010
0.00024010
0.00024010
0.00024010
0.00024010
0.00024010
0.00024010
0.00024010
0.00024010
0.00024010
0.00024010
0.00024010
0.00024010
0.00024010
0.00024010
0.00024010
0.00024010
0.00024010
0.00024010
0.00024010
0.00024010
0.00024010
0.00024010
0.00024010
0.00024010
0.00024010
0.00024010
0.00024010
0.00024010
0.00024010
0.00024010
0.00024010
0.00024010
0.00024010
0.00024010
0.00024010
0.00024010
0.00024010
0.00024010
0.00024010
0.00024010
0.00024010
0.00024010
0.00024010
0.00024010
0.00024010
0.00024010
0.00024010
0.00024010
0.00024010
0.00024010
0.00024010
0.00024010
0.00024010
0.00024010
0.00024010
0.00024010
0.00024010
0.00024010
0.00024010
0.00024010
0.00024010
0.00024010
0.00024010
0.00024010
0.00024010
0.00024010
0.00024010
0.00024010
0.00024010
0.00024010
0.00024010
0.00024010
0.00024010
0.00024010
0.00024010
0.00024010
0.00024010
0.00024010
0.00024010
0.00024010
0.00024010
0.00024010
0.00024010
0.00024010
0.00024010
0.00024010
0.00024010
0.00024010
0.00024010
0.00024010
0.00024010
0.00024010
0.00024010
0.00024010
0.00024010
0.00024010
0.00024010
0.00024010
0.00024010
0.00024010
0.00024010
0.00024010
0.00024010
0.00024010
0.00024010
0.00024010
0.00024010
0.00024010
0.00024010
0.00024010
0.00024010
0.00024010
0.00024010
0.00024010
0.00024010
0.00024010
0.00024010
0.00024010
0.00024010
0.00024010
0.00024010
0.00024010
0.00024010
0.00024010
0.00024010
0.00024010
0.00024010
0.00024010
0.00024010
0.00024010
0.00024010
0.00024010
0.00024010
0.00024010
0.00024010
0.00024010
0.00024010
0.00024010
0.00024010
0.00024010
0.00024010
0.00024010
0.00024010
0.00024010
0.00024010
0.00024010
0.00024010
0.00024010
0.00024010
0.00024010
0.00024010
0.00024010
0.00024010
0.00024010
0.00024010
0.00024010
0.00024010
0.00024010
0.00024010
0.00024010
0.00024010
0.00024010
0.00024010
0.00024010
0.00024010
0.00024010
0.00024010
0.00024010
0.00024010
0.00024010
0.00024010
0.00024010
0.00024010
0.00024010
0.00024010
0.00024010
0.00024010
0.00024010
0.00024010
0.00024010
0.00024010
0.00024010
0.00024010
0.00024010
0.00024010
0.00024010
0.00024010
0.00024010
0.00024010
0.00024010
0.00024010
0.00024010
0.00024010
0.00024010
0.00024010
0.00024010
0.00024010
0.00024010
0.00024010
0.00024010
0.00024010
0.00024010
0.00024010
0.00024010
0.00024010
0.00024010
0.00024010
0.00024010
0.00024010
0.00024010
0.00024010
0.00024010
0.00024010
0.00024010
0.00024010
0.00024010
0.00024010
0.00024010
0.00024010
0.00024010
0.00024010
0.00024010
0.00024010
0.00024010
0.00024010
0.00024010
0.00024010
0.00024010
0.00024010
0.00024010
0.00024010
0.00024010
0.00024010
0.00024010
0.00024010
0.00024010
0.00024010
0.00024010
0.00024010
0.00024010
0.00024010
0.00024010
0.00024010
0.00024010
0.00024010
0.00024010
0.00024010
0.00024010
0.00024010
0.00024010
0.00024010
0.00024010
0.00024010
0.00024010
0.00024010
0.00024010
0.00024010
0.00024010
0.00024010
0.00024010
0.00024010
0.00024010
0.00024010
0.00024010
0.00024010
0.00024010
0.00024010
0.00024010
0.00024010
0.00024010
0.00024010
0.00024010
0.00024010
0.00024010
0.00024010
0.00024010
0.00024010
0.00024010
0.00024010
0.00024010
0.00024010
0.00024010
0.00024010
0.00024010
0.00024010
0.00024010
0.00024010
0.00024010
0.00024010
0.00024010
0.00024010
0.00024010
0.00024010
0.00024010
0.00024010
0.00024010
0.00024010
0.00024010
0.00024010
0.00024010
0.00024010
0.00024010
0.00024010
0.00024010
0.00024010
0.00024010
0.00024010
0.00024010
0.00024010
0.00024010
0.00024010
0.00024010
0.00024010
0.00024010
0.00024010
0.00024010
0.00024010
0.00024010
0.00024010
0.00024010
0.00024010
0.00024010
0.00024010
0.00024010
0.00024010
0.00024010
0.00024010
0.00024010
0.00024010
0.00024010
0.00024010
0.00024010
0.00024010
0.00024010
0.00024010
0.00024010
0.00024010
0.00024010
0.00024010
0.00024010
0.00024010
0.00024010
0.00024010
0.00024010
0.00024010
0.00024010
0.00024010
0.00024010
0.00024010
0.00024010
0.00024010
0.00024010
0.00024010
0.00024010
0.00024010
0.00024010
0.00024010
0.00024010
0.00024010
0.00024010
0.00024010
0.00024010
0.00024010
0.00024010
0.00024010
0.00024010
0.00024010
0.00024010
0.00024010
0.00024010
0.00024010
0.00024010
0.00024010
0.00024010
0.00024010
0.00024010
0.00024010
0.00024010
0.00024010
0.00024010
0.00024010
0.00024010
0.00024010
0.00024010
0.00024010
0.00024010
0.00024010
0.00024010
0.00024010
0.00024010
0.00024010
0.00024010
0.00024010
0.00024010
0.00024010
0.00024010
0.00024010
0.00024010
0.00024010
0.00024010
0.00024010
0.00024010
0.00024010
0.00024010
0.00024010
0.00024010
0.00024010
0.00024010
0.00024010
0.00024010
0.00024010
0.00024010
0.00024010
0.00024010
0.00024010
0.00024010
0.00024010
0.00024010
0.00024010
0.00024010
0.00024010
0.00024010
0.00024010
0.00024010
0.00024010
0.00024010
0.00024010
0.00024010
0.00024010
0.00024010
0.00024010
0.00024010
0.00024010
0.00024010
0.00024010
0.00024010
0.00024010
0.00024010
0.00024010
0.00024010
0.00024010
0.00024010
0.00024010
0.00024010
0.00024010
0.00024010
0.00024010
0.00024010
0.00024010
0.00024010
0.00024010
0.00024010
0.00024010
0.00024010
0.00024010
0.00024010
0.00024010
0.00024010
0.00024010
0.00024010
0.00024010
0.00024010
0.00024010
0.00024010
0.00024010
0.00024010
0.00024010
0.00024010
0.00024010
0.00024010
0.00024010
0.00024010
0.00024010
0.00024010
0.00024010
0.00024010
0.00024010
0.00024010
0.00024010
0.00024010
0.00024010
0.00024010
0.00024010
0.00024010
0.00024010
0.00024010
0.00024010
0.00024010
0.00024010
0.00024010
0.00024010
0.00024010
0.00024010
0.00024010
0.00024010
0.00024010
0.00024010
0.00024010
0.00024010
0.00024010
0.00024010
0.00024010
0.00024010
0.00024010
0.00024010
0.00024010
0.00024010
0.00024010
0.00024010
0.00024010
0.00024010
0.00024010
0.00024010
0.00024010
0.00024010
0.00024010
0.00024010
0.00024010
0.00024010
0.00024010
0.00024010
0.00024010
0.00024010
0.00024010
0.00024010
0.00024010
0.00024010
0.00024010
0.00024010
0.00024010
0.00024010
0.00024010
0.00024010
0.00024010
0.00024010
0.00024010
0.00024010
0.00024010
0.00024010
0.00024010
0.00024010
0.00024010
0.00024010
0.00024010
0.00024010
0.00024010
0.00024010
0.00024010
0.00024010
0.00024010
0.00024010
0.00024010
0.00024010
0.00024010
0.00024010
0.00024010
0.00024010
0.00024010
0.00024010
0.00024010
0.00024010
0.00024010
0.00024010
0.00024010
0.00024010
0.00024010
0.00024010
0.00024010
0.00024010
0.00024010
0.00024010
0.00024010
0.00024010
0.00024010
0.00024010
0.00024010
0.00024010
0.00024010
0.00024010
0.00024010
0.00024010
0.00024010
0.00024010
0.00024010
0.00024010
0.00024010
0.00024010
0.00024010
0.00024010
0.00024010
0.00024010
0.00024010
0.00024010
0.00024010
0.00024010
0.00024010
0.00024010
0.00024010
0.00024010
0.00024010
0.00024010
0.00024010
0.00024010
0.00024010
0.00024010
0.00024010
0.00024010
0.00024010
0.00024010
0.00024010
0.00024010
0.00024010
0.00024010
0.00024010
0.00024010
0.00024010
0.00024010
0.00024010
0.00024010
0.00024010
0.00024010
0.00024010
0.00024010
0.00024010
0.00024010
0.00024010
0.00024010
0.00024010
0.00024010
0.00024010
0.00024010
0.00024010
0.00024010
0.00024010
0.00024010
0.00024010
0.00024010
0.00024010
0.00024010
0.00024010
0.00024010
0.00024010
0.00024010
0.00024010
0.00024010
0.00024010
0.00024010
0.00024010
0.00024010
0.00024010
0.00024010
0.00024010
0.00024010
0.00024010
0.00024010
0.00024010
0.00024010
0.00024010
0.00024010
0.00024010
0.00024010
0.00024010
0.00024010
0.00024010
0.00024010
0.00024010
0.00024010
0.00024010
0.00024010
0.00024010
0.00024010
0.00024010
0.00024010
0.00024010
0.00024010
0.00024010
0.00024010
0.00024010
0.00024010
0.00024010
0.00024010
0.00024010
0.00024010
0.00024010
0.00024010
0.00024010
0.00024010
0.00024010
0.00024010
0.00024010
0.00024010
0.00024010
0.00024010
0.00024010
0.00024010
0.00024010
0.00024010
0.00024010
0.00024010
0.00024010
0.00024010
0.00024010
0.00024010
0.00024010
0.00024010
0.00024010
0.00024010
0.00024010
0.00024010
0.00024010
0.00024010
0.00024010
0.00024010
0.00024010
0.00024010
0.00024010
0.00024010
0.00024010
0.00024010
0.00024010
0.00024010
0.00024010
0.00024010
0.00024010
0.00024010
0.00024010
0.00024010
0.00024010
0.00024010
0.00024010
0.00024010
0.00024010
0.00024010
0.00024010
0.00024010
0.00024010
0.00024010
0.00024010
0.00024010
0.00024010
0.00024010
0.00024010
0.00024010
0.00024010
0.00024010
0.00024010
0.00024010
0.00024010
0.00024010
0.00024010
0.00024010
0.00024010
0.00024010
0.00024010
0.00024010
0.00024010
0.00024010
0.00024010
0.00024010
0.00024010
0.00024010
0.00024010
0.00024010
0.00024010
0.00024010
0.00024010
0.00024010
0.00024010
0.00024010
0.00024010
0.00024010
0.00024010
0.00024010
0.00024010
0.00024010
0.00024010
0.00024010
0.00024010
0.00024010
0.00024010
0.00024010
0.00024010
0.00024010
0.00024010
0.00024010
0.00024010
0.00024010
0.00024010
0.00024010
0.00024010
0.00024010
0.00024010
0.00024010
0.00024010
0.00024010
0.00024010
0.00024010
0.00024010
0.00024010
0.00024010
0.00024010
0.00024010
0.00024010
0.00024010
0.00024010
0.00024010
0.00024010
0.00024010
0.00024010
0.00024010
0.00024010
0.00024010
0.00024010
0.00024010
0.00024010
0.00024010
0.00024010
0.00024010
0.00024010
0.00024010
0.00024010
0.00024010
0.00024010
0.00024010
0.00024010
0.00024010
0.00024010
0.00024010
0.00024010
0.00024010
0.00024010
0.00024010
0.00024010
0.00024010
0.00024010
0.00024010
0.00024010
0.00024010
0.00024010
0.00024010
0.00024010
0.00024010
0.00024010
0.00024010
0.00024010
0.00024010
0.00024010
0.00024010
0.00024010
0.00024010
0.00024010
0.00024010
0.00024010
0.00024010
0.00024010
0.00024010
0.00024010
0.00024010
0.00024010
0.00024010
0.00024010
0.00024010
0.00024010
0.00024010
0.00024010
0.00024010
0.00024010
0.00024010
0.00024010
0.00024010
0.00024010
0.00024010
0.00024010
0.00024010
0.00024010
0.00024010
0.00024010
0.00024010
0.00024010
0.00024010
0.00024010
0.00024010
0.00024010
0.00024010
0.00024010
0.00024010
0.00024010
0.00024010
0.00024010
0.00024010
0.00024010
0.00024010
0.00024010
0.00024010
0.00024010
0.00024010
0.00024010
0.00024010
0.00024010
0.00024010
0.00024010
0.00024010
0.00024010
0.00024010
0.00024010
0.00024010
0.00024010
0.00024010
0.00024010
0.00024010
0.00024010
0.00024010
0.00024010
0.00024010
0.00024010
0.00024010
0.00024010
0.00024010
0.00024010
0.00024010
0.00024010
0.00024010
0.00024010
0.00024010
0.00024010
0.00024010
0.00024010
0.00024010
0.00024010
0.00024010
0.00024010
0.00024010
0.00024010
0.00024010
0.00024010
0.00024010
0.00024010
0.00024010
0.00024010
0.00024010
0.00024010
0.00024010
0.00024010
0.00024010
0.00024010
0.00024010
0.00024010
0.00024010
0.00024010
0.00024010
0.00024010
0.00024010
0.00024010
0.00024010
0.00024010
0.00024010
0.00024010
0.00024010
0.00024010
0.00024010
0.00024010
0.00024010
0.00024010
0.00024010
0.00024010
0.00024010
0.00024010
0.00024010
0.00024010
0.00024010
0.00024010
0.00024010
0.00024010
0.00024010
0.00024010
0.00024010
0.00024010
0.00024010
0.00024010
0.00024010
0.00024010
0.00024010
0.00024010
0.00024010
0.00024010
0.00024010
0.00024010
0.00024010
0.00024010
0.00024010
0.00024010
0.00024010
0.00024010
0.00024010
0.00024010
0.00024010
0.00024010
0.00024010
0.00024010
0.00024010
0.00024010
0.00024010
0.00024010
0.00024010
0.00024010
0.00024010
0.00024010
0.00024010
0.00024010
0.00024010
0.00024010
0.00024010
0.00024010
0.00024010
0.00024010
0.00024010
0.00024010
0.00024010
0.00024010
0.00024010
0.00024010
0.00024010
0.00024010
0.00024010
0.00024010
0.00024010
0.00024010
0.00024010
0.00024010
0.00024010
0.00024010
0.00024010
0.00024010
0.00024010
0.00024010
0.00024010
0.00024010
0.00024010
0.00024010
0.00024010
0.00024010
0.00024010
0.00024010
0.00024010
0.00024010
0.00024010
0.00024010
0.00024010
0.00024010
0.00024010
0.00024010
0.00024010
0.00024010
0.00024010
0.00024010
0.00024010
0.00024010
0.00024010
0.00024010
0.00024010
0.00024010
0.00024010
0.00024010
0.00024010
0.00024010
0.00024010
0.00024010
0.00024010
0.00024010
0.00024010
0.00024010
0.00024010
0.00024010
0.00024010
0.00024010
0.00024010
0.00024010
0.00024010
0.00024010
0.00024010
0.00024010
0.00024010
0.00024010
0.00024010
0.00024010
0.00024010
0.00024010
0.00024010
0.00024010
0.00024010
0.00024010
0.00024010
0.00024010
0.00024010
0.00024010
0.00024010
0.00024010
0.00024010
0.00024010
0.00024010
0.00024010
0.00024010
0.00024010
0.00024010
0.00024010
0.00024010
0.00024010
0.00024010
0.00024010
0.00024010
0.00024010
0.00024010
0.00024010
0.00024010
0.00024010
0.00024010
0.00024010
0.00024010
0.00024010
0.00024010
0.00024010
0.00024010
0.00024010
0.00024010
0.00024010
0.00024010
0.00024010
0.00024010
0.00024010
0.00024010
0.00024010
0.00024010
0.00024010
0.00024010
0.00024010
0.00024010
0.00024010
0.00024010
0.00024010
0.00024010
0.00024010
0.00024010
0.00024010
0.00024010
0.00024010
0.00024010
0.00024010
0.00024010
0.00024010
0.00024010
0.00024010
0.00024010
0.00024010
0.00024010
0.00024010
0.00024010
0.00024010
0.00024010
0.00024010
0.00024010
0.00024010
0.00024010
0.00024010
0.00024010
0.00024010
0.00024010
0.00024010
0.00024010
0.00024010
0.00024010
0.00024010
0.00024010
0.00024010
0.00024010
0.00024010
0.00024010
0.00024010
0.00024010
0.00024010
0.00024010
0.00024010
0.00024010
0.00024010
0.00024010
0.00024010
0.00024010
0.00024010
0.00024010
0.00024010
0.00024010
0.00024010
0.00024010
0.00024010
0.00024010
0.00024010
0.00024010
0.00024010
0.00024010
0.00024010
0.00024010
0.00024010
0.00024010
0.00024010
0.00024010
0.00024010
0.00024010
0.00024010
0.00024010
0.00024010
0.00024010
0.00024010
0.00024010
0.00024010
0.00024010
0.00024010
0.00024010
0.00024010
0.00024010
0.00024010
0.00024010
0.00024010
0.00024010
0.00024010
0.00024010
0.00024010
0.00024010
0.00024010
0.00024010
0.00024010
0.00024010
0.00024010
0.00024010
0.00024010
0.00024010
0.00024010
0.00024010
0.00024010
0.00024010
0.00024010
0.00024010
0.00024010
0.00024010
0.00024010
0.00024010
0.00024010
0.00024010
0.00024010
0.00024010
0.00024010
0.00024010
0.00024010
0.00024010
0.00024010
0.00024010
0.00024010
0.00024010
0.00024010
0.00024010
0.00024010
0.00024010
0.00024010
0.00024010
0.00024010
0.00024010
0.00024010
0.00024010
0.00024010
0.00024010
0.00024010
0.00024010
0.00024010
0.00024010
0.00024010
0.00024010
0.00024010
0.00024010
0.00024010
0.00024010
0.00024010
0.00024010
0.00024010
0.00024010
0.00024010
0.00024010
0.00024010
0.00024010
0.00024010
0.00024010
0.00024010
0.00024010
0.00024010
0.00024010
0.00024010
0.00024010
0.00024010
0.00024010
0.00024010
0.00024010
0.00024010
0.00024010
0.00024010
0.00024010
0.00024010
0.00024010
0.00024010
0.00024010
0.00024010
0.00024010
0.00024010
0.00024010
0.00024010
0.00024010
0.00024010
0.00024010
0.00024010
0.00024010
0.00024010
0.00024010
0.00024010
0.00024010
0.00024010
0.00024010
0.00024010
0.00024010
0.00024010
0.00024010
0.00024010
0.00024010
0.00024010
0.00024010
0.00024010
0.00024010
0.00024010
0.00024010
0.00024010
0.00024010
0.00024010
0.00024010
0.00024010
0.00024010
0.00024010
0.00024010
0.00024010
0.00024010
0.00024010
0.00024010
0.00024010
0.00024010
0.00024010
0.00024010
0.00024010
0.00024010
0.00024010
0.00024010
0.00024010
0.00024010
0.00024010
0.00024010
0.00024010
0.00024010
0.00024010
0.00024010
0.00024010
0.00024010
0.00024010
0.00024010
0.00024010
0.00024010
0.00024010
0.00024010
0.00024010
0.00024010
0.00024010
0.00024010
0.00024010
0.00024010
0.00024010
0.00024010
0.00024010
0.00024010
0.00024010
0.00024010
0.00024010
0.00024010
0.00024010
0.00024010
0.00024010
0.00024010
0.00024010
0.00024010
0.00024010
0.00024010
0.00024010
0.00024010
0.00024010
0.00024010
0.00024010
0.00024010
0.00024010
0.00024010
0.00024010
0.00024010
0.00024010
0.00024010
0.00024010
0.00024010
0.00024010
0.00024010
0.00024010
0.00024010
0.00024010
0.00024010
0.00024010
0.00024010
0.00024010
0.00024010
0.00024010
0.00024010
0.00024010
0.00024010
0.00024010
0.00024010
0.00024010
0.00024010
0.00024010
0.00024010
0.00024010
0.00024010
0.00024010
0.00024010
0.00024010
0.00024010
0.00024010
0.00024010
0.00024010
0.00024010
0.00024010
0.00024010
0.00024010
0.00024010
0.00024010
0.00024010
0.00024010
0.00024010
0.00024010
0.00024010
0.00024010
0.00024010
0.00024010
0.00024010
0.00024010
0.00024010
0.00024010
0.00024010
0.00024010
0.00024010
0.00024010
0.00024010
0.00024010
0.00024010
0.00024010
0.00024010
0.00024010
0.00024010
0.00024010
0.00024010
0.00024010
0.00024010
0.00024010
0.00024010
0.00024010
0.00024010
0.00024010
0.00024010
0.00024010
0.00024010
0.00024010
0.00024010
0.00024010
0.00024010
0.00024010
0.00024010
0.00024010
0.00024010
0.00024010
0.00024010
0.00024010
0.00024010
0.00024010
0.00024010
0.00024010
0.00024010
0.00024010
0.00024010
0.00024010
0.00024010
0.00024010
0.00024010
0.00024010
0.00024010
0.00024010
0.00024010
0.00024010
0.00024010
0.00024010
0.00024010
0.00024010
0.00024010
0.00024010
0.00024010
0.00024010
0.00024010
0.00024010
0.00024010
0.00024010
0.00024010
0.00024010
0.00024010
0.00024010
0.00024010
0.00024010
0.00024010
0.00024010
0.00024010
0.00024010
0.00024010
0.00024010
0.00024010
0.00024010
0.00024010
0.00024010
0.00024010
0.00024010
0.00024010
0.00024010
0.00024010
0.00024010
0.00024010
0.00024010
0.00024010
0.00024010
0.00024010
0.00024010
0.00024010
0.00024010
0.00024010
0.00024010
0.00024010
0.00024010
0.00024010
0.00024010
0.00024010
0.00024010
0.00024010
0.00024010
0.00024010
0.00024010
0.00024010
0.00024010
0.00024010
0.00024010
0.00024010
0.00024010
0.00024010
0.00024010
0.00024010
0.00024010
0.00024010
0.00024010
0.00024010
0.00024010
0.00024010
0.00024010
0.00024010
0.00024010
0.00024010
0.00024010
0.00024010
0.00024010
0.00024010
0.00024010
0.00024010
0.00024010
0.00024010
0.00024010
0.00024010
0.00024010
0.00024010
0.00024010
0.00024010
0.00024010
0.00024010
0.00024010
0.00024010
0.00024010
0.00024010
0.00024010
0.00024010
0.00024010
0.00024010
0.00024010
0.00024010
0.00024010
0.00024010
0.00024010
0.00024010
0.00024010
0.00024010
0.00024010
0.00024010
0.00024010
0.00024010
0.00024010
0.00024010
0.00024010
0.00024010
0.00024010
0.00024010
0.00024010
0.00024010
0.00024010
0.00024010
0.00024010
0.00024010
0.00024010
0.00024010
0.00024010
0.00024010
0.00024010
0.00024010
0.00024010
0.00024010
0.00024010
0.00024010
0.00024010
0.00024010
0.00024010
0.00024010
0.00024010
0.00024010
0.00024010
0.00024010
0.00024010
0.00024010
0.00024010
0.00024010
0.00024010
0.00024010
0.00024010
0.00024010
0.00024010
0.00024010
0.00024010
0.00024010
0.00024010
0.00024010
0.00024010
0.00024010
0.00024010
0.00024010
0.00024010
0.00024010
0.00024010
0.00024010
0.00024010
0.00024010
0.00024010
0.00024010
0.00024010
0.00024010
0.00024010
0.00024010
0.00024010
0.00024010
0.00024010
0.00024010
0.00024010
0.00024010
0.00024010
0.00024010
0.00024010
0.00024010
0.00024010
0.00024010
0.00024010
0.00024010
0.00024010
0.00024010
0.00024010
0.00024010
0.00024010
0.00024010
0.00024010
0.00024010
0.00024010
0.00024010
0.00024010
0.00024010
0.00024010
0.00024010
0.00024010
0.00024010
0.00024010
0.00024010
0.00024010
0.00024010
0.00024010
0.00024010
0.00024010
0.00024010
0.00024010
0.00024010
0.00024010
0.00024010
0.00024010
0.00024010
0.00024010
0.00024010
0.00024010
0.00024010
0.00024010
0.00024010
0.00024010
0.00024010
0.00024010
0.00024010
0.00024010
0.00024010
0.00024010
0.00024010
0.00024010
0.00024010
0.00024010
0.00024010
0.00024010
0.00024010
0.00024010
0.00024010
0.00024010
0.00024010
0.00024010
0.00024010
0.00024010
0.00024010
0.00024010
0.00024010
0.00024010
0.00024010
0.00024010
0.00024010
0.00024010
0.00024010
0.00024010
0.00024010
0.00024010
0.00024010
0.00024010
0.00024010
0.00024010
0.00024010
0.00024010
0.00024010
0.00024010
0.00024010
0.00024010
0.00024010
0.00024010
0.00024010
0.00024010
0.00024010
0.00024010
0.00024010
0.00024010
0.00024010
0.00024010
0.00024010
0.00024010
0.00024010
0.00024010
0.00024010
0.00024010
0.00024010
0.00024010
0.00024010
0.00024010
0.00024010
0.00024010
0.00024010
0.00024010
0.00024010
0.00024010
0.00024010
0.00024010
0.00024010
0.00024010
0.00024010
0.00024010
0.00024010
0.00024010
0.00024010
0.00024010
0.00024010
0.00024010
0.00024010
0.00024010
0.00024010
0.00024010
0.00024010
0.00024010
0.00024010
0.00024010
0.00024010
0.00024010
0.00024010
0.00024010
0.00024010
0.00024010
0.00024010
0.00024010
0.00024010
0.00024010
0.00024010
0.00024010
0.00024010
0.00024010
0.00024010
0.00024010
0.00024010
0.00024010
0.00024010
0.00024010
0.00024010
0.00024010
0.00024010
0.00024010
0.00024010
0.00024010
0.00024010
0.00024010
0.00024010
0.00024010
0.00024010
0.00024010
0.00024010
0.00024010
0.00024010
0.00024010
0.00024010
0.00024010
0.00024010
0.00024010
0.00024010
0.00024010
0.00024010
0.00024010
0.00024010
0.00024010
0.00024010
0.00024010
0.00024010
0.00024010
0.00024010
0.00024010
0.00024010
0.00024010
0.00024010
0.00024010
0.00024010
0.00024010
0.00024010
0.00024010
0.00024010
0.00024010
0.00024010
0.00024010
0.00024010
0.00024010
0.00024010
0.00024010
0.00024010
0.00024010
0.00024010
0.00024010
0.00024010
0.00024010
0.00024010
0.00024010
0.00024010
0.00024010
0.00024010
0.00024010
0.00024010
0.00024010
0.00024010
0.00024010
0.00024010
0.00024010
0.00024010
0.00024010
0.00024010
0.00024010
0.00024010
0.00024010
0.00024010
0.00024010
0.00024010
0.00024010
0.00024010
0.00024010
0.00024010
0.00024010
0.00024010
0.00024010
0.00024010
0.00024010
0.00024010
0.00024010
0.00024010
0.00024010
0.00024010
0.00024010
0.00024010
0.00024010
0.00024010
0.00024010
0.00024010
0.00024010
0.00024010
0.00024010
0.00024010
0.00024010
0.00024010
0.00024010
0.00024010
0.00024010
0.00024010
0.00024010
0.00024010
0.00024010
0.00024010
0.00024010
0.00024010
0.00024010
0.00024010
0.00024010
0.00024010
0.00024010
0.00024010
0.00024010
0.00024010
0.00024010
0.00024010
0.00024010
0.00024010
0.00024010
0.00024010
0.00024010
0.00024010
0.00024010
0.00024010
0.00024010
0.00024010
0.00024010
0.00024010
0.00024010
0.00024010
0.00024010
0.00024010
0.00024010
0.00024010
0.00024010
0.00024010
0.00024010
0.00024010
0.00024010
0.00024010
0.00024010
0.00024010
0.00024010
0.00024010
0.00024010
0.00024010
0.00024010
0.00024010
0.00024010
0.00024010
0.00024010
0.00024010
0.00024010
0.00024010
0.00024010
0.00024010
0.00024010
0.00024010
0.00024010
0.00024010
0.00024010
0.00024010
0.00024010
0.00024010
0.00024010
0.00024010
0.00024010
0.00024010
0.00024010
0.00024010
0.00024010
0.00024010
0.00024010
0.00024010
0.00024010
0.00024010
0.00024010
0.00024010
0.00024010
0.00024010
0.00024010
0.00024010
0.00024010
0.00024010
0.00024010
0.00024010
0.00024010
0.00024010
0.00024010
0.00024010
0.00024010
0.00024010
0.00024010
0.00024010
0.00024010
0.00024010
0.00024010
0.00024010
0.00024010
0.00024010
0.00024010
0.00024010
0.00024010
0.00024010
0.00024010
0.00024010
0.00024010
0.00024010
0.00024010
0.00024010
0.00024010
0.00024010
0.00024010
0.00024010
0.00024010
0.00024010
0.00024010
0.00024010
0.00024010
0.00024010
0.00024010
0.00024010
0.00024010
0.00024010
0.00024010
0.00024010
0.00024010
0.00024010
0.00024010
0.00024010
0.00024010
0.00024010
0.00024010
0.00024010
0.00024010
0.00024010
0.00024010
0.00024010
0.00024010
0.00024010
0.00024010
0.00024010
0.00024010
0.00024010
0.00024010
0.00024010
0.00024010
0.00024010
0.00024010
0.00024010
0.00024010
0.00024010
0.00024010
0.00024010
0.00024010
0.00024010
0.00024010
0.00024010
0.00024010
0.00024010
0.00024010
0.00024010
0.00024010
0.00024010
0.00024010
0.00024010
0.00024010
0.00024010
0.00024010
0.00024010
0.00024010
0.00024010
0.00024010
0.00024010
0.00024010
0.00024010
0.00024010
0.00024010
0.00024010
0.00024010
0.00024010
0.00024010
0.00024010
0.00024010
0.00024010
0.00024010
0.00024010
0.00024010
0.00024010
0.00024010
0.00024010
0.00024010
0.00024010
0.00024010
0.00024010
0.00024010
0.00024010
0.00024010
0.00024010
0.00024010
0.00024010
0.00024010
0.00024010
0.00024010
0.00024010
0.00024010
0.00024010
0.00024010
0.00024010
0.00024010
0.00024010
0.00024010
0.00024010
0.00024010
0.00024010
0.00024010
0.00024010
0.00024010
0.00024010
0.00024010
0.00024010
0.00024010
0.00024010
0.00024010
0.00024010
0.00024010
0.00024010
0.00024010
0.00024010
0.00024010
0.00024010
0.00024010
0.00024010
0.00024010
0.00024010
0.00024010
0.00024010
0.00024010
