0.93720618
0.93267293
0.92864338
0.90983882
0.90564137
0.88868368
0.86534587
0.85795836
0.85695097
0.85527199
0.85426461
0.85057085
0.84771659
0.84553392
0.84301545
0.83932169
0.83546004
0.83394896
0.83143049
0.82991941
0.82941572
0.82756884
0.82672935
0.82471457
0.82286770
0.82051713
0.81900604
0.81766286
0.81564809
0.81413700
0.81262592
0.80926797
0.80607790
0.80507052
0.80288784
0.80137676
0.80003358
0.79768301
0.79466085
0.79163868
0.78945601
0.78828073
0.78693754
0.78576226
0.78391538
0.78257220
0.78122901
0.77955003
0.77787105
0.77585628
0.77501679
0.77384150
0.77065144
0.76964406
0.76846877
0.76762928
0.76561451
0.76410343
0.76309604
0.76276024
0.76141706
0.75990598
0.75923439
0.75688381
0.75537273
0.75453324
0.75369375
0.75251847
0.75083949
0.75050369
0.74848892
0.74748153
0.74630625
0.74445937
0.74311619
0.74143721
0.74026192
0.73824715
0.73757555
0.73623237
0.73539288
0.73421760
0.73337811
0.73237072
0.73136333
0.72968435
0.72834117
0.72683009
0.72599060
0.72515111
0.72447952
0.72347213
0.72280054
0.72145735
0.72061786
0.71910678
0.71591672
0.71541303
0.71457354
0.71406985
0.71255876
0.71121558
0.71037609
0.71004030
0.70852921
0.70752183
0.70617864
0.70466756
0.70366017
0.70198120
0.69912693
0.69828744
0.69761585
0.69744795
0.69627267
0.69526528
0.69442579
0.69358630
0.69257891
0.69207522
0.69157152
0.69039624
0.68905306
0.68804567
0.68670248
0.68351242
0.68267293
0.68116185
0.68116185
0.67881128
0.67730020
0.67662861
0.67411014
0.67360645
0.67327065
0.67243116
0.67108798
0.67041639
0.66957690
0.66890531
0.66806582
0.66773002
0.66722633
0.66638684
0.66571525
0.66487576
0.66437206
0.66336467
0.66218939
0.66151780
0.66051041
0.66000672
0.65832774
0.65748825
0.65698455
0.65614506
0.65547347
0.65513768
0.65312290
0.65127602
0.64976494
0.64926125
0.64775017
0.64674278
0.64573539
0.64506380
0.64422431
0.64422431
0.64422431
0.64321692
0.64271323
0.64237743
0.64170584
0.64103425
0.64036266
0.63969107
0.63868368
0.63801209
0.63750839
0.63717260
0.63650101
0.63515782
0.63398254
0.63331095
0.63163197
0.63062458
0.62995299
0.62928140
0.62793821
0.62693083
0.62609134
0.62508395
0.62441236
0.62357287
0.62222968
0.62071860
0.62004701
0.61903962
0.61786434
0.61635326
0.61584956
0.61383479
0.61198791
0.61081263
0.60963734
0.60846206
0.60795836
0.60661518
0.60611148
0.60527199
0.60409671
0.60325722
0.60241773
0.60191404
0.60057085
0.59973136
0.59889187
0.59855608
0.59704500
0.59570181
0.59486232
0.59419073
0.59351914
0.59267965
0.59150437
0.59100067
0.59016118
0.58965749
0.58781061
0.58730692
0.58613163
0.58445265
0.58428475
0.58344527
0.58294157
0.58260578
0.58193418
0.58042310
0.57924782
0.57857623
0.57773674
0.57706514
0.57622565
0.57555406
0.57505037
0.57387508
0.57337139
0.57286770
0.57236400
0.57152451
0.57068502
0.57001343
0.56917394
0.56867025
0.56783076
0.56699127
0.56581598
0.56447280
0.56262592
0.56145064
0.56094694
0.55893217
0.55859637
0.55742109
0.55641370
0.55557421
0.55473472
0.55372733
0.55238415
0.55003358
0.54919409
0.54818670
0.54734721
0.54650772
0.54482874
0.54398925
0.54314976
0.54147079
0.54029550
0.53928811
0.53794493
0.53744124
0.53609805
0.53542646
0.53475487
0.53391538
0.53391538
0.53391538
0.53341169
0.53341169
0.53022163
0.52938214
0.52887844
0.52837475
0.52719946
0.52652787
0.52518469
0.52434520
0.52300201
0.52182673
0.52098724
0.52014775
0.51947616
0.51863667
0.51729349
0.51628610
0.51443922
0.51259234
0.51124916
0.51040967
0.50755541
0.50705171
0.50621222
0.50570853
0.50503694
0.50453324
0.50386165
0.50285426
0.50235057
0.50167898
0.50117529
0.50067159
0.50016790
0.49798522
0.49731363
0.49664204
0.49597045
0.49563465
0.49479516
0.49462727
0.49378778
0.49311619
0.49244459
0.49160510
0.49042982
0.48992612
0.48875084
0.48774345
0.48673606
0.48455339
0.48388180
0.48337811
0.48203492
0.48136333
0.48035594
0.48018805
0.47951645
0.47867696
0.47666219
0.47615850
0.47565480
0.47397582
0.47330423
0.47212895
0.47078576
0.46927468
0.46759570
0.46675621
0.46658831
0.46625252
0.46558093
0.46373405
0.46289456
0.46188717
0.46171927
0.46155138
0.45903291
0.45852921
0.45768972
0.45685024
0.45634654
0.45517126
0.45416387
0.45282069
0.45147750
0.45047011
0.44929483
0.44811954
0.44744795
0.44593687
0.44476158
0.44408999
0.44257891
0.44190732
0.43989255
0.43905306
0.43770987
0.43687038
0.43653459
0.43502351
0.43435191
0.43384822
0.43317663
0.43300873
0.43183345
0.43099396
0.43049026
0.42998657
0.42780390
0.42679651
0.42662861
0.42595702
0.42461383
0.42360645
0.42310275
0.42175957
0.42108798
0.42041639
0.41974480
0.41840161
0.41789792
0.41739422
0.41689053
0.41655473
0.41521155
0.41319678
0.41101410
0.41000672
0.40967092
0.40883143
0.40681666
0.40480188
0.40194762
0.40026864
0.39909335
0.39825386
0.39640698
0.39607119
0.39539960
0.39456011
0.39405641
0.39288113
0.39187374
0.39153794
0.39086635
0.39036266
0.39002686
0.38918737
0.38717260
0.38633311
0.38381464
0.38247146
0.38196776
0.38163197
0.38096038
0.38028878
0.37928140
0.37810611
0.37441236
0.37340497
0.37306917
0.36987911
0.36971122
0.36870383
0.36803224
0.36803224
0.36786434
0.36752854
0.36719275
0.36652116
0.36584956
0.36501007
0.36400269
0.36349899
0.36299530
0.36182001
0.36131632
0.35930154
0.35879785
0.35779046
0.35661518
0.35611148
0.35543989
0.35443251
0.35275353
0.35023506
0.34956347
0.34721289
0.34603761
0.34519812
0.34284755
0.34200806
0.34133647
0.33932169
0.33848220
0.33781061
0.33646743
0.33428475
0.33294157
0.33210208
0.33176629
0.32824043
0.32773674
0.32706514
0.32471457
0.32404298
0.32404298
0.32370719
0.32337139
0.32085292
0.31850235
0.31833445
0.31783076
0.31548019
0.31497649
0.31497649
0.31430490
0.31380121
0.31245803
0.31161854
0.31061115
0.30960376
0.30960376
0.30926797
0.30826058
0.30809268
0.30238415
0.29902619
0.29415715
0.29281397
0.29079919
0.29029550
0.28878442
0.28777703
0.28660175
0.28441907
0.28223640
0.28122901
0.28072532
0.27988583
0.27871054
0.27770316
0.27753526
0.27434520
0.27384150
0.27316991
0.26930826
0.26830087
0.26662189
0.26494291
0.26309604
0.26242445
0.25957018
0.25906649
0.25654802
0.25654802
0.25604433
0.25335796
0.25201478
0.25134318
0.24832102
0.24731363
0.24462727
0.23942243
0.23891874
0.23740766
0.23656817
0.23656817
0.23656817
0.23539288
0.23388180
0.23203492
0.23153123
0.23035594
0.22968435
0.22934856
0.22918066
0.22699799
0.22599060
0.22296844
0.22112156
0.21742780
0.21725991
0.21725991
0.21642042
0.21524513
0.21507723
0.21507723
0.21474144
0.21423774
0.21339825
0.21339825
0.21272666
0.21138348
0.21138348
0.21037609
0.20601075
0.20433177
0.20366017
0.20198120
0.20198120
0.20147750
0.19895903
0.19728005
0.19627267
0.19157152
0.19106783
0.19056414
0.18687038
0.18552720
0.18552720
0.18552720
0.18435191
0.18334453
0.18216924
0.17864338
0.17813969
0.17813969
0.17679651
0.17612492
0.17494963
0.17494963
0.17494963
0.17394224
0.17394224
0.17142377
0.17075218
0.17024849
0.16991269
0.16991269
0.16991269
0.16907320
0.16773002
0.16773002
0.16756212
0.16756212
0.16756212
0.16756212
0.15933512
0.15916723
0.15916723
0.15866353
0.15866353
0.15648086
0.15614506
0.15413029
0.15396239
0.15396239
0.15329080
0.15329080
0.15329080
0.15329080
0.15329080
0.15329080
0.15245131
0.15026864
0.15026864
0.14926125
0.14892545
0.14892545
0.14892545
0.14892545
0.14053056
0.13885158
0.13767629
0.13498993
0.13230356
0.13112827
0.13112827
0.13012089
0.12793821
0.12693083
0.12625923
0.12625923
0.12609134
0.12508395
0.12407656
0.12407656
0.12323707
0.12306917
0.12155809
0.12155809
0.12155809
0.12155809
0.12155809
0.12155809
0.12155809
0.12122230
0.12122230
0.12071860
0.11954332
0.11937542
0.11937542
0.11937542
0.11803224
0.11601746
0.11601746
0.11601746
0.11601746
0.11601746
0.11551377
0.11450638
0.11333109
0.11333109
0.11232371
0.11064473
0.11064473
0.10862995
0.10862995
0.10779046
0.10779046
0.10779046
0.10695097
0.10460040
0.10460040
0.10141034
0.10141034
0.09838818
0.09838818
0.09687710
0.09570181
0.09469443
0.09469443
0.09452653
0.09435863
0.09251175
0.09251175
0.09049698
0.08898590
0.08898590
0.08898590
0.08764271
0.08764271
0.08646743
0.08344527
0.08294157
0.08294157
0.08059100
0.08059100
0.08059100
0.08059100
0.08059100
0.08059100
0.08059100
0.08059100
0.06564809
0.06564809
0.06564809
0.06564809
0.06564809
0.06564809
0.06564809
0.06564809
0.06564809
0.06564809
0.06564809
0.06564809
0.06564809
0.06564809
0.06564809
0.06564809
0.06564809
0.06564809
0.06564809
0.06564809
0.06564809
0.06564809
0.06564809
0.06564809
0.06564809
0.06564809
0.06564809
0.06531229
0.06531229
0.06464070
0.06363331
0.06363331
0.06363331
0.06363331
0.06363331
0.06363331
0.06363331
0.06363331
0.06363331
0.06363331
0.06245803
0.05607790
0.05607790
0.05339154
0.05339154
0.05339154
0.05339154
0.05339154
0.05339154
0.05339154
0.05339154
0.05339154
0.05339154
0.05339154
0.05339154
0.05339154
0.05255205
0.05255205
0.05238415
0.04952989
0.04348556
0.04348556
0.04348556
0.04348556
0.04348556
0.04348556
0.04264607
0.04264607
0.04264607
0.04264607
0.04264607
0.04264607
0.04264607
0.04264607
0.04247817
0.04231028
0.04214238
0.04197448
0.04180658
0.04163868
0.04147079
0.04130289
0.04113499
0.03710544
0.03710544
0.03710544
0.03710544
0.03710544
0.03710544
0.03710544
0.03710544
0.03710544
0.03055742
0.01914036
0.01914036
0.01729349
0.01729349
0.01595030
0.01595030
0.01595030
0.01595030
0.01595030
0.01595030
0.01595030
0.01595030
0.01595030
0.01595030
0.01595030
0.01595030
0.01595030
0.01595030
0.01595030
0.01427132
0.01427132
0.01427132
0.01427132
0.01427132
0.01427132
0.01427132
0.01427132
0.01427132
0.01427132
0.01427132
0.01427132
0.01427132
0.01427132
0.01427132
0.01427132
0.01427132
0.01427132
0.01427132
0.01427132
0.01427132
0.01427132
0.01427132
0.01427132
0.01427132
0.01427132
0.01427132
0.01427132
0.01427132
0.01427132
0.01427132
0.01427132
0.01427132
0.01427132
0.01427132
0.01427132
0.01427132
0.01427132
0.01427132
0.01427132
0.01427132
0.01427132
0.01427132
0.01427132
0.01427132
0.01427132
0.01427132
0.01427132
0.01427132
0.01427132
0.01427132
0.01427132
0.01427132
0.01427132
0.01427132
0.01427132
0.01427132
0.01427132
0.01427132
0.01427132
0.01427132
0.01427132
0.01427132
0.01427132
0.01427132
0.01427132
0.01427132
0.01427132
0.01427132
0.01427132
0.01427132
0.01427132
0.01427132
0.01427132
0.01427132
0.01427132
0.01427132
0.01427132
0.01427132
0.01427132
0.01427132
0.01427132
0.01427132
0.01427132
0.01427132
0.01427132
0.01427132
0.01427132
0.01427132
0.01427132
0.01427132
0.01427132
0.01427132
0.01427132
0.01427132
0.01427132
0.01427132
0.01427132
0.01427132
0.01427132
0.01427132
0.01427132
0.01427132
0.01427132
0.01427132
0.01427132
0.01427132
0.01427132
0.01427132
0.01427132
0.01427132
0.01427132
0.01376763
0.01376763
0.01376763
0.01376763
0.01376763
0.01376763
0.01376763
0.01376763
0.01376763
0.01376763
0.01376763
0.01376763
0.01376763
0.01376763
0.01376763
0.01376763
0.01376763
0.01376763
0.01376763
0.01376763
0.01376763
0.01376763
0.01376763
0.01376763
0.01376763
0.01376763
0.01376763
0.01376763
0.01376763
0.01376763
0.01376763
0.01376763
0.01376763
0.01376763
0.01376763
0.01376763
0.01376763
0.01376763
0.01376763
0.01376763
0.01376763
0.01376763
0.01376763
0.01376763
0.01376763
0.01376763
0.01376763
0.01376763
0.01376763
0.01376763
0.01376763
0.01376763
0.01376763
0.01376763
0.01376763
0.01376763
0.01376763
0.01376763
0.01376763
0.01376763
0.01376763
0.01376763
0.01376763
0.01376763
0.01376763
0.01376763
0.01376763
0.01376763
0.01376763
0.01376763
0.01376763
0.01376763
0.01376763
0.01376763
0.01376763
0.01376763
0.01376763
0.01376763
0.01376763
0.01376763
0.01376763
0.01376763
0.01376763
0.01376763
0.01376763
0.01376763
0.01376763
0.01376763
0.01376763
0.01376763
0.01376763
0.01376763
0.01376763
0.01376763
0.01376763
0.01376763
0.01376763
0.01376763
0.01376763
0.01376763
0.01376763
0.01376763
0.01376763
0.01376763
0.01376763
0.01376763
0.01376763
0.01376763
0.01376763
0.01343183
0.01326394
0.01326394
0.01326394
0.01326394
0.01326394
0.01326394
0.01326394
0.01326394
0.01326394
0.01326394
0.01326394
0.01326394
0.01326394
0.01326394
0.01326394
0.01326394
0.01326394
0.01326394
0.01326394
0.01326394
0.01326394
0.01326394
0.01326394
0.01326394
0.01326394
0.01326394
0.01326394
0.01326394
0.01326394
0.01326394
0.01326394
0.01326394
0.01326394
0.01326394
0.01326394
0.01326394
0.01326394
0.01326394
0.01326394
0.01326394
0.01326394
0.01326394
0.01326394
0.01326394
0.01326394
0.01326394
0.01326394
0.01326394
0.01326394
0.01326394
0.01326394
0.01326394
0.01326394
0.01326394
0.01326394
0.01326394
0.01326394
0.01326394
0.01326394
0.01326394
0.01326394
0.01326394
0.01326394
0.01326394
0.01326394
0.01326394
0.01326394
0.01326394
0.01326394
0.01326394
0.01326394
0.01326394
0.01326394
0.01326394
0.01326394
0.01326394
0.01326394
0.01326394
0.01326394
0.01326394
0.01326394
0.01326394
0.01326394
0.01326394
0.01326394
0.01326394
0.01326394
0.01326394
0.01326394
0.01326394
0.01326394
0.01326394
0.01326394
0.01326394
0.01326394
0.01326394
0.01326394
0.01326394
0.01326394
0.01326394
0.01326394
0.01326394
0.01326394
0.01326394
0.01326394
0.01326394
0.01326394
0.01326394
0.01326394
0.01326394
0.01326394
0.01326394
0.01326394
0.01326394
0.01326394
0.01326394
0.01326394
0.01326394
0.01326394
0.01326394
0.01326394
0.01326394
0.01326394
0.01326394
0.01326394
0.01326394
0.01326394
0.01326394
0.01326394
0.01326394
0.01326394
0.01326394
0.01326394
0.01326394
0.01326394
0.01326394
0.01326394
0.01326394
0.01326394
0.01326394
0.01326394
0.01326394
0.01326394
0.01326394
0.01326394
0.01326394
0.01326394
0.01326394
0.01326394
0.01326394
0.01326394
0.01326394
0.01326394
0.01326394
0.01326394
0.01326394
0.01326394
0.01326394
0.01326394
0.01326394
0.01326394
0.01326394
0.01326394
0.01326394
0.01326394
0.01326394
0.01326394
0.01326394
0.01326394
0.01326394
0.01326394
0.01326394
0.01326394
0.01326394
0.01326394
0.01326394
0.01326394
0.01326394
0.01326394
0.01326394
0.01326394
0.01326394
0.01326394
0.01326394
0.01326394
0.01326394
0.01326394
0.01326394
0.01326394
0.01326394
0.01326394
0.01326394
0.01326394
0.01326394
0.01326394
0.01326394
0.01326394
0.01326394
0.01326394
0.01326394
0.01326394
0.01326394
0.01326394
0.01326394
0.01326394
0.01326394
0.01326394
0.01326394
0.01326394
0.01326394
0.01326394
0.01326394
0.01326394
0.01326394
0.01326394
0.01326394
0.01326394
0.01326394
0.01326394
0.01326394
0.01326394
0.01326394
0.01326394
0.01326394
0.01326394
0.01326394
0.01326394
0.01326394
0.01326394
0.01326394
0.01326394
0.01326394
0.01326394
0.01326394
0.01326394
0.01326394
0.01326394
0.01326394
0.01326394
0.01326394
0.01326394
0.01326394
0.01326394
0.01326394
0.01326394
0.01326394
0.01326394
0.01326394
0.01326394
0.01326394
0.01326394
0.01326394
0.01326394
0.01326394
0.01326394
0.01326394
0.01326394
0.01326394
0.01326394
0.01326394
0.01326394
0.01326394
0.01326394
0.01326394
0.01326394
0.01326394
0.01326394
0.01326394
0.01326394
0.01326394
0.01326394
0.01326394
0.01326394
0.01326394
0.01326394
0.01326394
0.01326394
0.01326394
0.01326394
0.01326394
0.01326394
0.01326394
0.01326394
0.01326394
0.01326394
0.01326394
0.01326394
0.01326394
0.01326394
0.01326394
0.01326394
0.01326394
0.01326394
0.01326394
0.01326394
0.01326394
0.01326394
0.01326394
0.01326394
0.01326394
0.01326394
0.01326394
0.01326394
0.01326394
0.01326394
0.01326394
0.01326394
0.01326394
0.01326394
0.01326394
0.01326394
0.01326394
0.01326394
0.01326394
0.01326394
0.01326394
0.01326394
0.01326394
0.01326394
0.01326394
0.01326394
0.01326394
0.01326394
0.01326394
0.01326394
0.01326394
0.01326394
0.01326394
0.01326394
0.01326394
0.01326394
0.01326394
0.01326394
0.01326394
0.01326394
0.01326394
0.01326394
0.01326394
0.01326394
0.01326394
0.01326394
0.01326394
0.01326394
0.01326394
0.01326394
0.01326394
0.01326394
0.01326394
0.01326394
0.01326394
0.01326394
0.01326394
0.01326394
0.01326394
0.01326394
0.01326394
0.01326394
0.01326394
0.01326394
0.01326394
0.01326394
0.01326394
0.01326394
0.01326394
0.01326394
0.01326394
0.01326394
0.01326394
0.01326394
0.01326394
0.01326394
0.01326394
0.01326394
0.01326394
0.01326394
0.01326394
0.01326394
0.01326394
0.01326394
0.01326394
0.01326394
0.01326394
0.01326394
0.01326394
0.01326394
0.01326394
0.01326394
0.01326394
0.01326394
0.01326394
0.01326394
0.01326394
0.01326394
0.01326394
0.01326394
0.01326394
0.01326394
0.01326394
0.01326394
0.01326394
0.01326394
0.01326394
0.01326394
0.01326394
0.01326394
0.01326394
0.01326394
0.01326394
0.01326394
0.01326394
0.01326394
0.01292814
0.01292814
0.01292814
0.01292814
0.01292814
0.01292814
0.01292814
0.01292814
0.01292814
0.01292814
0.01292814
0.01292814
0.01292814
0.01292814
0.01292814
0.01292814
0.01292814
0.01292814
0.01292814
0.01292814
0.01292814
0.01292814
0.01292814
0.01292814
0.01292814
0.01292814
0.01292814
0.01292814
0.01292814
0.01292814
0.01292814
0.01292814
0.01292814
0.01292814
0.01292814
0.01292814
0.01292814
0.01292814
0.01292814
0.01292814
0.01292814
0.01292814
0.01292814
0.01292814
0.01292814
0.01292814
0.01292814
0.01292814
0.01292814
0.01292814
0.01292814
0.01292814
0.01292814
0.01292814
0.01292814
0.01292814
0.01292814
0.01292814
0.01292814
0.01292814
0.01292814
0.01292814
0.01292814
0.01292814
0.01292814
0.01292814
0.01292814
0.01292814
0.01292814
0.01292814
0.01292814
0.01292814
0.01292814
0.01292814
0.01292814
0.01292814
0.01292814
0.01292814
0.01292814
0.01292814
0.01292814
0.01292814
0.01292814
0.01292814
0.01292814
0.01292814
0.01292814
0.01292814
0.01292814
0.01292814
0.01292814
0.01292814
0.01292814
0.01292814
0.01292814
0.01292814
0.01292814
0.01292814
0.01292814
0.01292814
0.01292814
0.01292814
0.01292814
0.01292814
0.01292814
0.01292814
0.01292814
0.01292814
0.01292814
0.01292814
0.01292814
0.01292814
0.01292814
0.01292814
0.01292814
0.01292814
0.01292814
0.01292814
0.01292814
0.01292814
0.01292814
0.01292814
0.01292814
0.01292814
0.01292814
0.01292814
0.01292814
0.01292814
0.01292814
0.01292814
0.01292814
0.01292814
0.01292814
0.01292814
0.01292814
0.01292814
0.01292814
0.01292814
0.01292814
0.01292814
0.01292814
0.01292814
0.01292814
0.01292814
0.01292814
0.01292814
0.01292814
0.01292814
0.01292814
0.01292814
0.01292814
0.01292814
0.01292814
0.01292814
0.01292814
0.01292814
0.01292814
0.01292814
0.01292814
0.01292814
0.01292814
0.01292814
0.01292814
0.01292814
0.01292814
0.01292814
0.01292814
0.01292814
0.01292814
0.01292814
0.01292814
0.01292814
0.01292814
0.01292814
0.01292814
0.01292814
0.01292814
0.01292814
0.01292814
0.01292814
0.01292814
0.01292814
0.01292814
0.01292814
0.01292814
0.01292814
0.01292814
0.01292814
0.01292814
0.01292814
0.01292814
0.01292814
0.01292814
0.01292814
0.01292814
0.01292814
0.01292814
0.01292814
0.01292814
0.01292814
0.01292814
0.01292814
0.01292814
0.01292814
0.01292814
0.01292814
0.01292814
0.01292814
0.01292814
0.01292814
0.01292814
0.01292814
0.01292814
0.01292814
0.01292814
0.01292814
0.01292814
0.01292814
0.01292814
0.01292814
0.01292814
0.01292814
0.01292814
0.01292814
0.01292814
0.01292814
0.01292814
0.01292814
0.01292814
0.01292814
0.01292814
0.01292814
0.01292814
0.01292814
0.01292814
0.01292814
0.01292814
0.01292814
0.01292814
0.01292814
0.01292814
0.01292814
0.01292814
0.01292814
0.01292814
0.01292814
0.01292814
0.01292814
0.01292814
0.01292814
0.01292814
0.01292814
0.01292814
0.01292814
0.01292814
0.01292814
0.01292814
0.01292814
0.01292814
0.01292814
0.01292814
0.01292814
0.01292814
0.01292814
0.01292814
0.01292814
0.01292814
0.01292814
0.01292814
0.01292814
0.01292814
0.01292814
0.01292814
0.01292814
0.01292814
0.01292814
0.01292814
0.01292814
0.01292814
0.01292814
0.01292814
0.01292814
0.01292814
0.01292814
0.01292814
0.01292814
0.01292814
0.01292814
0.01292814
0.01292814
0.01292814
0.01292814
0.01292814
0.01292814
0.01292814
0.01292814
0.01292814
0.01292814
0.01292814
0.01292814
0.01292814
0.01292814
0.01292814
0.01292814
0.01292814
0.01292814
0.01292814
0.01292814
0.01292814
0.01292814
0.01292814
0.01292814
0.01292814
0.01292814
0.01292814
0.01292814
0.01292814
0.01292814
0.01292814
0.01292814
0.01292814
0.01292814
0.01292814
0.01292814
0.01292814
0.01292814
0.01292814
0.01292814
0.01292814
0.01292814
0.01292814
0.01292814
0.01292814
0.01292814
0.01292814
0.01292814
0.01292814
0.01292814
0.01292814
0.01292814
0.01292814
0.01292814
0.01292814
0.01292814
0.01292814
0.01292814
0.01292814
0.01292814
0.01292814
0.01292814
0.01292814
0.01292814
0.01292814
0.01292814
0.01292814
0.01292814
0.01292814
0.01292814
0.01292814
0.01292814
0.01292814
0.01292814
0.01292814
0.01292814
0.01292814
0.01292814
0.01292814
0.01292814
0.01292814
0.01292814
0.01292814
0.01292814
0.01292814
0.01292814
0.01292814
0.01292814
0.01292814
0.01292814
0.01292814
0.01292814
0.01292814
0.01292814
0.01292814
0.01292814
0.01292814
0.01292814
0.01292814
0.01292814
0.01292814
0.01292814
0.01292814
0.01292814
0.01292814
0.01292814
0.01292814
0.01292814
0.01292814
0.01292814
0.01292814
0.01292814
0.01292814
0.01292814
0.01292814
0.01292814
0.01292814
0.01292814
0.01292814
0.01292814
0.01292814
0.01292814
0.01292814
0.01292814
0.01292814
0.01292814
0.01292814
0.01292814
0.01292814
0.01292814
0.01292814
0.01292814
0.01292814
0.01292814
0.01292814
0.01292814
0.01292814
0.01292814
0.01292814
0.01292814
0.01292814
0.01292814
0.01292814
0.01292814
0.01292814
0.01292814
0.01292814
0.01292814
0.01292814
0.01292814
0.01292814
0.01292814
0.01292814
0.01292814
0.01292814
0.01292814
0.01292814
0.01292814
0.01292814
0.01292814
0.01292814
0.01292814
0.01292814
0.01292814
0.01292814
0.01292814
0.01292814
0.01292814
0.01292814
0.01292814
0.01292814
0.01292814
0.01292814
0.01292814
0.01292814
0.01292814
0.01292814
0.01292814
0.01292814
0.01292814
0.01292814
0.01292814
0.01292814
0.01292814
0.01292814
0.01292814
0.01292814
0.01292814
0.01292814
0.01292814
0.01292814
0.01292814
0.01292814
0.01292814
0.01292814
0.01292814
0.01292814
0.01292814
0.01292814
0.01292814
0.01292814
0.01292814
0.01292814
0.01292814
0.01292814
0.01292814
0.01292814
0.01292814
0.01292814
0.01292814
0.01292814
0.01292814
0.01292814
0.01292814
0.01292814
0.01292814
0.01292814
0.01292814
0.01292814
0.01292814
0.01292814
0.01292814
0.01292814
0.01292814
0.01292814
0.01292814
0.01292814
0.01292814
0.01292814
0.01292814
0.01292814
0.01292814
0.01292814
0.01292814
0.01292814
0.01292814
0.01292814
0.01292814
0.01292814
0.01292814
0.01292814
0.01292814
0.01292814
0.01292814
0.01292814
0.01292814
0.01292814
0.01292814
0.01292814
0.01292814
0.01292814
0.01292814
0.01292814
0.01292814
0.01292814
0.01292814
0.01292814
0.01292814
0.01292814
0.01292814
0.01292814
0.01292814
0.01292814
0.01292814
0.01292814
0.01292814
0.01292814
0.01292814
0.01292814
0.01292814
0.01292814
0.01292814
0.01292814
0.01292814
0.01292814
0.01292814
0.01292814
0.01292814
0.01292814
0.01292814
0.01292814
0.01292814
0.01292814
0.01292814
0.01292814
0.01292814
0.01292814
0.01292814
0.01292814
0.01292814
0.01292814
0.01292814
0.01292814
0.01292814
0.01292814
0.01292814
0.01292814
0.01292814
0.01292814
0.01292814
0.01292814
0.01292814
0.01292814
0.01292814
0.01292814
0.01292814
0.01292814
0.01292814
0.01292814
0.01292814
0.01292814
0.01292814
0.01292814
0.01292814
0.01292814
0.01292814
0.01292814
0.01292814
0.01292814
0.01292814
0.01292814
0.01292814
0.01292814
0.01292814
0.01292814
0.01292814
0.01292814
0.01292814
0.01292814
0.01292814
0.01292814
0.01292814
0.01292814
0.01292814
0.01292814
0.01292814
0.01292814
0.01292814
0.01292814
0.01292814
0.01292814
0.01292814
0.01292814
0.01292814
0.01292814
0.01292814
0.01292814
0.01292814
0.01292814
0.01292814
0.01292814
0.01292814
0.01292814
0.01292814
0.01292814
0.01292814
0.01292814
0.01292814
0.01292814
0.01292814
0.01292814
0.01292814
0.01292814
0.01292814
0.01292814
0.01292814
0.01292814
0.01292814
0.01292814
0.01292814
0.01292814
0.01292814
0.01292814
0.01276024
0.01259234
0.01242445
0.01225655
0.01208865
0.01124916
0.01108126
0.01091336
0.01074547
0.01074547
0.01074547
0.01074547
0.01074547
0.01057757
0.01040967
0.01024177
0.01007388
0.00990598
0.00973808
0.00957018
0.00940228
0.00923439
0.00906649
0.00889859
0.00873069
0.00856279
0.00839490
0.00822700
0.00805910
0.00755541
0.00654802
0.00554063
0.00554063
0.00554063
0.00554063
0.00554063
0.00554063
0.00554063
0.00554063
0.00554063
0.00554063
0.00554063
0.00554063
0.00537273
0.00520484
0.00503694
0.00486904
0.00470114
0.00453324
0.00436535
0.00419745
0.00402955
0.00386165
0.00369375
0.00352586
0.00335796
0.00319006
0.00302216
0.00285426
0.00268637
0.00251847
0.00235057
0.00218267
0.00201478
0.00016790
0.00016790
0.00016790
0.00016790
0.00016790
0.00016790
0.00016790
0.00016790
0.00016790
0.00016790
0.00016790
0.00016790
0.00016790
0.00016790
0.00016790
0.00016790
0.00016790
0.00016790
0.00016790
0.00016790
0.00016790
0.00016790
0.00016790
0.00016790
0.00016790
0.00016790
0.00016790
0.00016790
0.00016790
0.00016790
0.00016790
0.00016790
0.00016790
0.00016790
0.00016790
0.00016790
0.00016790
0.00016790
0.00016790
0.00016790
0.00016790
0.00016790
0.00016790
0.00016790
0.00016790
0.00016790
0.00016790
0.00016790
0.00016790
0.00016790
0.00016790
0.00016790
0.00016790
0.00016790
0.00016790
0.00016790
0.00016790
0.00016790
0.00016790
0.00016790
0.00016790
0.00016790
0.00016790
0.00016790
0.00016790
0.00016790
0.00016790
0.00016790
0.00016790
0.00016790
0.00016790
0.00016790
0.00016790
0.00016790
0.00016790
0.00016790
0.00016790
0.00016790
0.00016790
0.00016790
0.00016790
0.00016790
0.00016790
0.00016790
0.00016790
0.00016790
0.00016790
0.00016790
0.00016790
0.00016790
0.00016790
0.00016790
0.00016790
0.00016790
0.00016790
0.00016790
0.00016790
0.00016790
0.00016790
0.00016790
0.00016790
0.00016790
0.00016790
0.00016790
0.00016790
0.00016790
0.00016790
0.00016790
0.00016790
0.00016790
0.00016790
0.00016790
0.00016790
0.00016790
0.00016790
0.00016790
0.00016790
0.00016790
0.00016790
0.00016790
0.00016790
0.00016790
0.00016790
0.00016790
0.00016790
0.00016790
0.00016790
0.00016790
0.00016790
0.00016790
0.00016790
0.00016790
0.00016790
0.00016790
0.00016790
0.00016790
0.00016790
0.00016790
0.00016790
0.00016790
0.00016790
0.00016790
0.00016790
0.00016790
0.00016790
0.00016790
0.00016790
0.00016790
0.00016790
0.00016790
0.00016790
0.00016790
0.00016790
0.00016790
0.00016790
0.00016790
0.00016790
0.00016790
0.00016790
0.00016790
0.00016790
0.00016790
0.00016790
0.00016790
0.00016790
0.00016790
0.00016790
0.00016790
0.00016790
0.00016790
0.00016790
0.00016790
0.00016790
0.00016790
0.00016790
0.00016790
0.00016790
0.00016790
0.00016790
0.00016790
0.00016790
0.00016790
0.00016790
0.00016790
0.00016790
0.00016790
0.00016790
0.00016790
0.00016790
0.00016790
0.00016790
0.00016790
0.00016790
0.00016790
0.00016790
0.00016790
0.00016790
0.00016790
0.00016790
0.00016790
0.00016790
0.00016790
0.00016790
0.00016790
0.00016790
0.00016790
0.00016790
0.00016790
0.00016790
0.00016790
0.00016790
0.00016790
0.00016790
0.00016790
0.00016790
0.00016790
0.00016790
0.00016790
0.00016790
0.00016790
0.00016790
0.00016790
0.00016790
0.00016790
0.00016790
0.00016790
0.00016790
0.00016790
0.00016790
0.00016790
0.00016790
0.00016790
0.00016790
0.00016790
0.00016790
0.00016790
0.00016790
0.00016790
0.00016790
0.00016790
0.00016790
0.00016790
0.00016790
0.00016790
0.00016790
0.00016790
0.00016790
0.00016790
0.00016790
0.00016790
0.00016790
0.00016790
0.00016790
0.00016790
0.00016790
0.00016790
0.00016790
0.00016790
0.00016790
0.00016790
0.00016790
0.00016790
0.00016790
0.00016790
0.00016790
0.00016790
0.00016790
0.00016790
0.00016790
0.00016790
0.00016790
0.00016790
0.00016790
0.00016790
0.00016790
0.00016790
0.00016790
0.00016790
0.00016790
0.00016790
0.00016790
0.00016790
0.00016790
0.00016790
0.00016790
0.00016790
0.00016790
0.00016790
0.00016790
0.00016790
0.00016790
0.00016790
0.00016790
0.00016790
0.00016790
0.00016790
0.00016790
0.00016790
0.00016790
0.00016790
0.00016790
0.00016790
0.00016790
0.00016790
0.00016790
0.00016790
0.00016790
0.00016790
0.00016790
0.00016790
0.00016790
0.00016790
0.00016790
0.00016790
0.00016790
0.00016790
0.00016790
0.00016790
0.00016790
0.00016790
0.00016790
0.00016790
0.00016790
0.00016790
0.00016790
0.00016790
0.00016790
0.00016790
0.00016790
0.00016790
0.00016790
0.00016790
0.00016790
0.00016790
0.00016790
0.00016790
0.00016790
0.00016790
0.00016790
0.00016790
0.00016790
0.00016790
0.00016790
0.00016790
0.00016790
0.00016790
0.00016790
0.00016790
0.00016790
0.00016790
0.00016790
0.00016790
0.00016790
0.00016790
0.00016790
0.00016790
0.00016790
0.00016790
0.00016790
0.00016790
0.00016790
0.00016790
0.00016790
0.00016790
0.00016790
0.00016790
0.00016790
0.00016790
0.00016790
0.00016790
0.00016790
0.00016790
0.00016790
0.00016790
0.00016790
0.00016790
0.00016790
0.00016790
0.00016790
0.00016790
0.00016790
0.00016790
0.00016790
0.00016790
0.00016790
0.00016790
0.00016790
0.00016790
0.00016790
0.00016790
0.00016790
0.00016790
0.00016790
0.00016790
0.00016790
0.00016790
0.00016790
0.00016790
0.00016790
0.00016790
0.00016790
0.00016790
0.00016790
0.00016790
0.00016790
0.00016790
0.00016790
0.00016790
0.00016790
0.00016790
0.00016790
0.00016790
0.00016790
0.00016790
0.00016790
0.00016790
0.00016790
0.00016790
0.00016790
0.00016790
0.00016790
0.00016790
0.00016790
0.00016790
0.00016790
0.00016790
0.00016790
0.00016790
0.00016790
0.00016790
0.00016790
0.00016790
0.00016790
0.00016790
0.00016790
0.00016790
0.00016790
0.00016790
0.00016790
0.00016790
0.00016790
0.00016790
0.00016790
0.00016790
0.00016790
0.00016790
0.00016790
0.00016790
0.00016790
0.00016790
0.00016790
0.00016790
0.00016790
0.00016790
0.00016790
0.00016790
0.00016790
0.00016790
0.00016790
0.00016790
0.00016790
0.00016790
0.00016790
0.00016790
0.00016790
0.00016790
0.00016790
0.00016790
0.00016790
0.00016790
0.00016790
0.00016790
0.00016790
0.00016790
0.00016790
0.00016790
0.00016790
0.00016790
0.00016790
0.00016790
0.00016790
0.00016790
0.00016790
0.00016790
0.00016790
0.00016790
0.00016790
0.00016790
0.00016790
0.00016790
0.00016790
0.00016790
0.00016790
0.00016790
0.00016790
0.00016790
0.00016790
0.00016790
0.00016790
0.00016790
0.00016790
0.00016790
0.00016790
0.00016790
0.00016790
0.00016790
0.00016790
0.00016790
0.00016790
0.00016790
0.00016790
0.00016790
0.00016790
0.00016790
0.00016790
0.00016790
0.00016790
0.00016790
0.00016790
0.00016790
0.00016790
0.00016790
0.00016790
0.00016790
0.00016790
0.00016790
0.00016790
0.00016790
0.00016790
0.00016790
0.00016790
0.00016790
0.00016790
0.00016790
0.00016790
0.00016790
0.00016790
0.00016790
0.00016790
0.00016790
0.00016790
0.00016790
0.00016790
0.00016790
0.00016790
0.00016790
0.00016790
0.00016790
0.00016790
0.00016790
0.00016790
0.00016790
0.00016790
0.00016790
0.00016790
0.00016790
0.00016790
0.00016790
0.00016790
0.00016790
0.00016790
0.00016790
0.00016790
0.00016790
0.00016790
0.00016790
0.00016790
0.00016790
0.00016790
0.00016790
0.00016790
0.00016790
0.00016790
0.00016790
0.00016790
0.00016790
0.00016790
0.00016790
0.00016790
0.00016790
0.00016790
0.00016790
0.00016790
0.00016790
0.00016790
0.00016790
0.00016790
0.00016790
0.00016790
0.00016790
0.00016790
0.00016790
0.00016790
0.00016790
0.00016790
0.00016790
0.00016790
0.00016790
0.00016790
0.00016790
0.00016790
0.00016790
0.00016790
0.00016790
0.00016790
0.00016790
0.00016790
0.00016790
0.00016790
0.00016790
0.00016790
0.00016790
0.00016790
0.00016790
0.00016790
0.00016790
0.00016790
0.00016790
0.00016790
0.00016790
0.00016790
0.00016790
0.00016790
0.00016790
0.00016790
0.00016790
0.00016790
0.00016790
0.00016790
0.00016790
0.00016790
0.00016790
0.00016790
0.00016790
0.00016790
0.00016790
0.00016790
0.00016790
0.00016790
0.00016790
0.00016790
0.00016790
0.00016790
0.00016790
0.00016790
0.00016790
0.00016790
0.00016790
0.00016790
0.00016790
0.00016790
0.00016790
0.00016790
0.00016790
0.00016790
0.00016790
0.00016790
0.00016790
0.00016790
0.00016790
0.00016790
0.00016790
0.00016790
0.00016790
0.00016790
0.00016790
0.00016790
0.00016790
0.00016790
0.00016790
0.00016790
0.00016790
0.00016790
0.00016790
0.00016790
0.00016790
0.00016790
0.00016790
0.00016790
0.00016790
0.00016790
0.00016790
0.00016790
0.00016790
0.00016790
0.00016790
0.00016790
0.00016790
0.00016790
0.00016790
0.00016790
0.00016790
0.00016790
0.00016790
0.00016790
0.00016790
0.00016790
0.00016790
0.00016790
0.00016790
0.00016790
0.00016790
0.00016790
0.00016790
0.00016790
0.00016790
0.00016790
0.00016790
0.00016790
0.00016790
0.00016790
0.00016790
0.00016790
0.00016790
0.00016790
0.00016790
0.00016790
0.00016790
0.00016790
0.00016790
0.00016790
0.00016790
0.00016790
0.00016790
0.00016790
0.00016790
0.00016790
0.00016790
0.00016790
0.00016790
0.00016790
0.00016790
0.00016790
0.00016790
0.00016790
0.00016790
0.00016790
0.00016790
0.00016790
0.00016790
0.00016790
0.00016790
0.00016790
0.00016790
0.00016790
0.00016790
0.00016790
0.00016790
0.00016790
0.00016790
0.00016790
0.00016790
0.00016790
0.00016790
0.00016790
0.00016790
0.00016790
0.00016790
0.00016790
0.00016790
0.00016790
0.00016790
0.00016790
0.00016790
0.00016790
0.00016790
0.00016790
0.00016790
0.00016790
0.00016790
0.00016790
0.00016790
0.00016790
0.00016790
0.00016790
0.00016790
0.00016790
0.00016790
0.00016790
0.00016790
0.00016790
0.00016790
0.00016790
0.00016790
0.00016790
0.00016790
0.00016790
0.00016790
0.00016790
0.00016790
0.00016790
0.00016790
0.00016790
0.00016790
0.00016790
0.00016790
0.00016790
0.00016790
0.00016790
0.00016790
0.00016790
0.00016790
0.00016790
0.00016790
0.00016790
0.00016790
0.00016790
0.00016790
0.00016790
0.00016790
0.00016790
0.00016790
0.00016790
0.00016790
0.00016790
0.00016790
0.00016790
0.00016790
0.00016790
0.00016790
0.00016790
0.00016790
0.00016790
0.00016790
0.00016790
0.00016790
0.00016790
0.00016790
0.00016790
0.00016790
0.00016790
0.00016790
0.00016790
0.00016790
0.00016790
0.00016790
0.00016790
0.00016790
0.00016790
0.00016790
0.00016790
0.00016790
0.00016790
0.00016790
0.00016790
0.00016790
0.00016790
0.00016790
0.00016790
0.00016790
0.00016790
0.00016790
0.00016790
0.00016790
0.00016790
0.00016790
0.00016790
0.00016790
0.00016790
0.00016790
0.00016790
0.00016790
0.00016790
0.00016790
0.00016790
0.00016790
0.00016790
0.00016790
0.00016790
0.00016790
0.00016790
0.00016790
0.00016790
0.00016790
0.00016790
0.00016790
0.00016790
0.00016790
0.00016790
0.00016790
0.00016790
0.00016790
0.00016790
0.00016790
0.00016790
0.00016790
0.00016790
0.00016790
0.00016790
0.00016790
0.00016790
0.00016790
0.00016790
0.00016790
0.00016790
0.00016790
0.00016790
0.00016790
0.00016790
0.00016790
0.00016790
0.00016790
0.00016790
0.00016790
0.00016790
0.00016790
0.00016790
0.00016790
0.00016790
0.00016790
0.00016790
0.00016790
0.00016790
0.00016790
0.00016790
0.00016790
0.00016790
0.00016790
0.00016790
0.00016790
0.00016790
0.00016790
0.00016790
0.00016790
0.00016790
0.00016790
0.00016790
0.00016790
0.00016790
0.00016790
0.00016790
0.00016790
0.00016790
0.00016790
0.00016790
0.00016790
0.00016790
0.00016790
0.00016790
0.00016790
0.00016790
0.00016790
0.00016790
0.00016790
0.00016790
0.00016790
0.00016790
0.00016790
0.00016790
0.00016790
0.00016790
0.00016790
0.00016790
0.00016790
0.00016790
0.00016790
0.00016790
0.00016790
0.00016790
0.00016790
0.00016790
0.00016790
0.00016790
0.00016790
0.00016790
0.00016790
0.00016790
0.00016790
0.00016790
0.00016790
0.00016790
0.00016790
0.00016790
0.00016790
0.00016790
0.00016790
0.00016790
0.00016790
0.00016790
0.00016790
0.00016790
0.00016790
0.00016790
0.00016790
0.00016790
0.00016790
0.00016790
0.00016790
0.00016790
0.00016790
0.00016790
0.00016790
0.00016790
0.00016790
0.00016790
0.00016790
0.00016790
0.00016790
0.00016790
0.00016790
0.00016790
0.00016790
0.00016790
0.00016790
0.00016790
0.00016790
0.00016790
0.00016790
0.00016790
0.00016790
0.00016790
0.00016790
0.00016790
0.00016790
0.00016790
0.00016790
0.00016790
0.00016790
0.00016790
0.00016790
0.00016790
0.00016790
0.00016790
0.00016790
0.00016790
0.00016790
0.00016790
0.00016790
0.00016790
0.00016790
0.00016790
0.00016790
0.00016790
0.00016790
0.00016790
0.00016790
0.00016790
0.00016790
0.00016790
0.00016790
0.00016790
0.00016790
0.00016790
0.00016790
0.00016790
0.00016790
0.00016790
0.00016790
0.00016790
0.00016790
0.00016790
0.00016790
0.00016790
0.00016790
0.00016790
0.00016790
0.00016790
0.00016790
0.00016790
0.00016790
0.00016790
0.00016790
0.00016790
0.00016790
0.00016790
0.00016790
0.00016790
0.00016790
0.00016790
0.00016790
0.00016790
0.00016790
0.00016790
0.00016790
0.00016790
0.00016790
0.00016790
0.00016790
0.00016790
0.00016790
0.00016790
0.00016790
0.00016790
0.00016790
0.00016790
0.00016790
0.00016790
0.00016790
0.00016790
0.00016790
0.00016790
0.00016790
0.00016790
0.00016790
0.00016790
0.00016790
0.00016790
0.00016790
0.00016790
0.00016790
0.00016790
0.00016790
0.00016790
0.00016790
0.00016790
0.00016790
0.00016790
0.00016790
0.00016790
0.00016790
0.00016790
0.00016790
0.00016790
0.00016790
0.00016790
0.00016790
0.00016790
0.00016790
0.00016790
0.00016790
0.00016790
0.00016790
0.00016790
0.00016790
0.00016790
0.00016790
0.00016790
0.00016790
0.00016790
0.00016790
0.00016790
0.00016790
0.00016790
0.00016790
0.00016790
0.00016790
0.00016790
0.00016790
0.00016790
0.00016790
0.00016790
0.00016790
0.00016790
0.00016790
0.00016790
0.00016790
0.00016790
0.00016790
0.00016790
0.00016790
0.00016790
0.00016790
0.00016790
0.00016790
0.00016790
0.00016790
0.00016790
0.00016790
0.00016790
0.00016790
0.00016790
0.00016790
0.00016790
0.00016790
0.00016790
0.00016790
0.00016790
0.00016790
0.00016790
0.00016790
0.00016790
0.00016790
0.00016790
0.00016790
0.00016790
0.00016790
0.00016790
0.00016790
0.00016790
0.00016790
0.00016790
0.00016790
0.00016790
0.00016790
0.00016790
0.00016790
0.00016790
0.00016790
0.00016790
0.00016790
0.00016790
0.00016790
0.00016790
0.00016790
0.00016790
0.00016790
0.00016790
0.00016790
0.00016790
0.00016790
0.00016790
0.00016790
0.00016790
0.00016790
0.00016790
0.00016790
0.00016790
0.00016790
0.00016790
0.00016790
0.00016790
0.00016790
0.00016790
0.00016790
0.00016790
0.00016790
0.00016790
0.00016790
0.00016790
0.00016790
0.00016790
0.00016790
0.00016790
0.00016790
0.00016790
0.00016790
0.00016790
0.00016790
0.00016790
0.00016790
0.00016790
0.00016790
0.00016790
0.00016790
0.00016790
0.00016790
0.00016790
0.00016790
0.00016790
0.00016790
0.00016790
0.00016790
0.00016790
0.00016790
0.00016790
0.00016790
0.00016790
0.00016790
0.00016790
0.00016790
0.00016790
0.00016790
0.00016790
0.00016790
0.00016790
0.00016790
0.00016790
0.00016790
0.00016790
0.00016790
0.00016790
0.00016790
0.00016790
0.00016790
0.00016790
0.00016790
0.00016790
0.00016790
0.00016790
0.00016790
0.00016790
0.00016790
0.00016790
0.00016790
0.00016790
0.00016790
0.00016790
0.00016790
0.00016790
0.00016790
0.00016790
0.00016790
0.00016790
0.00016790
0.00016790
0.00016790
0.00016790
0.00016790
0.00016790
0.00016790
0.00016790
0.00016790
0.00016790
0.00016790
0.00016790
0.00016790
0.00016790
0.00016790
0.00016790
0.00016790
0.00016790
0.00016790
0.00016790
0.00016790
0.00016790
0.00016790
0.00016790
0.00016790
0.00016790
0.00016790
0.00016790
0.00016790
0.00016790
0.00016790
0.00016790
0.00016790
0.00016790
0.00016790
0.00016790
0.00016790
0.00016790
0.00016790
0.00016790
0.00016790
0.00016790
0.00016790
0.00016790
0.00016790
0.00016790
0.00016790
0.00016790
0.00016790
0.00016790
0.00016790
0.00016790
0.00016790
0.00016790
0.00016790
0.00016790
0.00016790
0.00016790
0.00016790
0.00016790
0.00016790
0.00016790
0.00016790
0.00016790
0.00016790
0.00016790
0.00016790
0.00016790
0.00016790
0.00016790
0.00016790
0.00016790
0.00016790
0.00016790
0.00016790
0.00016790
0.00016790
0.00016790
0.00016790
0.00016790
0.00016790
0.00016790
0.00016790
0.00016790
0.00016790
0.00016790
0.00016790
0.00016790
0.00016790
0.00016790
0.00016790
0.00016790
0.00016790
0.00016790
0.00016790
0.00016790
0.00016790
0.00016790
0.00016790
0.00016790
0.00016790
0.00016790
0.00016790
0.00016790
0.00016790
0.00016790
0.00016790
0.00016790
0.00016790
0.00016790
0.00016790
0.00016790
0.00016790
0.00016790
0.00016790
0.00016790
0.00016790
0.00016790
0.00016790
0.00016790
0.00016790
0.00016790
0.00016790
0.00016790
0.00016790
0.00016790
0.00016790
0.00016790
0.00016790
0.00016790
0.00016790
0.00016790
0.00016790
0.00016790
0.00016790
0.00016790
0.00016790
0.00016790
0.00016790
0.00016790
0.00016790
0.00016790
0.00016790
0.00016790
0.00016790
0.00016790
0.00016790
0.00016790
0.00016790
0.00016790
0.00016790
0.00016790
0.00016790
0.00016790
0.00016790
0.00016790
0.00016790
0.00016790
0.00016790
0.00016790
0.00016790
0.00016790
0.00016790
0.00016790
0.00016790
0.00016790
0.00016790
0.00016790
0.00016790
0.00016790
0.00016790
0.00016790
0.00016790
0.00016790
0.00016790
0.00016790
0.00016790
0.00016790
0.00016790
0.00016790
0.00016790
0.00016790
0.00016790
0.00016790
0.00016790
0.00016790
0.00016790
0.00016790
0.00016790
0.00016790
0.00016790
0.00016790
0.00016790
0.00016790
0.00016790
0.00016790
0.00016790
0.00016790
0.00016790
0.00016790
0.00016790
0.00016790
0.00016790
0.00016790
0.00016790
0.00016790
0.00016790
0.00016790
0.00016790
0.00016790
0.00016790
0.00016790
0.00016790
0.00016790
0.00016790
0.00016790
0.00016790
0.00016790
0.00016790
0.00016790
0.00016790
0.00016790
0.00016790
0.00016790
0.00016790
0.00016790
0.00016790
0.00016790
0.00016790
0.00016790
0.00016790
0.00016790
0.00016790
0.00016790
0.00016790
0.00016790
0.00016790
0.00016790
0.00016790
0.00016790
0.00016790
0.00016790
0.00016790
0.00016790
0.00016790
0.00016790
0.00016790
0.00016790
0.00016790
0.00016790
0.00016790
0.00016790
0.00016790
0.00016790
0.00016790
0.00016790
0.00016790
0.00016790
0.00016790
0.00016790
0.00016790
0.00016790
0.00016790
0.00016790
0.00016790
0.00016790
0.00016790
0.00016790
0.00016790
0.00016790
0.00016790
0.00016790
0.00016790
0.00016790
0.00016790
0.00016790
0.00016790
0.00016790
0.00016790
0.00016790
0.00016790
0.00016790
0.00016790
0.00016790
0.00016790
0.00016790
0.00016790
0.00016790
0.00016790
0.00016790
0.00016790
0.00016790
0.00016790
0.00016790
0.00016790
0.00016790
0.00016790
0.00016790
0.00016790
0.00016790
0.00016790
0.00016790
0.00016790
0.00016790
0.00016790
0.00016790
0.00016790
0.00016790
0.00016790
0.00016790
0.00016790
0.00016790
0.00016790
0.00016790
0.00016790
0.00016790
0.00016790
0.00016790
0.00016790
0.00016790
0.00016790
0.00016790
0.00016790
0.00016790
0.00016790
0.00016790
0.00016790
0.00016790
0.00016790
0.00016790
0.00016790
0.00016790
0.00016790
0.00016790
0.00016790
0.00016790
0.00016790
0.00016790
0.00016790
0.00016790
0.00016790
0.00016790
0.00016790
0.00016790
0.00016790
0.00016790
0.00016790
0.00016790
0.00016790
0.00016790
0.00016790
0.00016790
0.00016790
0.00016790
0.00016790
0.00016790
0.00016790
0.00016790
0.00016790
0.00016790
0.00016790
0.00016790
0.00016790
0.00016790
0.00016790
0.00016790
0.00016790
0.00016790
0.00016790
0.00016790
0.00016790
0.00016790
0.00016790
0.00016790
0.00016790
0.00016790
0.00016790
0.00016790
0.00016790
0.00016790
0.00016790
0.00016790
0.00016790
0.00016790
0.00016790
0.00016790
0.00016790
0.00016790
0.00016790
0.00016790
0.00016790
0.00016790
0.00016790
0.00016790
0.00016790
0.00016790
0.00016790
0.00016790
0.00016790
0.00016790
0.00016790
0.00016790
0.00016790
0.00016790
0.00016790
0.00016790
0.00016790
0.00016790
0.00016790
0.00016790
0.00016790
0.00016790
0.00016790
0.00016790
0.00016790
0.00016790
0.00016790
0.00016790
0.00016790
0.00016790
0.00016790
0.00016790
0.00016790
0.00016790
0.00016790
0.00016790
0.00016790
0.00016790
0.00016790
0.00016790
0.00016790
0.00016790
0.00016790
0.00016790
0.00016790
0.00016790
0.00016790
0.00016790
0.00016790
0.00016790
0.00016790
0.00016790
0.00016790
0.00016790
0.00016790
0.00016790
0.00016790
0.00016790
0.00016790
0.00016790
0.00016790
0.00016790
0.00016790
0.00016790
0.00016790
0.00016790
0.00016790
0.00016790
0.00016790
0.00016790
0.00016790
0.00016790
0.00016790
0.00016790
0.00016790
0.00016790
0.00016790
0.00016790
0.00016790
0.00016790
0.00016790
0.00016790
0.00016790
0.00016790
0.00016790
0.00016790
0.00016790
0.00016790
0.00016790
0.00016790
0.00016790
0.00016790
0.00016790
0.00016790
0.00016790
0.00016790
0.00016790
0.00016790
0.00016790
0.00016790
0.00016790
0.00016790
0.00016790
0.00016790
0.00016790
0.00016790
0.00016790
0.00016790
0.00016790
0.00016790
0.00016790
0.00016790
0.00016790
0.00016790
0.00016790
0.00016790
0.00016790
0.00016790
0.00016790
0.00016790
0.00016790
0.00016790
0.00016790
0.00016790
0.00016790
0.00016790
0.00016790
0.00016790
0.00016790
0.00016790
0.00016790
0.00016790
0.00016790
0.00016790
0.00016790
0.00016790
0.00016790
0.00016790
0.00016790
0.00016790
0.00016790
0.00016790
0.00016790
0.00016790
0.00016790
0.00016790
0.00016790
0.00016790
0.00016790
0.00016790
0.00016790
0.00016790
0.00016790
0.00016790
0.00016790
0.00016790
0.00016790
0.00016790
0.00016790
0.00016790
0.00016790
0.00016790
0.00016790
0.00016790
0.00016790
0.00016790
0.00016790
0.00016790
0.00016790
0.00016790
0.00016790
0.00016790
0.00016790
0.00016790
0.00016790
0.00016790
0.00016790
0.00016790
0.00016790
0.00016790
0.00016790
0.00016790
0.00016790
0.00016790
0.00016790
0.00016790
0.00016790
0.00016790
0.00016790
0.00016790
0.00016790
0.00016790
0.00016790
0.00016790
0.00016790
0.00016790
0.00016790
0.00016790
0.00016790
0.00016790
0.00016790
0.00016790
0.00016790
0.00016790
0.00016790
0.00016790
0.00016790
0.00016790
0.00016790
0.00016790
0.00016790
0.00016790
0.00016790
0.00016790
0.00016790
0.00016790
0.00016790
0.00016790
0.00016790
0.00016790
0.00016790
0.00016790
0.00016790
0.00016790
0.00016790
0.00016790
0.00016790
0.00016790
0.00016790
0.00016790
0.00016790
0.00016790
0.00016790
0.00016790
0.00016790
0.00016790
0.00016790
0.00016790
0.00016790
0.00016790
0.00016790
0.00016790
0.00016790
0.00016790
0.00016790
0.00016790
0.00016790
0.00016790
0.00016790
0.00016790
0.00016790
0.00016790
0.00016790
0.00016790
0.00016790
0.00016790
0.00016790
0.00016790
0.00016790
0.00016790
0.00016790
0.00016790
0.00016790
0.00016790
0.00016790
0.00016790
0.00016790
0.00016790
0.00016790
0.00016790
0.00016790
0.00016790
0.00016790
0.00016790
0.00016790
0.00016790
0.00016790
0.00016790
0.00016790
0.00016790
0.00016790
0.00016790
0.00016790
0.00016790
0.00016790
0.00016790
0.00016790
0.00016790
0.00016790
0.00016790
0.00016790
0.00016790
0.00016790
0.00016790
0.00016790
0.00016790
0.00016790
0.00016790
0.00016790
0.00016790
0.00016790
0.00016790
0.00016790
0.00016790
0.00016790
0.00016790
0.00016790
0.00016790
0.00016790
0.00016790
0.00016790
0.00016790
0.00016790
0.00016790
0.00016790
0.00016790
0.00016790
0.00016790
0.00016790
0.00016790
0.00016790
0.00016790
0.00016790
0.00016790
0.00016790
0.00016790
0.00016790
0.00016790
0.00016790
0.00016790
0.00016790
0.00016790
0.00016790
0.00016790
0.00016790
0.00016790
0.00016790
0.00016790
0.00016790
0.00016790
0.00016790
0.00016790
0.00016790
0.00016790
0.00016790
0.00016790
0.00016790
0.00016790
0.00016790
0.00016790
0.00016790
0.00016790
0.00016790
0.00016790
0.00016790
0.00016790
0.00016790
0.00016790
0.00016790
0.00016790
0.00016790
0.00016790
0.00016790
0.00016790
0.00016790
0.00016790
0.00016790
0.00016790
0.00016790
0.00016790
0.00016790
0.00016790
0.00016790
0.00016790
0.00016790
0.00016790
0.00016790
0.00016790
0.00016790
0.00016790
0.00016790
0.00016790
0.00016790
0.00016790
0.00016790
0.00016790
0.00016790
0.00016790
0.00016790
0.00016790
0.00016790
0.00016790
0.00016790
0.00016790
0.00016790
0.00016790
0.00016790
0.00016790
0.00016790
0.00016790
0.00016790
0.00016790
0.00016790
0.00016790
0.00016790
0.00016790
0.00016790
0.00016790
0.00016790
0.00016790
0.00016790
0.00016790
0.00016790
0.00016790
0.00016790
0.00016790
0.00016790
0.00016790
0.00016790
0.00016790
0.00016790
0.00016790
0.00016790
0.00016790
0.00016790
0.00016790
0.00016790
0.00016790
0.00016790
0.00016790
0.00016790
0.00016790
0.00016790
0.00016790
0.00016790
0.00016790
0.00016790
0.00016790
0.00016790
0.00016790
0.00016790
0.00016790
0.00016790
0.00016790
0.00016790
0.00016790
0.00016790
0.00016790
0.00016790
0.00016790
0.00016790
0.00016790
0.00016790
0.00016790
0.00016790
0.00016790
0.00016790
0.00016790
0.00016790
0.00016790
0.00016790
0.00016790
0.00016790
0.00016790
0.00016790
0.00016790
0.00016790
0.00016790
0.00016790
0.00016790
0.00016790
0.00016790
0.00016790
0.00016790
0.00016790
0.00016790
0.00016790
0.00016790
0.00016790
0.00016790
0.00016790
0.00016790
0.00016790
0.00016790
0.00016790
0.00016790
0.00016790
0.00016790
0.00016790
0.00016790
0.00016790
0.00016790
0.00016790
0.00016790
0.00016790
0.00016790
0.00016790
0.00016790
0.00016790
0.00016790
0.00016790
0.00016790
0.00016790
0.00016790
0.00016790
0.00016790
0.00016790
0.00016790
0.00016790
0.00016790
0.00016790
0.00016790
0.00016790
0.00016790
0.00016790
0.00016790
0.00016790
0.00016790
0.00016790
0.00016790
0.00016790
0.00016790
0.00016790
0.00016790
0.00016790
0.00016790
0.00016790
0.00016790
0.00016790
0.00016790
0.00016790
0.00016790
0.00016790
0.00016790
0.00016790
0.00016790
0.00016790
0.00016790
0.00016790
0.00016790
0.00016790
0.00016790
0.00016790
0.00016790
0.00016790
0.00016790
0.00016790
0.00016790
0.00016790
0.00016790
0.00016790
0.00016790
0.00016790
0.00016790
0.00016790
0.00016790
0.00016790
0.00016790
0.00016790
0.00016790
0.00016790
0.00016790
0.00016790
0.00016790
0.00016790
0.00016790
0.00016790
0.00016790
0.00016790
0.00016790
0.00016790
0.00016790
0.00016790
0.00016790
0.00016790
0.00016790
0.00016790
0.00016790
0.00016790
0.00016790
0.00016790
0.00016790
0.00016790
0.00016790
0.00016790
0.00016790
0.00016790
0.00016790
0.00016790
0.00016790
0.00016790
0.00016790
0.00016790
0.00016790
0.00016790
0.00016790
0.00016790
0.00016790
0.00016790
0.00016790
0.00016790
0.00016790
0.00016790
0.00016790
0.00016790
0.00016790
0.00016790
0.00016790
0.00016790
0.00016790
0.00016790
0.00016790
0.00016790
0.00016790
0.00016790
0.00016790
0.00016790
0.00016790
0.00016790
0.00016790
0.00016790
0.00016790
0.00016790
0.00016790
0.00016790
0.00016790
0.00016790
0.00016790
0.00016790
0.00016790
0.00016790
0.00016790
0.00016790
0.00016790
0.00016790
0.00016790
0.00016790
0.00016790
0.00016790
0.00016790
0.00016790
0.00016790
0.00016790
0.00016790
0.00016790
0.00016790
0.00016790
0.00016790
0.00016790
0.00016790
0.00016790
0.00016790
0.00016790
0.00016790
0.00016790
0.00016790
0.00016790
0.00016790
0.00016790
0.00016790
0.00016790
0.00016790
0.00016790
0.00016790
0.00016790
0.00016790
0.00016790
0.00016790
0.00016790
0.00016790
0.00016790
0.00016790
0.00016790
0.00016790
0.00016790
0.00016790
0.00016790
0.00016790
0.00016790
0.00016790
0.00016790
0.00016790
0.00016790
0.00016790
0.00016790
0.00016790
0.00016790
0.00016790
0.00016790
0.00016790
0.00016790
0.00016790
0.00016790
0.00016790
0.00016790
0.00016790
0.00016790
0.00016790
0.00016790
0.00016790
0.00016790
0.00016790
0.00016790
0.00016790
0.00016790
0.00016790
0.00016790
0.00016790
0.00016790
0.00016790
0.00016790
0.00016790
0.00016790
0.00016790
0.00016790
0.00016790
0.00016790
0.00016790
0.00016790
0.00016790
0.00016790
0.00016790
0.00016790
0.00016790
0.00016790
0.00016790
0.00016790
0.00016790
0.00016790
0.00016790
0.00016790
0.00016790
0.00016790
0.00016790
0.00016790
0.00016790
0.00016790
0.00016790
0.00016790
0.00016790
0.00016790
0.00016790
0.00016790
0.00016790
0.00016790
0.00016790
0.00016790
0.00016790
0.00016790
0.00016790
0.00016790
0.00016790
0.00016790
0.00016790
0.00016790
0.00016790
0.00016790
0.00016790
0.00016790
0.00016790
0.00016790
0.00016790
0.00016790
0.00016790
0.00016790
0.00016790
0.00016790
0.00016790
0.00016790
0.00016790
0.00016790
0.00016790
0.00016790
0.00016790
0.00016790
0.00016790
0.00016790
0.00016790
0.00016790
0.00016790
0.00016790
0.00016790
0.00016790
0.00016790
0.00016790
0.00016790
0.00016790
0.00016790
0.00016790
0.00016790
0.00016790
0.00016790
0.00016790
0.00016790
0.00016790
0.00016790
0.00016790
0.00016790
0.00016790
0.00016790
0.00016790
0.00016790
0.00016790
0.00016790
0.00016790
0.00016790
0.00016790
0.00016790
0.00016790
0.00016790
0.00016790
0.00016790
0.00016790
0.00016790
0.00016790
0.00016790
0.00016790
0.00016790
0.00016790
0.00016790
0.00016790
0.00016790
0.00016790
0.00016790
0.00016790
0.00016790
0.00016790
0.00016790
0.00016790
0.00016790
0.00016790
0.00016790
0.00016790
0.00016790
0.00016790
0.00016790
0.00016790
0.00016790
0.00016790
0.00016790
0.00016790
0.00016790
0.00016790
0.00016790
0.00016790
0.00016790
0.00016790
0.00016790
0.00016790
0.00016790
0.00016790
0.00016790
0.00016790
0.00016790
0.00016790
0.00016790
0.00016790
0.00016790
0.00016790
0.00016790
0.00016790
0.00016790
0.00016790
0.00016790
0.00016790
0.00016790
0.00016790
0.00016790
0.00016790
0.00016790
0.00016790
0.00016790
0.00016790
0.00016790
0.00016790
0.00016790
0.00016790
0.00016790
0.00016790
0.00016790
0.00016790
0.00016790
0.00016790
0.00016790
0.00016790
0.00016790
0.00016790
0.00016790
0.00016790
0.00016790
0.00016790
0.00016790
0.00016790
0.00016790
0.00016790
0.00016790
0.00016790
0.00016790
0.00016790
0.00016790
0.00016790
0.00016790
0.00016790
0.00016790
0.00016790
0.00016790
0.00016790
0.00016790
0.00016790
0.00016790
0.00016790
0.00016790
0.00016790
0.00016790
0.00016790
0.00016790
0.00016790
0.00016790
0.00016790
0.00016790
0.00016790
0.00016790
0.00016790
0.00016790
0.00016790
0.00016790
0.00016790
0.00016790
0.00016790
0.00016790
0.00016790
0.00016790
0.00016790
0.00016790
0.00016790
0.00016790
0.00016790
0.00016790
0.00016790
0.00016790
0.00016790
0.00016790
0.00016790
0.00016790
0.00016790
0.00016790
0.00016790
0.00016790
0.00016790
0.00016790
0.00016790
0.00016790
0.00016790
0.00016790
0.00016790
0.00016790
0.00016790
0.00016790
0.00016790
0.00016790
0.00016790
0.00016790
0.00016790
0.00016790
0.00016790
0.00016790
0.00016790
0.00016790
0.00016790
0.00016790
0.00016790
0.00016790
0.00016790
0.00016790
0.00016790
0.00016790
0.00016790
0.00016790
0.00016790
0.00016790
0.00016790
0.00016790
0.00016790
0.00016790
0.00016790
0.00016790
0.00016790
0.00016790
0.00016790
0.00016790
0.00016790
0.00016790
0.00016790
0.00016790
0.00016790
0.00016790
0.00016790
0.00016790
0.00016790
0.00016790
0.00016790
0.00016790
0.00016790
0.00016790
0.00016790
0.00016790
0.00016790
0.00016790
0.00016790
0.00016790
0.00016790
0.00016790
0.00016790
0.00016790
0.00016790
0.00016790
0.00016790
0.00016790
0.00016790
0.00016790
0.00016790
0.00016790
0.00016790
0.00016790
0.00016790
0.00016790
0.00016790
0.00016790
0.00016790
0.00016790
0.00016790
0.00016790
0.00016790
0.00016790
0.00016790
0.00016790
0.00016790
0.00016790
0.00016790
0.00016790
0.00016790
0.00016790
0.00016790
0.00016790
0.00016790
0.00016790
0.00016790
0.00016790
0.00016790
0.00016790
0.00016790
0.00016790
0.00016790
0.00016790
0.00016790
0.00016790
0.00016790
0.00016790
0.00016790
0.00016790
0.00016790
0.00016790
0.00016790
0.00016790
0.00016790
0.00016790
0.00016790
0.00016790
0.00016790
0.00016790
0.00016790
0.00016790
0.00016790
0.00016790
0.00016790
0.00016790
0.00016790
0.00016790
0.00016790
0.00016790
0.00016790
0.00016790
0.00016790
0.00016790
0.00016790
0.00016790
0.00016790
0.00016790
0.00016790
0.00016790
0.00016790
0.00016790
0.00016790
0.00016790
0.00016790
0.00016790
0.00016790
0.00016790
0.00016790
0.00016790
0.00016790
0.00016790
0.00016790
0.00016790
0.00016790
0.00016790
0.00016790
0.00016790
0.00016790
0.00016790
0.00016790
0.00016790
0.00016790
0.00016790
0.00016790
0.00016790
0.00016790
0.00016790
0.00016790
0.00016790
0.00016790
0.00016790
0.00016790
0.00016790
0.00016790
0.00016790
0.00016790
0.00016790
0.00016790
0.00016790
0.00016790
0.00016790
0.00016790
0.00016790
0.00016790
0.00016790
0.00016790
0.00016790
0.00016790
0.00016790
0.00016790
0.00016790
0.00016790
0.00016790
0.00016790
0.00016790
0.00016790
0.00016790
0.00016790
0.00016790
0.00016790
0.00016790
0.00016790
0.00016790
0.00016790
0.00016790
0.00016790
0.00016790
0.00016790
0.00016790
0.00016790
0.00016790
0.00016790
0.00016790
0.00016790
0.00016790
0.00016790
0.00016790
0.00016790
0.00016790
0.00016790
0.00016790
0.00016790
0.00016790
0.00016790
0.00016790
0.00016790
0.00016790
0.00016790
0.00016790
0.00016790
0.00016790
0.00016790
0.00016790
0.00016790
0.00016790
0.00016790
0.00016790
0.00016790
0.00016790
0.00016790
0.00016790
0.00016790
0.00016790
0.00016790
0.00016790
0.00016790
0.00016790
0.00016790
0.00016790
0.00016790
0.00016790
0.00016790
0.00016790
0.00016790
0.00016790
0.00016790
0.00016790
0.00016790
0.00016790
0.00016790
0.00016790
0.00016790
0.00016790
0.00016790
0.00016790
0.00016790
0.00016790
0.00016790
0.00016790
0.00016790
0.00016790
0.00016790
0.00016790
0.00016790
0.00016790
0.00016790
0.00016790
0.00016790
0.00016790
0.00016790
0.00016790
0.00016790
0.00016790
0.00016790
0.00016790
0.00016790
0.00016790
0.00016790
0.00016790
0.00016790
0.00016790
0.00016790
0.00016790
0.00016790
0.00016790
0.00016790
0.00016790
0.00016790
0.00016790
0.00016790
0.00016790
0.00016790
0.00016790
0.00016790
0.00016790
0.00016790
0.00016790
0.00016790
0.00016790
0.00016790
0.00016790
0.00016790
0.00016790
0.00016790
0.00016790
0.00016790
0.00016790
0.00016790
0.00016790
0.00016790
0.00016790
0.00016790
0.00016790
0.00016790
0.00016790
0.00016790
0.00016790
0.00016790
0.00016790
0.00016790
0.00016790
0.00016790
0.00016790
0.00016790
0.00016790
0.00016790
0.00016790
0.00016790
0.00016790
0.00016790
0.00016790
0.00016790
0.00016790
0.00016790
0.00016790
0.00016790
0.00016790
0.00016790
0.00016790
0.00016790
0.00016790
0.00016790
0.00016790
0.00016790
0.00016790
0.00016790
0.00016790
0.00016790
0.00016790
0.00016790
0.00016790
0.00016790
0.00016790
0.00016790
0.00016790
0.00016790
0.00016790
0.00016790
0.00016790
0.00016790
0.00016790
0.00016790
0.00016790
0.00016790
0.00016790
0.00016790
0.00016790
0.00016790
0.00016790
0.00016790
0.00016790
0.00016790
0.00016790
0.00016790
0.00016790
0.00016790
0.00016790
0.00016790
0.00016790
0.00016790
0.00016790
0.00016790
0.00016790
0.00016790
0.00016790
0.00016790
0.00016790
0.00016790
0.00016790
0.00016790
0.00016790
0.00016790
0.00016790
0.00016790
0.00016790
0.00016790
0.00016790
0.00016790
0.00016790
0.00016790
0.00016790
0.00016790
0.00016790
0.00016790
0.00016790
0.00016790
0.00016790
0.00016790
0.00016790
0.00016790
0.00016790
0.00016790
0.00016790
0.00016790
0.00016790
0.00016790
0.00016790
0.00016790
0.00016790
0.00016790
0.00016790
0.00016790
0.00016790
0.00016790
0.00016790
0.00016790
0.00016790
0.00016790
0.00016790
0.00016790
0.00016790
0.00016790
0.00016790
0.00016790
0.00016790
0.00016790
0.00016790
0.00016790
0.00016790
0.00016790
0.00016790
0.00016790
0.00016790
0.00016790
0.00016790
0.00016790
0.00016790
0.00016790
0.00016790
0.00016790
0.00016790
0.00016790
0.00016790
0.00016790
0.00016790
0.00016790
0.00016790
0.00016790
0.00016790
0.00016790
0.00016790
0.00016790
0.00016790
0.00016790
0.00016790
0.00016790
0.00016790
0.00016790
0.00016790
0.00016790
0.00016790
0.00016790
0.00016790
0.00016790
0.00016790
0.00016790
0.00016790
0.00016790
0.00016790
0.00016790
0.00016790
0.00016790
0.00016790
0.00016790
0.00016790
0.00016790
0.00016790
0.00016790
0.00016790
0.00016790
0.00016790
0.00016790
0.00016790
0.00016790
0.00016790
0.00016790
0.00016790
0.00016790
0.00016790
0.00016790
0.00016790
0.00016790
0.00016790
0.00016790
0.00016790
0.00016790
0.00016790
0.00016790
0.00016790
0.00016790
0.00016790
0.00016790
0.00016790
0.00016790
0.00016790
0.00016790
0.00016790
0.00016790
0.00016790
0.00016790
0.00016790
0.00016790
0.00016790
0.00016790
0.00016790
0.00016790
0.00016790
0.00016790
0.00016790
0.00016790
0.00016790
0.00016790
0.00016790
0.00016790
0.00016790
0.00016790
0.00016790
0.00016790
0.00016790
0.00016790
0.00016790
0.00016790
0.00016790
0.00016790
0.00016790
0.00016790
0.00016790
0.00016790
0.00016790
0.00016790
0.00016790
0.00016790
0.00016790
0.00016790
0.00016790
0.00016790
0.00016790
0.00016790
0.00016790
0.00016790
0.00016790
0.00016790
0.00016790
0.00016790
0.00016790
0.00016790
0.00016790
0.00016790
0.00016790
0.00016790
0.00016790
0.00016790
0.00016790
0.00016790
0.00016790
0.00016790
0.00016790
0.00016790
0.00016790
0.00016790
0.00016790
0.00016790
0.00016790
0.00016790
0.00016790
0.00016790
0.00016790
0.00016790
0.00016790
0.00016790
0.00016790
0.00016790
0.00016790
0.00016790
0.00016790
0.00016790
0.00016790
0.00016790
0.00016790
0.00016790
0.00016790
0.00016790
0.00016790
0.00016790
0.00016790
0.00016790
0.00016790
0.00016790
0.00016790
0.00016790
0.00016790
0.00016790
0.00016790
0.00016790
0.00016790
0.00016790
0.00016790
0.00016790
0.00016790
0.00016790
0.00016790
0.00016790
0.00016790
0.00016790
0.00016790
0.00016790
0.00016790
0.00016790
0.00016790
0.00016790
0.00016790
0.00016790
0.00016790
0.00016790
0.00016790
0.00016790
0.00016790
0.00016790
0.00016790
0.00016790
0.00016790
0.00016790
0.00016790
0.00016790
0.00016790
0.00016790
0.00016790
0.00016790
0.00016790
0.00016790
0.00016790
0.00016790
0.00016790
0.00016790
0.00016790
0.00016790
0.00016790
0.00016790
0.00016790
0.00016790
0.00016790
0.00016790
0.00016790
0.00016790
0.00016790
0.00016790
0.00016790
0.00016790
0.00016790
0.00016790
0.00016790
0.00016790
0.00016790
0.00016790
0.00016790
0.00016790
0.00016790
0.00016790
0.00016790
0.00016790
0.00016790
0.00016790
0.00016790
0.00016790
0.00016790
0.00016790
0.00016790
0.00016790
0.00016790
0.00016790
0.00016790
0.00016790
0.00016790
0.00016790
0.00016790
0.00016790
0.00016790
0.00016790
0.00016790
0.00016790
0.00016790
0.00016790
0.00016790
0.00016790
0.00016790
0.00016790
0.00016790
0.00016790
0.00016790
0.00016790
0.00016790
0.00016790
0.00016790
0.00016790
0.00016790
0.00016790
0.00016790
0.00016790
0.00016790
0.00016790
0.00016790
0.00016790
0.00016790
0.00016790
0.00016790
0.00016790
0.00016790
0.00016790
0.00016790
0.00016790
0.00016790
0.00016790
0.00016790
0.00016790
0.00016790
0.00016790
0.00016790
0.00016790
0.00016790
0.00016790
0.00016790
0.00016790
0.00016790
0.00016790
0.00016790
0.00016790
0.00016790
0.00016790
0.00016790
0.00016790
0.00016790
0.00016790
0.00016790
0.00016790
0.00016790
0.00016790
0.00016790
0.00016790
0.00016790
0.00016790
0.00016790
0.00016790
0.00016790
0.00016790
0.00016790
0.00016790
0.00016790
0.00016790
0.00016790
0.00016790
0.00016790
0.00016790
0.00016790
0.00016790
0.00016790
0.00016790
0.00016790
0.00016790
0.00016790
0.00016790
0.00016790
0.00016790
0.00016790
0.00016790
0.00016790
0.00016790
0.00016790
0.00016790
0.00016790
0.00016790
0.00016790
0.00016790
0.00016790
0.00016790
0.00016790
0.00016790
0.00016790
0.00016790
0.00016790
0.00016790
0.00016790
0.00016790
0.00016790
0.00016790
0.00016790
0.00016790
0.00016790
0.00016790
0.00016790
0.00016790
0.00016790
0.00016790
0.00016790
0.00016790
0.00016790
0.00016790
0.00016790
0.00016790
0.00016790
0.00016790
0.00016790
0.00016790
0.00016790
0.00016790
0.00016790
0.00016790
0.00016790
0.00016790
0.00016790
0.00016790
0.00016790
0.00016790
0.00016790
0.00016790
0.00016790
0.00016790
0.00016790
0.00016790
0.00016790
0.00016790
0.00016790
0.00016790
0.00016790
0.00016790
0.00016790
0.00016790
0.00016790
0.00016790
0.00016790
0.00016790
0.00016790
0.00016790
0.00016790
0.00016790
0.00016790
0.00016790
0.00016790
0.00016790
0.00016790
0.00016790
0.00016790
0.00016790
0.00016790
0.00016790
0.00016790
0.00016790
0.00016790
0.00016790
0.00016790
0.00016790
0.00016790
0.00016790
0.00016790
0.00016790
0.00016790
0.00016790
0.00016790
0.00016790
0.00016790
0.00016790
0.00016790
0.00016790
0.00016790
0.00016790
0.00016790
0.00016790
0.00016790
0.00016790
0.00016790
0.00016790
0.00016790
0.00016790
0.00016790
0.00016790
0.00016790
0.00016790
0.00016790
0.00016790
0.00016790
0.00016790
0.00016790
0.00016790
0.00016790
0.00016790
0.00016790
0.00016790
0.00016790
0.00016790
0.00016790
0.00016790
0.00016790
0.00016790
0.00016790
0.00016790
0.00016790
0.00016790
0.00016790
0.00016790
0.00016790
0.00016790
0.00016790
0.00016790
0.00016790
0.00016790
0.00016790
0.00016790
0.00016790
0.00016790
0.00016790
0.00016790
0.00016790
0.00016790
0.00016790
0.00016790
0.00016790
0.00016790
0.00016790
0.00016790
0.00016790
0.00016790
0.00016790
0.00016790
0.00016790
0.00016790
0.00016790
0.00016790
0.00016790
0.00016790
0.00016790
0.00016790
0.00016790
0.00016790
0.00016790
0.00016790
0.00016790
0.00016790
0.00016790
0.00016790
0.00016790
0.00016790
0.00016790
0.00016790
0.00016790
0.00016790
0.00016790
0.00016790
0.00016790
0.00016790
0.00016790
0.00016790
0.00016790
0.00016790
0.00016790
0.00016790
0.00016790
0.00016790
0.00016790
0.00016790
0.00016790
0.00016790
0.00016790
0.00016790
0.00016790
0.00016790
0.00016790
0.00016790
0.00016790
0.00016790
0.00016790
0.00016790
0.00016790
0.00016790
0.00016790
0.00016790
0.00016790
0.00016790
0.00016790
0.00016790
0.00016790
0.00016790
0.00016790
0.00016790
0.00016790
0.00016790
0.00016790
0.00016790
0.00016790
0.00016790
0.00016790
0.00016790
0.00016790
0.00016790
0.00016790
0.00016790
0.00016790
0.00016790
0.00016790
0.00016790
0.00016790
0.00016790
0.00016790
0.00016790
0.00016790
0.00016790
0.00016790
0.00016790
0.00016790
0.00016790
0.00016790
0.00016790
0.00016790
0.00016790
0.00016790
0.00016790
0.00016790
0.00016790
0.00016790
0.00016790
0.00016790
0.00016790
0.00016790
0.00016790
0.00016790
0.00016790
0.00016790
0.00016790
0.00016790
0.00016790
0.00016790
0.00016790
0.00016790
0.00016790
0.00016790
0.00016790
0.00016790
0.00016790
0.00016790
0.00016790
0.00016790
0.00016790
0.00016790
0.00016790
0.00016790
0.00016790
0.00016790
0.00016790
0.00016790
0.00016790
0.00016790
0.00016790
0.00016790
0.00016790
0.00016790
0.00016790
0.00016790
0.00016790
0.00016790
0.00016790
0.00016790
0.00016790
0.00016790
0.00016790
0.00016790
0.00016790
0.00016790
0.00016790
0.00016790
0.00016790
0.00016790
0.00016790
0.00016790
0.00016790
0.00016790
0.00016790
0.00016790
0.00016790
0.00016790
0.00016790
0.00016790
0.00016790
0.00016790
0.00016790
0.00016790
0.00016790
0.00016790
0.00016790
0.00016790
0.00016790
0.00016790
0.00016790
0.00016790
0.00016790
0.00016790
0.00016790
0.00016790
0.00016790
0.00016790
