1.00000000
0.94000000
0.90000000
0.86000000
0.78000000
0.72000000
0.70000000
0.58000000
0.54000000
0.48000000
0.28000000
0.16000000
0.10000000
0.08000000
0.08000000
0.06000000
0.04000000
0.04000000
0.04000000
0.02000000
0.02000000
0.02000000
0.02000000
0.02000000
0.02000000
0.02000000
0.02000000
0.02000000
0.02000000
0.02000000
0.02000000
0.02000000
0.02000000
0.02000000
0.02000000
0.02000000
0.02000000
0.02000000
0.02000000
0.02000000
0.02000000
0.02000000
0.02000000
0.02000000
0.02000000
0.02000000
0.02000000
0.02000000
0.02000000
0.02000000
