0.70141343
0.57420495
0.55300353
0.53533569
0.52650177
0.51501767
0.48144876
0.46731449
0.46554770
0.45406360
0.44434629
0.43639576
0.43286219
0.41696113
0.40194346
0.38869258
0.37897527
0.36395760
0.35247350
0.34982332
0.30300353
0.29593640
0.29240283
0.28621908
0.27120141
0.26413428
0.24911661
0.24469965
0.20406360
0.20406360
0.19346290
0.19346290
0.17844523
0.16607774
0.15724382
0.11925795
0.11130742
0.04770318
0.04770318
0.04770318
0.04770318
0.04240283
0.04240283
0.03445230
0.03445230
0.03180212
0.03180212
0.03180212
0.03180212
0.02385159
0.02385159
0.02385159
0.01943463
0.01943463
0.01943463
0.01678445
0.01678445
0.01678445
0.01678445
0.01678445
0.01678445
0.01678445
0.01678445
0.01678445
0.01678445
0.01678445
0.01678445
0.01678445
0.01678445
0.01678445
0.01060071
0.01060071
0.01060071
0.01060071
0.01060071
0.00706714
0.00706714
0.00706714
0.00706714
0.00706714
0.00706714
0.00706714
0.00706714
0.00706714
0.00618375
0.00618375
0.00618375
0.00618375
0.00618375
0.00530035
0.00530035
0.00530035
0.00441696
0.00441696
0.00441696
0.00441696
0.00441696
0.00441696
0.00441696
0.00441696
0.00441696
0.00441696
0.00441696
0.00441696
0.00441696
0.00441696
0.00441696
0.00441696
0.00441696
0.00441696
0.00441696
0.00441696
0.00353357
0.00353357
0.00353357
0.00353357
0.00353357
0.00353357
0.00353357
0.00353357
0.00353357
0.00353357
0.00353357
0.00353357
0.00353357
0.00353357
0.00353357
0.00353357
0.00353357
0.00353357
0.00353357
0.00353357
0.00353357
0.00353357
0.00353357
0.00353357
0.00353357
0.00353357
0.00353357
0.00353357
0.00353357
0.00353357
0.00265018
0.00265018
0.00265018
0.00265018
0.00265018
0.00265018
0.00265018
0.00265018
0.00265018
0.00265018
0.00265018
0.00265018
0.00265018
0.00265018
0.00265018
0.00265018
0.00265018
0.00265018
0.00265018
0.00265018
0.00265018
0.00265018
0.00265018
0.00265018
0.00265018
0.00265018
0.00265018
0.00265018
0.00265018
0.00265018
0.00265018
0.00265018
0.00265018
0.00265018
0.00265018
0.00265018
0.00265018
0.00265018
0.00265018
0.00265018
0.00265018
0.00265018
0.00265018
0.00265018
0.00265018
0.00265018
0.00265018
0.00265018
0.00265018
0.00265018
0.00265018
0.00265018
0.00265018
0.00265018
0.00176678
0.00176678
0.00176678
0.00176678
0.00176678
0.00176678
0.00176678
0.00176678
0.00176678
0.00176678
0.00176678
0.00176678
0.00176678
0.00176678
0.00176678
0.00176678
0.00176678
0.00176678
0.00176678
0.00176678
0.00176678
0.00176678
0.00176678
0.00176678
0.00176678
0.00176678
0.00176678
0.00176678
0.00176678
0.00176678
0.00176678
0.00176678
0.00176678
0.00176678
0.00176678
0.00176678
0.00176678
0.00176678
0.00176678
0.00176678
0.00176678
0.00176678
0.00176678
0.00176678
0.00176678
0.00176678
0.00176678
0.00176678
0.00176678
0.00176678
0.00176678
0.00176678
0.00176678
0.00176678
0.00176678
0.00176678
0.00176678
0.00176678
0.00176678
0.00176678
0.00176678
0.00176678
0.00176678
0.00176678
0.00176678
0.00176678
0.00176678
0.00176678
0.00176678
0.00176678
0.00176678
0.00176678
0.00176678
0.00176678
0.00176678
0.00176678
0.00176678
0.00176678
0.00176678
0.00176678
0.00176678
0.00176678
0.00176678
0.00176678
0.00176678
0.00176678
0.00176678
0.00176678
0.00176678
0.00176678
0.00176678
0.00176678
0.00176678
0.00176678
0.00176678
0.00176678
0.00176678
0.00176678
0.00176678
0.00176678
0.00176678
0.00176678
0.00176678
0.00176678
0.00176678
0.00176678
0.00176678
0.00176678
0.00176678
0.00176678
0.00176678
0.00176678
0.00176678
0.00176678
0.00176678
0.00176678
0.00176678
0.00176678
0.00176678
0.00176678
0.00176678
0.00176678
0.00176678
0.00176678
0.00176678
0.00176678
0.00176678
0.00176678
0.00176678
0.00176678
0.00176678
0.00176678
0.00176678
0.00176678
0.00176678
0.00176678
0.00176678
0.00176678
0.00176678
0.00176678
0.00176678
0.00176678
0.00176678
0.00176678
0.00176678
0.00176678
0.00176678
0.00176678
0.00176678
0.00176678
0.00176678
0.00176678
0.00176678
0.00176678
0.00176678
0.00176678
0.00176678
0.00176678
0.00176678
0.00176678
0.00176678
0.00176678
0.00176678
0.00176678
0.00176678
0.00176678
0.00176678
0.00176678
0.00176678
0.00176678
0.00176678
0.00176678
0.00176678
0.00176678
0.00088339
0.00088339
0.00088339
0.00088339
0.00088339
0.00088339
0.00088339
0.00088339
0.00088339
0.00088339
0.00088339
0.00088339
0.00088339
0.00088339
0.00088339
0.00088339
0.00088339
0.00088339
0.00088339
0.00088339
0.00088339
0.00088339
0.00088339
0.00088339
0.00088339
0.00088339
0.00088339
0.00088339
0.00088339
0.00088339
0.00088339
0.00088339
0.00088339
0.00088339
0.00088339
0.00088339
0.00088339
0.00088339
0.00088339
0.00088339
0.00088339
0.00088339
0.00088339
0.00088339
0.00088339
0.00088339
0.00088339
0.00088339
0.00088339
0.00088339
0.00088339
0.00088339
0.00088339
0.00088339
0.00088339
0.00088339
0.00088339
0.00088339
0.00088339
0.00088339
0.00088339
0.00088339
0.00088339
0.00088339
0.00088339
0.00088339
0.00088339
0.00088339
0.00088339
0.00088339
0.00088339
0.00088339
0.00088339
0.00088339
0.00088339
0.00088339
0.00088339
0.00088339
0.00088339
0.00088339
0.00088339
0.00088339
0.00088339
0.00088339
0.00088339
0.00088339
0.00088339
0.00088339
0.00088339
0.00088339
0.00088339
0.00088339
0.00088339
0.00088339
0.00088339
0.00088339
0.00088339
0.00088339
0.00088339
0.00088339
0.00088339
0.00088339
0.00088339
0.00088339
0.00088339
0.00088339
0.00088339
0.00088339
0.00088339
0.00088339
0.00088339
0.00088339
0.00088339
0.00088339
0.00088339
0.00088339
0.00088339
0.00088339
0.00088339
0.00088339
0.00088339
0.00088339
0.00088339
0.00088339
0.00088339
0.00088339
0.00088339
0.00088339
0.00088339
0.00088339
0.00088339
0.00088339
0.00088339
0.00088339
0.00088339
0.00088339
0.00088339
0.00088339
0.00088339
0.00088339
0.00088339
0.00088339
0.00088339
0.00088339
0.00088339
0.00088339
0.00088339
0.00088339
0.00088339
0.00088339
0.00088339
0.00088339
0.00088339
0.00088339
0.00088339
0.00088339
0.00088339
0.00088339
0.00088339
0.00088339
0.00088339
0.00088339
0.00088339
0.00088339
0.00088339
0.00088339
0.00088339
0.00088339
0.00088339
0.00088339
0.00088339
0.00088339
0.00088339
0.00088339
0.00088339
0.00088339
0.00088339
0.00088339
0.00088339
0.00088339
0.00088339
0.00088339
0.00088339
0.00088339
0.00088339
0.00088339
0.00088339
0.00088339
0.00088339
0.00088339
0.00088339
0.00088339
0.00088339
0.00088339
0.00088339
0.00088339
0.00088339
0.00088339
0.00088339
0.00088339
0.00088339
0.00088339
0.00088339
0.00088339
0.00088339
0.00088339
0.00088339
0.00088339
0.00088339
0.00088339
0.00088339
0.00088339
0.00088339
0.00088339
0.00088339
0.00088339
0.00088339
0.00088339
0.00088339
0.00088339
0.00088339
0.00088339
0.00088339
0.00088339
0.00088339
0.00088339
0.00088339
0.00088339
0.00088339
0.00088339
0.00088339
0.00088339
0.00088339
0.00088339
0.00088339
0.00088339
0.00088339
0.00088339
0.00088339
0.00088339
0.00088339
0.00088339
0.00088339
0.00088339
0.00088339
0.00088339
0.00088339
0.00088339
0.00088339
0.00088339
0.00088339
0.00088339
0.00088339
0.00088339
0.00088339
0.00088339
0.00088339
0.00088339
0.00088339
0.00088339
0.00088339
0.00088339
0.00088339
0.00088339
0.00088339
0.00088339
0.00088339
0.00088339
0.00088339
0.00088339
0.00088339
0.00088339
0.00088339
0.00088339
0.00088339
0.00088339
0.00088339
0.00088339
0.00088339
0.00088339
0.00088339
0.00088339
0.00088339
0.00088339
0.00088339
0.00088339
0.00088339
0.00088339
0.00088339
0.00088339
0.00088339
0.00088339
0.00088339
0.00088339
0.00088339
0.00088339
0.00088339
0.00088339
0.00088339
0.00088339
0.00088339
0.00088339
0.00088339
0.00088339
0.00088339
0.00088339
0.00088339
0.00088339
0.00088339
0.00088339
0.00088339
0.00088339
0.00088339
0.00088339
0.00088339
0.00088339
0.00088339
0.00088339
0.00088339
0.00088339
0.00088339
0.00088339
0.00088339
0.00088339
0.00088339
0.00088339
0.00088339
0.00088339
0.00088339
0.00088339
0.00088339
0.00088339
0.00088339
0.00088339
0.00088339
0.00088339
0.00088339
0.00088339
0.00088339
0.00088339
0.00088339
0.00088339
0.00088339
0.00088339
0.00088339
0.00088339
0.00088339
0.00088339
0.00088339
0.00088339
0.00088339
0.00088339
0.00088339
0.00088339
0.00088339
0.00088339
0.00088339
0.00088339
0.00088339
0.00088339
0.00088339
0.00088339
0.00088339
0.00088339
0.00088339
0.00088339
0.00088339
0.00088339
0.00088339
0.00088339
0.00088339
0.00088339
0.00088339
0.00088339
0.00088339
0.00088339
0.00088339
0.00088339
0.00088339
0.00088339
0.00088339
0.00088339
0.00088339
0.00088339
0.00088339
0.00088339
0.00088339
0.00088339
0.00088339
0.00088339
0.00088339
0.00088339
0.00088339
0.00088339
0.00088339
0.00088339
0.00088339
0.00088339
0.00088339
0.00088339
0.00088339
0.00088339
0.00088339
0.00088339
0.00088339
0.00088339
0.00088339
0.00088339
0.00088339
0.00088339
0.00088339
0.00088339
0.00088339
0.00088339
0.00088339
0.00088339
0.00088339
0.00088339
0.00088339
0.00088339
0.00088339
0.00088339
0.00088339
0.00088339
0.00088339
0.00088339
0.00088339
0.00088339
0.00088339
0.00088339
0.00088339
0.00088339
0.00088339
0.00088339
0.00088339
0.00088339
0.00088339
0.00088339
0.00088339
0.00088339
0.00088339
0.00088339
0.00088339
0.00088339
0.00088339
0.00088339
0.00088339
0.00088339
0.00088339
0.00088339
0.00088339
0.00088339
0.00088339
0.00088339
0.00088339
0.00088339
0.00088339
0.00088339
0.00088339
0.00088339
0.00088339
0.00088339
0.00088339
0.00088339
0.00088339
0.00088339
0.00088339
0.00088339
0.00088339
0.00088339
0.00088339
0.00088339
0.00088339
0.00088339
0.00088339
0.00088339
0.00088339
0.00088339
0.00088339
0.00088339
0.00088339
0.00088339
0.00088339
0.00088339
0.00088339
0.00088339
0.00088339
0.00088339
0.00088339
0.00088339
0.00088339
0.00088339
0.00088339
0.00088339
0.00088339
0.00088339
0.00088339
0.00088339
0.00088339
0.00088339
0.00088339
0.00088339
0.00088339
0.00088339
0.00088339
0.00088339
0.00088339
0.00088339
0.00088339
0.00088339
0.00088339
0.00088339
0.00088339
0.00088339
0.00088339
0.00088339
0.00088339
0.00088339
0.00088339
0.00088339
0.00088339
0.00088339
0.00088339
0.00088339
0.00088339
0.00088339
0.00088339
0.00088339
0.00088339
0.00088339
0.00088339
0.00088339
0.00088339
0.00088339
0.00088339
0.00088339
0.00088339
0.00088339
0.00088339
0.00088339
0.00088339
0.00088339
0.00088339
0.00088339
0.00088339
0.00088339
0.00088339
0.00088339
0.00088339
0.00088339
0.00088339
0.00088339
0.00088339
0.00088339
0.00088339
0.00088339
0.00088339
0.00088339
0.00088339
0.00088339
0.00088339
0.00088339
0.00088339
0.00088339
0.00088339
0.00088339
0.00088339
0.00088339
0.00088339
0.00088339
0.00088339
0.00088339
0.00088339
0.00088339
0.00088339
0.00088339
0.00088339
0.00088339
0.00088339
0.00088339
0.00088339
0.00088339
0.00088339
0.00088339
0.00088339
0.00088339
0.00088339
0.00088339
0.00088339
0.00088339
0.00088339
0.00088339
0.00088339
0.00088339
0.00088339
0.00088339
0.00088339
0.00088339
0.00088339
0.00088339
0.00088339
0.00088339
0.00088339
0.00088339
0.00088339
0.00088339
0.00088339
0.00088339
0.00088339
0.00088339
0.00088339
0.00088339
0.00088339
0.00088339
0.00088339
0.00088339
0.00088339
0.00088339
0.00088339
0.00088339
0.00088339
0.00088339
0.00088339
0.00088339
0.00088339
0.00088339
0.00088339
0.00088339
0.00088339
0.00088339
0.00088339
0.00088339
0.00088339
0.00088339
0.00088339
0.00088339
0.00088339
0.00088339
0.00088339
0.00088339
0.00088339
0.00088339
0.00088339
0.00088339
0.00088339
0.00088339
0.00088339
0.00088339
0.00088339
0.00088339
0.00088339
0.00088339
0.00088339
0.00088339
0.00088339
0.00088339
0.00088339
0.00088339
0.00088339
0.00088339
0.00088339
0.00088339
0.00088339
0.00088339
0.00088339
0.00088339
0.00088339
0.00088339
0.00088339
0.00088339
0.00088339
0.00088339
0.00088339
0.00088339
0.00088339
0.00088339
0.00088339
0.00088339
0.00088339
0.00088339
0.00088339
0.00088339
0.00088339
0.00088339
0.00088339
0.00088339
0.00088339
0.00088339
0.00088339
0.00088339
0.00088339
0.00088339
0.00088339
0.00088339
0.00088339
0.00088339
0.00088339
0.00088339
0.00088339
0.00088339
0.00088339
0.00088339
0.00088339
0.00088339
0.00088339
0.00088339
0.00088339
0.00088339
0.00088339
0.00088339
0.00088339
0.00088339
0.00088339
0.00088339
0.00088339
0.00088339
0.00088339
0.00088339
0.00088339
0.00088339
0.00088339
0.00088339
0.00088339
0.00088339
0.00088339
0.00088339
0.00088339
0.00088339
0.00088339
0.00088339
0.00088339
0.00088339
0.00088339
0.00088339
0.00088339
0.00088339
0.00088339
0.00088339
0.00088339
0.00088339
0.00088339
0.00088339
0.00088339
0.00088339
0.00088339
0.00088339
0.00088339
0.00088339
0.00088339
0.00088339
0.00088339
0.00088339
0.00088339
0.00088339
0.00088339
0.00088339
0.00088339
0.00088339
0.00088339
0.00088339
0.00088339
0.00088339
