0.92328278
0.90365745
0.89860244
0.89354743
0.88789771
0.88195064
0.87213797
0.86946179
0.86648825
0.86202795
0.86024383
0.84805233
0.84418674
0.83467142
0.83258995
0.83080583
0.83021112
0.82783229
0.82515611
0.82426405
0.82218258
0.81950639
0.81742492
0.81564080
0.81296461
0.81058579
0.80939637
0.80820696
0.80731490
0.80463872
0.80374665
0.79958371
0.79720488
0.79185251
0.78739221
0.78322926
0.77995837
0.77639013
0.77341659
0.77133512
0.76955100
0.76628011
0.76360393
0.76152245
0.76033304
0.75676479
0.75408861
0.75022302
0.74724948
0.74368124
0.74041035
0.73743681
0.73684211
0.73238180
0.72970562
0.72881356
0.72732679
0.72524532
0.72316384
0.71959560
0.71810883
0.71602736
0.71275647
0.71126970
0.70829616
0.70799881
0.70532263
0.70353851
0.70205174
0.69997026
0.69699673
0.69432055
0.69223907
0.69045495
0.68867083
0.68629200
0.68480523
0.68183170
0.67945287
0.67647933
0.67558727
0.67023491
0.66845079
0.66666667
0.66399048
0.66220636
0.66071960
0.65953018
0.65804341
0.65506988
0.65328576
0.65179899
0.64704133
0.64525721
0.64198632
0.64020220
0.63901279
0.63722866
0.63722866
0.63722866
0.63603925
0.63455248
0.63247101
0.63098424
0.62949747
0.62801070
0.62563188
0.62444246
0.62295569
0.62236099
0.62087422
0.61849539
0.61819804
0.61462979
0.61314303
0.61106155
0.60987214
0.60868272
0.60660125
0.60570919
0.60333036
0.60124888
0.59946476
0.59559917
0.59440975
0.59411240
0.59381505
0.59084151
0.58905739
0.58757062
0.58638121
0.58519179
0.58429973
0.58102884
0.57924472
0.57775795
0.57627119
0.57359500
0.57210824
0.57062147
0.56972941
0.56645852
0.56497175
0.56437704
0.56289028
0.56140351
0.55902468
0.55783527
0.55724056
0.55515908
0.55307761
0.55188820
0.55040143
0.54891466
0.54802260
0.54594112
0.54356230
0.54267023
0.54207553
0.54148082
0.54088611
0.53999405
0.53999405
0.53850729
0.53583110
0.53434434
0.53137080
0.53077609
0.52869462
0.52750520
0.52482902
0.52274755
0.52185549
0.52096343
0.51769254
0.51531371
0.51501635
0.51293488
0.51263753
0.51144811
0.51144811
0.51144811
0.50966399
0.50817722
0.50609575
0.50401427
0.50282486
0.50104074
0.49955397
0.49776985
0.49747249
0.49598573
0.49598573
0.49598573
0.49598573
0.49271484
0.49063336
0.49003866
0.49003866
0.48736247
0.48557835
0.48468629
0.48171276
0.47992864
0.47695510
0.47487362
0.47279215
0.47160274
0.47041332
0.46952126
0.46773714
0.46387154
0.46387154
0.46238478
0.46238478
0.46238478
0.46000595
0.45851918
0.45851918
0.45851918
0.45703241
0.45584300
0.45584300
0.45524829
0.45405888
0.45286946
0.45286946
0.45286946
0.45286946
0.45227475
0.45049063
0.45049063
0.44930122
0.44543562
0.44365150
0.44127267
0.43889384
0.43770443
0.43592031
0.43473090
0.43235207
0.43116265
0.42967588
0.42818912
0.42789176
0.42789176
0.42729706
0.42581029
0.42521558
0.42521558
0.42402617
0.42253940
0.42134999
0.41956586
0.41599762
0.41599762
0.41599762
0.41540291
0.41540291
0.41451085
0.41451085
0.41153732
0.41034790
0.40915849
0.40796908
0.40588760
0.40529289
0.40440083
0.40261671
0.40083259
0.39726435
0.39577758
0.39429081
0.39310140
0.39250669
0.39131728
0.39072257
0.39012786
0.38983051
0.38804639
0.38655962
0.38626227
0.38596491
0.38596491
0.38566756
0.38418079
0.38388344
0.38299138
0.38209932
0.38209932
0.38120726
0.38031519
0.37912578
0.37793637
0.37704431
0.37526018
0.37407077
0.37258400
0.37139459
0.36990782
0.36931311
0.36752899
0.36723164
0.36663693
0.36515016
0.36455546
0.36336604
0.36306869
0.36247398
0.36158192
0.36098721
0.36039251
0.35979780
0.35920309
0.35831103
0.35831103
0.35831103
0.35831103
0.35831103
0.35831103
0.35831103
0.35801368
0.35622956
0.35622956
0.35622956
0.35622956
0.35622956
0.35622956
0.35533750
0.35504014
0.35474279
0.35206661
0.34701160
0.34671424
0.34611954
0.34611954
0.34374071
0.34225394
0.34195659
0.34195659
0.34195659
0.34195659
0.34195659
0.34195659
0.34195659
0.34136188
0.34076717
0.33957776
0.33838834
0.33571216
0.33482010
0.33392804
0.33392804
0.33333333
0.33333333
0.33333333
0.33333333
0.33333333
0.33333333
0.33333333
0.33333333
0.33333333
0.33333333
0.33333333
0.33214392
0.33154921
0.32976509
0.32976509
0.32976509
0.32976509
0.32976509
0.32976509
0.32976509
0.32976509
0.32976509
0.32976509
0.32857568
0.32768362
0.32649420
0.32649420
0.32500743
0.32500743
0.32500743
0.32500743
0.32500743
0.32500743
0.32500743
0.32500743
0.32500743
0.32500743
0.32500743
0.32500743
0.32500743
0.32500743
0.32500743
0.32500743
0.32500743
0.32441273
0.32441273
0.32441273
0.32441273
0.32441273
0.32322331
0.32262861
0.32233125
0.31906036
0.31816830
0.31816830
0.31816830
0.31816830
0.31816830
0.31816830
0.31816830
0.31816830
0.31816830
0.31816830
0.31816830
0.31816830
0.31816830
0.31816830
0.31816830
0.31816830
0.31816830
0.31816830
0.31816830
0.31816830
0.31816830
0.31816830
0.31816830
0.31816830
0.31757360
0.31697889
0.31697889
0.31697889
0.31697889
0.31697889
0.31697889
0.31697889
0.31697889
0.31697889
0.31697889
0.31697889
0.31697889
0.31697889
0.31697889
0.31697889
0.31697889
0.31697889
0.31697889
0.31697889
0.31697889
0.31697889
0.31697889
0.31697889
0.31697889
0.31697889
0.31697889
0.31697889
0.31697889
0.31697889
0.31697889
0.31697889
0.31697889
0.31697889
0.31697889
0.31697889
0.31697889
0.31697889
0.31697889
0.31697889
0.31697889
0.31697889
0.31697889
0.31697889
0.31697889
0.31697889
0.31697889
0.31697889
0.31697889
0.31697889
0.31697889
0.31697889
0.31608683
0.31549212
0.31460006
0.31370800
0.31251858
0.31073446
0.31073446
0.31073446
0.31073446
0.31073446
0.31073446
0.31073446
0.31073446
0.31073446
0.31073446
0.31073446
0.31073446
0.31073446
0.31073446
0.31073446
0.31073446
0.31073446
0.31073446
0.31073446
0.31073446
0.31073446
0.31073446
0.31073446
0.31073446
0.31073446
0.31073446
0.31073446
0.31073446
0.31073446
0.31073446
0.31073446
0.31073446
0.31073446
0.31073446
0.31073446
0.31073446
0.31073446
0.31073446
0.31073446
0.31073446
0.31073446
0.31073446
0.31073446
0.31073446
0.31073446
0.31073446
0.31073446
0.31073446
0.31073446
0.31073446
0.31073446
0.31073446
0.31073446
0.31073446
0.31073446
0.31073446
0.31073446
0.31073446
0.31073446
0.31073446
0.31073446
0.31073446
0.31073446
0.31073446
0.31073446
0.31073446
0.31073446
0.31073446
0.31073446
0.31073446
0.31073446
0.31073446
0.31073446
0.31073446
0.31073446
0.31073446
0.31073446
0.31073446
0.31073446
0.31073446
0.31073446
0.31073446
0.31073446
0.31073446
0.31073446
0.31073446
0.31073446
0.31073446
0.31073446
0.31073446
0.31073446
0.31073446
0.31073446
0.31073446
0.31073446
0.31073446
0.31073446
0.31073446
0.31073446
0.31073446
0.31073446
0.31073446
0.31073446
0.31073446
0.31073446
0.31073446
0.31073446
0.31073446
0.31073446
0.31073446
0.31073446
0.31073446
0.31073446
0.31073446
0.31073446
0.31073446
0.31073446
0.31073446
0.31073446
0.31073446
0.31073446
0.31073446
0.31073446
0.31073446
0.31073446
0.31073446
0.31073446
0.31073446
0.31073446
0.31073446
0.31073446
0.31073446
0.31073446
0.31073446
0.31073446
0.31073446
0.31073446
0.31073446
0.31073446
0.31073446
0.31073446
0.31073446
0.31073446
0.31073446
0.31073446
0.31073446
0.31073446
0.31073446
0.31073446
0.31073446
0.31073446
0.31073446
0.31073446
0.31073446
0.31073446
0.31073446
0.31073446
0.31073446
0.31073446
0.31073446
0.31073446
0.31073446
0.31073446
0.31073446
0.31073446
0.31073446
0.31073446
0.31073446
0.31073446
0.31073446
0.31073446
0.31073446
0.31073446
0.31073446
0.31073446
0.31073446
0.31073446
0.31073446
0.31073446
0.31073446
0.31073446
0.31073446
0.31073446
0.31073446
0.31073446
0.31073446
0.31073446
0.31073446
0.31073446
0.31073446
0.31073446
0.31073446
0.31073446
0.31073446
0.31073446
0.31073446
0.31073446
0.31073446
0.31073446
0.31073446
0.31073446
0.31073446
0.31073446
0.31073446
0.31073446
0.31073446
0.31073446
0.31073446
0.31073446
0.31073446
0.31073446
0.31073446
0.31073446
0.31073446
0.31073446
0.31073446
0.31073446
0.31073446
0.31073446
0.31073446
0.31073446
0.31073446
0.31073446
0.31073446
0.31073446
0.31073446
0.31073446
0.31073446
0.31073446
0.31073446
0.31073446
0.31073446
0.31073446
0.31073446
0.31073446
0.31073446
0.31073446
0.31073446
0.31073446
0.31073446
0.31073446
0.31073446
0.31073446
0.31073446
0.31073446
0.31073446
0.31073446
0.31073446
0.31073446
0.31073446
0.31073446
0.31073446
0.31073446
0.31073446
0.31073446
0.31073446
0.31073446
0.31073446
0.31073446
0.31073446
0.31073446
0.31073446
0.31073446
0.31073446
0.31073446
0.31073446
0.31073446
0.31073446
0.31073446
0.31073446
0.31073446
0.31073446
0.31013976
0.30805828
0.30716622
0.30686887
0.30657151
0.30627416
0.30449004
0.30419269
0.30389533
0.30300327
0.30270592
0.30240856
0.30211121
0.30181386
0.30151650
0.30121915
0.30092180
0.30062444
0.30032709
0.30002974
0.29973238
0.29794826
0.29705620
0.29586679
0.29438002
0.29408266
0.29378531
0.29348796
0.29319060
0.29289325
0.29259590
0.29259590
0.29259590
0.29259590
0.29140648
0.29081178
0.29081178
0.29081178
0.29081178
0.29081178
0.29081178
0.29081178
0.29081178
0.29081178
0.29051442
0.28962236
0.28902765
0.28813559
0.28694618
0.28516206
0.28486470
0.28456735
0.28456735
0.28367529
0.28278323
0.28248588
0.28218852
0.28159382
0.28099911
0.28040440
0.27951234
0.27653880
0.27624145
0.27594410
0.27534939
0.27505204
0.27475468
0.27475468
0.27475468
0.27475468
0.27475468
0.27475468
0.27475468
0.27475468
0.27445733
0.27415998
0.27386262
0.27207850
0.27118644
0.26999703
0.26969967
0.26940232
0.26880761
0.26761820
0.26732084
0.26702349
0.26583408
0.26494202
0.26464466
0.26375260
0.26345525
0.26345525
0.26345525
0.26345525
0.26256319
0.26256319
0.26256319
0.26256319
0.26196848
0.25869759
0.25869759
0.25869759
0.25869759
0.25869759
0.25869759
0.25869759
0.25869759
0.25869759
0.25869759
0.25810288
0.25721082
0.25631876
0.25512935
0.25423729
0.25393993
0.25334523
0.25185846
0.25066905
0.25037169
0.24977698
0.24829022
0.24739816
0.24620874
0.24591139
0.24561404
0.24531668
0.24293785
0.24264050
0.24234315
0.24174844
0.24085638
0.24085638
0.24085638
0.23847755
0.23847755
0.23847755
0.23847755
0.23847755
0.23818020
0.23788284
0.23758549
0.23669343
0.23609872
0.23580137
0.23580137
0.23550401
0.23431460
0.23253048
0.23104371
0.23044900
0.22925959
0.22747547
0.22598870
0.22539399
0.22450193
0.22450193
0.22390723
0.22331252
0.22242046
0.22212310
0.22123104
0.22093369
0.22033898
0.21885222
0.21647339
0.21587868
0.21528397
0.21409456
0.21349985
0.21349985
0.21201308
0.21201308
0.21201308
0.21201308
0.21201308
0.21201308
0.21201308
0.21201308
0.21201308
0.21201308
0.21201308
0.21112102
0.21052632
0.20963426
0.20814749
0.20666072
0.20666072
0.20666072
0.20547131
0.20457924
0.20338983
0.20338983
0.20309248
0.20249777
0.20160571
0.20130836
0.19982159
0.19833482
0.19774011
0.19744276
0.19655070
0.19595599
0.19595599
0.19536128
0.19446922
0.19417187
0.19268510
0.19149569
0.19060363
0.19060363
0.19060363
0.19060363
0.19060363
0.19060363
0.19060363
0.19060363
0.19060363
0.19060363
0.19060363
0.19060363
0.18971157
0.18971157
0.18971157
0.18941421
0.18881951
0.18852215
0.18822480
0.18703539
0.18614332
0.18525126
0.18406185
0.18376450
0.18346714
0.18287244
0.18227773
0.18227773
0.18049361
0.17989890
0.17930419
0.17811478
0.17692536
0.17573595
0.17573595
0.17573595
0.17543860
0.17514124
0.17514124
0.17514124
0.17454654
0.17424918
0.17305977
0.17276241
0.17038359
0.16919417
0.16889682
0.16830211
0.16741005
0.16741005
0.16711270
0.16622064
0.16532858
0.16384181
0.16324710
0.16294975
0.16205769
0.16086827
0.15938150
0.15789474
0.15730003
0.15670532
0.15551591
0.15462385
0.15343443
0.15254237
0.15194767
0.15194767
0.15135296
0.15016354
0.14986619
0.14927148
0.14808207
0.14689266
0.14629795
0.14600059
0.14481118
0.14362177
0.14362177
0.14362177
0.14362177
0.14362177
0.14362177
0.14362177
0.14362177
0.14362177
0.14362177
0.14362177
0.14243235
0.14213500
0.14124294
0.14035088
0.13975617
0.13826940
0.13767470
0.13678263
0.13589057
0.13529587
0.13410645
0.13321439
0.13143027
0.12994350
0.12905144
0.12726732
0.12696997
0.12667261
0.12518585
0.12369908
0.12102290
0.12013084
0.11864407
0.11775201
0.11567053
0.11448112
0.11358906
0.11150758
0.11031817
0.10883140
0.10674993
0.10674993
0.10585787
0.10437110
0.10258698
0.10110021
0.09931609
0.09842403
0.09663990
0.09634255
0.09485578
0.09336902
0.09158489
0.08920607
0.08861136
0.08712459
0.08652988
0.08563782
0.08474576
0.08415106
0.08266429
0.07998811
0.07820398
0.07731192
0.07641986
0.07612251
0.07404103
0.07255427
0.07106750
0.06987809
0.06898602
0.06779661
0.06660720
0.06422837
0.06214689
0.06095748
0.05947071
0.05768659
0.05263158
0.05263158
0.05203687
0.04965804
0.04727921
0.03895332
0.03895332
0.03895332
0.03895332
0.03895332
0.03895332
0.03895332
0.03895332
0.03895332
0.03895332
0.03627713
0.03627713
0.03627713
0.03627713
0.03627713
0.03627713
0.03449301
0.03449301
0.03360095
0.03360095
0.03360095
0.03360095
0.03360095
0.03360095
0.03360095
0.03360095
0.03360095
0.03360095
0.03360095
0.03360095
0.03360095
0.03360095
0.03360095
0.03360095
0.03360095
0.03360095
0.03360095
0.03360095
0.03360095
0.03360095
0.03360095
0.03360095
0.03360095
0.03360095
0.03360095
0.03360095
0.03360095
0.03360095
0.03360095
0.03360095
0.03360095
0.03360095
0.03360095
0.03360095
0.03360095
0.03360095
0.03360095
0.03360095
0.03360095
0.03360095
0.03360095
0.03360095
0.03360095
0.03360095
0.03360095
0.03360095
0.03360095
0.03360095
0.03360095
0.03360095
0.03360095
0.03360095
0.03360095
0.03360095
0.03360095
0.03360095
0.03360095
0.03360095
0.03360095
0.03360095
0.03360095
0.03360095
0.03360095
0.03360095
0.03360095
0.03360095
0.03360095
0.03360095
0.03360095
0.03360095
0.03360095
0.03360095
0.03360095
0.03360095
0.03360095
0.03360095
0.03360095
0.03360095
0.03360095
0.03360095
0.03360095
0.03360095
0.03360095
0.03360095
0.03360095
0.03360095
0.03360095
0.03360095
0.03360095
0.03360095
0.03360095
0.03360095
0.03360095
0.03360095
0.03360095
0.03360095
0.03360095
0.03360095
0.03360095
0.03360095
0.03360095
0.03360095
0.03360095
0.03360095
0.03330360
0.03300624
0.03092477
0.03092477
0.03062742
0.03062742
0.03062742
0.03033006
0.03003271
0.02973536
0.02943800
0.02914065
0.02824859
0.02795123
0.02735653
0.02676182
0.02646447
0.02527505
0.02527505
0.02527505
0.02527505
0.02527505
0.02438299
0.02438299
0.02408564
0.02289622
0.02230152
0.02022004
0.01784121
0.01724651
0.01694915
0.01665180
0.01635445
0.01605709
0.01546238
0.01546238
0.01397562
0.01397562
0.01397562
0.01397562
0.01397562
0.01397562
0.01397562
0.01397562
0.01397562
0.01397562
0.01397562
0.01367826
0.01219150
0.01129944
0.01040737
0.01040737
0.00951531
0.00951531
0.00951531
0.00951531
0.00951531
0.00892061
0.00862325
0.00802855
0.00713649
0.00683913
0.00683913
0.00594707
0.00594707
0.00564972
0.00535236
0.00386560
0.00356824
0.00297354
0.00208147
0.00148677
0.00089206
0.00059471
0.00059471
0.00059471
0.00059471
0.00059471
0.00029735
0.00029735
0.00029735
0.00029735
0.00029735
0.00029735
0.00029735
0.00029735
0.00029735
0.00029735
0.00029735
0.00029735
0.00029735
0.00029735
0.00029735
0.00029735
0.00029735
0.00029735
0.00029735
0.00029735
0.00029735
0.00029735
0.00029735
0.00029735
0.00029735
0.00029735
0.00029735
0.00029735
0.00029735
0.00029735
0.00029735
0.00029735
0.00029735
0.00029735
0.00029735
0.00029735
0.00029735
0.00029735
0.00029735
0.00029735
0.00029735
0.00029735
0.00029735
0.00029735
0.00029735
0.00029735
0.00029735
0.00029735
0.00029735
0.00029735
0.00029735
0.00029735
0.00029735
0.00029735
0.00029735
0.00029735
0.00029735
0.00029735
0.00029735
0.00029735
0.00029735
0.00029735
0.00029735
0.00029735
0.00029735
0.00029735
0.00029735
0.00029735
0.00029735
0.00029735
0.00029735
0.00029735
0.00029735
0.00029735
0.00029735
0.00029735
0.00029735
0.00029735
0.00029735
0.00029735
0.00029735
0.00029735
0.00029735
0.00029735
0.00029735
0.00029735
0.00029735
0.00029735
0.00029735
0.00029735
0.00029735
0.00029735
0.00029735
0.00029735
0.00029735
0.00029735
0.00029735
0.00029735
0.00029735
0.00029735
0.00029735
0.00029735
0.00029735
0.00029735
0.00029735
0.00029735
0.00029735
0.00029735
0.00029735
0.00029735
0.00029735
0.00029735
0.00029735
0.00029735
0.00029735
0.00029735
0.00029735
0.00029735
0.00029735
0.00029735
0.00029735
0.00029735
0.00029735
0.00029735
0.00029735
0.00029735
0.00029735
0.00029735
0.00029735
0.00029735
0.00029735
0.00029735
0.00029735
0.00029735
0.00029735
0.00029735
0.00029735
0.00029735
0.00029735
0.00029735
0.00029735
0.00029735
0.00029735
0.00029735
0.00029735
0.00029735
0.00029735
0.00029735
0.00029735
0.00029735
0.00029735
0.00029735
0.00029735
0.00029735
0.00029735
0.00029735
0.00029735
0.00029735
0.00029735
0.00029735
0.00029735
0.00029735
0.00029735
0.00029735
0.00029735
0.00029735
0.00029735
0.00029735
0.00029735
0.00029735
0.00029735
0.00029735
0.00029735
0.00029735
0.00029735
0.00029735
0.00029735
0.00029735
0.00029735
0.00029735
0.00029735
0.00029735
0.00029735
0.00029735
0.00029735
0.00029735
0.00029735
0.00029735
0.00029735
0.00029735
0.00029735
0.00029735
0.00029735
0.00029735
0.00029735
0.00029735
0.00029735
0.00029735
0.00029735
0.00029735
0.00029735
0.00029735
0.00029735
0.00029735
0.00029735
0.00029735
0.00029735
0.00029735
0.00029735
0.00029735
0.00029735
0.00029735
0.00029735
0.00029735
0.00029735
0.00029735
0.00029735
0.00029735
0.00029735
0.00029735
0.00029735
0.00029735
0.00029735
0.00029735
0.00029735
0.00029735
0.00029735
0.00029735
0.00029735
0.00029735
0.00029735
0.00029735
0.00029735
0.00029735
0.00029735
0.00029735
0.00029735
0.00029735
0.00029735
0.00029735
0.00029735
0.00029735
0.00029735
0.00029735
0.00029735
0.00029735
0.00029735
0.00029735
0.00029735
0.00029735
0.00029735
0.00029735
0.00029735
0.00029735
0.00029735
0.00029735
0.00029735
0.00029735
0.00029735
0.00029735
0.00029735
0.00029735
0.00029735
0.00029735
0.00029735
0.00029735
0.00029735
0.00029735
0.00029735
0.00029735
0.00029735
0.00029735
0.00029735
0.00029735
0.00029735
0.00029735
0.00029735
0.00029735
0.00029735
0.00029735
0.00029735
0.00029735
0.00029735
0.00029735
0.00029735
0.00029735
0.00029735
0.00029735
0.00029735
0.00029735
0.00029735
0.00029735
0.00029735
0.00029735
0.00029735
0.00029735
0.00029735
0.00029735
0.00029735
0.00029735
0.00029735
0.00029735
0.00029735
0.00029735
0.00029735
0.00029735
0.00029735
0.00029735
0.00029735
0.00029735
0.00029735
0.00029735
0.00029735
0.00029735
0.00029735
0.00029735
0.00029735
0.00029735
0.00029735
0.00029735
0.00029735
0.00029735
0.00029735
0.00029735
0.00029735
0.00029735
0.00029735
0.00029735
0.00029735
0.00029735
0.00029735
0.00029735
0.00029735
0.00029735
0.00029735
0.00029735
0.00029735
0.00029735
0.00029735
0.00029735
0.00029735
0.00029735
0.00029735
0.00029735
0.00029735
0.00029735
0.00029735
0.00029735
0.00029735
0.00029735
0.00029735
0.00029735
0.00029735
0.00029735
0.00029735
0.00029735
0.00029735
0.00029735
0.00029735
0.00029735
0.00029735
0.00029735
0.00029735
0.00029735
0.00029735
0.00029735
0.00029735
0.00029735
0.00029735
0.00029735
0.00029735
0.00029735
0.00029735
0.00029735
0.00029735
0.00029735
0.00029735
0.00029735
0.00029735
0.00029735
0.00029735
0.00029735
0.00029735
0.00029735
0.00029735
0.00029735
0.00029735
0.00029735
0.00029735
0.00029735
0.00029735
0.00029735
0.00029735
0.00029735
0.00029735
0.00029735
0.00029735
0.00029735
0.00029735
0.00029735
0.00029735
0.00029735
0.00029735
0.00029735
0.00029735
0.00029735
0.00029735
0.00029735
0.00029735
0.00029735
0.00029735
0.00029735
0.00029735
0.00029735
0.00029735
0.00029735
0.00029735
0.00029735
0.00029735
0.00029735
0.00029735
0.00029735
0.00029735
0.00029735
0.00029735
0.00029735
0.00029735
0.00029735
0.00029735
0.00029735
0.00029735
0.00029735
0.00029735
0.00029735
0.00029735
0.00029735
0.00029735
0.00029735
0.00029735
0.00029735
0.00029735
0.00029735
0.00029735
0.00029735
0.00029735
0.00029735
0.00029735
0.00029735
0.00029735
0.00029735
0.00029735
0.00029735
0.00029735
0.00029735
0.00029735
0.00029735
0.00029735
0.00029735
0.00029735
0.00029735
0.00029735
0.00029735
0.00029735
0.00029735
0.00029735
0.00029735
0.00029735
0.00029735
0.00029735
0.00029735
0.00029735
0.00029735
0.00029735
0.00029735
0.00029735
0.00029735
0.00029735
0.00029735
0.00029735
0.00029735
0.00029735
0.00029735
0.00029735
0.00029735
0.00029735
0.00029735
0.00029735
0.00029735
0.00029735
0.00029735
0.00029735
0.00029735
0.00029735
0.00029735
0.00029735
0.00029735
0.00029735
0.00029735
0.00029735
0.00029735
0.00029735
0.00029735
0.00029735
0.00029735
0.00029735
0.00029735
0.00029735
0.00029735
0.00029735
0.00029735
0.00029735
0.00029735
0.00029735
0.00029735
0.00029735
0.00029735
0.00029735
0.00029735
0.00029735
0.00029735
0.00029735
0.00029735
0.00029735
0.00029735
0.00029735
0.00029735
0.00029735
0.00029735
0.00029735
0.00029735
0.00029735
0.00029735
0.00029735
0.00029735
0.00029735
0.00029735
0.00029735
0.00029735
0.00029735
0.00029735
0.00029735
0.00029735
0.00029735
0.00029735
0.00029735
0.00029735
0.00029735
0.00029735
0.00029735
0.00029735
0.00029735
0.00029735
0.00029735
0.00029735
0.00029735
0.00029735
0.00029735
0.00029735
0.00029735
0.00029735
0.00029735
0.00029735
0.00029735
0.00029735
0.00029735
0.00029735
0.00029735
0.00029735
0.00029735
0.00029735
0.00029735
0.00029735
0.00029735
0.00029735
0.00029735
0.00029735
0.00029735
0.00029735
0.00029735
0.00029735
0.00029735
0.00029735
0.00029735
0.00029735
0.00029735
0.00029735
0.00029735
0.00029735
0.00029735
0.00029735
0.00029735
0.00029735
0.00029735
0.00029735
0.00029735
0.00029735
0.00029735
0.00029735
0.00029735
0.00029735
0.00029735
0.00029735
0.00029735
0.00029735
0.00029735
0.00029735
0.00029735
0.00029735
0.00029735
0.00029735
0.00029735
0.00029735
0.00029735
0.00029735
0.00029735
0.00029735
0.00029735
0.00029735
0.00029735
0.00029735
0.00029735
0.00029735
0.00029735
0.00029735
0.00029735
0.00029735
0.00029735
0.00029735
0.00029735
0.00029735
0.00029735
0.00029735
0.00029735
0.00029735
0.00029735
0.00029735
0.00029735
0.00029735
0.00029735
0.00029735
0.00029735
0.00029735
0.00029735
0.00029735
0.00029735
0.00029735
0.00029735
0.00029735
0.00029735
0.00029735
0.00029735
0.00029735
0.00029735
0.00029735
0.00029735
0.00029735
0.00029735
0.00029735
0.00029735
0.00029735
0.00029735
0.00029735
0.00029735
0.00029735
0.00029735
0.00029735
0.00029735
0.00029735
0.00029735
0.00029735
0.00029735
0.00029735
0.00029735
0.00029735
0.00029735
0.00029735
0.00029735
0.00029735
0.00029735
0.00029735
0.00029735
0.00029735
0.00029735
0.00029735
0.00029735
0.00029735
0.00029735
0.00029735
0.00029735
0.00029735
0.00029735
0.00029735
0.00029735
0.00029735
0.00029735
0.00029735
0.00029735
0.00029735
0.00029735
0.00029735
0.00029735
0.00029735
0.00029735
0.00029735
0.00029735
0.00029735
0.00029735
0.00029735
0.00029735
0.00029735
0.00029735
0.00029735
0.00029735
0.00029735
0.00029735
0.00029735
0.00029735
0.00029735
0.00029735
0.00029735
0.00029735
0.00029735
0.00029735
0.00029735
0.00029735
0.00029735
0.00029735
0.00029735
0.00029735
0.00029735
0.00029735
0.00029735
0.00029735
0.00029735
0.00029735
0.00029735
0.00029735
0.00029735
0.00029735
0.00029735
0.00029735
0.00029735
0.00029735
0.00029735
0.00029735
0.00029735
0.00029735
0.00029735
0.00029735
0.00029735
0.00029735
0.00029735
0.00029735
0.00029735
0.00029735
0.00029735
0.00029735
0.00029735
0.00029735
0.00029735
0.00029735
0.00029735
0.00029735
0.00029735
0.00029735
0.00029735
0.00029735
0.00029735
0.00029735
0.00029735
0.00029735
0.00029735
0.00029735
0.00029735
0.00029735
0.00029735
0.00029735
0.00029735
0.00029735
0.00029735
0.00029735
0.00029735
0.00029735
0.00029735
0.00029735
0.00029735
0.00029735
0.00029735
0.00029735
0.00029735
0.00029735
0.00029735
0.00029735
0.00029735
0.00029735
0.00029735
0.00029735
0.00029735
0.00029735
0.00029735
0.00029735
0.00029735
0.00029735
0.00029735
0.00029735
0.00029735
0.00029735
0.00029735
0.00029735
0.00029735
0.00029735
0.00029735
0.00029735
0.00029735
0.00029735
0.00029735
0.00029735
0.00029735
0.00029735
0.00029735
0.00029735
0.00029735
0.00029735
0.00029735
0.00029735
0.00029735
0.00029735
0.00029735
0.00029735
0.00029735
0.00029735
0.00029735
0.00029735
0.00029735
0.00029735
0.00029735
0.00029735
0.00029735
0.00029735
0.00029735
0.00029735
0.00029735
0.00029735
0.00029735
0.00029735
0.00029735
0.00029735
0.00029735
0.00029735
0.00029735
0.00029735
0.00029735
0.00029735
0.00029735
0.00029735
0.00029735
0.00029735
0.00029735
0.00029735
0.00029735
0.00029735
0.00029735
0.00029735
0.00029735
0.00029735
0.00029735
0.00029735
0.00029735
0.00029735
0.00029735
0.00029735
0.00029735
0.00029735
0.00029735
0.00029735
0.00029735
0.00029735
0.00029735
0.00029735
0.00029735
0.00029735
0.00029735
0.00029735
0.00029735
0.00029735
0.00029735
0.00029735
0.00029735
0.00029735
0.00029735
0.00029735
0.00029735
0.00029735
0.00029735
0.00029735
0.00029735
0.00029735
0.00029735
0.00029735
0.00029735
0.00029735
0.00029735
0.00029735
0.00029735
0.00029735
0.00029735
0.00029735
0.00029735
0.00029735
0.00029735
0.00029735
0.00029735
0.00029735
0.00029735
0.00029735
0.00029735
0.00029735
0.00029735
0.00029735
0.00029735
0.00029735
0.00029735
0.00029735
0.00029735
0.00029735
0.00029735
0.00029735
0.00029735
0.00029735
0.00029735
0.00029735
0.00029735
0.00029735
0.00029735
0.00029735
0.00029735
0.00029735
0.00029735
0.00029735
0.00029735
0.00029735
0.00029735
0.00029735
0.00029735
0.00029735
0.00029735
0.00029735
0.00029735
0.00029735
0.00029735
0.00029735
0.00029735
0.00029735
0.00029735
0.00029735
0.00029735
0.00029735
0.00029735
0.00029735
0.00029735
0.00029735
0.00029735
0.00029735
0.00029735
0.00029735
0.00029735
0.00029735
0.00029735
0.00029735
0.00029735
0.00029735
0.00029735
0.00029735
0.00029735
0.00029735
0.00029735
0.00029735
0.00029735
0.00029735
0.00029735
0.00029735
0.00029735
0.00029735
0.00029735
0.00029735
0.00029735
0.00029735
0.00029735
0.00029735
0.00029735
0.00029735
0.00029735
0.00029735
0.00029735
0.00029735
0.00029735
0.00029735
0.00029735
0.00029735
0.00029735
0.00029735
0.00029735
0.00029735
0.00029735
0.00029735
0.00029735
0.00029735
0.00029735
0.00029735
0.00029735
0.00029735
0.00029735
0.00029735
0.00029735
0.00029735
0.00029735
0.00029735
0.00029735
0.00029735
0.00029735
0.00029735
0.00029735
0.00029735
0.00029735
0.00029735
0.00029735
0.00029735
0.00029735
0.00029735
0.00029735
0.00029735
0.00029735
0.00029735
0.00029735
0.00029735
0.00029735
0.00029735
0.00029735
0.00029735
0.00029735
0.00029735
0.00029735
0.00029735
0.00029735
0.00029735
0.00029735
0.00029735
0.00029735
0.00029735
0.00029735
0.00029735
0.00029735
0.00029735
0.00029735
0.00029735
0.00029735
0.00029735
0.00029735
0.00029735
0.00029735
0.00029735
0.00029735
0.00029735
0.00029735
0.00029735
0.00029735
0.00029735
0.00029735
0.00029735
0.00029735
0.00029735
0.00029735
0.00029735
0.00029735
0.00029735
0.00029735
0.00029735
0.00029735
0.00029735
0.00029735
0.00029735
0.00029735
0.00029735
0.00029735
0.00029735
0.00029735
0.00029735
0.00029735
0.00029735
0.00029735
0.00029735
0.00029735
0.00029735
0.00029735
0.00029735
0.00029735
0.00029735
0.00029735
0.00029735
0.00029735
0.00029735
0.00029735
0.00029735
0.00029735
0.00029735
0.00029735
0.00029735
0.00029735
0.00029735
0.00029735
0.00029735
0.00029735
0.00029735
0.00029735
0.00029735
0.00029735
0.00029735
0.00029735
0.00029735
0.00029735
0.00029735
0.00029735
0.00029735
0.00029735
0.00029735
0.00029735
0.00029735
0.00029735
0.00029735
0.00029735
0.00029735
0.00029735
0.00029735
0.00029735
0.00029735
0.00029735
0.00029735
0.00029735
0.00029735
0.00029735
0.00029735
0.00029735
0.00029735
0.00029735
0.00029735
0.00029735
0.00029735
0.00029735
0.00029735
0.00029735
0.00029735
0.00029735
0.00029735
0.00029735
0.00029735
0.00029735
0.00029735
0.00029735
0.00029735
0.00029735
0.00029735
0.00029735
0.00029735
0.00029735
0.00029735
0.00029735
0.00029735
0.00029735
0.00029735
0.00029735
0.00029735
0.00029735
0.00029735
0.00029735
0.00029735
0.00029735
0.00029735
0.00029735
0.00029735
0.00029735
0.00029735
0.00029735
0.00029735
0.00029735
0.00029735
0.00029735
0.00029735
0.00029735
0.00029735
0.00029735
0.00029735
0.00029735
0.00029735
0.00029735
0.00029735
0.00029735
0.00029735
0.00029735
0.00029735
0.00029735
0.00029735
0.00029735
0.00029735
0.00029735
0.00029735
0.00029735
0.00029735
0.00029735
0.00029735
0.00029735
0.00029735
0.00029735
0.00029735
0.00029735
0.00029735
0.00029735
0.00029735
0.00029735
0.00029735
0.00029735
0.00029735
0.00029735
0.00029735
0.00029735
0.00029735
0.00029735
0.00029735
0.00029735
0.00029735
0.00029735
0.00029735
0.00029735
0.00029735
0.00029735
0.00029735
0.00029735
0.00029735
0.00029735
0.00029735
0.00029735
0.00029735
0.00029735
0.00029735
0.00029735
0.00029735
0.00029735
0.00029735
0.00029735
0.00029735
0.00029735
0.00029735
0.00029735
0.00029735
0.00029735
0.00029735
0.00029735
0.00029735
0.00029735
0.00029735
0.00029735
0.00029735
0.00029735
0.00029735
0.00029735
0.00029735
0.00029735
0.00029735
0.00029735
0.00029735
0.00029735
0.00029735
0.00029735
0.00029735
0.00029735
0.00029735
0.00029735
0.00029735
0.00029735
0.00029735
0.00029735
0.00029735
0.00029735
0.00029735
0.00029735
0.00029735
0.00029735
0.00029735
0.00029735
0.00029735
0.00029735
0.00029735
0.00029735
0.00029735
0.00029735
0.00029735
0.00029735
0.00029735
0.00029735
0.00029735
0.00029735
0.00029735
0.00029735
0.00029735
0.00029735
0.00029735
0.00029735
0.00029735
0.00029735
0.00029735
0.00029735
0.00029735
0.00029735
0.00029735
0.00029735
0.00029735
0.00029735
0.00029735
0.00029735
0.00029735
0.00029735
0.00029735
0.00029735
0.00029735
0.00029735
0.00029735
0.00029735
0.00029735
0.00029735
0.00029735
0.00029735
0.00029735
0.00029735
0.00029735
0.00029735
0.00029735
0.00029735
0.00029735
0.00029735
0.00029735
0.00029735
0.00029735
0.00029735
0.00029735
0.00029735
0.00029735
0.00029735
0.00029735
0.00029735
0.00029735
0.00029735
0.00029735
0.00029735
0.00029735
0.00029735
0.00029735
0.00029735
0.00029735
0.00029735
0.00029735
0.00029735
0.00029735
0.00029735
0.00029735
0.00029735
0.00029735
0.00029735
0.00029735
0.00029735
0.00029735
0.00029735
0.00029735
0.00029735
0.00029735
0.00029735
0.00029735
0.00029735
0.00029735
0.00029735
0.00029735
0.00029735
0.00029735
0.00029735
0.00029735
0.00029735
0.00029735
0.00029735
0.00029735
0.00029735
0.00029735
0.00029735
0.00029735
0.00029735
0.00029735
0.00029735
0.00029735
0.00029735
0.00029735
0.00029735
0.00029735
0.00029735
0.00029735
0.00029735
0.00029735
0.00029735
0.00029735
0.00029735
0.00029735
0.00029735
0.00029735
0.00029735
0.00029735
0.00029735
0.00029735
0.00029735
0.00029735
0.00029735
0.00029735
0.00029735
0.00029735
0.00029735
0.00029735
0.00029735
0.00029735
0.00029735
0.00029735
0.00029735
0.00029735
0.00029735
0.00029735
0.00029735
0.00029735
0.00029735
0.00029735
0.00029735
0.00029735
0.00029735
0.00029735
0.00029735
0.00029735
0.00029735
0.00029735
0.00029735
0.00029735
0.00029735
0.00029735
0.00029735
0.00029735
0.00029735
0.00029735
0.00029735
0.00029735
0.00029735
0.00029735
0.00029735
0.00029735
0.00029735
0.00029735
0.00029735
0.00029735
0.00029735
0.00029735
0.00029735
0.00029735
0.00029735
0.00029735
0.00029735
0.00029735
0.00029735
0.00029735
0.00029735
0.00029735
0.00029735
0.00029735
0.00029735
0.00029735
0.00029735
0.00029735
0.00029735
0.00029735
0.00029735
0.00029735
0.00029735
0.00029735
0.00029735
0.00029735
0.00029735
0.00029735
0.00029735
0.00029735
0.00029735
0.00029735
0.00029735
0.00029735
0.00029735
0.00029735
0.00029735
0.00029735
0.00029735
0.00029735
0.00029735
0.00029735
0.00029735
0.00029735
0.00029735
0.00029735
0.00029735
0.00029735
0.00029735
0.00029735
0.00029735
0.00029735
0.00029735
0.00029735
0.00029735
0.00029735
0.00029735
0.00029735
0.00029735
0.00029735
0.00029735
0.00029735
0.00029735
0.00029735
0.00029735
0.00029735
0.00029735
0.00029735
0.00029735
0.00029735
0.00029735
0.00029735
0.00029735
0.00029735
0.00029735
0.00029735
0.00029735
0.00029735
0.00029735
0.00029735
0.00029735
0.00029735
0.00029735
0.00029735
0.00029735
0.00029735
0.00029735
0.00029735
0.00029735
0.00029735
0.00029735
0.00029735
0.00029735
0.00029735
0.00029735
0.00029735
0.00029735
0.00029735
0.00029735
0.00029735
0.00029735
0.00029735
0.00029735
0.00029735
0.00029735
0.00029735
0.00029735
0.00029735
0.00029735
0.00029735
0.00029735
0.00029735
0.00029735
0.00029735
0.00029735
0.00029735
0.00029735
0.00029735
0.00029735
0.00029735
0.00029735
0.00029735
0.00029735
0.00029735
0.00029735
0.00029735
0.00029735
0.00029735
0.00029735
0.00029735
0.00029735
0.00029735
0.00029735
0.00029735
0.00029735
0.00029735
0.00029735
0.00029735
0.00029735
0.00029735
0.00029735
0.00029735
0.00029735
0.00029735
0.00029735
0.00029735
0.00029735
0.00029735
0.00029735
0.00029735
0.00029735
0.00029735
0.00029735
0.00029735
0.00029735
0.00029735
0.00029735
0.00029735
0.00029735
0.00029735
0.00029735
0.00029735
0.00029735
0.00029735
0.00029735
0.00029735
0.00029735
0.00029735
0.00029735
0.00029735
0.00029735
0.00029735
0.00029735
0.00029735
0.00029735
0.00029735
0.00029735
0.00029735
0.00029735
0.00029735
0.00029735
0.00029735
0.00029735
0.00029735
0.00029735
0.00029735
0.00029735
0.00029735
0.00029735
0.00029735
0.00029735
0.00029735
0.00029735
0.00029735
0.00029735
0.00029735
0.00029735
0.00029735
0.00029735
0.00029735
0.00029735
0.00029735
0.00029735
0.00029735
0.00029735
0.00029735
0.00029735
0.00029735
0.00029735
0.00029735
0.00029735
0.00029735
0.00029735
0.00029735
0.00029735
0.00029735
0.00029735
0.00029735
0.00029735
0.00029735
0.00029735
0.00029735
0.00029735
0.00029735
0.00029735
0.00029735
0.00029735
0.00029735
0.00029735
0.00029735
0.00029735
0.00029735
0.00029735
0.00029735
0.00029735
0.00029735
0.00029735
0.00029735
0.00029735
0.00029735
0.00029735
0.00029735
0.00029735
0.00029735
0.00029735
0.00029735
0.00029735
0.00029735
0.00029735
0.00029735
0.00029735
0.00029735
0.00029735
0.00029735
0.00029735
0.00029735
0.00029735
0.00029735
0.00029735
0.00029735
0.00029735
0.00029735
0.00029735
0.00029735
0.00029735
0.00029735
0.00029735
0.00029735
0.00029735
0.00029735
0.00029735
0.00029735
0.00029735
0.00029735
0.00029735
0.00029735
0.00029735
0.00029735
0.00029735
0.00029735
0.00029735
0.00029735
0.00029735
0.00029735
0.00029735
0.00029735
0.00029735
0.00029735
0.00029735
0.00029735
0.00029735
0.00029735
0.00029735
0.00029735
0.00029735
0.00029735
0.00029735
0.00029735
0.00029735
0.00029735
0.00029735
0.00029735
0.00029735
0.00029735
0.00029735
0.00029735
0.00029735
0.00029735
0.00029735
0.00029735
0.00029735
0.00029735
0.00029735
0.00029735
0.00029735
0.00029735
0.00029735
0.00029735
0.00029735
0.00029735
0.00029735
0.00029735
0.00029735
0.00029735
0.00029735
0.00029735
0.00029735
0.00029735
0.00029735
0.00029735
0.00029735
0.00029735
0.00029735
0.00029735
0.00029735
0.00029735
0.00029735
0.00029735
0.00029735
0.00029735
0.00029735
0.00029735
0.00029735
0.00029735
0.00029735
0.00029735
0.00029735
0.00029735
0.00029735
0.00029735
0.00029735
0.00029735
0.00029735
0.00029735
0.00029735
0.00029735
0.00029735
0.00029735
0.00029735
0.00029735
0.00029735
0.00029735
0.00029735
0.00029735
0.00029735
0.00029735
0.00029735
0.00029735
0.00029735
0.00029735
0.00029735
0.00029735
0.00029735
0.00029735
0.00029735
0.00029735
0.00029735
0.00029735
0.00029735
0.00029735
0.00029735
0.00029735
0.00029735
0.00029735
0.00029735
0.00029735
0.00029735
0.00029735
0.00029735
0.00029735
0.00029735
0.00029735
0.00029735
0.00029735
0.00029735
0.00029735
0.00029735
0.00029735
0.00029735
0.00029735
0.00029735
0.00029735
0.00029735
0.00029735
0.00029735
0.00029735
0.00029735
0.00029735
0.00029735
0.00029735
0.00029735
0.00029735
0.00029735
0.00029735
0.00029735
0.00029735
0.00029735
0.00029735
0.00029735
0.00029735
0.00029735
0.00029735
0.00029735
0.00029735
0.00029735
0.00029735
0.00029735
0.00029735
0.00029735
0.00029735
0.00029735
0.00029735
0.00029735
0.00029735
0.00029735
0.00029735
0.00029735
0.00029735
0.00029735
0.00029735
0.00029735
0.00029735
0.00029735
0.00029735
0.00029735
0.00029735
0.00029735
0.00029735
0.00029735
0.00029735
0.00029735
0.00029735
0.00029735
0.00029735
0.00029735
0.00029735
0.00029735
0.00029735
0.00029735
0.00029735
0.00029735
0.00029735
0.00029735
0.00029735
0.00029735
0.00029735
0.00029735
0.00029735
0.00029735
0.00029735
0.00029735
0.00029735
0.00029735
0.00029735
0.00029735
0.00029735
0.00029735
0.00029735
0.00029735
0.00029735
0.00029735
0.00029735
0.00029735
0.00029735
0.00029735
0.00029735
0.00029735
0.00029735
0.00029735
0.00029735
0.00029735
0.00029735
0.00029735
0.00029735
0.00029735
0.00029735
0.00029735
0.00029735
0.00029735
0.00029735
0.00029735
0.00029735
0.00029735
0.00029735
0.00029735
0.00029735
0.00029735
0.00029735
0.00029735
0.00029735
0.00029735
0.00029735
0.00029735
0.00029735
0.00029735
0.00029735
0.00029735
0.00029735
0.00029735
0.00029735
0.00029735
0.00029735
0.00029735
0.00029735
0.00029735
0.00029735
0.00029735
0.00029735
0.00029735
0.00029735
0.00029735
0.00029735
0.00029735
0.00029735
0.00029735
0.00029735
0.00029735
0.00029735
0.00029735
0.00029735
0.00029735
0.00029735
0.00029735
0.00029735
0.00029735
0.00029735
0.00029735
0.00029735
0.00029735
0.00029735
0.00029735
0.00029735
0.00029735
0.00029735
0.00029735
0.00029735
0.00029735
0.00029735
0.00029735
0.00029735
0.00029735
0.00029735
0.00029735
0.00029735
0.00029735
0.00029735
0.00029735
0.00029735
0.00029735
0.00029735
0.00029735
0.00029735
0.00029735
0.00029735
