0.85172872
0.83577128
0.81981383
0.80984043
0.78989362
0.77460106
0.75066489
0.70678191
0.69414894
0.67353723
0.66622340
0.65890957
0.64827128
0.64228723
0.63297872
0.62965426
0.61835106
0.61436170
0.60904255
0.60305851
0.59441489
0.58843085
0.58377660
0.57779255
0.57513298
0.56781915
0.56250000
0.55585106
0.55518617
0.54853723
0.54454787
0.54055851
0.53058511
0.52593085
0.52194149
0.51529255
0.51329787
0.50797872
0.50398936
0.50000000
0.49534574
0.48404255
0.48404255
0.48404255
0.48138298
0.47739362
0.47340426
0.46875000
0.46276596
0.46010638
0.45678191
0.45279255
0.44813830
0.44348404
0.43816489
0.43218085
0.42952128
0.42619681
0.42220745
0.41888298
0.41755319
0.41289894
0.40292553
0.39561170
0.38962766
0.38829787
0.38630319
0.37898936
0.36768617
0.35904255
0.35837766
0.35571809
0.35372340
0.34840426
0.33710106
0.33577128
0.33377660
0.32978723
0.32712766
0.32247340
0.32047872
0.31781915
0.31449468
0.31449468
0.30585106
0.30119681
0.29853723
0.29454787
0.29055851
0.29055851
0.27859043
0.26928191
0.26662234
0.25997340
0.25332447
0.24534574
0.24069149
0.23404255
0.23337766
0.23204787
0.21476064
0.20944149
0.20944149
0.20545213
0.19880319
0.19880319
0.19680851
0.19481383
0.19148936
0.18617021
0.18085106
0.17220745
0.16821809
0.14627660
0.14627660
0.14228723
0.13696809
0.13696809
0.13297872
0.11103723
0.05984043
0.03856383
0.02260638
0.02260638
0.02260638
0.02260638
0.02260638
0.02260638
0.01595745
0.01130319
0.01063830
0.01063830
0.01063830
0.00864362
0.00864362
0.00864362
0.00864362
0.00864362
0.00864362
0.00864362
0.00864362
0.00864362
0.00864362
0.00864362
0.00864362
0.00731383
0.00731383
0.00664894
0.00664894
0.00664894
0.00664894
0.00664894
0.00531915
0.00531915
0.00531915
0.00531915
0.00531915
0.00531915
0.00531915
0.00531915
0.00531915
0.00531915
0.00531915
0.00531915
0.00531915
0.00465426
0.00465426
0.00465426
0.00465426
0.00465426
0.00465426
0.00465426
0.00465426
0.00398936
0.00332447
0.00332447
0.00332447
0.00332447
0.00332447
0.00332447
0.00332447
0.00332447
0.00332447
0.00332447
0.00332447
0.00332447
0.00332447
0.00332447
0.00332447
0.00332447
0.00332447
0.00332447
0.00332447
0.00332447
0.00332447
0.00332447
0.00265957
0.00265957
0.00265957
0.00265957
0.00265957
0.00265957
0.00265957
0.00265957
0.00265957
0.00265957
0.00265957
0.00265957
0.00265957
0.00265957
0.00265957
0.00265957
0.00265957
0.00265957
0.00265957
0.00265957
0.00265957
0.00265957
0.00265957
0.00265957
0.00265957
0.00265957
0.00265957
0.00265957
0.00265957
0.00265957
0.00265957
0.00265957
0.00199468
0.00199468
0.00199468
0.00199468
0.00199468
0.00199468
0.00199468
0.00199468
0.00199468
0.00199468
0.00199468
0.00199468
0.00199468
0.00199468
0.00199468
0.00199468
0.00199468
0.00199468
0.00199468
0.00199468
0.00199468
0.00199468
0.00199468
0.00199468
0.00199468
0.00199468
0.00199468
0.00199468
0.00199468
0.00199468
0.00199468
0.00199468
0.00199468
0.00199468
0.00199468
0.00199468
0.00199468
0.00199468
0.00199468
0.00199468
0.00199468
0.00199468
0.00199468
0.00199468
0.00199468
0.00199468
0.00199468
0.00199468
0.00199468
0.00199468
0.00199468
0.00199468
0.00199468
0.00199468
0.00199468
0.00199468
0.00199468
0.00199468
0.00199468
0.00199468
0.00199468
0.00199468
0.00199468
0.00199468
0.00199468
0.00199468
0.00199468
0.00199468
0.00199468
0.00199468
0.00199468
0.00199468
0.00199468
0.00199468
0.00199468
0.00199468
0.00132979
0.00132979
0.00132979
0.00132979
0.00132979
0.00132979
0.00132979
0.00132979
0.00132979
0.00132979
0.00132979
0.00132979
0.00132979
0.00132979
0.00132979
0.00132979
0.00132979
0.00132979
0.00132979
0.00132979
0.00132979
0.00132979
0.00132979
0.00132979
0.00132979
0.00132979
0.00132979
0.00132979
0.00132979
0.00132979
0.00132979
0.00132979
0.00132979
0.00132979
0.00132979
0.00132979
0.00132979
0.00132979
0.00132979
0.00132979
0.00132979
0.00132979
0.00132979
0.00132979
0.00132979
0.00132979
0.00132979
0.00132979
0.00132979
0.00132979
0.00132979
0.00132979
0.00132979
0.00132979
0.00132979
0.00132979
0.00132979
0.00132979
0.00132979
0.00132979
0.00132979
0.00132979
0.00132979
0.00132979
0.00132979
0.00132979
0.00132979
0.00132979
0.00132979
0.00132979
0.00132979
0.00132979
0.00132979
0.00132979
0.00132979
0.00132979
0.00132979
0.00132979
0.00132979
0.00132979
0.00132979
0.00132979
0.00132979
0.00132979
0.00132979
0.00132979
0.00132979
0.00132979
0.00132979
0.00132979
0.00132979
0.00132979
0.00132979
0.00132979
0.00132979
0.00132979
0.00132979
0.00132979
0.00132979
0.00132979
0.00132979
0.00132979
0.00132979
0.00132979
0.00132979
0.00132979
0.00132979
0.00132979
0.00132979
0.00132979
0.00132979
0.00132979
0.00132979
0.00132979
0.00132979
0.00132979
0.00132979
0.00132979
0.00132979
0.00132979
0.00132979
0.00132979
0.00132979
0.00132979
0.00132979
0.00132979
0.00132979
0.00132979
0.00132979
0.00132979
0.00132979
0.00132979
0.00132979
0.00132979
0.00132979
0.00132979
0.00132979
0.00132979
0.00132979
0.00132979
0.00132979
0.00132979
0.00132979
0.00132979
0.00132979
0.00132979
0.00132979
0.00132979
0.00132979
0.00132979
0.00132979
0.00132979
0.00132979
0.00132979
0.00132979
0.00132979
0.00132979
0.00132979
0.00132979
0.00132979
0.00132979
0.00132979
0.00132979
0.00132979
0.00132979
0.00132979
0.00132979
0.00132979
0.00132979
0.00132979
0.00132979
0.00132979
0.00132979
0.00132979
0.00132979
0.00132979
0.00132979
0.00132979
0.00066489
0.00066489
0.00066489
0.00066489
0.00066489
0.00066489
0.00066489
0.00066489
0.00066489
0.00066489
0.00066489
0.00066489
0.00066489
0.00066489
0.00066489
0.00066489
0.00066489
0.00066489
0.00066489
0.00066489
0.00066489
0.00066489
0.00066489
0.00066489
0.00066489
0.00066489
0.00066489
0.00066489
0.00066489
0.00066489
0.00066489
0.00066489
0.00066489
0.00066489
0.00066489
0.00066489
0.00066489
0.00066489
0.00066489
0.00066489
0.00066489
0.00066489
0.00066489
0.00066489
0.00066489
0.00066489
0.00066489
0.00066489
0.00066489
0.00066489
0.00066489
0.00066489
0.00066489
0.00066489
0.00066489
0.00066489
0.00066489
0.00066489
0.00066489
0.00066489
0.00066489
0.00066489
0.00066489
0.00066489
0.00066489
0.00066489
0.00066489
0.00066489
0.00066489
0.00066489
0.00066489
0.00066489
0.00066489
0.00066489
0.00066489
0.00066489
0.00066489
0.00066489
0.00066489
0.00066489
0.00066489
0.00066489
0.00066489
0.00066489
0.00066489
0.00066489
0.00066489
0.00066489
0.00066489
0.00066489
0.00066489
0.00066489
0.00066489
0.00066489
0.00066489
0.00066489
0.00066489
0.00066489
0.00066489
0.00066489
0.00066489
0.00066489
0.00066489
0.00066489
0.00066489
0.00066489
0.00066489
0.00066489
0.00066489
0.00066489
0.00066489
0.00066489
0.00066489
0.00066489
0.00066489
0.00066489
0.00066489
0.00066489
0.00066489
0.00066489
0.00066489
0.00066489
0.00066489
0.00066489
0.00066489
0.00066489
0.00066489
0.00066489
0.00066489
0.00066489
0.00066489
0.00066489
0.00066489
0.00066489
0.00066489
0.00066489
0.00066489
0.00066489
0.00066489
0.00066489
0.00066489
0.00066489
0.00066489
0.00066489
0.00066489
0.00066489
0.00066489
0.00066489
0.00066489
0.00066489
0.00066489
0.00066489
0.00066489
0.00066489
0.00066489
0.00066489
0.00066489
0.00066489
0.00066489
0.00066489
0.00066489
0.00066489
0.00066489
0.00066489
0.00066489
0.00066489
0.00066489
0.00066489
0.00066489
0.00066489
0.00066489
0.00066489
0.00066489
0.00066489
0.00066489
0.00066489
0.00066489
0.00066489
0.00066489
0.00066489
0.00066489
0.00066489
0.00066489
0.00066489
0.00066489
0.00066489
0.00066489
0.00066489
0.00066489
0.00066489
0.00066489
0.00066489
0.00066489
0.00066489
0.00066489
0.00066489
0.00066489
0.00066489
0.00066489
0.00066489
0.00066489
0.00066489
0.00066489
0.00066489
0.00066489
0.00066489
0.00066489
0.00066489
0.00066489
0.00066489
0.00066489
0.00066489
0.00066489
0.00066489
0.00066489
0.00066489
0.00066489
0.00066489
0.00066489
0.00066489
0.00066489
0.00066489
0.00066489
0.00066489
0.00066489
0.00066489
0.00066489
0.00066489
0.00066489
0.00066489
0.00066489
0.00066489
0.00066489
0.00066489
0.00066489
0.00066489
0.00066489
0.00066489
0.00066489
0.00066489
0.00066489
0.00066489
0.00066489
0.00066489
0.00066489
0.00066489
0.00066489
0.00066489
0.00066489
0.00066489
0.00066489
0.00066489
0.00066489
0.00066489
0.00066489
0.00066489
0.00066489
0.00066489
0.00066489
0.00066489
0.00066489
0.00066489
0.00066489
0.00066489
0.00066489
0.00066489
0.00066489
0.00066489
0.00066489
0.00066489
0.00066489
0.00066489
0.00066489
0.00066489
0.00066489
0.00066489
0.00066489
0.00066489
0.00066489
0.00066489
0.00066489
0.00066489
0.00066489
0.00066489
0.00066489
0.00066489
0.00066489
0.00066489
0.00066489
0.00066489
0.00066489
0.00066489
0.00066489
0.00066489
0.00066489
0.00066489
0.00066489
0.00066489
0.00066489
0.00066489
0.00066489
0.00066489
0.00066489
0.00066489
0.00066489
0.00066489
0.00066489
0.00066489
0.00066489
0.00066489
0.00066489
0.00066489
0.00066489
0.00066489
0.00066489
0.00066489
0.00066489
0.00066489
0.00066489
0.00066489
0.00066489
0.00066489
0.00066489
0.00066489
0.00066489
0.00066489
0.00066489
0.00066489
0.00066489
0.00066489
0.00066489
0.00066489
0.00066489
0.00066489
0.00066489
0.00066489
0.00066489
0.00066489
0.00066489
0.00066489
0.00066489
0.00066489
0.00066489
0.00066489
0.00066489
0.00066489
0.00066489
0.00066489
0.00066489
0.00066489
0.00066489
0.00066489
0.00066489
0.00066489
0.00066489
0.00066489
0.00066489
0.00066489
0.00066489
0.00066489
0.00066489
0.00066489
0.00066489
0.00066489
0.00066489
0.00066489
0.00066489
0.00066489
0.00066489
0.00066489
0.00066489
0.00066489
0.00066489
0.00066489
0.00066489
0.00066489
0.00066489
0.00066489
0.00066489
0.00066489
0.00066489
0.00066489
0.00066489
0.00066489
0.00066489
0.00066489
0.00066489
0.00066489
0.00066489
0.00066489
0.00066489
0.00066489
0.00066489
0.00066489
0.00066489
0.00066489
0.00066489
0.00066489
0.00066489
0.00066489
0.00066489
0.00066489
0.00066489
0.00066489
0.00066489
0.00066489
0.00066489
0.00066489
0.00066489
0.00066489
0.00066489
0.00066489
0.00066489
0.00066489
0.00066489
0.00066489
0.00066489
0.00066489
0.00066489
0.00066489
0.00066489
0.00066489
0.00066489
0.00066489
0.00066489
0.00066489
0.00066489
0.00066489
0.00066489
0.00066489
0.00066489
0.00066489
0.00066489
0.00066489
0.00066489
0.00066489
0.00066489
0.00066489
0.00066489
0.00066489
0.00066489
0.00066489
0.00066489
0.00066489
0.00066489
0.00066489
0.00066489
0.00066489
0.00066489
0.00066489
0.00066489
0.00066489
0.00066489
0.00066489
0.00066489
0.00066489
0.00066489
0.00066489
0.00066489
0.00066489
0.00066489
0.00066489
0.00066489
0.00066489
0.00066489
0.00066489
0.00066489
0.00066489
0.00066489
0.00066489
0.00066489
0.00066489
0.00066489
0.00066489
0.00066489
0.00066489
0.00066489
0.00066489
0.00066489
0.00066489
0.00066489
0.00066489
0.00066489
0.00066489
0.00066489
0.00066489
0.00066489
0.00066489
0.00066489
0.00066489
0.00066489
0.00066489
0.00066489
0.00066489
0.00066489
0.00066489
0.00066489
0.00066489
0.00066489
0.00066489
0.00066489
0.00066489
0.00066489
0.00066489
0.00066489
0.00066489
0.00066489
0.00066489
0.00066489
0.00066489
0.00066489
0.00066489
0.00066489
0.00066489
0.00066489
0.00066489
0.00066489
0.00066489
0.00066489
0.00066489
0.00066489
0.00066489
0.00066489
0.00066489
0.00066489
0.00066489
0.00066489
0.00066489
0.00066489
0.00066489
0.00066489
0.00066489
0.00066489
0.00066489
0.00066489
0.00066489
0.00066489
0.00066489
0.00066489
0.00066489
0.00066489
0.00066489
0.00066489
0.00066489
0.00066489
0.00066489
0.00066489
0.00066489
0.00066489
0.00066489
0.00066489
0.00066489
0.00066489
0.00066489
0.00066489
0.00066489
0.00066489
0.00066489
0.00066489
0.00066489
0.00066489
0.00066489
0.00066489
0.00066489
0.00066489
0.00066489
0.00066489
0.00066489
0.00066489
0.00066489
0.00066489
0.00066489
0.00066489
0.00066489
0.00066489
0.00066489
0.00066489
0.00066489
0.00066489
0.00066489
0.00066489
0.00066489
0.00066489
0.00066489
0.00066489
0.00066489
0.00066489
0.00066489
0.00066489
0.00066489
0.00066489
0.00066489
0.00066489
0.00066489
0.00066489
0.00066489
0.00066489
0.00066489
0.00066489
0.00066489
0.00066489
0.00066489
0.00066489
0.00066489
0.00066489
0.00066489
0.00066489
0.00066489
0.00066489
0.00066489
0.00066489
0.00066489
0.00066489
0.00066489
0.00066489
0.00066489
0.00066489
0.00066489
0.00066489
0.00066489
0.00066489
0.00066489
0.00066489
0.00066489
0.00066489
0.00066489
0.00066489
0.00066489
0.00066489
0.00066489
0.00066489
0.00066489
0.00066489
0.00066489
0.00066489
0.00066489
0.00066489
0.00066489
0.00066489
0.00066489
0.00066489
0.00066489
0.00066489
0.00066489
0.00066489
0.00066489
0.00066489
0.00066489
0.00066489
0.00066489
0.00066489
0.00066489
0.00066489
0.00066489
0.00066489
0.00066489
0.00066489
0.00066489
0.00066489
0.00066489
0.00066489
0.00066489
0.00066489
0.00066489
0.00066489
0.00066489
0.00066489
0.00066489
0.00066489
0.00066489
0.00066489
0.00066489
0.00066489
0.00066489
0.00066489
0.00066489
0.00066489
0.00066489
0.00066489
0.00066489
0.00066489
0.00066489
0.00066489
0.00066489
0.00066489
0.00066489
0.00066489
0.00066489
0.00066489
0.00066489
0.00066489
0.00066489
0.00066489
0.00066489
0.00066489
0.00066489
0.00066489
0.00066489
0.00066489
0.00066489
0.00066489
0.00066489
0.00066489
0.00066489
0.00066489
0.00066489
0.00066489
0.00066489
0.00066489
0.00066489
0.00066489
0.00066489
0.00066489
0.00066489
0.00066489
0.00066489
0.00066489
0.00066489
0.00066489
0.00066489
0.00066489
0.00066489
0.00066489
0.00066489
0.00066489
0.00066489
0.00066489
0.00066489
0.00066489
0.00066489
0.00066489
0.00066489
0.00066489
0.00066489
0.00066489
0.00066489
0.00066489
0.00066489
0.00066489
0.00066489
0.00066489
0.00066489
0.00066489
0.00066489
0.00066489
0.00066489
0.00066489
0.00066489
0.00066489
0.00066489
0.00066489
0.00066489
0.00066489
0.00066489
0.00066489
0.00066489
0.00066489
0.00066489
0.00066489
0.00066489
0.00066489
0.00066489
0.00066489
0.00066489
0.00066489
0.00066489
0.00066489
0.00066489
0.00066489
0.00066489
0.00066489
0.00066489
0.00066489
0.00066489
0.00066489
0.00066489
0.00066489
0.00066489
0.00066489
0.00066489
0.00066489
0.00066489
0.00066489
0.00066489
0.00066489
0.00066489
0.00066489
0.00066489
0.00066489
0.00066489
0.00066489
0.00066489
0.00066489
0.00066489
0.00066489
0.00066489
0.00066489
0.00066489
0.00066489
0.00066489
0.00066489
0.00066489
0.00066489
0.00066489
0.00066489
0.00066489
0.00066489
0.00066489
0.00066489
0.00066489
0.00066489
0.00066489
0.00066489
0.00066489
0.00066489
0.00066489
0.00066489
0.00066489
0.00066489
0.00066489
0.00066489
0.00066489
0.00066489
0.00066489
0.00066489
0.00066489
0.00066489
0.00066489
0.00066489
0.00066489
0.00066489
0.00066489
0.00066489
0.00066489
0.00066489
0.00066489
0.00066489
0.00066489
0.00066489
0.00066489
0.00066489
0.00066489
0.00066489
0.00066489
0.00066489
0.00066489
0.00066489
0.00066489
0.00066489
0.00066489
0.00066489
0.00066489
0.00066489
0.00066489
0.00066489
0.00066489
0.00066489
0.00066489
0.00066489
0.00066489
0.00066489
0.00066489
0.00066489
0.00066489
0.00066489
0.00066489
0.00066489
0.00066489
0.00066489
0.00066489
0.00066489
0.00066489
0.00066489
0.00066489
0.00066489
0.00066489
0.00066489
0.00066489
0.00066489
0.00066489
0.00066489
0.00066489
0.00066489
0.00066489
0.00066489
0.00066489
0.00066489
0.00066489
0.00066489
0.00066489
0.00066489
0.00066489
0.00066489
0.00066489
0.00066489
0.00066489
0.00066489
0.00066489
0.00066489
0.00066489
0.00066489
0.00066489
0.00066489
0.00066489
0.00066489
0.00066489
0.00066489
0.00066489
0.00066489
0.00066489
0.00066489
0.00066489
0.00066489
0.00066489
0.00066489
0.00066489
0.00066489
0.00066489
0.00066489
0.00066489
0.00066489
0.00066489
0.00066489
0.00066489
0.00066489
0.00066489
0.00066489
0.00066489
0.00066489
0.00066489
0.00066489
0.00066489
0.00066489
0.00066489
0.00066489
0.00066489
0.00066489
0.00066489
0.00066489
0.00066489
0.00066489
0.00066489
0.00066489
0.00066489
0.00066489
0.00066489
0.00066489
0.00066489
0.00066489
0.00066489
0.00066489
0.00066489
0.00066489
0.00066489
0.00066489
0.00066489
0.00066489
0.00066489
0.00066489
0.00066489
0.00066489
0.00066489
0.00066489
0.00066489
0.00066489
0.00066489
0.00066489
0.00066489
0.00066489
0.00066489
0.00066489
0.00066489
0.00066489
0.00066489
0.00066489
0.00066489
0.00066489
0.00066489
0.00066489
0.00066489
0.00066489
0.00066489
0.00066489
0.00066489
0.00066489
0.00066489
0.00066489
0.00066489
0.00066489
0.00066489
0.00066489
0.00066489
0.00066489
0.00066489
0.00066489
0.00066489
0.00066489
0.00066489
0.00066489
0.00066489
0.00066489
0.00066489
0.00066489
0.00066489
0.00066489
0.00066489
0.00066489
0.00066489
0.00066489
0.00066489
0.00066489
0.00066489
0.00066489
0.00066489
0.00066489
0.00066489
0.00066489
0.00066489
0.00066489
0.00066489
0.00066489
0.00066489
