0.81872510
0.77290837
0.73505976
0.70517928
0.69521912
0.66334661
0.61553785
0.57768924
0.54780876
0.52589641
0.50597610
0.47609562
0.43824701
0.43027888
0.41633466
0.39641434
0.38844622
0.38047809
0.37051793
0.30677291
0.21314741
0.21314741
0.19123506
0.19123506
0.13944223
0.13944223
0.13944223
0.05378486
0.05378486
0.05378486
0.05378486
0.05378486
0.05378486
0.05378486
0.05378486
0.05378486
0.05378486
0.01593625
0.01593625
0.01593625
0.01593625
0.01593625
0.01593625
0.01593625
0.01195219
0.01195219
0.01195219
0.01195219
0.01195219
0.00996016
0.00996016
0.00996016
0.00996016
0.00996016
0.00996016
0.00796813
0.00796813
0.00796813
0.00796813
0.00796813
0.00796813
0.00796813
0.00796813
0.00796813
0.00597610
0.00597610
0.00597610
0.00597610
0.00597610
0.00597610
0.00597610
0.00597610
0.00597610
0.00597610
0.00597610
0.00597610
0.00597610
0.00597610
0.00597610
0.00597610
0.00597610
0.00398406
0.00398406
0.00398406
0.00398406
0.00398406
0.00398406
0.00398406
0.00398406
0.00398406
0.00398406
0.00398406
0.00398406
0.00398406
0.00398406
0.00398406
0.00398406
0.00398406
0.00398406
0.00398406
0.00398406
0.00398406
0.00398406
0.00398406
0.00398406
0.00398406
0.00398406
0.00398406
0.00398406
0.00398406
0.00398406
0.00398406
0.00398406
0.00398406
0.00398406
0.00398406
0.00398406
0.00398406
0.00398406
0.00398406
0.00398406
0.00398406
0.00398406
0.00398406
0.00398406
0.00398406
0.00398406
0.00398406
0.00398406
0.00398406
0.00398406
0.00398406
0.00398406
0.00398406
0.00398406
0.00398406
0.00398406
0.00398406
0.00398406
0.00398406
0.00398406
0.00199203
0.00199203
0.00199203
0.00199203
0.00199203
0.00199203
0.00199203
0.00199203
0.00199203
0.00199203
0.00199203
0.00199203
0.00199203
0.00199203
0.00199203
0.00199203
0.00199203
0.00199203
0.00199203
0.00199203
0.00199203
0.00199203
0.00199203
0.00199203
0.00199203
0.00199203
0.00199203
0.00199203
0.00199203
0.00199203
0.00199203
0.00199203
0.00199203
0.00199203
0.00199203
0.00199203
0.00199203
0.00199203
0.00199203
0.00199203
0.00199203
0.00199203
0.00199203
0.00199203
0.00199203
0.00199203
0.00199203
0.00199203
0.00199203
0.00199203
0.00199203
0.00199203
0.00199203
0.00199203
0.00199203
0.00199203
0.00199203
0.00199203
0.00199203
0.00199203
0.00199203
0.00199203
0.00199203
0.00199203
0.00199203
0.00199203
0.00199203
0.00199203
0.00199203
0.00199203
0.00199203
0.00199203
0.00199203
0.00199203
0.00199203
0.00199203
0.00199203
0.00199203
0.00199203
0.00199203
0.00199203
0.00199203
0.00199203
0.00199203
0.00199203
0.00199203
0.00199203
0.00199203
0.00199203
0.00199203
0.00199203
0.00199203
0.00199203
0.00199203
0.00199203
0.00199203
0.00199203
0.00199203
0.00199203
0.00199203
0.00199203
0.00199203
0.00199203
0.00199203
0.00199203
0.00199203
0.00199203
0.00199203
0.00199203
0.00199203
0.00199203
0.00199203
0.00199203
0.00199203
0.00199203
0.00199203
0.00199203
0.00199203
0.00199203
0.00199203
0.00199203
0.00199203
0.00199203
0.00199203
0.00199203
0.00199203
0.00199203
0.00199203
0.00199203
0.00199203
0.00199203
0.00199203
0.00199203
0.00199203
0.00199203
0.00199203
0.00199203
0.00199203
0.00199203
0.00199203
0.00199203
0.00199203
0.00199203
0.00199203
0.00199203
0.00199203
0.00199203
0.00199203
0.00199203
0.00199203
0.00199203
0.00199203
0.00199203
0.00199203
0.00199203
0.00199203
0.00199203
0.00199203
0.00199203
0.00199203
0.00199203
0.00199203
0.00199203
0.00199203
0.00199203
0.00199203
0.00199203
0.00199203
0.00199203
0.00199203
0.00199203
0.00199203
0.00199203
0.00199203
0.00199203
0.00199203
0.00199203
0.00199203
0.00199203
0.00199203
0.00199203
0.00199203
0.00199203
0.00199203
0.00199203
0.00199203
0.00199203
0.00199203
0.00199203
0.00199203
0.00199203
0.00199203
0.00199203
0.00199203
0.00199203
0.00199203
0.00199203
0.00199203
0.00199203
0.00199203
0.00199203
0.00199203
0.00199203
0.00199203
0.00199203
0.00199203
0.00199203
0.00199203
0.00199203
0.00199203
0.00199203
0.00199203
0.00199203
0.00199203
0.00199203
0.00199203
0.00199203
0.00199203
0.00199203
0.00199203
0.00199203
0.00199203
0.00199203
0.00199203
0.00199203
0.00199203
0.00199203
0.00199203
0.00199203
0.00199203
0.00199203
0.00199203
0.00199203
0.00199203
0.00199203
0.00199203
0.00199203
0.00199203
0.00199203
0.00199203
0.00199203
0.00199203
0.00199203
0.00199203
0.00199203
0.00199203
0.00199203
0.00199203
0.00199203
0.00199203
0.00199203
0.00199203
0.00199203
0.00199203
0.00199203
0.00199203
0.00199203
0.00199203
0.00199203
0.00199203
0.00199203
0.00199203
0.00199203
0.00199203
0.00199203
0.00199203
0.00199203
0.00199203
0.00199203
0.00199203
0.00199203
0.00199203
0.00199203
0.00199203
0.00199203
0.00199203
0.00199203
0.00199203
0.00199203
0.00199203
0.00199203
0.00199203
0.00199203
0.00199203
0.00199203
0.00199203
0.00199203
0.00199203
0.00199203
0.00199203
0.00199203
0.00199203
0.00199203
0.00199203
0.00199203
0.00199203
0.00199203
0.00199203
0.00199203
0.00199203
0.00199203
0.00199203
0.00199203
0.00199203
0.00199203
0.00199203
0.00199203
0.00199203
0.00199203
0.00199203
0.00199203
0.00199203
0.00199203
0.00199203
0.00199203
0.00199203
0.00199203
0.00199203
0.00199203
0.00199203
0.00199203
0.00199203
0.00199203
0.00199203
0.00199203
0.00199203
0.00199203
0.00199203
0.00199203
0.00199203
0.00199203
0.00199203
0.00199203
0.00199203
0.00199203
0.00199203
0.00199203
0.00199203
0.00199203
0.00199203
0.00199203
0.00199203
0.00199203
0.00199203
0.00199203
0.00199203
0.00199203
0.00199203
0.00199203
0.00199203
0.00199203
0.00199203
0.00199203
0.00199203
0.00199203
0.00199203
0.00199203
0.00199203
0.00199203
0.00199203
0.00199203
