0.66153846
0.50256410
0.42051282
0.39487179
0.32820513
0.30769231
0.16410256
0.16410256
0.12307692
0.09743590
0.07179487
0.03589744
0.03076923
0.03076923
0.03076923
0.02564103
0.02564103
0.02564103
0.02564103
0.02564103
0.02051282
0.01538462
0.01538462
0.01538462
0.01538462
0.01538462
0.01538462
0.01538462
0.01025641
0.01025641
0.01025641
0.01025641
0.01025641
0.01025641
0.01025641
0.01025641
0.01025641
0.01025641
0.01025641
0.01025641
0.01025641
0.01025641
0.01025641
0.01025641
0.01025641
0.01025641
0.01025641
0.01025641
0.01025641
0.01025641
0.01025641
0.00512821
0.00512821
0.00512821
0.00512821
0.00512821
0.00512821
0.00512821
0.00512821
0.00512821
0.00512821
0.00512821
0.00512821
0.00512821
0.00512821
0.00512821
0.00512821
0.00512821
0.00512821
0.00512821
0.00512821
0.00512821
0.00512821
0.00512821
0.00512821
0.00512821
0.00512821
0.00512821
0.00512821
0.00512821
0.00512821
0.00512821
0.00512821
0.00512821
0.00512821
0.00512821
0.00512821
0.00512821
0.00512821
0.00512821
0.00512821
0.00512821
0.00512821
0.00512821
0.00512821
0.00512821
0.00512821
0.00512821
0.00512821
0.00512821
0.00512821
0.00512821
0.00512821
0.00512821
0.00512821
0.00512821
0.00512821
0.00512821
0.00512821
0.00512821
0.00512821
0.00512821
0.00512821
0.00512821
0.00512821
0.00512821
0.00512821
0.00512821
0.00512821
0.00512821
0.00512821
0.00512821
0.00512821
0.00512821
0.00512821
0.00512821
0.00512821
0.00512821
0.00512821
0.00512821
0.00512821
0.00512821
0.00512821
0.00512821
0.00512821
0.00512821
0.00512821
0.00512821
0.00512821
0.00512821
0.00512821
0.00512821
0.00512821
0.00512821
0.00512821
0.00512821
0.00512821
0.00512821
0.00512821
0.00512821
0.00512821
0.00512821
0.00512821
0.00512821
0.00512821
0.00512821
0.00512821
0.00512821
0.00512821
0.00512821
0.00512821
0.00512821
0.00512821
0.00512821
0.00512821
0.00512821
0.00512821
0.00512821
0.00512821
0.00512821
0.00512821
0.00512821
0.00512821
0.00512821
0.00512821
0.00512821
0.00512821
0.00512821
0.00512821
0.00512821
0.00512821
0.00512821
0.00512821
0.00512821
0.00512821
0.00512821
0.00512821
0.00512821
0.00512821
0.00512821
0.00512821
0.00512821
0.00512821
0.00512821
0.00512821
