425
486
375
178
77
411
408
250
444
95
501
459
344
183
76
462
463
302
231
208
182
403
84
294
30
75
449
210
394
290
334
72
433
345
120
341
306
185
359
406
155
494
217
292
65
337
492
310
199
146
419
162
315
350
351
424
241
31
260
163
369
227
415
28
176
488
293
410
323
106
329
101
422
307
266
354
303
8
278
164
447
112
111
200
109
275
402
335
331
102
272
71
440
437
205
401
132
361
209
277
500
479
126
458
297
145
288
384
38
40
393
280
445
386
133
254
139
147
220
327
376
451
450
378
259
365
226
222
258
232
20
160
317
225
282
373
300
186
148
1
2
