238
791
545
291
471
516
195
436
505
709
481
102
327
1052
889
567
700
765
772
1051
601
401
1016
420
279
975
45
717
773
1033
951
917
6
556
112
1104
1064
673
593
949
976
482
239
615
147
603
788
899
398
1122
1066
457
1018
864
560
806
44
411
193
212
329
332
497
8
861
74
109
177
118
907
265
27
87
1078
130
488
1106
527
1060
847
675
69
139
41
340
38
394
1076
26
111
693
574
1034
284
925
1000
1025
751
946
774
450
402
585
206
943
197
422
413
854
927
761
24
51
88
243
68
433
223
263
344
283
894
174
551
303
1093
441
748
115
753
759
763
1024
251
20
307
264
14
726
89
479
255
767
49
631
258
1045
205
947
77
939
919
901
67
103
588
308
548
618
575
242
160
70
572
163
838
304
738
1022
437
435
421
86
504
511
564
752
1057
301
360
877
845
826
1070
802
1081
300
292
138
107
1102
262
1101
529
533
261
338
528
349
172
341
690
542
920
918
180
689
549
970
1129
0
535
531
525
515
508
498
496
494
492
162
320
1127
702
914
555
166
244
18
483
696
565
324
321
637
314
898
306
305
908
887
298
570
151
149
569
716
932
334
934
722
336
215
886
199
200
202
973
972
209
211
966
214
749
357
935
578
136
725
616
196
477
198
475
964
350
929
930
931
337
557
120
1103
290
728
128
1109
1123
562
884
600
981
466
729
182
460
187
552
369
353
942
944
581
714
114
131
289
739
1080
1090
1099
1001
447
592
957
963
438
956
451
1068
256
419
452
96
104
857
680
269
866
158
831
629
710
1062
1069
1047
52
458
50
885
48
652
113
396
63
650
247
804
406
997
809
960
954
922
643
371
226
663
636
750
133
609
33
287
140
161
713
218
30
878
