8451
4890
4860
3751
15470
12325
4974
3023
7375
2896
4869
18449
852
26892
24861
3589
13711
10612
20403
4394
11854
22404
21815
395
25692
13993
8549
8134
3766
18455
3681
26946
9001
8665
8449
4271
14016
21579
2850
9069
21243
11574
20425
12596
7569
23623
28536
14163
5021
7515
10074
21078
4014
1827
27499
3677
16539
2261
7322
21181
12702
27579
9523
12391
10817
16646
16451
1383
14257
808
12677
16953
20186
1592
4864
4105
12612
24519
18433
1180
8239
3464
13963
5012
13412
346
7306
18186
23533
9457
1160
4629
8921
7010
332
5338
27944
21855
5163
4022
20652
10561
10606
11448
8162
20050
22936
1656
28234
4436
8859
4872
3068
2339
21752
10965
10576
15191
24151
8404
19719
6500
9343
2346
18924
9974
10804
3643
14713
5404
12589
8116
13043
5585
13161
10237
27500
5485
2591
9578
1943
9725
21115
14248
13373
16080
2046
1613
20312
3541
103
3439
4968
19504
298
9569
3033
5039
3099
16188
13706
23622
4572
26241
2588
1502
4528
6704
25683
3049
20491
8751
6942
3098
14023
7934
24983
9872
8421
10912
4395
25769
5146
10850
20299
15831
20902
25235
8861
14863
1637
5018
5778
10069
18453
5022
2162
13384
3544
5583
8575
24884
13643
7331
5554
390
27504
9999
3210
17175
26497
12050
10285
5940
1130
12373
5116
17502
19281
5159
5225
18411
10768
18138
6987
27075
22877
9582
2052
16737
24609
7296
24938
6948
1767
1757
9667
296
4818
27083
2651
24521
11109
10773
15951
5883
16191
3575
5737
24748
3798
2752
17117
6736
3796
17611
1004
2193
18696
1239
5895
4906
17225
19482
2563
734
12511
24691
17785
21252
17745
26855
220
23329
5603
18143
6242
25430
5382
6413
3218
22192
15204
13648
2646
21295
1922
4573
18671
18642
15046
18187
25669
3743
3627
2954
1589
2141
11577
20659
15724
4875
1803
8470
23173
10761
10764
9468
7605
15874
4944
2136
27076
27794
19821
8287
3633
5144
8406
16351
3771
22657
4678
12569
10947
20301
7505
27434
6643
20297
22358
20830
538
26558
15620
9867
22107
26491
22483
21180
18901
17744
1596
19122
27284
14705
13423
16839
1090
16888
9324
6348
13799
29160
13660
2450
21568
15778
10314
675
18985
18456
10265
11715
13997
28039
22157
8787
955
8572
14188
16396
3921
21153
20001
16947
2050
13421
13367
15166
1020
16736
15591
21583
21582
2555
6530
13447
19303
22728
847
1759
16261
7739
9675
25944
25204
2007
22878
15867
11146
6490
1743
79
4206
15610
1184
2284
3750
128
6965
2626
4060
15436
4428
17182
7867
8979
11954
2309
5959
17873
4010
12076
22141
24261
930
10070
3452
12115
12773
4233
16554
19078
5396
1012
8745
27305
10218
10878
13363
24296
18929
379
7520
18214
15593
4423
2456
8711
9278
9587
14041
5130
20846
1504
26042
3947
27778
2149
4116
8286
13884
24886
8183
5356
20856
7290
27620
14641
1077
13362
12144
6699
3451
7327
17784
17392
10793
1112
16920
23592
26778
19010
3780
12022
15548
4502
11038
14327
25146
23866
5379
19520
15809
10283
315
19903
29601
27716
11406
4321
8550
19514
6703
27321
25151
20654
11580
6572
10958
815
15089
67
7246
2673
8672
14063
6681
26763
21608
5444
15817
21291
15173
4525
7336
8841
14868
6578
10299
11022
9745
18690
8790
7595
38
18452
897
8149
1275
9163
7034
10007
322
16186
7372
12639
7869
13386
16075
16287
26522
1283
949
7585
20758
160
3040
6907
12950
2285
953
23904
5087
5584
2128
806
25359
9718
5719
27334
3100
4177
12712
3560
22595
14232
6683
25236
26674
14539
20351
18987
8418
9363
2539
19773
1150
10360
8288
18184
1975
23195
12023
12121
22972
6116
13343
25717
3847
780
27692
16827
11343
5949
686
16938
25273
13650
15558
3057
7896
14929
1455
21152
5492
25277
13651
23341
653
1493
20076
23476
11145
16101
7128
10594
24485
18404
6421
29239
2473
420
13656
13712
1261
18263
27457
8675
5779
23931
29067
22929
8390
3237
23243
25856
19253
14196
21963
9327
13148
21645
9544
20000
16143
1010
1653
1901
9964
14623
4478
9519
5121
2604
25492
10742
6533
16006
16106
4938
24575
3438
5990
13932
2913
21997
12027
24614
9621
1813
21132
928
21094
21093
4536
8160
12847
13654
4152
13564
14306
7499
21851
25009
4691
6714
1587
11683
20372
3338
1567
15100
24574
11403
24375
8407
19211
6165
9868
7893
17479
18148
4276
23178
27
3118
10613
8310
22180
14700
3821
5518
19720
19
27688
7492
10753
26382
2928
17059
11047
290
16187
5730
25618
9734
18444
14341
5155
512
4895
21782
1916
16641
20648
5636
19900
23097
23106
13842
17755
15890
5240
9693
14542
17721
12343
26876
7496
9467
23758
17152
4729
8248
17060
2656
9576
22666
1988
12902
4787
1927
13539
5120
5232
8626
17226
671
6841
1035
10836
22557
7725
10238
26314
9829
1492
18440
17613
15712
4125
6220
16310
9007
4075
26062
9047
12295
18435
18454
18443
18441
18437
8749
6228
15748
24229
10575
427
17996
27148
17190
18311
105
1955
21604
20913
7683
9537
7158
16115
13700
14298
455
13442
5405
25687
12725
718
6721
13944
27848
15359
11444
13233
5055
253
10955
5143
561
13504
5227
11583
26019
5454
5506
5687
1533
11672
3682
17600
1959
5844
2051
11173
20515
10024
7730
1175
764
18670
5697
1468
4353
2495
1611
9551
7196
16783
22624
26325
15084
8746
959
16292
3476
13887
6018
790
27372
18207
10696
16824
26322
20761
11594
10611
20210
16826
196
20912
9622
16757
9924
3545
1892
17222
766
17422
5117
25898
7155
11657
18870
8768
8560
25792
20368
6246
16828
9547
18992
3642
26427
13871
11685
16526
3504
2825
3162
12036
2241
21773
5947
2681
26891
27370
27368
27366
27367
26288
26070
27371
3497
11999
27183
2921
25418
25756
27839
22048
5495
5967
20260
13146
13882
14683
4057
10474
8782
16666
18646
657
21868
20423
20693
24642
5226
17614
1007
24651
26723
10560
4789
23018
14679
737
22174
7340
8249
7733
29074
15099
8145
21169
12030
23609
27042
16883
3858
7154
18489
9197
838
1196
10571
8510
4129
11676
20176
4479
11482
20988
5645
16606
10562
21754
1083
5218
11793
1235
17812
1085
2536
3066
3261
16982
9160
24039
10064
5337
5031
29131
5734
23289
4741
6630
15711
4583
8430
8403
609
24297
1265
8166
6532
16343
3594
16083
8627
8992
28334
25259
24907
14319
11953
12292
3072
8795
19956
5812
9374
2204
20719
3790
25827
4587
11473
8775
18115
16764
6579
27317
10010
205
24186
12602
12609
12591
10797
26206
19930
10312
691
8835
19678
18919
9521
3316
9151
4245
5664
1601
20407
8024
21871
9339
8552
17781
10372
2697
7609
19766
5577
5451
13355
8734
1507
13845
4274
715
5251
17344
8565
14301
7394
20735
12910
15903
8413
167
5929
27234
3967
11305
4205
11345
22146
1929
7726
11543
12552
18717
18737
4452
11194
5110
275
12675
19928
28659
22588
6185
23519
12679
7294
6219
6999
21592
21575
21572
21589
21587
16112
21578
16808
18949
21569
21584
21565
21581
19565
24796
1917
12387
4210
10847
11091
2326
17394
26539
1269
854
3201
22927
13519
22887
18373
8477
27441
3196
8702
20077
4008
19722
12321
14886
13382
2421
10371
5686
7011
8168
2369
24656
460
3775
21350
14253
21129
16084
8972
16307
7803
6376
27864
28314
10095
1293
12901
21580
1580
1381
8828
8827
3212
22673
10546
17553
15163
14617
3330
19797
28678
4291
17756
12906
3819
11519
3209
27256
27255
9560
13204
25437
16814
27250
27253
27252
10491
22403
1638
8564
3222
4584
11993
6902
2984
13509
16726
24594
17425
3456
7267
18898
10578
28170
7612
8917
6290
24301
4957
871
11798
16170
7351
7313
7344
7349
7338
7328
366
84
16607
16169
12394
21680
20258
15924
24770
1470
7341
18191
29035
9508
5827
20764
4290
28827
18521
1682
20707
5133
6426
29432
23053
10984
12808
24095
7764
4574
10023
19491
15196
8003
9479
14986
2163
12449
5436
1253
1407
8682
13715
26474
14462
25614
26831
8118
2688
10210
5718
3783
5463
27228
14467
3829
18653
11196
24969
15976
26116
7022
7521
25610
5934
6741
12514
10400
7794
1011
26871
14285
1434
17265
4907
2715
8350
214
19231
6432
22230
811
19251
20657
20636
20660
20658
20217
15658
20655
20639
20640
20642
19500
16538
3662
17525
22763
21488
3309
8527
8432
10996
3628
940
1974
21504
24450
12587
20049
9912
268
10635
21478
3513
1578
7868
2809
2736
3680
9170
17146
7570
24474
5999
4639
8557
4774
3339
6718
6717
4570
6722
6706
6694
372
375
354
412
320
261
394
297
1462
14407
451
7837
5201
7892
22372
5890
8987
23028
16550
10124
6568
26813
15485
9873
29560
12826
2216
28652
8938
5219
5984
1791
3474
6486
9158
24504
25152
5823
18939
15793
6066
14439
16986
16683
489
3893
18235
21494
3946
14505
3676
21101
15785
20841
27297
4155
17900
22314
15892
3733
388
1001
5234
27673
5619
23639
22879
16682
7854
23575
7752
26330
22579
11674
16445
8667
8539
8615
20207
22465
13561
23270
29191
29094
22140
26913
3782
24707
1525
4823
22276
9871
1526
2969
504
11209
10548
2669
361
362
284
29292
17897
24779
4684
20015
18614
15968
10574
14850
6075
14709
21183
19741
7504
15802
19363
11595
3907
9444
9465
25742
15597
5002
1519
22247
677
10480
21903
2980
9926
15859
10783
1948
22402
6996
10609
10593
10615
17336
7742
25880
11316
19531
5851
17860
7334
19328
29472
28670
14909
26142
5414
10977
1345
11411
288
12895
21142
25912
18748
13141
17413
4687
9137
17258
14902
16924
27795
25771
27797
9056
11969
27796
23986
11362
18933
21740
1545
7901
11453
15676
27687
27690
27689
17030
27691
27694
26690
22370
27695
27696
13319
5776
27693
22492
25603
25729
3401
16282
15354
18547
6278
9064
2783
8020
18563
20514
25867
7533
23433
1626
20078
14697
17252
14046
25722
4961
7762
1722
15953
8963
17449
18515
12152
14237
5802
9901
22331
9289
12943
27359
27360
19512
15815
2762
5150
14400
2166
12806
5465
3468
17416
18619
8857
21567
11926
4529
14849
13881
24545
13037
1760
2489
168
19415
5620
2224
24150
19965
1372
14303
3423
4960
11021
3805
22837
27654
25270
5693
13403
107
19887
1009
7482
24650
3551
16796
16298
13840
19902
24048
17080
18954
27376
27378
21842
4830
11224
7878
6179
27377
27382
22618
25977
27380
20408
14908
27381
3652
21838
18470
24824
2042
3816
2159
2490
22782
22783
14792
21971
9267
186
7785
2254
4840
20684
8389
23264
12585
5151
5132
5137
5161
2605
16542
23995
12878
1412
14204
10154
4980
18181
10693
13279
16543
27136
3669
1241
7074
6302
112
648
5123
14031
19102
10334
10398
14110
17474
5599
22142
927
27810
11582
27800
18500
1126
23948
11699
13517
1539
13885
14394
3480
22780
20159
14059
25092
25093
25095
25097
21745
450
13462
11024
2044
6088
1430
17638
835
14633
27961
14584
11944
16522
165
80
999
964
1913
18932
239
1140
9516
3128
29127
16792
5843
25881
2737
18610
25883
23679
21518
19544
25885
17633
2658
15912
14749
16009
380
3696
11596
406
3373
302
26991
25314
19158
9249
334
8718
13789
2469
22407
8308
12106
14066
12368
4367
28529
6204
22046
21564
4651
219
16708
12245
182
6855
9435
19291
24652
7060
14646
14840
6485
22361
4677
18241
29272
28800
9365
6178
15353
10543
25107
28602
23828
28093
19168
3181
24080
23678
28714
29073
26085
29071
12329
26117
818
20381
26047
28993
5773
6160
29072
28516
10517
16610
697
28918
28897
18598
25755
23077
17644
28426
14154
22291
18009
6101
24856
1168
25351
12217
28844
28843
23307
25089
22205
5869
11910
17391
6064
5330
28757
419
9638
4419
23842
14534
5604
5153
19473
19721
3830
17405
20800
19874
11589
22359
22360
22364
22357
22365
22368
18072
3166
6009
12638
24582
22105
4932
12086
22059
2831
20499
24569
24572
24579
2038
24573
20504
3789
2058
5333
2960
2151
23538
1458
11019
14197
14195
14194
14180
14187
14186
14178
1166
20577
3934
7698
14600
6121
25217
29451
28138
27128
28900
8603
27533
29365
28485
27749
8500
28907
28081
8429
5237
963
12678
1500
20824
27865
24794
5498
27868
3891
27867
3784
3768
3761
3758
3799
3800
8408
4617
18056
7708
18185
3670
1197
7333
24118
2514
762
16681
13295
24298
24302
21577
3024
8873
4077
5014
7722
5198
52
12142
19955
5139
6899
6835
22311
1224
16658
16654
16642
16649
16639
2935
12994
1272
26595
7330
3755
21346
22128
24478
11790
21348
6406
24409
9395
28201
26618
2647
7478
14541
5128
4882
1910
12016
9236
24615
21485
494
4031
4131
13174
8244
890
17140
23268
22920
6512
13168
13162
13135
13171
13136
13156
13158
13166
13159
13137
13154
2615
23017
27495
1604
22471
21211
517
10921
7697
1801
24570
1273
22714
13067
4620
3738
24285
502
2644
271
3757
14851
20801
1735
16074
21937
14153
6300
16755
19110
13666
2340
9059
15797
26457
26455
9806
14240
24001
19017
23751
27451
27450
27417
24725
23108
12641
2876
2952
3510
3548
3493
3473
3555
3537
3526
3528
3470
3557
3556
3523
26132
26131
26134
18859
18558
26130
25448
11112
29330
25870
29331
25036
29329
25187
21900
8374
13979
4151
23746
19428
13864
23454
27493
19747
23945
20618
24196
22182
5932
9341
3371
15006
10748
2435
16239
26943
14598
12333
11928
5907
2391
26776
3958
27551
3492
10393
11346
7875
17313
26356
13098
3343
25605
28863
19497
18252
28218
23406
27280
29125
29195
26220
28364
8536
12025
12028
12024
12029
4071
16878
23977
19635
27204
28912
29025
24648
27707
26982
29023
28302
8649
18345
15848
14976
9179
15904
18203
13208
18200
18199
18196
18194
18193
18192
18190
18189
18188
18202
18206
1148
18664
3188
19668
23949
23084
12247
24846
10009
8401
8391
8397
1576
8423
8428
1807
1120
3625
10382
7776
7773
2790
7084
7766
7765
7760
7728
7731
7753
7737
7738
7750
14706
8353
14704
14702
20493
23996
6239
15769
7317
12059
1173
2916
21416
1987
6728
5399
9541
9689
944
21616
11327
19518
5824
403
6344
18501
28291
10822
20492
6411
25547
26110
26109
15707
16345
8442
21409
5122
8778
9486
2130
1529
16240
13565
24501
26504
8412
24149
2413
13488
10969
19264
15143
21664
27460
10288
17450
5035
9546
16702
12705
13188
6202
4056
2259
4773
10180
2842
1006
8419
16465
29505
29379
15266
17717
19717
18073
19079
20688
25508
6457
27081
24266
17378
28619
28620
28621
28622
28623
3090
27174
18836
25016
6102
15563
3860
1204
20164
5480
3001
7512
13623
3762
24678
21612
11914
11917
11919
1992
1092
1365
656
642
11908
7727
53
2499
2755
3483
13709
1181
7924
585
4836
2704
3531
4622
2246
27301
1362
1615
2227
27445
18197
12243
1597
26428
26853
6720
12201
7751
513
8393
8398
27878
25022
27879
9394
18371
19080
15870
1157
18915
18374
16281
25164
8241
6062
1664
23843
23844
687
4670
755
16774
6980
19924
15570
313
11808
5081
24777
21825
24774
24778
17402
19521
20360
24775
18261
2475
6425
13646
13665
9741
13657
13655
25612
13566
25615
25611
25613
23628
644
20328
11347
24274
1326
1339
27759
28137
973
20553
4548
583
10532
22822
26502
11161
11188
11162
11179
11197
11164
11198
11175
11177
11178
23132
15094
18236
13170
22398
21167
24613
14914
24610
24606
13600
6516
17552
22162
29144
23453
13563
29334
28423
11553
7510
16856
5173
25713
19489
16422
23183
18342
472
7900
22021
3430
13461
3521
7361
471
4398
13302
278
8448
23663
19050
2751
8396
16949
13974
12208
9617
11218
22857
16960
29465
25636
27289
9565
18492
14829
9665
15877
25292
3045
21364
9876
12250
24710
29402
16177
12171
3534
19147
24236
24235
9624
10331
840
8880
5200
29021
3507
23637
20130
14297
14313
13954
14300
1583
12388
7842
8394
11794
960
20803
21137
21136
21134
18205
109
5692
736
2253
25826
4459
21813
17584
7191
12617
4085
19223
1162
8195
11839
24581
4059
18538
18544
18537
14167
16997
17560
29159
16293
23351
17993
20663
3543
21289
4021
24992
15175
15170
15165
15174
15975
28507
28506
28330
303
6881
15085
15088
11906
8862
8858
8860
1189
1977
7942
9657
11780
381
28715
2180
3263
13627
7319
12287
6743
408
1159
12657
7579
11185
25884
4124
27519
5522
12949
6357
1563
1713
16541
7740
3884
13479
11654
22446
27603
28980
29075
2077
16286
28048
25980
23400
28049
5903
254
343
1420
2710
6871
4485
22974
2491
4219
6639
1187
13653
26881
2733
11180
23439
21985
19657
9574
27133
23069
14114
27645
29161
19708
10741
255
26875
19729
6544
1319
6780
1310
20731
24580
13455
27195
26492
29022
16540
16544
21004
12078
20138
16157
4795
25119
6826
16195
16192
27901
27955
17191
6349
24526
11913
16670
8057
16386
28813
12072
9216
24726
9681
17536
24686
26391
25943
21239
26003
24162
26393
20873
19248
29503
3873
13237
17275
17277
17279
17281
17283
9907
9900
9902
9905
9917
9921
20665
22565
22563
22564
7235
22567
22568
22571
22572
22573
22575
22577
21555
20485
25081
24346
9300
19212
4824
24023
20075
26483
19229
1506
11200
2013
3242
12701
259
25558
24974
2726
27078
21457
27492
23399
24939
2957
2671
20307
27933
957
28058
24295
21366
17477
4068
595
8968
27948
27947
9644
6197
21445
9685
9677
9672
10016
3010
3399
13739
13876
7554
21644
13762
9252
1324
11700
13145
9371
20295
20298
5784
20302
20300
20294
27738
25346
2295
11296
251
4158
17822
15932
26777
26313
9597
11418
4850
18315
3458
10720
25909
25910
25911
1062
25908
15578
387
12291
19485
3256
27341
27593
16023
18672
6441
5742
26090
19932
28041
20600
25044
28840
14563
8215
5372
9715
17253
20962
22018
12987
19240
29525
29650
29596
3804
212
24421
18471
1823
14030
845
11986
4954
16696
6958
11088
5787
12522
4766
12303
16341
16339
1893
2983
2973
345
6243
28108
11773
6301
638
8628
10778
10776
10771
10763
2274
10779
578
14060
18789
24491
10524
9874
1406
224
6975
9910
22316
13402
11341
27731
27732
27733
16725
24310
9790
8876
4239
22033
27623
19032
27456
27622
9572
13619
27583
1671
3277
26180
25072
26632
26629
18865
26628
26627
13786
26633
7000
29126
27886
22356
29380
25667
18408
18081
2275
17940
1338
2614
300
1348
1712
2398
3070
1290
9640
2510
7136
7013
21874
5403
21864
25082
5708
25084
2344
9716
7307
26477
26476
19381
26475
6249
6248
16882
3518
18431
15028
22570
28231
19549
22416
2729
6627
9166
12830
3203
330
5357
2068
10453
15736
3923
8737
11030
14115
12006
22676
514
2308
9455
16678
18234
10322
1351
11832
13701
1354
17997
6535
7085
3932
26432
20197
18424
10380
27135
23905
23927
4113
20066
23172
23429
28111
25616
27876
11809
14245
16189
23498
15775
26583
26582
26580
24369
26581
5242
5206
5229
5208
5212
5260
5215
28875
28544
19726
23885
26888
18429
26201
7090
20770
17119
17122
4226
12341
5013
13705
22566
25743
13880
9176
8335
23105
23104
10843
7318
5611
8117
1731
3956
17343
28605
7480
4030
28350
1305
15289
15286
15014
24818
29592
24760
29488
12970
9446
24554
3108
8450
27082
26901
27084
22924
21242
4388
22918
22922
22921
22919
22928
22926
22931
21534
8881
19685
6700
25801
13138
14078
27708
27710
27709
26772
20690
11259
4026
12393
26311
26309
26315
25223
19991
19692
26671
19038
19950
29084
15117
28783
28782
28255
23125
26949
6005
7309
6508
6538
6520
6531
6507
6525
6522
6515
6536
6488
6502
6495
6487
27678
27974
29208
29479
3213
16754
364
9410
14969
22905
11890
9342
17026
28343
4675
16945
12302
5799
11548
7962
3629
3655
3636
3667
3620
3671
9485
791
18601
10119
5842
28828
24022
12764
7509
9274
6832
6597
15139
26947
14927
22861
3969
22229
3319
10248
25316
20196
28171
22491
13976
11084
18778
7972
7923
365
16226
16228
16224
16230
8338
14050
4497
27050
24339
23968
21396
24338
24340
5892
4322
16477
3595
10261
534
5905
5900
5897
5891
5772
19511
27951
26779
22355
15183
14766
11911
6689
23657
10379
24722
21617
28906
1118
2796
1091
162
1552
2462
201
29531
28876
292
154
28675
3077
20
13250
14956
956
926
6123
353
4995
22089
25315
25313
24381
1697
1557
3025
9058
946
9835
27954
26365
8388
26461
26364
28017
14330
14621
14618
22313
22312
22310
22309
22308
22306
18240
11307
6499
27041
9253
12199
1453
82
6950
10875
16860
4073
4067
4065
4080
11584
11573
8981
8984
8969
8976
24248
18656
2924
6709
1138
932
7913
24941
26065
26067
11939
24522
24523
22028
10485
19478
19480
19483
19486
19487
19488
19490
19492
19493
19494
18098
10699
17329
17379
8936
15103
6509
11226
10032
1347
8067
10644
28808
4310
26480
23440
20594
28807
18722
25833
4626
12251
426
454
24168
24169
24171
1294
17894
26025
3887
27091
18926
17003
4409
19786
6518
8157
24028
27487
27329
4722
13846
21345
25138
2518
15918
23
20523
28298
20612
4272
523
20985
28130
28129
12438
12065
5894
15297
27442
14034
12254
2247
26377
20009
559
13383
23792
27278
24291
7144
28722
28860
1021
20725
29532
26397
14772
15840
26704
14673
6614
27156
28665
26148
7820
2910
11245
22916
28312
28163
19391
19581
19578
19577
21756
14160
11291
20370
15865
20371
20373
1524
28198
17856
6215
2380
22223
22225
19570
11824
11338
21075
20414
5560
10902
26066
16125
16118
16120
16122
16124
16116
10507
16126
16127
15149
15378
5978
410
19937
14149
3235
18255
5074
20006
19359
28446
2467
24636
9556
4162
8596
13798
25901
26642
26644
3707
24746
26645
20195
20166
26643
2583
6383
376
370
15486
3432
8798
13670
26709
29648
29406
18162
25939
19138
10076
1954
4831
26640
1486
16777
24829
3146
24817
24826
24822
24821
4149
24769
24825
9283
3293
28308
24688
24029
15148
28491
28490
7723
17786
3861
16899
27997
26162
5896
25302
19979
14048
11248
27422
22689
855
12968
170
11447
5556
15795
12500
14255
20104
1141
1256
20844
25490
2760
5658
4955
13943
4816
439
16450
4558
8088
2311
2932
3135
99
11099
5567
12211
6050
11233
2015
16447
14474
25129
16616
7907
19816
5860
12484
10269
12620
21686
18390
1472
12507
8664
6749
8383
8925
15030
5308
4598
11730
10236
9245
5076
5886
13925
11897
11759
6830
14800
16219
825
21966
11732
8533
3
11184
5314
17113
732
13594
8948
8600
7546
10373
11714
14699
6549
15529
4143
13476
21933
23079
26868
4930
478
8505
14231
9251
5960
3408
4698
23273
29249
20037
4465
10046
16803
6632
17765
9419
1875
3059
10526
9184
574
20152
10326
4727
4306
9254
25593
2315
7186
4368
161
2138
5527
9714
773
17999
8427
17118
5199
7241
1800
12909
8951
9162
1057
826
57
8932
140
16547
15869
10327
22096
8089
18583
6858
13996
13588
4880
8065
15261
14071
7593
6209
21905
15641
4878
8891
12686
11849
6459
9834
13096
7631
830
5048
19432
11702
2202
11524
8411
12797
20714
918
9103
881
17726
8571
2066
14387
8506
2361
11600
17802
18508
17626
9441
665
2461
9968
25643
17877
6916
4171
27666
19557
8800
18651
3405
10846
8944
14448
5653
27919
16461
21380
2371
10656
13791
1997
1301
15123
20228
11056
3702
6422
11479
1996
15112
2677
893
6097
781
131
1670
4379
587
15829
3357
12540
9810
2690
18589
11123
18674
17764
14080
12418
20327
8172
19370
11283
26435
12778
4949
304
8200
5299
9958
10570
7227
19968
3786
10627
3106
10415
3791
13510
4209
18075
3770
13994
589
3279
20762
13050
1287
4003
5341
12711
16456
15730
3833
26099
231
8988
568
5305
18750
3384
13941
4732
9619
1424
14155
13926
14008
6604
1019
14567
26547
4950
12541
15510
10954
12487
2422
14583
775
12049
20002
8137
21090
97
26553
17223
9310
23450
7977
20460
9818
25518
2931
6801
24828
16085
1075
22224
10044
4736
8070
19907
17601
2864
17795
14423
13142
4401
14804
5624
4582
8785
229
11521
7040
13152
5912
8701
19250
2137
6957
1475
3996
11883
5594
12061
17625
21968
15304
1534
4723
10354
12988
413
4885
22166
24820
8784
14499
24337
3454
27114
2865
15891
733
20625
8478
26068
1135
18828
15483
16588
27752
21826
18937
5043
24918
5158
26838
25137
27338
24063
25677
25676
5976
9839
24262
3325
14978
9298
4128
5261
9564
18266
29229
16523
19000
29231
29230
28116
29069
22616
27187
18093
20467
29232
14213
4542
18062
4515
7173
6577
20131
7767
18600
24781
20943
11955
8669
2255
15933
9680
14551
18323
4813
20234
7370
14981
26398
5996
27870
17393
2749
8254
5332
15618
23902
23903
21869
19916
12363
19479
14805
18053
23210
24104
10483
22556
24100
23531
24102
24107
24106
24105
11771
24101
15381
22643
197
15716
347
23808
486
7228
16274
22823
8325
19530
16962
16961
21259
24677
11786
15421
24510
25757
17107
28462
15245
14758
15945
15946
11302
14725
15956
15959
15954
29266
19707
4586
27685
13710
13717
13707
13704
22730
18512
22077
11005
1298
19468
20420
26119
29202
29388
28679
28809
27431
29398
10054
28642
29399
25541
14581
26532
28340
14280
24843
25937
23887
17890
9963
4935
2019
17180
24962
28955
27853
1237
18043
18041
13042
18504
16612
8834
5665
21288
3153
13271
2756
19914
15158
24376
15824
28018
28019
28020
25509
17334
10335
11261
14523
14519
14520
14524
14507
10680
14528
14531
14516
7693
14543
14550
14553
14554
7565
14540
14512
13906
15419
25889
2026
26941
26942
26944
26940
17328
26069
22302
4330
14244
26896
27792
6997
15653
1635
3529
25033
21388
29240
29647
29631
2409
19193
994
11481
6142
4285
8503
10749
5264
13129
9816
9211
11423
11232
20711
8683
3940
7017
8685
7961
15412
2081
11523
16235
12192
540
1622
19615
4728
10301
14386
19716
610
6761
2460
5809
10224
15009
5755
17276
1550
1370
11746
18071
8128
16472
14456
24
4414
12785
15382
633
10057
22324
15217
966
4802
9074
2901
7826
20180
19339
16749
18970
3990
16019
8204
8385
11359
235
22251
18165
12900
4764
961
6839
6476
11212
11587
5798
14627
7620
2114
6361
6774
1152
3191
11662
15140
21827
2290
14108
8040
20115
15480
8197
2092
2716
13448
8357
2245
17774
19324
7042
11298
7027
6231
2235
3356
5913
10186
4595
17666
13225
10531
10034
16835
1325
6291
6333
21872
3145
11228
94
2480
14401
16407
21563
17605
418
2868
3304
9187
378
11368
3788
16995
10510
1998
6785
3590
11085
13626
5710
3329
2511
9407
2881
7325
5131
10256
6148
3244
11496
16110
20666
17267
6637
10705
11094
9121
8302
2500
6206
10731
5083
2196
14460
3176
14884
5303
8883
7971
1038
23191
2260
17511
6713
22860
1490
862
18398
14770
19014
7413
8314
4156
11186
5922
3865
16834
16026
10172
16181
2623
17266
74
11850
7342
10598
7558
3709
3604
1465
14070
3795
15586
17187
12416
6368
14112
5717
22268
17036
3688
8297
1417
5845
1986
4457
2430
2351
21915
11097
5508
13815
102
7285
9110
22999
1096
16479
10407
12129
17952
15040
8330
7304
2832
6967
8082
821
21493
1897
10677
15974
4351
20970
1463
8256
12166
2575
1748
22766
8724
10169
9277
597
12698
1860
21956
2742
12637
10849
25289
1980
11614
22542
13345
6885
5549
4263
3086
11332
11227
15585
16471
10140
1411
6819
20251
4406
2299
1851
6145
12526
11863
14965
13263
11182
14148
7887
7262
22827
24144
21274
16327
21527
2807
22012
19609
7373
28934
15426
22925
18375
9615
8807
2458
19091
1751
5253
329
339
22029
22129
17590
17292
9276
29024
3396
9750
3708
16148
9697
6978
2258
6818
14547
14389
19580
266
1093
9920
15860
15287
15675
25545
20933
257
22862
14526
14671
2027
6906
6328
15176
5728
4350
14498
6284
5210
20397
1667
13391
9397
13283
10821
21114
26749
15351
5247
5660
10739
3645
7816
9430
9805
21253
18961
15868
16171
10919
6049
515
14497
9988
3079
3732
19180
28576
25946
25945
7174
16939
21285
20809
24831
23597
246
11241
22328
19116
5943
10185
29146
1153
11011
24308
1296
6984
18564
3683
29143
17217
28644
7145
28841
11004
11010
11012
11015
11009
23745
23740
17204
23743
23744
22054
11655
11857
6439
14427
5587
19782
21371
26459
26462
11268
18142
600
22005
6927
22006
11420
18831
11678
11681
11680
10348
9683
14514
4136
5483
12809
14302
5220
21909
2855
3653
28916
25906
20338
21509
17948
12454
1341
26438
16129
10752
12542
16369
20029
17637
17635
23698
27034
3069
22279
14458
19191
28098
21192
25478
28178
4720
23528
19802
23437
8837
6836
14416
812
27660
26030
28686
28687
27344
18638
698
18274
5175
29220
16857
29609
29173
26740
11841
19971
19209
21250
9972
1739
7577
3693
12672
17947
9357
20973
12274
7164
1232
10402
27251
28833
6095
17261
13591
27356
27355
227
24392
8188
11585
10436
27352
27354
8169
17192
21928
23748
19534
23773
14336
17496
11789
25327
28272
13521
2791
27353
21841
25704
21867
21870
21873
12119
19323
18631
23209
16791
23121
1419
21089
21091
21088
21092
17321
21096
16703
14372
21797
19759
19758
15806
15810
15803
15812
15807
15804
14039
26000
14433
29544
28908
4855
8130
7289
16707
22489
11867
2407
14510
13385
13379
28219
28220
27888
28549
25364
25453
64
10290
9646
3313
12465
8399
6326
8337
4645
3832
4178
2606
4410
8322
17106
7457
3486
3601
22691
10819
18887
19214
4870
9041
6037
3243
1554
104
7910
15454
7881
5867
590
13967
4223
6972
4199
9700
11
2648
9333
14586
4304
11493
761
3909
16916
11141
2006
6571
2717
16444
6540
12655
14168
16801
12239
13104
20964
2012
1461
14425
17680
6566
18389
3084
16630
625
4253
4325
2212
6346
7664
2517
15914
8298
14653
16892
2324
19621
3906
23469
9877
6995
17939
4674
15677
19857
4854
11717
4052
9713
4987
15886
19085
14629
17142
2133
3581
2345
4313
12104
3802
1297
6105
8540
7802
14611
10913
12017
15981
10260
3392
6265
14932
11671
4375
13347
8927
5733
10441
13973
4877
22296
5806
3666
19156
5049
3130
10429
19181
8002
12594
5271
3657
11326
6017
13928
2436
4439
17645
650
16583
17586
3044
5840
11355
9068
749
6045
16724
7244
5449
17274
1817
5474
6021
6915
820
19769
18524
13308
12141
4806
2072
15910
12236
13047
16035
10388
3781
8150
11629
14469
6478
798
3482
2967
19205
4911
4845
9744
5060
11869
19035
14784
27374
8271
1556
4602
6250
10516
4627
5197
7465
18922
3164
191
11250
2280
8041
13644
2678
7519
5384
14472
8920
23381
6173
12337
15737
15240
5393
909
6661
14347
18351
7690
4716
2759
12117
569
10513
6258
2962
4054
4072
8123
2770
3275
17482
8919
9368
11353
15693
23577
679
7527
2819
6060
9643
34
10569
6388
4049
951
14095
3672
4296
3292
3870
16380
12680
26530
2383
8221
2094
14761
245
9053
25073
3342
21281
19126
14870
975
10936
1440
5596
1808
3776
1213
3731
8945
12320
9653
9217
12933
9443
799
8563
20315
18499
17872
19939
3673
1781
11813
2131
16463
24051
8864
7420
8544
22061
1456
839
8112
8465
26693
14532
13298
4686
7326
1594
270
3949
15955
3831
7463
2343
4207
16660
28199
6124
19040
26187
14312
13583
14760
10130
9687
15941
4915
14350
3283
13697
2516
14044
2800
5628
18158
1174
14202
16316
10643
6662
9412
6043
8300
4621
23074
21739
8978
6065
11002
9087
16318
23369
13578
5592
12807
3152
1295
7347
23548
28251
24883
22753
4120
15664
14742
22196
29291
29066
24130
10266
1754
1749
27894
27895
4204
14656
15290
17295
17293
17291
16375
26086
385
9332
6545
4777
18139
19855
5096
15246
5279
14243
14236
14246
15779
3562
18340
114
13779
26552
18732
12966
4535
28501
28500
24173
27184
18762
4530
4527
4521
1258
15087
14785
26320
400
581
17699
23323
27818
27819
8905
3618
19397
6505
16289
16288
12538
16283
16279
6710
7291
3721
29172
21574
13870
25719
10733
10734
785
13183
19160
12246
3846
3124
9973
3955
24577
250
20905
4800
11045
7160
11035
11036
10123
11026
11051
11042
11031
11023
23262
27485
27483
28521
20415
22435
23048
11533
15361
15352
15357
15358
8387
23366
28124
28123
26975
14662
25185
25007
25063
22062
2154
5094
28264
2457
24619
12898
6174
25383
28289
28290
2288
4654
8823
9755
3840
23806
17105
22346
12682
27764
27765
13357
13767
1391
13471
6147
5017
20277
8613
16940
29215
24448
6954
12160
2693
28421
27545
6863
28947
18993
27117
21369
28952
25780
25809
24074
7628
18319
11696
22254
9466
8569
17327
6365
350
1349
15172
510
28649
23884
28650
9117
23906
29437
29395
1603
3113
20686
14488
22606
19159
9261
7312
16937
18132
18131
18135
26500
16100
14750
8786
916
8908
18834
10303
19424
27149
13252
16022
23514
24358
27147
7702
18354
1097
22932
27238
8884
26724
17419
11003
22529
18920
26018
11433
9595
24934
24935
945
22437
28203
26328
10767
12225
24706
3687
440
4333
5169
12735
1102
12230
528
2243
5819
4610
16510
3764
7430
327
8717
19730
3501
7973
7928
15156
2161
14867
12993
4324
13262
13610
9844
15210
20102
41
5964
2289
12366
1124
6695
1816
1941
770
8824
6926
7467
4027
6875
12298
1450
12520
2447
7805
2598
10002
9849
833
605
2449
10544
12188
11258
6152
4179
19128
5252
7801
24201
9021
4863
2232
2524
5682
10911
1938
2728
12625
3028
1774
16391
8091
8595
7819
1119
777
9886
4676
2113
16887
10467
4170
1134
1899
4634
3193
1658
1494
12733
2186
3187
1459
13380
9148
18708
6031
6494
19362
3844
8964
10711
4331
7094
2109
7630
13894
7952
12043
5300
21931
13155
14555
6511
1905
6510
6008
7365
6323
1740
4390
23914
3346
15872
9908
3021
14449
11293
6682
8445
3571
8907
9207
1267
12383
4556
1023
12193
14318
49
747
15193
14930
7553
13532
10669
4408
3875
16992
2955
2740
2064
17273
7941
3938
4925
8875
9761
2101
256
12332
2483
7352
373
836
12973
18211
12497
14258
2158
850
22055
10676
10922
6194
9448
15821
1624
13454
1452
11557
24809
392
13555
1964
7965
4618
6891
10090
12606
15530
13378
1706
8684
3332
8657
5302
23688
175
19320
1161
11443
6537
9309
7601
2912
6599
2854
14871
10826
5580
2270
7985
6961
18912
15375
682
5329
21432
5051
2862
4557
9845
18743
10006
990
23304
3225
42
9317
8446
3859
13680
4268
8587
7821
14414
3354
531
19161
2476
8713
6380
13365
2406
2214
17920
1561
3857
469
11872
4852
12040
8104
8106
23267
2732
10342
211
8154
3854
10381
6716
2735
654
9596
4851
5171
10207
8217
12340
10563
17364
22091
13936
7234
11621
21974
18742
6672
1501
793
20993
5029
7143
15244
6850
1747
8228
1246
3374
7035
19287
21
10101
9094
12427
6947
17031
6390
12446
2165
15447
5888
571
3352
11148
2877
493
16496
3177
14915
11684
7364
15234
8844
3158
7959
832
17871
4652
1595
2966
948
3570
6166
12857
6484
4148
8309
6431
10347
14017
16525
12489
2602
3063
8842
2653
13000
6581
14509
113
2189
3812
7323
10088
1736
4751
1700
12519
13953
17463
5053
14290
1789
7790
1660
4752
5914
6979
8332
1437
2301
903
5546
7774
7706
9060
3639
6949
18509
6964
8660
13422
2104
3852
15293
10136
3536
14437
5067
18216
6078
5576
3614
13240
759
6707
2513
15360
2228
19976
2057
16832
8530
13013
18581
25
2143
6107
5255
1720
8229
1572
6196
2828
12461
4340
757
2823
1368
14283
3515
18008
1981
4216
12053
15679
1377
4666
24220
2887
9136
4345
5090
1474
2000
1155
9355
529
12255
8874
1994
6061
3062
14222
26
8045
474
7356
6746
11083
13468
21470
11985
2703
18800
3554
3168
10948
19893
8730
22264
8499
5763
16139
6172
23652
14984
5589
23755
4577
5269
26077
13841
5453
3060
1564
2025
14380
5752
8072
17198
10389
1553
8334
6266
2039
12864
5640
10391
9376
1584
10392
16511
10716
10800
4804
1714
8693
8810
913
23507
2488
14395
7377
983
5659
1944
680
24139
6394
4006
10198
18955
10417
746
17695
719
5325
10603
5267
6527
7685
4934
7912
1982
22430
17388
703
2744
5455
5376
2478
14147
796
8640
12592
13351
6924
11139
17
4879
1616
2689
1127
6750
2995
2824
19496
4996
5863
7455
14429
4430
3599
5551
4702
6985
18159
1151
5524
20352
15259
7749
4418
3245
17727
10899
760
14166
21464
7201
3752
15418
3665
16190
772
1960
16459
17506
15178
670
1108
14029
7696
13079
13227
4090
3270
9286
1439
17571
3178
2024
3951
906
22156
22960
13143
16653
27866
17973
26571
15235
5720
22378
27877
25507
22486
18556
15179
5230
14315
14317
20329
14535
28415
19312
10886
18541
6454
8136
22889
14561
7142
25941
18270
14619
6308
8686
28951
8716
12122
2169
11576
16699
23742
6143
22710
12069
11690
269
21016
8678
4520
6325
11119
12348
13372
2501
9654
843
3569
6481
7368
9016
1236
8444
6041
17566
28295
25800
2917
29271
8814
24936
1902
15939
10056
7146
2215
188
11034
2866
2145
1308
1906
8108
9438
12967
7783
12404
8227
11823
12156
15686
20203
6542
4317
29038
21939
19604
26230
27213
22813
11586
23177
13914
24960
21461
21460
369
14259
28597
18088
19696
8567
20968
10599
10862
14674
23452
19380
13908
1223
1211
1212
23151
17200
24814
24812
16521
28793
4289
5858
18522
24525
17352
26694
28189
28188
28855
27448
26212
13748
13747
21783
5552
17403
311
15889
24692
24693
21296
21294
21293
17481
25500
3264
5460
5469
6824
6414
12671
25178
27057
29563
28903
25913
28554
28486
6187
23819
3429
15899
11393
22504
28425
13328
16027
4443
25779
17188
17193
17194
14589
22363
22611
9553
888
3094
22873
25375
28159
28358
3684
24641
25304
13986
9190
12453
7115
23558
23559
13173
17160
28294
28853
23805
1818
16895
15852
23807
23393
29536
14663
10704
29537
29489
29390
1776
10573
10567
28056
6203
12214
26271
29217
10366
13618
13612
13621
13620
11763
13613
16344
9199
20929
25267
12430
29110
572
21131
21130
25148
25064
25153
23591
9996
25149
26839
25529
26840
21517
14004
11540
20045
14455
15902
15580
26578
28880
19418
26392
12848
2847
23560
17400
25850
25848
12120
20272
23112
25851
25846
25849
25852
25847
26331
10378
26329
24403
11855
20741
20742
18379
6410
731
23060
19311
15997
25210
17716
27845
24288
202
12629
18518
1924
19054
18133
10509
6655
11781
5968
563
10600
1709
2753
8121
21036
9415
9206
18292
8075
7194
1965
1164
8192
14615
7456
3370
3285
2884
47
5400
4658
3271
10217
6657
2188
20893
17977
1609
10887
16349
10157
8143
4566
4531
6193
4076
3944
8523
2471
5727
8443
1101
1850
8839
5777
2692
5363
1103
16242
2870
10310
1334
7065
14924
13703
676
4897
1620
2992
3074
3036
14142
2911
17243
3735
10296
18880
6730
18097
1915
9141
6261
13972
7402
5627
7092
1364
22058
8260
9802
1951
6428
19213
2472
1128
2730
8843
12673
7450
26265
16577
8888
1940
5557
17013
10751
13663
10623
20431
5744
2350
10831
6859
12567
1067
10727
25328
2061
19292
621
4947
1548
1099
9134
8585
16996
17290
8620
22703
6503
2937
9783
724
17598
1896
6402
3612
10891
7588
5854
2292
2519
8257
1726
2936
8251
12186
7230
705
12409
60
428
6594
5164
5368
1588
3730
13811
9732
712
3843
3447
8935
9270
12450
8802
14994
7222
558
6434
22682
1104
1254
1346
981
44
1388
2249
7475
10425
696
1514
19999
8132
5140
8410
7432
3809
5684
14176
11385
5487
5826
13199
10848
7461
9850
5969
9500
12817
2776
965
19189
8634
1799
5729
3301
13211
12907
8816
1840
18113
5839
1515
11247
3376
5612
7117
17049
5344
1734
21234
5091
9717
10740
3359
4202
19543
11417
714
3610
3698
3138
2946
6033
6633
14355
15603
21300
2286
12750
21139
5652
11381
12547
12706
2426
4342
12783
8010
11691
4104
2293
11503
17452
2662
4440
2083
4100
115
13736
1445
11426
13187
21412
5287
1027
12535
6504
1158
14165
10294
12738
23852
18559
14426
2085
22709
3512
1167
11609
18801
5586
533
1336
7544
2764
14459
5126
9067
144
2217
2302
14247
2675
768
15258
805
6687
3450
3888
11783
5801
20340
20465
17131
2945
13029
19333
4513
5352
924
8039
5377
153
24089
7050
7832
1575
1857
15038
10367
7469
8799
19125
1979
13738
11113
9220
14383
16370
5080
4095
5505
9919
7507
2424
7902
58
11639
8671
11698
5759
9668
1483
3184
3233
17278
3519
4180
15408
813
10541
1165
15796
7572
1694
2156
5007
9040
5514
12796
125
20276
7556
8074
4009
14473
21058
18426
1199
23635
25001
1008
9812
12777
12196
10482
23246
39
8899
1353
4792
15104
16771
6395
11792
1585
3009
7193
4763
13834
18149
9066
6161
8158
17569
15203
45
21511
8245
3082
12981
76
22457
18862
6382
9478
10604
692
216
23168
14351
2106
13959
6816
795
6375
816
4370
5865
9991
3326
11392
19788
7001
23484
16355
4694
9192
11885
5004
3481
2637
13430
14732
3097
15524
1645
2757
13122
136
9240
12269
2885
3962
977
5610
20932
4387
18334
1231
2538
1363
3441
880
12224
17720
2956
18551
7446
6363
1072
10617
243
3413
6921
6305
139
15973
24006
17579
9338
20650
6393
2982
13223
2525
1045
4614
7046
13424
875
16213
2564
9241
7093
3542
9057
18396
7047
9748
8463
15901
742
17961
8955
7872
4476
3911
1618
2222
13286
16944
9200
8882
699
9054
16227
3089
2552
11236
16624
4212
2610
6334
11454
117
13039
13428
12743
7435
6844
651
21561
10131
11718
7770
459
789
17163
17130
25933
16485
12184
17846
1073
11561
20596
1863
6420
2624
9491
4758
11147
3568
4538
2493
971
9282
3171
1276
15076
24083
15531
7004
6636
4656
16686
12033
16070
4868
4918
5360
252
10254
3198
17799
1796
2574
485
5484
9099
17610
27044
12772
17086
5246
466
22554
12019
4280
4599
1387
544
5088
18963
3729
3827
8638
16166
11333
758
6260
7703
8490
3230
9161
3231
12974
12479
13918
16560
10470
3205
11712
3417
2492
8614
8622
12313
10252
15001
25528
5
1971
12108
1641
7232
19447
12205
2515
5362
17050
3053
9461
1778
13217
3904
4097
7224
10171
6118
3872
1691
2861
6238
1855
4020
12775
810
3591
1505
2177
12595
6384
19341
10949
2925
5291
28
10621
3777
8420
10111
3882
3150
2545
7761
22962
659
3703
8794
3221
8715
3295
9183
3340
5019
8290
6956
2922
21121
19550
11861
1648
5783
12958
10050
8027
5307
700
4184
1607
4404
4029
5570
1385
1005
8282
10287
6483
11405
4213
1109
14256
3254
2996
7439
5439
13874
1291
1883
237
5343
8284
11765
6988
18979
5050
6663
27803
5309
8366
13596
14214
10747
11713
10838
12912
8316
9932
7493
2035
7403
11929
11893
9711
20897
9686
4948
13440
15090
7889
8912
844
1429
22323
16381
5086
10081
985
1907
5590
13790
3096
21636
8126
4641
1659
1017
6804
12610
12693
14329
1395
7293
25017
12676
2363
4844
5135
4251
6316
8218
16464
20494
6052
351
19142
16489
356
16204
17794
1871
17908
1599
1665
4084
15600
10851
13190
5503
3234
10690
3251
432
13948
1968
11442
4782
2560
2600
554
15
4793
5889
10900
1044
6169
2043
13261
3284
19385
16804
13691
13499
2890
348
9938
5788
6409
1725
5428
7141
3740
4441
4386
6867
11073
25934
22379
9194
13125
17512
1848
12277
3039
12776
7398
4846
11432
5061
672
13652
16222
9244
2011
11951
19539
5059
8906
4266
488
1810
5667
1654
6853
238
2144
11628
689
5391
20664
1945
3746
16721
24663
2664
18294
10000
5831
548
6306
22184
10358
684
20842
3121
9658
14808
2005
16690
9174
2882
20797
18238
16309
9259
19568
4413
17704
11033
1912
23544
21513
10503
15789
5600
17658
860
14175
1327
5855
16277
4937
7268
15013
5995
2503
6309
3147
669
5371
1657
4470
18854
2056
22203
1768
7275
15317
26615
3933
1652
11708
5342
5450
14649
14820
7642
828
11901
7423
1111
4650
7058
4560
4533
26614
9178
17423
6548
5107
4336
17899
4349
4988
20813
6523
4098
6712
13003
7645
3287
5418
2645
1898
2849
2512
1188
5789
7663
967
18628
4249
917
10818
22749
4559
15646
1397
5045
901
4391
19073
8764
5541
8554
3348
4235
7039
2482
535
14703
16211
3632
6860
5183
5582
2431
905
1435
7032
8878
4837
1836
12643
14825
6007
14185
9385
1703
1498
4240
7053
16210
13336
11115
4347
15262
2333
5124
3393
33
3905
8441
5446
15337
22701
16266
14228
3890
8023
18532
14451
10789
7667
12401
26147
22661
10227
5184
7970
8644
5988
12527
3341
1523
15967
4079
7276
4848
7007
7189
4909
8758
6234
1014
1651
2550
18900
25156
3499
24313
1065
11364
1900
6933
13312
2459
1080
9731
7543
9592
3469
3538
16993
628
1209
13082
16964
15923
4270
22646
12342
12469
9896
9528
1783
8793
17905
2696
2347
3211
8487
22805
6
16580
11819
15909
784
2661
19317
357
3756
4649
2282
7052
5041
26112
5172
9359
5536
3095
2933
1888
8696
9951
6109
1048
9157
6218
6277
15321
8058
8281
8777
3691
10063
14058
3734
16437
1693
7788
7673
4976
1832
490
6908
15131
7704
14635
674
3744
3500
6177
6649
4365
7295
169
1569
4357
20336
7629
12253
2630
10718
11742
5134
4293
15935
2179
1787
119
20475
14304
4234
22685
6821
1259
5101
16861
6680
21694
7067
9454
4798
2691
141
9776
126
1646
2032
898
12198
13459
2766
12576
16440
10498
4217
2686
1390
16585
3742
6271
23645
15490
13289
8524
9271
1225
3075
17172
3134
3317
7380
13178
6601
2927
2822
17020
1303
3453
3027
7452
3839
7133
20227
18886
17636
4788
12185
989
11133
11918
16290
7662
9451
16073
3984
11802
6253
19689
13368
7641
615
4653
8127
18348
13496
3712
5003
10118
4320
12455
2412
4815
6952
4048
7256
14941
15992
14402
2036
3361
4833
16884
4196
2387
11172
3265
1497
1352
939
1911
2016
19218
15071
6468
430
18879
6370
6157
8865
13126
1779
8328
19872
12081
1745
10683
1699
16233
23364
1147
5782
9080
5704
1074
3407
1422
15384
12365
4335
4186
498
5790
2477
13205
6004
11301
11488
15930
2930
9403
6820
7611
19756
14928
11105
22988
15501
4363
2627
11470
7287
7864
6854
17210
1876
9600
26624
3981
9353
2836
6405
20564
5513
5538
6140
307
7382
1946
3320
1627
9655
18407
4393
499
198
3445
10133
1503
13741
11058
7865
6456
13128
9287
6125
8597
446
1819
2848
601
7314
4246
7777
12835
36
6188
3927
7847
367
336
21986
7311
19681
14954
158
5850
4329
5768
2481
13292
18569
1051
2509
21624
5488
12235
7104
5661
9809
3428
4061
4372
5765
13614
6900
4998
8255
11502
10102
11344
8198
3402
9044
5916
2337
9005
931
9214
1262
9760
24697
10549
2030
20737
1227
3022
6467
194
19036
96
3050
6838
6318
21108
22880
3394
1249
20464
3247
15243
1835
11093
8076
7472
1846
17299
1218
2348
2200
26190
2300
3849
11756
13879
6090
8360
831
18824
477
9903
2631
2277
5775
9884
10292
7514
3502
12924
9487
3552
4871
2769
7409
21573
11404
15109
2225
25122
13445
14660
11534
14898
1571
3941
22800
11620
3503
12116
10357
6221
13325
7904
10833
5517
19838
24952
3436
15920
7299
25959
16645
10732
13120
6335
9649
12605
5987
5817
6890
11269
20718
2014
7649
10408
4707
919
15991
1192
11388
1328
3299
1064
4884
4221
5447
921
121
16082
1034
13090
20635
2448
2915
5154
13902
3167
7371
18243
2029
6998
7625
1686
5162
21146
20047
2231
14181
185
8110
11053
1191
3700
6016
4896
5008
4292
37
708
6805
3886
2745
12244
326
2625
5906
1078
6517
11623
10289
12574
1484
15521
5781
7416
1930
1244
11956
19445
2252
481
874
8480
12658
5899
13342
1398
4025
5666
8097
7680
4359
11116
8521
2055
15126
11546
7374
2330
10582
7997
4807
16007
12820
11478
4685
111
11579
3000
8818
7109
8000
5109
13916
3611
18665
65
8125
1321
22855
9201
823
7445
9265
3369
13108
16909
1826
3262
9580
17196
15311
980
3718
2438
11994
6697
5698
2389
3863
6872
8163
10215
6354
3377
524
2334
2971
10536
10605
3980
3364
5457
5069
3686
15813
18543
4510
10356
1890
947
2291
6580
14546
7586
1250
19728
4567
16990
17120
907
16347
3435
2237
1947
1882
10075
1059
1366
2798
16225
6612
2428
2632
4672
5957
2190
2844
1229
1782
2045
11129
11547
3363
2310
14262
14494
4941
15450
1540
10584
2708
9552
17688
10311
12330
13639
3311
13935
8235
6553
3333
5736
6283
5794
3031
9235
3910
1427
4509
5044
6069
285
24475
5821
11998
6367
5803
2851
11972
7948
10113
3737
1958
1752
3626
1551
9453
586
10565
4488
4762
1274
4892
1203
7162
1761
6558
2705
5077
1881
2718
18068
3131
6244
6040
3728
7808
1756
5939
11407
9637
4172
15315
8344
3461
1137
13581
5473
17687
24367
1593
2364
355
6861
4399
17583
1536
3448
978
2895
5407
5998
6315
17617
10206
3540
18012
8719
4721
13487
6181
13216
4000
9071
2894
18877
5468
1401
24043
997
12897
3103
10539
8122
1442
18
14889
9746
7009
12756
11335
5723
137
2401
18172
2584
6408
6233
1255
7332
9788
14738
6768
2886
11554
2549
10585
6396
1928
21668
18655
18611
2053
20947
10214
3006
4089
18565
15961
584
2325
4817
6217
14373
10286
1758
5278
756
9570
4703
6437
12232
3505
1033
5395
1822
7061
11413
3999
3498
2794
2414
2441
711
249
1684
1598
1066
16103
3813
13284
9195
22413
6674
17489
3467
5689
8940
2466
3914
7080
1049
14985
5936
3136
6241
2590
3328
17260
447
4534
14201
19053
4682
13553
5461
5942
15081
5245
5464
1920
1026
1517
11507
2395
21041
15435
7877
15327
14746
20335
12621
14579
5316
12730
18699
12390
9411
7957
3410
16743
363
573
8294
580
1215
12073
2711
7502
4969
12056
26464
2508
2964
2582
10807
9527
3298
5702
4222
6686
3344
7283
10384
636
6742
18596
9028
7759
19007
7914
9987
2727
6874
11837
424
7063
4109
3793
3305
2660
20280
1139
721
1877
22871
10258
3716
21923
12379
8593
9943
3192
10995
1309
4298
217
6642
1306
11739
9133
11848
6903
15674
3564
5239
14210
3711
1582
6044
6460
4503
1852
6268
3129
15830
7917
12792
14865
814
4108
7172
14610
972
19466
15329
7967
3125
8425
8582
18654
2408
2287
896
6897
14305
4887
13878
15159
1179
16013
20317
10968
13896
1323
9473
116
20275
3722
13964
1149
7077
13175
6162
14434
301
24894
7692
7792
5705
20631
4297
16028
9837
272
4174
18817
199
6213
7208
27481
5724
14973
9669
8781
623
325
6783
20181
152
3717
541
4873
1683
10432
24792
6436
14015
3714
13562
1384
1358
4726
9922
2381
2947
4693
13531
3337
3051
4355
4138
14117
12985
6058
15952
5622
359
2248
1219
12666
2943
18816
7111
632
12063
8191
3463
13139
4931
542
5207
2979
13708
15862
9554
8916
2562
9139
3753
3296
3901
12690
10048
779
6089
5672
8243
1284
3876
1357
6784
13157
1190
1841
3115
611
1047
81
1728
9046
1903
5553
9232
16813
4737
9
73
7062
293
521
7978
14190
7784
5111
405
4064
7564
2748
19502
15075
5681
240
11440
3960
5196
8283
532
4081
3739
11517
543
5499
12176
4405
12841
10187
123
1499
2419
1292
7845
6842
1208
10394
7220
16799
10743
13924
91
7780
10928
2331
8522
6212
20434
6072
2484
6401
1880
3619
8754
1413
14224
7500
879
5615
10630
735
4919
1806
2859
2250
20980
11378
4842
10520
21722
7815
4417
204
4211
12951
2336
10068
4526
4688
3987
9885
12653
1934
312
5507
11360
3056
4757
1600
16185
11276
10527
14722
7237
3110
2680
2067
1662
5758
5926
4623
2566
13456
7843
18885
3239
2654
4078
5644
5202
1314
21746
5740
386
1606
7239
7345
8199
8107
15801
2209
279
3111
2071
1094
13053
6056
943
5127
1763
10835
3656
1727
915
9522
4283
1313
18237
1566
5631
1936
9881
5254
5748
6255
1079
9673
18387
189
14249
1678
1278
3300
3637
17102
11935
577
1028
508
1378
10
9918
1750
5470
8417
24625
17898
8548
11686
6806
11511
3382
10780
1344
7150
20877
7571
938
4744
10710
2273
6782
13212
6771
17751
5288
13716
5769
3123
4982
20096
20246
6664
2613
2306
4474
7135
1446
4532
7576
21011
3720
1511
16838
8588
5494
2556
3122
6340
6880
17415
5141
7758
12012
8459
12661
6888
13465
4187
3120
12187
12804
27606
17596
3194
13625
18091
13464
19134
22659
5994
3488
10005
7116
10122
1367
14226
21262
10093
299
1205
11800
7522
4036
17580
23649
2975
5409
6740
384
4047
14900
6884
7018
15694
14051
2239
10559
7204
7935
9126
6015
12395
10073
16138
950
4203
18764
4638
1970
2597
4681
32
5548
2963
5572
1376
11007
2533
15770
1030
6696
11693
4615
8365
6622
1993
5168
7180
7772
10746
11103
4986
2063
2266
7023
7938
5923
3792
5263
7919
12407
1335
20189
3489
491
8913
1087
5136
1322
1528
2609
2410
20080
15950
5868
1853
13076
12588
434
4469
2617
24595
23962
14748
3444
4015
10430
3434
7242
5571
13765
324
7245
6497
1771
2663
9401
2090
8015
14025
22501
21138
13425
3617
6919
2037
225
1000
851
14054
22459
3950
9266
1242
9719
6802
13782
8869
223
505
877
9484
2543
3514
10308
4458
1355
26327
22722
14252
3674
2294
2272
4050
5113
8707
10352
7240
792
788
12899
24398
179
3525
16626
13886
4451
18077
15875
341
2571
15464
473
5281
5293
2773
17813
4662
4550
1957
7884
1870
552
3080
6046
10688
12530
1343
17134
6938
17138
19498
3372
7453
6593
4983
12879
4754
9393
17064
6047
18774
519
6943
11603
265
5663
863
3315
6959
9629
3558
4549
7831
18176
22535
8982
536
12425
929
10080
4287
5273
4044
1711
1918
7786
8885
6223
5262
4121
24517
9540
3621
3197
2146
12241
566
19086
13522
23985
5149
10679
8001
8848
8967
16854
12684
222
16003
8006
14667
13998
9728
7321
1415
267
1630
7675
8971
8529
338
658
1704
5739
6397
3517
1828
16039
20474
3869
6653
11923
2370
3772
21208
17902
4411
1570
2437
829
26708
11249
16730
639
20904
1016
4311
3848
5152
17285
11877
1373
10159
458
12013
4058
15121
416
853
18867
11673
5238
556
3600
1884
11439
21615
2256
591
7897
10013
11397
2184
14757
817
1590
23331
9503
4866
4161
7408
7861
7140
1464
15374
20254
7419
8329
7598
8242
10306
21048
3578
9504
730
7746
27112
2561
13571
13724
8943
8181
8877
1636
2534
2451
421
1921
6110
3506
2724
750
1802
666
6227
6214
13913
9733
4082
5767
7066
4126
11725
1643
4665
8025
11650
1081
5973
15291
6719
6766
21264
4007
17892
13771
3107
5662
9027
5010
248
3635
16000
100
1510
2970
10528
26775
1547
952
1673
546
3038
3856
2140
11814
4967
6513
1025
16869
18982
2160
4091
5358
1633
12131
4281
12114
23196
14903
16476
10505
13268
11014
4516
12133
1856
7280
8289
282
21845
3112
134
2054
1177
1666
14273
10506
1610
2238
342
13895
3105
9602
2843
2268
371
4640
10545
10504
5525
11477
12222
11303
437
2976
6186
899
25261
374
1579
4462
7376
316
5380
4042
8866
1374
16136
3477
6833
3549
9625
16448
18318
5466
7619
5931
4426
3104
11675
801
2439
281
5194
9319
2548
7899
7707
1949
2569
12558
487
922
14839
3092
10983
16102
4778
22777
21858
20562
769
12855
2619
3532
226
729
10555
5540
2121
310
15735
23238
9515
9712
14049
4487
5027
13568
4069
10413
404
15888
1029
6870
7635
3850
1512
289
389
4420
673
3931
4236
19115
13960
5389
2961
4300
1448
6039
1602
10103
14616
6772
22337
8547
5542
10309
1989
69
16530
1631
17992
9830
19945
14146
8050
15565
4984
14242
3137
7274
9218
86
16918
1311
10475
25186
12431
4063
1277
12831
9025
2527
19029
6562
7098
10276
1331
16182
21698
6366
8292
19658
3559
3395
9775
22635
17542
3647
3466
5078
1386
12289
12923
11528
7417
21828
6582
7400
10868
5413
15230
19072
11859
10607
21775
208
3200
9517
4692
8752
3520
11959
5211
4013
933
13334
11636
232
14953
15169
11896
20359
6646
5606
12132
16706
7163
16494
3550
18897
1183
613
12151
3824
12009
14966
12377
9167
24231
6353
12482
646
15284
15402
5348
891
2097
5835
6379
5893
448
10702
6128
2695
360
2505
2537
936
4874
5233
13728
230
407
5241
4867
4117
2867
1248
3007
14566
6127
10854
1969
14530
20137
1923
2907
6705
462
1532
1178
85
71
6685
1991
509
1032
500
1542
624
273
431
358
4781
12788
12722
1792
10017
23547
2148
10084
399
12197
5448
393
277
14490
12640
5825
2242
6307
435
2987
228
8997
4135
4600
1674
1535
3030
2139
409
12721
1480
14925
5650
4765
24061
1024
10061
2650
4018
3929
4825
6153
436
5982
1738
309
11491
5651
7441
20542
4302
617
3419
19861
1280
106
802
14356
12112
1935
11787
4362
305
9786
787
2951
13150
3976
5222
11379
11210
27887
16008
7253
5649
10772
476
13534
16948
18498
1925
8526
3754
1382
15602
18510
25700
16294
12645
8373
12084
24505
18519
4434
23901
12946
18771
401
12306
3970
1549
4588
7876
11315
98
16650
21125
6182
5529
17426
3928
2643
3180
6971
11635
331
414
3101
6691
10738
1868
8475
4883
26656
7834
5955
20350
5320
11264
5032
2596
66
8018
12789
16790
411
12790
13854
4519
11025
2618
19026
2652
12859
9780
2123
10197
7357
4673
18124
1764
14103
20790
1408
21705
1798
14891
10602
15180
3415
13182
886
319
16575
5701
2985
4092
8184
9593
8247
12819
12691
13119
429
14596
2683
8608
27982
6342
18233
2411
2620
2119
3668
16795
6955
21688
20910
7874
1716
6295
9128
7303
12397
13059
5397
6195
5830
5231
8077
4195
13366
6415
12636
3368
10737
17685
19056
2360
3011
23466
24800
23695
11804
23534
18835
5188
4590
11069
14009
26631
11457
17241
18257
8950
12466
19262
15947
457
11834
962
10086
6331
16561
12386
10775
3973
2386
8084
14162
2321
3206
14521
12548
14107
9549
9304
12652
6465
1289
260
317
8356
183
6275
7126
2356
306
3076
9584
14191
3797
398
12839
241
4261
3485
15328
10971
3977
1217
19410
17816
3582
8458
13348
4477
20701
4748
10806
213
846
1356
15459
7051
5629
5933
4486
16651
10249
6083
3853
24161
4472
19627
9898
15893
9477
19401
27488
21498
15898
6808
10247
4284
14937
16946
3704
3651
4797
5216
13132
7337
10246
14129
14307
4865
20990
6034
4282
19509
10029
2820
17399
22923
5431
3979
7955
21328
15596
2099
8339
14278
22463
25979
171
218
5259
5256
2084
641
5118
6618
337
6359
6462
6901
19005
18480
7488
12442
5946
4265
19120
9292
4952
3281
652
3280
11168
24912
4286
20671
1647
12195
6377
22812
25150
4917
9177
4118
15721
10788
29
5228
1145
12944
14587
21135
20374
21495
16745
7231
19299
8662
18952
2354
26114
7263
2795
24408
16236
13051
22890
1182
14265
19813
28447
1543
17156
7407
15130
5878
19548
28224
20960
9496
18173
20616
26535
7538
18223
13072
13074
7986
10201
8761
6076
8030
63
13073
20840
968
10078
8771
7197
17288
10190
10191
24566
26890
849
10189
9831
13812
5700
1444
18108
10952
2685
15684
5443
11549
7982
9459
12279
200
15513
6096
9895
12478
13134
15740
18224
3638
14006
6606
12543
15533
1002
19429
18792
2594
8517
1332
17493
2806
192
20620
14413
14019
1812
5780
28412
21318
18442
7339
13774
1862
9154
9417
6113
422
4433
482
10137
15632
8602
11556
5609
16272
7119
11518
3418
13103
13607
15777
14817
8617
23566
22462
4790
14026
13153
1271
4163
14003
7858
1071
13776
1414
26400
4891
6208
8937
17235
14377
9993
13512
4791
19411
17109
3823
21053
276
263
7366
14310
9135
27030
9122
18730
27033
19854
15114
15288
15307
15309
8769
17076
10291
1785
10077
10027
3186
4360
2004
6236
19593
16975
13238
6753
5319
13239
2009
19136
2506
20363
6779
6777
1106
9695
6619
1107
1043
328
12272
20225
19135
3014
9913
13359
3710
7775
16855
12728
5647
911
910
10039
3924
17306
8694
3723
16711
3161
7545
704
16679
15773
29448
16401
18117
4714
4356
4717
2674
16399
12551
518
3046
12470
12367
8105
690
10100
13898
10907
148
5598
12717
7615
1089
8453
15091
10229
11599
13829
9337
13
11367
20710
5459
3985
4861
9676
728
19377
15847
6587
15606
7132
206
6168
11190
21322
10810
6583
15949
24876
9854
2873
176
3630
15495
14517
12079
16483
2444
11525
3553
16478
4435
8591
164
24684
9594
22832
14834
9916
8791
17945
12885
2464
10222
13451
26534
3169
7392
21150
14294
9739
8658
21978
25788
2713
5406
8690
6904
14452
9202
23468
9108
6912
18447
9781
7580
22318
16058
3818
15310
23920
5093
9109
3713
2366
5422
10782
18343
24472
7466
6163
19043
14477
16220
8170
18491
20826
14643
4711
14024
8867
16131
21908
13244
2829
4189
11207
14934
4889
16223
2264
8224
6115
19144
5528
4740
15729
4853
3615
12424
4016
7672
12202
20773
1864
4445
9590
7825
17166
6419
13317
23721
2608
4461
15033
17084
1318
2075
23752
10859
5678
4012
11692
13273
15043
11682
27315
20969
3968
14229
14991
383
5063
8263
4642
14207
13466
2670
4835
12896
9175
2603
6433
26915
7381
2840
10495
21920
12935
13369
17063
6077
1919
15983
20744
15699
6350
1193
16772
18005
564
11920
13755
28789
24841
6267
13713
17682
8206
12334
8083
27572
18720
23523
752
26235
21959
23185
19008
12443
72
16535
17913
23038
11980
20402
804
24065
23410
12096
18787
7071
5324
15362
3272
10244
6304
13801
1737
21443
23425
19856
20549
1040
23946
14668
10329
22085
12506
6701
21172
22561
11351
4142
12508
13545
10633
21256
16172
7424
9575
592
18852
5481
7348
23350
12509
7021
13546
18445
21257
25008
12881
8763
20747
26411
16047
8750
3471
23415
4314
16030
12983
12999
16018
13407
23608
6418
3484
13020
23417
12876
20478
12867
12760
23305
12770
12799
1872
8833
1865
13426
8820
4301
6690
6343
4337
16072
8801
6688
774
12854
12865
1849
6338
8783
13045
6469
20591
20585
3546
13221
4260
20454
23540
24835
23555
13181
6603
23599
20539
3561
6610
6611
8507
1680
26934
3584
8514
1772
20598
18858
1769
1766
18814
1762
8646
20649
6303
8645
8639
23607
8633
15913
13124
23486
23499
23500
24874
13147
20601
6647
8631
18822
6285
12745
21155
9247
28067
16429
492
6010
16404
4444
496
2047
21156
18536
16392
18540
12361
12375
9180
9142
9140
12411
16363
12412
16394
16361
5954
9262
22993
3249
12118
5813
3252
23005
5838
12165
23011
5857
9258
21224
5871
25344
25343
4467
5909
4464
12248
21175
26306
23055
9322
6051
16342
12448
9039
12560
12579
12590
20946
3385
12632
23248
20908
8946
23201
16184
12687
12688
3400
8929
3404
15727
27071
1904
4354
3409
16173
29201
1963
9082
23153
16333
9119
26337
23159
6067
16322
12498
9095
6084
16306
16304
551
25184
20995
12521
16270
18604
25163
18609
3360
3362
9084
6292
29047
1966
24764
14311
19833
19365
14343
7198
24126
19810
1285
7210
7647
24455
24145
15042
4035
24147
3867
7225
1039
15020
24428
15017
3871
1281
7176
1312
19849
3807
7086
7087
3808
7763
19313
14198
7106
15164
15162
14211
14212
1333
4070
15144
24079
19876
3835
3836
7131
7138
1315
15106
19763
3806
19760
19748
7541
7535
7528
7386
7388
3915
3919
1195
1115
3922
14559
24251
7487
14787
14783
14781
14777
14776
1176
1171
19597
5489
21422
21897
21898
25535
2532
5427
5425
15672
8342
10666
10665
3988
3989
17099
17101
12047
25620
21885
17723
8007
8008
10802
11484
11486
262
8102
6893
25494
8144
25496
8146
3897
6878
6876
3898
10601
21401
15499
15270
15269
2318
2316
15252
2307
20128
25759
17653
15205
20105
11950
11947
4201
17189
11560
22098
22083
20192
15497
10568
15488
27779
25654
25662
17123
18422
22034
3109
26510
5243
2378
20193
1220
1222
17683
2629
2634
5597
16604
17835
24390
17833
11154
11152
3649
21489
11086
11081
21677
11050
16930
7020
29396
11166
7350
16656
18002
21536
21537
26920
16763
17935
2938
11273
21732
11272
16714
2914
16701
11213
368
24374
11211
16716
17643
23963
6991
23817
3794
7863
21767
7890
25411
5634
18362
5617
5616
25422
7927
5608
28995
7943
23818
10940
7836
7833
10982
5741
5738
6990
6989
6986
3747
2747
5715
17777
16983
3765
17773
3767
17772
10942
17778
3139
2978
3141
13938
11640
17409
13939
13947
14710
10037
19257
90
10051
4876
93
10052
19463
11695
19499
28432
11617
14798
22869
19200
10114
22613
17485
4914
4920
17484
2150
11618
19295
22366
4820
9977
4770
21313
17521
17522
9984
11670
26013
22727
3202
14533
9409
11811
13822
14522
13821
11831
4750
9493
13818
9402
9400
17541
13817
4796
4801
14461
17507
4819
9616
9888
13850
13579
9650
27926
19714
9855
19137
19077
14042
124
27927
11778
17244
11905
9707
24649
11777
22549
9684
13606
2172
19712
24662
1421
4524
17221
9708
2152
17282
22239
10274
13540
13542
19046
11894
13647
17457
26133
5025
2157
13604
10166
22508
145
1481
1479
9735
2181
9670
4632
4517
456
29325
26157
5707
24329
19579
2720
7632
1990
9909
16552
16571
7379
11137
20786
9971
596
9862
9604
18032
24078
25205
1755
7353
4473
18141
3195
8231
17530
8315
8375
13473
8424
23143
13210
3151
1403
2972
13191
8887
13172
20031
13144
22794
9090
8721
13085
8223
8036
6764
24445
6796
6811
24410
1054
19226
6930
21315
3491
19373
110
28743
7405
13808
3310
1226
8016
19280
6759
1460
9144
10792
11903
295
11873
10883
11807
20963
10935
11981
21051
11039
11611
21387
1976
11495
11463
21349
11395
11006
13025
10777
234
9268
12955
9369
12920
17862
22387
20319
22342
10646
12615
321
10115
12437
1724
10368
10397
20681
10596
9795
14404
11387
25556
786
14938
5595
5630
4839
15451
5195
4094
18582
14921
3894
5084
25670
14779
6149
15272
18869
6063
4062
14875
5165
15058
629
5800
5416
15051
3658
6595
14677
4294
16121
15045
6708
16109
6668
25419
5532
4308
35
15823
6444
12503
12440
12439
15116
20606
15093
12525
20380
20445
20444
20318
12565
1581
12709
12580
12581
1707
12582
12608
12708
12791
14405
12191
18667
11744
21050
1933
15582
15583
11613
11612
18364
21120
15629
18300
15822
11494
21177
28037
20986
630
631
634
28265
20645
18623
12259
20240
12048
12021
1723
28185
11983
11982
29115
11895
15452
15453
20939
11984
20239
18752
20205
19545
19582
28692
19584
19585
14736
14737
13889
13807
13742
14739
19662
19682
13649
14778
19691
28672
13951
19404
28742
19206
14406
14324
14525
28882
18991
18975
19227
19228
14267
14238
28772
14113
19372
18967
14734
14735
19702
18736
19703
19745
18810
13189
1409
14939
14940
14942
28998
1405
13084
13019
18751
13009
15044
12919
12914
12913
1457
1404
14920
20005
28936
19806
18868
13486
28595
14876
14877
13472
13470
13469
1316
13410
13409
28573
19865
18842
18839
19734
23130
21709
11243
7107
24246
24265
3527
26826
6929
6810
26791
6758
24503
26752
26751
26750
26741
24659
6443
24787
24806
6287
26682
24869
0
22888
22895
8770
22898
22901
8762
8757
8756
8753
22909
22911
8748
8788
8747
22913
22914
8743
8742
8741
22917
8735
8727
8726
8725
22930
8712
22912
8709
8789
8797
22807
22808
8879
22814
8872
8871
8863
22825
8855
8853
22833
8846
8792
22838
22845
22846
22847
8831
22848
22849
22850
8825
8813
22863
22864
22874
8838
8708
22938
22943
22996
23000
23001
8618
23019
8594
8590
8589
8586
8584
8580
23039
22995
23040
23043
23044
23045
23051
23057
23058
8545
23065
23066
8535
8534
8528
8566
8635
8636
22990
8700
8699
22944
8697
8692
8691
8688
8687
22954
22955
8681
8673
22961
8670
8668
22967
22969
22970
8659
8654
22975
22980
22984
22985
22986
22987
22989
8889
22802
8895
8896
9225
9221
9219
9210
9209
9208
9203
9196
9193
9191
22578
22580
9237
9185
22587
9172
9171
22597
22600
22601
22602
22603
22607
9152
22608
22609
9182
9242
9243
9263
22472
9336
9335
9331
9330
22477
9328
22480
22481
22485
9315
9313
9312
9307
9306
22493
22494
9302
22497
22498
9296
22502
22510
22511
22512
22513
9264
9149
8525
9138
9131
22719
9000
8999
8990
8983
8973
8970
22743
22747
8958
22752
22754
9006
22756
22764
8942
8941
22768
22769
22770
8934
22773
22774
22784
22789
22792
22759
22716
22702
9034
9130
22623
9123
22630
9120
22631
9116
9114
9113
22637
22638
22639
9104
22642
9101
9098
9097
22647
22650
22651
9085
22665
22678
22679
22680
22683
9035
22621
9346
23075
8512
23504
23505
23506
7911
7909
23512
23513
7905
23539
23541
7871
7870
23503
7860
7856
7852
7851
7850
7849
23556
23561
23562
23564
23571
23572
23574
7857
7818
23501
23490
23432
23435
8019
23436
8012
8011
23447
7995
23457
7990
23461
23462
7933
23463
7981
7980
7976
7975
23470
23473
23474
23481
10629
6937
27085
19851
3175
3174
3173
6936
3172
3170
19852
14907
6945
24205
3165
14905
14910
6935
3183
12793
18352
6922
6923
19843
27074
6934
19846
19847
24216
24214
24213
3185
27080
24218
12794
3163
14912
3142
6962
24191
24187
24184
24183
3143
12768
6976
27120
27121
24176
18325
18324
19863
14911
14926
6960
3160
24203
18339
24202
12780
12779
24192
14917
14919
24195
24194
14922
14923
24193
6953
27125
18355
24225
24276
18380
14852
14853
12829
24271
3258
24270
24268
18377
12824
18376
12823
12822
18378
14861
3259
12832
12836
12834
24284
14843
27009
24283
24277
24282
6848
3266
6849
24281
6851
12833
6847
18356
3241
12821
27051
3216
3215
12800
6905
27054
12805
27055
24227
14882
27061
27062
6917
6918
6909
3240
6898
14872
24259
27035
24254
24253
24252
14866
14873
6883
24247
24242
3227
3226
27045
24239
6886
6834
6981
24170
24058
24057
24056
24055
3016
12669
24059
19946
19949
15018
15019
3008
19952
15021
19947
19953
12674
19935
14998
14999
7122
27205
27206
3034
24068
7123
15004
7125
7127
7129
19933
24071
7124
3041
15022
24037
27247
7200
24021
24020
2974
7209
19960
7211
27254
18256
24014
18254
2965
19964
7212
24038
19959
19958
27231
24036
2998
24033
15027
7183
2981
7184
24031
24030
19957
27239
12651
15031
7185
6982
3042
24077
7028
18304
14962
7029
7030
7031
18305
24129
12726
24125
27163
27164
19895
24122
12727
7056
7024
18310
12758
12757
12754
24159
27134
19877
24138
24157
3114
24156
24152
19879
14952
27144
7002
24076
3083
3081
12695
18286
7096
27189
12692
24087
3061
19923
18283
7108
7110
3048
7112
7113
24084
7057
19918
7091
7064
7069
7072
7075
18293
14974
14983
24103
19913
18291
14979
14980
7089
19917
12703
24292
6831
14837
12976
14701
18483
12975
24471
6585
12977
24930
2712
20628
2714
8422
20626
18037
13740
27436
27435
18994
25741
18038
24304
25744
8414
18040
25745
13745
24300
18042
20617
4828
8402
8400
6726
11551
11552
11530
25753
27443
27444
15059
8440
8439
18997
2684
18024
8437
2687
15056
15055
18025
8436
13737
27454
2694
27453
27452
6711
2698
25737
2701
8431
11526
20630
20629
6715
11529
8426
27466
25754
18054
13759
4808
8359
25766
20592
2784
2785
25767
25768
2788
2789
13760
25770
20589
8349
6738
25773
27375
4799
25774
8340
25775
18079
18080
24293
25777
18082
4811
20611
18069
2774
6727
8392
24299
11559
27407
27406
6732
6733
6734
20602
6735
13758
11566
11567
11568
11569
27396
11570
2765
11571
2767
11572
4814
8367
6737
4812
20597
8362
15060
20632
2676
19799
17984
15115
17985
2585
2586
25716
17987
2589
24321
15110
11487
17989
11489
15108
17990
27535
8498
15105
2601
8497
8495
27530
15102
8494
8493
8492
8509
27525
15118
2577
17976
15129
15128
6669
11467
6670
15125
19784
27565
25702
11469
2559
25703
27560
27559
27558
24336
27556
24335
13714
27554
11474
15120
19793
11475
15119
11476
25714
8491
27523
13723
4858
11508
11509
20643
15080
15079
8456
18013
27486
18014
27484
4857
6702
15073
19003
18018
24315
20637
15068
24314
2666
2667
2668
19805
15066
18998
11522
8464
27496
27497
15086
8489
27521
24320
4862
17998
20653
27515
2621
27514
8481
15095
27511
27510
18083
8479
27507
13727
11500
8473
8472
8469
2635
2636
11504
8467
4859
11505
2641
11499
13766
27365
25782
20512
23126
4713
23127
23128
11697
20508
4712
6799
4710
4709
8182
4708
13814
4706
11703
18182
23141
6800
11704
11705
20503
20502
8171
12604
20501
8164
20513
12600
4715
20516
25830
25831
4725
2948
2949
25834
24931
20527
13809
20526
11677
8220
13810
8219
11679
10132
11921
11922
11925
3289
3290
14403
23722
14399
26908
26907
26906
7320
23725
26921
26903
3306
14392
7316
26897
7315
20156
26894
20155
14388
20154
11932
23732
26886
14393
26885
26922
23711
26965
11879
14441
20187
14440
23675
11891
23681
23682
20179
7362
11899
11900
14409
23690
20173
20172
11907
26937
26936
26933
11909
26931
11912
23702
23703
23705
11916
11904
3322
3323
3324
7266
7265
26833
26832
11957
23765
23767
26828
23768
20134
11962
11963
11964
23761
14339
14337
7249
7248
14333
14332
3412
14331
23776
20133
14328
11968
26804
23781
14338
7270
20141
14358
3327
7305
7302
7301
11937
7292
26870
14369
26865
26864
14368
3351
11945
3353
14366
3355
14365
7284
3358
26858
7282
7281
26854
14360
26852
26851
26849
26848
20142
26966
23782
7393
23653
7582
11758
14602
20271
11766
11767
14593
14592
18163
18164
20270
7563
7562
18151
7559
18170
14578
14577
20266
7552
7547
11782
11784
14564
20257
11791
14558
14557
18168
11795
18150
7584
18130
7634
20309
20308
14639
14638
11720
14636
11721
20304
14632
20296
14628
14609
18137
14626
14625
14624
11736
7610
20292
11740
14620
20286
7591
7590
14613
18147
11734
14552
7518
14548
20226
11835
23619
23620
7440
18244
7437
7434
7433
14476
14475
20213
7429
11830
7428
11851
11852
14468
20211
26993
14464
14463
26989
26988
20204
26981
7410
14454
20212
18230
11829
18227
7517
14544
18195
18198
7498
7497
18201
7495
14529
7490
7489
18212
18213
11820
23598
7479
20230
7477
18218
14513
7476
18221
7471
14506
7468
11827
18225
11828
7464
7395
11716
14325
20127
23958
3706
20033
26570
12110
23969
23970
18494
12111
23972
14150
18495
18496
26577
26560
26557
23975
23976
26554
14144
20030
20026
20023
23988
20022
14134
20021
20020
26559
23992
14161
12099
26610
3661
14184
12085
3664
16500
12494
12495
19571
19564
6054
6053
24705
19561
24709
24712
17674
6042
27728
24715
2329
6038
24716
6035
17679
6032
27718
27739
17681
27740
24689
24669
12476
12477
12481
19576
27755
27754
12485
6079
2296
2297
19573
19572
17661
24685
12490
2303
2304
12491
17663
17664
27742
19552
27715
6028
24758
12544
2375
2376
17702
12546
2379
17703
5972
2382
5971
2384
24766
12553
27682
24771
24772
2390
12554
2392
2393
24750
2368
17698
24749
6027
6025
6024
6023
6022
24729
24730
12523
6011
24736
27761
24739
12529
2357
2358
17693
17694
19541
12532
12534
17696
12536
27702
2394
27762
2283
27830
6232
24571
24578
2203
2205
2206
2207
2208
2210
24583
19634
6207
19633
19632
24588
24589
2218
2219
6201
12413
19649
12414
19650
27834
27854
24529
24530
19667
19666
17597
6272
6270
6264
6263
6262
6259
6257
6256
6254
6252
12380
12381
2187
12384
12385
19653
6189
27813
27812
19594
6120
2262
2263
6119
2265
19590
2267
24654
24655
19589
12467
19583
17649
6100
17650
6099
12473
24667
2281
24668
24647
27781
12457
19595
24602
24603
17619
24608
24612
19612
6164
27801
6159
6158
17652
6155
24628
17628
24629
12447
12452
17634
27788
6133
6132
27784
2240
19671
12555
2397
24972
24973
24981
24982
5685
19378
19376
19375
19374
5674
25002
17791
17792
5669
5668
14780
25006
5657
5654
5648
25024
14794
25025
19396
24963
24923
5770
14813
19430
5761
2522
5760
5757
5756
2526
19423
5750
5749
2531
17780
19421
14801
19417
17782
19416
5721
14795
25026
5633
5632
5562
25096
19316
19315
19314
17827
5543
17830
17831
5535
5534
5533
25114
5526
5520
17837
14724
17838
25135
17839
14721
17819
5563
5573
17814
25034
17803
17804
19356
19355
5623
25037
25042
5613
19349
24922
25048
19347
19346
25056
25057
25061
14759
25924
13824
13825
13826
13827
26616
10089
26617
20358
13828
21245
18947
1825
13049
22109
13048
22110
10987
13823
28135
20357
22093
3565
10681
1794
1795
26602
26603
26604
26605
28144
25623
28140
13055
28139
12326
12327
13054
22111
1790
20825
1834
8151
26636
1858
21237
21236
28094
11321
25606
7718
5870
28089
28088
28087
25604
12350
11319
11320
1854
3530
10673
11325
13836
21244
28114
5885
28112
5884
1842
28110
10674
10992
5882
5881
10994
17340
8148
13839
13046
5910
1788
17302
20812
28212
17263
17264
13796
12297
8124
15181
28204
15171
20814
25637
4784
28197
4785
4786
17270
17262
3606
3607
20341
25645
10058
28230
12290
28229
10059
15194
17255
17256
18402
21272
15189
15188
10694
15185
13793
20349
28193
22071
1744
15146
22081
10072
25633
25629
3573
10986
13058
10682
13057
5915
13056
25624
10079
1784
3566
5911
15147
17356
22080
21261
1746
13804
13062
13805
28186
21265
26588
18942
10686
12307
17286
15153
15152
12308
28176
28175
12309
28172
20337
5866
12352
10647
2002
2003
20378
27968
7688
7687
5791
2008
27963
5786
26711
5785
19484
13907
24823
7686
24816
27972
11295
7694
13893
1978
5805
5804
21216
21215
20845
11297
23202
21213
21212
25557
22170
22171
22172
7689
10642
7695
25546
19481
22185
3427
27935
27934
3426
20852
12989
21201
13917
10147
24848
17458
24850
10637
26730
27923
21200
20851
10640
11282
17436
20379
26717
10641
17438
17439
24832
2031
26719
2033
3433
11285
26721
22181
11284
26722
17446
26715
5810
5811
27996
22136
19522
22138
11314
22139
11313
19517
28059
5849
22143
19516
28046
22144
17380
5847
13859
21226
10998
26650
22135
10671
10107
10670
8156
17362
11318
20829
12355
17365
12356
28069
11317
8159
18958
18959
10997
22134
13031
13030
10662
17386
17401
1950
1952
1953
11304
26685
7701
18927
18719
13117
13116
13115
13114
13112
13111
18728
18729
18718
18731
13102
13099
18738
4346
18739
13092
13091
13088
13087
13105
18714
25964
25965
18673
4248
13165
4250
4255
4256
18692
26001
4267
4269
18694
25986
25985
25981
18703
18704
13140
4299
18711
13133
25968
25915
18666
4358
13083
4453
25821
4475
4481
18815
4489
18823
4508
18829
4450
4512
25786
12978
12969
18841
12965
12964
18844
18845
4544
12979
18791
13027
18790
13081
18745
18746
25904
25894
25893
25891
4389
4396
4397
18758
4400
18770
18772
18773
25858
4431
18781
18782
4437
25845
25914
4545
26036
13194
18588
13294
13293
26182
4032
26181
4034
18593
4037
26194
18594
26173
26169
26168
26165
18599
26161
26160
26159
26158
26174
4011
13304
13305
26229
18568
26224
26223
26221
13322
3983
13321
26218
3986
26216
18573
18574
3992
3993
3994
3995
18578
4001
13310
13309
26149
13193
13275
18607
4154
18636
26080
18637
13219
4165
26073
4169
26071
13226
18643
4182
4183
4185
26054
18657
18658
13197
13196
13195
26064
4145
4144
26092
26141
26140
26139
18608
13267
4088
13265
4093
13260
13258
18615
4114
18621
18622
13243
13242
18627
26098
26097
18629
26093
13272
4547
4551
4552
19146
19150
19153
25311
25310
19154
12577
12575
5138
19145
5142
19166
19167
5156
12557
12556
19173
19177
5166
5167
5145
5115
5100
5099
5023
19101
19106
19107
19108
5046
5047
5052
5054
5062
5070
5071
5072
5073
5075
12616
5079
25350
5095
5097
5098
19178
19100
19184
5209
25160
5317
5318
25155
19269
19270
5345
5346
19278
5311
5349
5354
5355
19283
5366
5375
5401
5424
25067
5433
5350
5310
25168
25172
25239
5213
25238
5217
25232
25228
19215
19219
25215
5257
5268
5270
5276
5277
5282
5283
19247
5289
25179
5292
25173
25251
25394
4997
4994
12893
21630
20519
10729
17207
10728
20520
17203
17202
10717
10714
17199
17195
10703
23386
10701
17184
17183
20544
20545
20546
17179
20547
23375
23374
23363
20566
17162
23345
20570
17161
20517
23421
23422
10735
20448
20451
20452
14686
20455
10811
10809
14693
10803
20468
10795
10794
10790
10781
17159
17238
28012
14717
10762
28021
17229
17228
10758
10757
28031
10756
10755
10754
23428
17215
17237
14675
23342
23337
17087
1689
1688
1687
1685
17082
17079
17074
17070
20675
10542
28244
28245
20683
23157
10522
10521
10519
10518
17061
20696
17058
17057
20697
20698
17054
20699
17052
20700
23198
10566
23216
10583
10658
14822
14823
23321
14826
23320
14828
14830
14831
23316
23315
17143
23300
23293
17158
23286
23279
23278
10619
10618
17127
17125
23259
17114
17112
17110
23241
23234
10587
17096
23280
10840
20427
10844
11114
11095
6747
23827
17411
6754
6763
23814
23813
23812
23811
17398
17397
17396
6775
17395
6776
23797
6786
23796
23789
11061
11060
6807
6809
6812
6813
11049
11048
23856
11117
11120
11126
17495
6588
6590
6591
11195
27670
6607
6608
23942
23941
23940
23935
11176
23930
11046
6625
17476
17475
23923
23922
17471
17470
23916
11163
11158
11157
23883
11136
11135
11127
11174
6827
6828
11037
2069
27889
10905
27891
27896
27906
10882
27910
10881
10877
10876
27920
27921
10871
10931
10870
10867
14645
10866
10863
20411
14654
20412
10856
14658
20419
20426
14664
14665
10845
20409
10512
2073
2080
11032
11029
11028
11013
2132
2129
2127
2125
2124
20313
20320
20321
2117
20322
27872
20326
2108
2107
10975
2102
10974
10964
10953
27862
10950
2087
2086
10944
10943
2082
10979
10511
17045
17040
15208
28579
16819
1270
28581
1268
1266
10168
10160
16810
15222
28596
15223
10156
1247
15226
1245
15227
15231
15232
20956
1234
20957
28618
10128
10127
26735
14104
21029
1042
1041
28770
9989
9990
15249
14105
15250
12026
1031
15255
28785
10001
20065
1018
20064
15251
15265
2507
28764
14123
14122
16617
17576
16615
28753
1061
1060
16608
28754
12039
12038
14109
18514
28760
17587
18513
12031
14111
1015
15267
16589
15298
15299
3943
28832
15301
15302
16563
16562
15295
15305
15306
19338
16559
16558
20060
20059
10021
21000
6398
15294
3945
6399
14075
14074
28799
12014
1003
28804
998
14062
10012
21013
16576
986
12005
12004
21473
16573
16572
21474
12001
1070
28852
9421
21038
6449
28671
9953
6448
6447
9955
9956
18554
6450
21425
12075
21426
1142
18553
9449
12074
12934
9959
9452
1136
6451
28666
12092
2402
9464
2403
2404
2405
21418
9460
16680
12915
28655
12090
12916
28658
12083
14173
12082
9952
28654
21429
9960
1133
17557
21046
21441
16638
16637
16635
18542
2463
21440
16634
2465
2470
2474
18534
28735
28736
28739
1076
21045
15202
17556
9966
1132
12937
17545
16661
18549
17550
2442
2443
21435
21436
1117
1116
17551
20085
18548
9965
28708
9433
20084
12042
21414
18458
14028
5437
5438
15429
24911
15431
18414
3820
18413
24916
5445
17722
13934
22003
15442
15443
3815
17725
3814
3817
15448
21519
17715
26276
16484
20019
20018
26279
26280
20014
20013
26304
18436
15416
15417
18432
20008
7757
17710
17714
11201
16474
15449
29001
19441
5477
738
3785
16436
3778
15475
16434
19455
5476
21983
11222
20937
21982
17758
717
716
17759
24868
11221
17749
743
744
5458
29005
17728
18410
27276
21998
17729
16449
18409
17730
29013
15462
15463
7735
17741
26334
5471
5472
17748
26275
16551
21505
27319
912
15347
26245
15349
7796
15350
7795
14010
15346
28890
20048
14005
26247
15356
26248
16520
16519
3889
14007
15364
7797
16529
9384
20058
9382
9381
20057
9379
2879
26526
26527
26531
10427
10426
10416
10414
3478
10390
28864
10385
10364
10363
10362
16492
16493
10351
10350
10349
16498
10341
10340
18121
18118
18116
10324
10323
18103
18102
26519
10317
26518
26516
28929
26445
26447
848
26448
28923
26451
26452
26458
26466
26467
26468
26469
868
26478
26479
26481
26482
21503
26493
26494
882
883
884
885
10442
10440
10439
26511
26517
10316
22195
26744
20721
17969
10234
22237
17965
17964
13463
17962
10233
17954
17953
13477
13478
10230
10228
13484
13485
10226
17941
22252
10223
10221
17936
22261
22262
22265
10205
13533
10203
13446
20720
13435
10267
26745
18092
18087
26757
22201
22202
26758
16532
16533
26760
18086
26784
26785
10295
26444
26798
13354
13356
22214
22215
10279
22219
22220
10273
10272
13390
13393
13394
13395
10268
26800
26443
26441
28933
16258
21602
16262
16263
18894
18893
18892
18891
18890
604
607
608
21599
612
21598
18849
618
622
6529
626
21591
6550
29107
6556
6557
29103
6563
6564
6569
25655
16252
29155
16251
539
16229
4576
15487
16231
545
16232
547
16234
4569
4568
24004
4564
29176
661
4563
24003
24002
4555
4554
18936
18935
18930
25646
25647
18917
21609
16248
16249
18916
4562
13535
664
21571
16373
16374
26273
16387
16388
3749
3748
16397
16398
26374
26375
3689
8119
10497
10496
3679
3675
10489
10477
26420
3640
28944
28943
10469
28940
28939
10468
26439
26440
26269
26263
26262
26260
683
16319
16320
16324
16325
16329
16330
29046
709
710
29045
16335
16346
16348
667
16350
3881
3864
3862
12871
12872
16362
26238
26239
12886
12890
12891
12892
26257
26259
3883
13536
13537
10202
9482
21064
21065
21068
21069
9797
1431
1432
21310
9789
9787
21307
21306
9784
1451
9774
9773
1454
9772
9771
28385
8209
21297
14279
21105
14295
1471
21106
8056
9585
20859
12098
12097
20858
21176
16050
16049
19988
19987
19986
19985
19984
20865
16044
19018
19019
4597
19020
19021
4601
4603
21712
21713
9562
19027
19028
25516
16043
25512
25583
20866
417
12218
415
9626
20041
12209
9618
22389
20040
22390
22391
12189
16071
25584
12175
12173
12172
2899
29304
29306
22392
16068
22280
16067
16064
18973
15502
15503
12174
12219
9561
17027
4746
25414
25413
21633
15576
21729
13674
4755
13673
21965
287
15999
15998
4745
29411
9535
21962
9534
9531
9530
21958
16972
16971
21957
15987
15986
15985
15984
4769
17028
21390
21391
8326
8327
17021
16025
17019
16024
17016
21399
4663
4664
17015
19061
17006
29393
13677
25450
25449
13676
21395
21394
15561
15562
21393
4734
21392
15566
15567
13675
17005
24360
22388
9631
17498
16214
16215
20915
29192
29193
16217
16218
6364
6362
16142
16141
16140
17497
21653
9740
6347
9738
506
21060
24009
21061
21062
21063
9927
9710
9709
9928
16137
9929
20916
6389
9852
9853
9847
9846
22325
8252
9842
22326
16178
8250
9841
21641
9838
6387
27605
9863
9864
27612
21642
20978
20979
9878
27662
27663
16205
16206
16156
16155
21632
9630
9930
13784
20113
9947
21116
9647
9645
9948
9642
29263
9641
443
442
441
20095
29255
20094
21122
22283
12264
12261
20878
12260
9636
21685
9635
9634
425
9633
423
438
13785
20114
20118
7640
16114
13783
16113
9691
9690
13781
13780
9934
13778
9679
475
9935
20116
13769
470
21109
29246
467
29247
465
9944
463
21110
20122
20121
9945
9946
9942
21954
15575
21888
21848
133
132
21778
28360
15897
11610
11446
21889
11606
17875
17874
11605
19744
11601
11598
21881
21880
21850
16786
11239
28531
15726
11240
15728
135
19737
21894
138
11356
15835
11663
11660
30
2875
16747
8068
21358
20771
22442
1288
21321
19688
4991
4990
21929
21930
11634
11644
19690
19699
28429
15617
15616
28428
19705
11645
19706
11633
21921
2860
17769
21910
21911
17768
88
89
21922
15919
28510
28509
28503
28502
2816
2815
1286
28512
15612
4927
4926
24388
21792
21791
24389
21790
21789
16932
187
16931
9509
16910
16908
207
1568
209
1573
9510
181
180
13576
11687
11688
1371
1375
16718
1379
1380
16719
21763
21764
16756
16765
16766
13556
13557
13569
13570
2863
21834
15917
15747
17855
10193
21853
12
10179
21367
10178
15750
21368
17903
17867
21854
15682
10177
10176
19503
15683
19501
17854
15758
15753
15757
11441
8
7
10192
2923
21344
11361
2889
28561
2891
11365
22443
4
7944
7945
11366
7946
29628
2906
11246
7947
15749
15746
15754
13961
9889
13965
27462
7195
13733
17453
17444
13721
9880
13719
9808
2111
27411
9914
2468
23225
9911
27758
2093
13686
2423
9904
13969
2452
7177
2440
7182
17469
7188
20821
17240
2446
2365
13750
13921
2173
13910
7335
23135
17367
13899
2195
7324
7156
17312
13883
9796
9828
2276
17358
2220
13875
27609
17326
13869
7297
17332
17280
23137
23139
20870
7217
17429
13756
2373
13958
9742
23041
20952
7298
7229
13770
7213
2341
7369
17272
20861
2322
9757
7252
27555
13803
23146
2305
27564
9851
13669
17631
13661
2893
10121
6896
20622
10110
6911
2857
23443
10091
17746
2827
10082
2813
13397
13401
20669
2787
13420
2778
2754
27158
17800
27025
2920
13313
3019
13235
10181
6825
3005
13245
13246
17865
10173
2989
27161
13255
23517
10164
6845
17845
13277
10162
2958
20583
10158
10145
13257
23233
13450
2722
20768
2567
7101
2551
20779
20781
20783
7121
13615
13616
17539
23253
13630
20788
9933
13636
27385
17517
17513
7147
2487
2573
27312
9962
7081
17677
23357
8452
24719
11000
5361
19610
5367
16412
1144
1156
19618
10978
24690
5392
19636
19641
14573
19651
5373
14576
16423
5339
5236
5249
5250
19535
1198
11065
14518
19598
24788
16443
19554
19556
5327
14538
16430
16428
5285
10951
10946
10930
24514
5588
10798
1053
10786
19801
5626
5581
16336
5635
10766
5638
5643
1036
19829
5671
10769
14631
5569
5558
10918
16383
19686
10909
14595
19701
14599
5486
16376
14608
10872
14612
5510
19731
5531
24544
24537
19515
11107
14504
14502
4894
25121
16569
19308
14385
16564
25100
4893
4929
25094
25091
11330
4942
25083
4953
4959
19319
11370
1359
14371
4810
19237
1389
11425
19239
11415
11410
4843
19254
4847
14359
19256
19260
19267
11383
11377
25145
11310
10723
4971
25054
11235
11220
11217
16495
11215
19453
24892
5066
11156
5178
5180
14487
5189
24854
11111
5221
1233
16507
19392
5058
4993
14419
16537
1304
5001
1300
1299
16531
11281
5011
14428
25021
5038
11256
16515
16513
11252
11299
1393
24416
19873
20283
20293
16149
23888
16146
6293
6299
16153
23874
6321
20334
10195
6358
20356
14893
23810
6314
20369
803
6235
6137
10355
6144
24008
837
20201
10336
6247
20209
23974
20223
6211
20242
10284
6226
23932
10320
753
6392
20386
6555
694
6576
9997
9995
20531
20534
14943
9986
23602
16066
23581
6629
14975
20563
20569
681
10020
6547
20476
6400
16117
14906
745
741
6423
6427
23756
20418
14916
23735
725
723
6474
6477
20457
16091
6134
20184
16197
14812
24312
24306
5829
19969
14715
5841
24273
5795
10590
16267
10580
14728
10558
5898
10552
24226
10588
14698
24348
19911
14670
24401
16311
10707
5713
19881
10698
14681
14682
24383
10691
5735
5746
14690
5751
993
992
5902
5695
24212
14740
20120
10423
10419
20144
14797
20147
873
10433
20153
6104
13231
6815
16677
6803
9205
28080
1668
9227
6770
1676
16727
1695
1702
1717
1721
16751
6723
1742
9269
27994
9272
16782
9288
9290
1777
16797
23313
6684
1608
6676
16655
1586
14002
28287
1425
1436
13988
21140
13985
13983
9061
1469
1476
1496
9107
1513
1518
21080
1522
21076
21070
1537
9146
9147
16614
16618
1565
16631
16632
16648
1809
1814
16829
2062
17043
20730
17068
17075
9512
9514
20716
9524
9533
23565
9538
9557
17141
17170
17177
9611
9613
17205
9639
9656
13206
13160
9723
9724
13131
13094
17034
9471
17025
2040
6665
1824
6658
9325
16850
6645
16858
23371
9367
16906
16913
1908
1914
9036
9390
16959
9414
13523
13520
13518
13516
9439
2001
2010
9450
2020
17008
17011
1956
28310
9029
9024
7566
15905
7537
21607
7525
22523
15931
8556
8568
8574
7494
21576
15965
21566
15977
21559
8601
7458
7447
22589
8630
858
22605
7421
7415
8653
7396
8504
22464
8482
21666
527
7700
8409
21727
14806
7682
8415
560
567
21718
8435
22399
14768
8663
14767
14764
603
21696
21681
14741
22429
7622
8466
15825
21673
643
649
21669
22406
13071
908
8677
14179
8900
21271
8923
8928
8931
14143
22946
14125
8956
22968
8966
14094
8974
7041
8977
14085
8980
7033
21205
14077
14065
8994
7016
14055
23003
28324
21278
14189
22884
21304
22656
21467
21465
8703
21455
22696
21444
22707
8728
22742
22751
8766
8767
22644
8773
14320
21360
14299
21355
8817
22811
14293
22820
16257
14269
21324
14239
14235
14344
525
13069
6111
18545
3912
3917
11768
11741
25896
3959
3961
3964
25863
18617
25853
4024
18649
4045
11669
11666
18662
11641
18678
4101
4110
4119
18706
11591
4140
11590
25947
18727
3896
11799
3659
11992
26167
18381
11965
3697
11952
11943
3724
3727
26105
18416
26083
10386
4719
20067
12685
15489
21780
17911
464
11836
461
19034
21793
25386
449
19031
27233
29237
29243
4369
22104
15440
15438
21819
15434
21820
21822
21765
8135
15505
4407
18484
8203
3774
15572
4768
12070
11468
17930
8180
12283
19076
15547
3880
3801
18820
15534
3276
4422
18155
17919
8152
15522
13063
18533
11435
15517
3378
8212
18146
21830
323
21882
7999
314
12130
7984
26362
15322
15316
15314
12747
3345
280
7968
12963
3047
26654
7960
22329
12956
4279
21925
26659
21936
7937
18977
21879
17882
333
27242
20089
10370
17896
15410
12434
8052
8051
8048
25417
29296
20098
18145
15391
10963
8032
17889
8029
13001
15369
17884
344
25439
12996
340
24025
8037
19103
12294
3760
4625
17660
2612
4611
3579
4607
4605
3586
11995
3588
19222
19221
3596
18000
3602
3609
4585
3622
3623
8379
4580
12564
19204
4575
12322
18308
18016
4635
26178
3248
26889
3459
4701
3462
4697
12493
4690
3238
10493
3431
3494
8368
18260
12518
3508
3509
4660
10479
18282
12524
18020
18290
4644
18295
26488
4667
5980
3634
10454
18438
2706
12611
8272
17958
8269
12614
8266
8261
5920
12372
15637
5930
25288
11513
15628
12622
4484
11815
25999
19118
17951
25992
25990
15598
12055
26007
12233
12607
11542
5977
12459
12011
3644
8354
8352
3648
8348
8341
26845
10447
25231
4756
26842
4543
11575
3268
10438
5945
26310
8303
15696
12312
4518
8296
12311
12020
12941
18050
4192
12874
25551
7853
25658
12170
12921
7898
25698
24188
15032
11876
25522
18805
7768
15011
78
15238
12926
15037
12802
129
15168
4176
22208
26389
22118
22212
12392
18109
22260
22070
22235
51
12207
22069
56
21989
11884
18896
12904
59
12161
18784
12868
7882
4230
21981
18734
15000
24142
22154
4232
4215
150
12168
146
22075
12181
17616
4198
4191
25506
3334
7828
7812
7756
22186
7918
18818
15065
15064
22176
20182
22042
163
12838
12846
25678
7920
77
