34
409
1034
179
1150
1288
1313
601
1394
1259
1263
1428
398
947
442
880
836
571
587
626
736
1065
405
630
718
15
261
494
1503
1443
1475
1120
796
151
422
340
1002
815
1291
196
1302
1019
1334
723
1114
681
905
699
266
448
775
232
1172
1021
1177
209
1426
703
1013
1142
1297
104
394
1417
141
1198
294
1035
38
332
107
629
493
516
263
150
885
850
940
675
878
1395
186
671
1275
663
1041
391
6
355
1145
66
789
434
759
144
1194
447
87
351
1207
628
1445
541
109
1151
198
615
693
927
1192
831
1420
710
1285
1152
358
1488
951
486
122
25
966
864
10
967
408
750
724
613
1412
1008
668
645
207
1355
98
1213
712
1290
786
1311
595
1403
1215
912
165
1286
1016
483
379
401
624
302
1391
655
785
672
274
1366
732
324
19
65
190
621
862
1316
1140
225
339
767
777
573
309
1240
1219
1398
1399
1081
303
559
1306
1211
1491
916
1022
1054
650
170
1472
1308
159
1243
692
588
1354
1154
1370
1343
238
600
854
1254
676
1439
1060
1337
679
166
790
91
314
496
365
393
1037
664
1251
1088
12
756
272
295
153
89
1235
603
666
1483
1427
1162
1094
1056
926
1435
443
1087
277
1155
1465
605
317
1434
719
1409
251
1430
421
1108
1496
688
837
1048
354
1260
1175
534
531
529
484
477
776
465
825
1490
641
834
632
1283
275
868
869
894
353
212
475
838
282
1102
85
1189
805
1181
956
1277
366
218
602
1091
1092
950
301
1347
550
214
824
551
111
1350
1026
1069
1186
1376
1377
683
510
208
201
1379
197
1282
1064
689
1281
1204
1267
586
1356
582
525
148
821
546
929
662
934
217
427
430
501
485
1362
482
481
220
221
478
224
788
226
229
970
474
1199
1205
388
386
1396
385
381
1018
378
1015
167
1249
370
1390
172
173
255
734
725
963
964
244
1328
1327
257
265
1322
267
737
271
728
1209
1262
845
58
41
1401
921
152
782
781
156
778
576
861
344
397
984
106
793
1298
899
1300
1424
114
115
536
444
1422
1421
1170
773
320
874
1386
648
315
942
804
313
763
1455
806
67
1153
808
175
1440
1441
1346
1342
1340
1179
568
403
960
867
572
1410
399
240
490
336
1023
597
599
1468
609
856
616
1269
56
634
985
646
580
389
200
549
1146
1147
1210
1438
416
17
833
832
1084
1387
883
765
579
1295
612
278
738
283
287
292
1258
1253
1011
987
1239
1020
574
53
1201
1100
884
674
163
1314
1463
1141
1233
158
1143
909
1197
1117
1077
333
31
270
54
687
1454
1329
128
1449
110
413
509
684
771
210
625
384
1400
686
698
507
192
1157
1474
949
43
437
112
177
1124
231
563
1061
653
18
216
1230
258
178
522
213
