246
55
104
376
2094
103
2753
936
84
16
80
271
367
241
780
916
398
823
73
380
831
1677
391
180
721
574
368
782
839
1478
124
1700
221
1465
96
304
837
1003
880
166
824
1846
126
969
866
24
29
50
41
87
114
362
370
258
288
1880
4
40
2446
1149
88
264
2109
1354
977
975
976
974
973
3
8
686
1001
821
822
77
833
2144
332
920
112
952
808
30
3043
3040
2634
2775
871
169
378
884
296
895
406
2143
25
371
122
268
2642
2773
881
1692
1361
575
372
861
870
928
995
981
171
2023
403
90
13
1009
1041
2421
1158
830
567
283
1007
383
2814
2815
2819
2072
2440
2945
1774
1225
694
799
2046
99
1030
1344
765
31
930
2026
68
1688
231
2751
101
2943
17
945
2029
2889
364
803
531
1356
670
3119
314
1033
1491
1498
393
967
1490
2064
78
1936
832
293
1707
579
2763
89
300
1720
2117
581
286
2105
1502
648
365
1053
2771
1410
1484
573
859
2677
856
285
577
157
2633
643
863
1372
576
580
1287
1501
1514
2846
3072
557
43
607
1
2002
926
32
702
800
1729
899
2418
2419
2422
2415
2416
2417
412
2095
2988
379
2853
2383
1710
128
363
613
3013
2801
167
1602
666
2739
919
276
3564
2031
121
564
369
6
21
1723
2256
2788
2789
1991
646
3152
377
1893
1974
1844
843
1588
23
53
664
840
302
108
2054
1032
392
158
159
835
980
2036
2008
998
1343
1379
1375
1374
1358
1357
1349
1346
1341
287
1348
1355
875
761
847
809
829
3049
3012
3014
549
172
290
828
27
2124
2759
232
768
1360
14
1728
932
825
2411
242
56
688
2083
2068
2067
572
578
687
1504
521
1971
71
153
923
1463
1464
2735
2733
2429
2427
869
1780
1256
762
387
1717
706
1777
2627
1725
1726
1731
1733
991
1775
2830
374
375
934
127
2479
382
115
738
1931
2504
19
2146
1004
1005
3148
431
887
530
359
689
2042
94
903
5
3558
2135
1040
2430
119
420
2671
676
3557
3051
1747
2760
1273
609
816
876
877
684
1762
2940
292
386
631
3596
3597
545
34
690
2086
538
1708
3605
1034
1029
1925
1926
282
671
2922
3113
3111
812
3095
3094
12
1027
472
544
1416
2653
860
1403
900
9
2129
2130
2127
2845
170
908
906
2924
901
2936
3261
2737
1326
168
867
2442
1761
888
2602
470
1051
2102
2096
1409
373
2851
864
1791
2934
1601
3007
3451
3453
76
2128
1772
75
852
1808
3008
1000
2641
26
1942
1935
1940
2635
1039
550
1698
849
785
3019
2136
848
1495
692
1058
1054
2646
1304
1298
1313
1327
700
1115
1222
986
1939
610
653
616
618
697
611
683
632
633
639
640
642
625
696
669
691
674
910
1060
1612
1329
1292
1294
1296
1321
1175
255
1316
1289
2880
1290
650
1019
1995
882
275
519
626
647
615
612
636
624
673
675
614
841
3851
1789
1302
1167
1277
987
2740
541
1215
644
1056
37
3016
2826
2828
2824
2091
2829
2667
2825
2080
1779
1783
1786
1787
1771
1778
1765
1763
1767
236
657
682
680
1785
1766
622
619
1770
2224
436
874
3365
857
1699
3807
196
233
3039
3042
1527
701
623
401
905
1466
2618
2906
2917
2912
2909
2908
2907
2904
2903
921
2121
629
2639
2897
2900
820
2899
1230
1184
2910
2428
1371
665
2685
2684
2683
949
2245
862
2923
652
1706
272
3428
125
315
693
132
2066
3273
605
2233
593
583
2394
947
902
2629
890
2820
280
1437
3433
3434
331
555
972
655
1635
662
1166
3114
28
1106
2875
409
2154
2028
3430
663
677
2148
187
1141
1170
1395
1451
1432
1436
1438
1447
1440
1448
1441
1091
1424
1425
3501
3458
2131
3153
2122
886
988
570
2878
1591
189
2572
3268
630
1015
2636
3429
1018
1023
1025
1020
1021
1037
685
999
1026
18
1475
907
909
2831
695
3577
2055
2192
3149
2849
3145
3164
3161
3160
3147
2047
3159
3158
3157
3156
3154
3151
2656
585
3155
1031
1826
736
704
2277
3150
45
654
107
426
637
508
703
2768
566
679
2799
1704
854
46
184
2455
2198
2778
2992
1784
1208
3648
3644
855
641
3146
3582
1489
2477
2076
2075
2074
163
1705
656
1310
295
1319
1539
879
1067
913
594
399
400
57
984
490
384
216
571
1980
1986
1397
1990
1442
1989
1390
1976
1246
1973
1988
1972
1969
468
1967
1975
1981
2321
2141
2112
2113
2114
2115
2901
225
85
1965
1384
1730
1977
1804
1992
1850
440
97
311
514
3552
1773
3055
3079
1581
1576
1540
1542
1544
1566
1578
1545
1388
1552
1548
1565
1553
1554
1557
259
1559
1560
1586
1579
1564
1547
1558
1587
358
1524
1571
1536
1173
1525
1243
1534
1137
1531
1124
1112
1520
1122
1526
754
1393
1517
1570
67
595
1543
2925
3809
3524
361
661
627
2649
2647
2648
2652
1837
807
1477
1330
1219
1793
1264
1790
1147
274
1325
1807
1802
1314
1800
1305
1794
1831
1797
1297
1295
1821
1279
1796
1301
1812
1332
1380
1820
1822
1819
1572
1818
1828
1337
1829
1816
1815
1615
1813
1198
1817
1274
2079
2138
658
2231
194
2766
3510
1810
226
208
178
1318
678
596
698
957
1322
1827
1832
1759
1109
321
3645
2991
1676
2951
1350
2681
195
223
219
176
215
177
179
234
183
185
212
210
209
186
206
202
204
660
1308
2106
11
227
229
217
199
3556
3018
617
3122
49
60
64
61
203
1383
145
3071
1457
3070
505
838
2643
1743
1143
2403
3551
93
1745
2563
2583
2596
2564
330
2586
2580
2587
2589
2334
2579
454
2590
827
66
2576
2591
2594
2582
2581
2577
2595
2574
1402
2573
2568
2567
2565
2561
2559
2558
2556
1563
2592
463
117
2747
3069
0
3388
1878
1193
1888
1577
1885
1883
1139
1875
1886
1870
1718
389
1874
1405
98
1439
1861
1869
1866
1858
1716
1865
320
1862
1868
1400
1853
1854
1855
1856
1848
1754
1280
1792
2099
2593
336
2597
1864
819
2584
1879
3015
2237
2244
1503
2242
2235
2236
516
2238
2241
2898
193
2190
2243
2240
1022
1776
638
672
1450
836
990
2807
74
645
2232
3553
318
2257
3118
1750
1752
1756
552
1753
1749
1755
2033
3285
1098
3284
1583
2308
2314
2309
2311
2312
2313
2328
2317
2318
2319
2320
2324
1667
1165
699
1746
965
1207
2281
817
2291
2290
2287
2286
2285
2284
2282
2303
2280
2288
2292
2293
2279
2304
2306
2307
2316
2298
2295
1734
2322
2326
2327
2329
2330
2331
2332
2294
2278
2300
2272
1537
2276
896
1455
213
1836
590
2119
1769
1028
1382
586
2266
939
2111
2230
1479
154
2413
868
2731
33
62
7
1092
2
47
152
2426
91
2223
971
503
1206
3770
2078
2741
2273
1444
2018
92
294
4086
1599
2248
1223
1841
301
3232
681
1035
1062
1047
635
1317
883
2338
316
2974
994
343
1551
708
342
388
3728
1461
1202
3024
1006
1508
1562
915
3029
2228
2800
2628
997
2780
20
2734
1017
3749
1715
2025
351
278
1010
220
3041
2769
3231
582
279
2133
3466
2132
513
385
95
2147
3098
3068
15
284
4072
3888
517
842
2151
1835
277
3631
2103
592
978
2651
3431
2916
914
1008
1996
4107
3752
620
3121
933
911
134
1618
3242
3089
523
814
3393
878
155
3731
2269
267
3973
873
805
2879
1684
1695
3895
3083
253
929
628
113
2510
904
289
562
35
2738
925
1150
2239
3290
3531
3303
865
924
309
659
130
44
161
1895
1199
1782
1781
2387
918
1426
143
2423
604
1964
1814
2804
667
82
451
1823
953
148
1994
2632
2513
3647
2682
961
1169
1456
3412
1485
960
2234
381
2952
3646
1768
1605
390
2027
2948
2531
1744
478
3414
1162
366
3762
3106
2227
1834
563
2732
1300
964
3329
59
826
3279
1415
3676
3670
1071
3384
1342
1307
2402
2748
2743
2749
3662
3260
1278
996
2399
2626
1452
1386
3269
811
2225
2226
1103
1568
2172
872
2406
3811
3759
3432
1235
2770
2631
2337
2976
2791
2053
802
3311
889
3740
2686
3295
3124
395
3498
2935
3087
1334
1737
2915
946
3464
3104
3721
4019
950
1024
2274
2194
795
2335
298
1399
2082
560
3637
1927
3316
4001
959
912
1664
1429
1002
281
2065
606
4031
4032
2645
2896
958
1412
3905
3666
3421
2139
1483
3678
1359
422
3914
1462
4050
2120
65
4076
4075
1732
3909
927
937
254
525
3247
2229
357
851
1016
1453
2333
1968
2375
182
1985
3052
1584
3416
249
898
801
1228
1659
1580
2827
3102
3503
3077
2247
1809
3852
165
4064
3514
4021
1118
3398
1111
3395
1045
2431
297
2081
891
724
850
845
151
496
494
2758
584
4123
1404
3115
3808
2270
3669
2833
4069
3243
3057
1740
106
3529
3850
714
3274
4082
1381
2816
1303
4071
1282
1805
1407
1255
1205
892
1339
3963
4048
2968
2014
940
2016
3320
3315
2404
2400
1627
3840
1625
3842
970
3845
2393
3849
979
2389
3854
3855
982
3286
1616
989
1611
3278
3277
2379
3328
2052
3806
408
3400
3778
1993
858
1703
1999
3786
435
3790
3575
2369
1590
335
2363
3886
3887
2353
1573
2767
3896
1592
1569
3901
3902
299
2774
3904
2776
3906
3907
3908
2342
2772
2057
917
3347
3457
3456
3455
2640
3452
1697
3438
2654
2657
815
2376
2663
834
3411
3162
1281
2998
1293
1312
3927
2973
270
3929
1275
1324
1335
1336
1338
2949
1347
3938
2942
3940
2959
2930
1272
3025
1151
1152
3112
3110
3109
3108
3103
3096
3017
3093
1212
3056
1216
1217
1221
3050
1241
1242
3971
198
2861
1414
1411
3987
3986
3985
3983
2871
3980
1385
2892
2894
197
3764
2902
2911
228
3957
235
3948
247
3088
1138
3123
1131
3125
3127
3968
3138
1419
1431
2630
4049
2696
2697
2698
4038
4037
4034
2170
3259
105
2575
1712
1722
885
3387
1736
3403
3406
1757
2516
3408
4068
1788
2499
4012
3461
79
1833
3530
3540
651
4100
3565
2435
4104
3573
2501
4067
3248
2600
173
4010
1427
2834
2832
4000
3805
4033
1487
1923
621
3705
4116
3614
54
4114
4113
4112
416
419
589
3625
3626
3630
539
3667
1516
1500
3703
3720
3722
3697
42
3725
2601
2796
118
120
3668
3768
1474
3797
1513
1066
2071
1082
2275
3240
2297
2171
2149
2823
1811
2990
3309
131
1830
3788
4029
2420
3292
2848
3810
1857
3144
1377
2453
1801
1803
2222
2509
2507
2779
2782
1445
4083
2803
3726
2073
3105
1224
3735
456
111
3744
2024
4056
2145
3823
963
1061
962
3241
955
3253
3407
3413
709
3515
3521
3572
3620
3663
520
509
360
3826
3834
3837
337
312
3894
3898
222
3966
3984
3999
175
174
4095
983
3196
1057
1059
2116
2166
2179
2009
2000
1998
1987
2599
2919
2638
3084
1966
1735
1907
1480
1727
3081
72
51
3078
2736
48
4129
1482
2123
4102
1561
1285
1373
3021
2609
2351
3023
1367
63
1621
3058
