1535
5189
2320
2432
6053
8627
6278
2189
6697
400
3294
1798
6146
6245
3301
6222
5473
5826
4344
7528
16
89
6219
5321
6260
8863
3865
3320
1536
7263
3108
7651
7006
6177
8299
3895
4826
8757
3880
6348
7645
4302
135
6806
875
7205
1022
3387
1365
3437
423
2444
254
6184
4641
6004
5688
6333
4459
2341
7757
5058
6653
1830
5212
1973
2626
378
5984
2909
2335
3800
3920
8135
7561
8038
1668
1355
7039
6762
5585
7890
6725
7684
3505
6932
2644
5121
3389
3904
7559
5035
3672
7646
8395
5328
5538
8745
7934
6867
7946
6436
5767
8696
1726
8099
3336
7697
3955
7837
8307
505
7146
4653
7431
7657
7608
8509
7585
7389
8712
7574
1564
5417
5931
8453
3458
5855
5220
8750
5622
302
6705
6344
5590
866
4038
8764
6244
7526
5825
707
7626
6068
8141
1462
1874
7653
8431
5677
7618
4271
966
2638
6133
4507
8593
1615
4049
7011
253
8711
5191
4615
6683
738
6246
8695
2010
1389
6456
5671
4598
7344
4453
3209
6251
4015
556
6539
7978
5563
8331
8688
4595
7623
1785
8049
5790
6958
1250
1786
8769
6745
4214
8956
856
2356
92
4345
6047
7368
1049
5163
6552
4278
2977
3813
8656
8337
8336
8626
8611
582
6613
4314
5192
7977
4310
2854
2826
7502
2150
5354
2830
7215
1197
7549
3956
7306
3357
6258
6396
4147
6242
597
6342
7374
710
689
8225
8067
2481
2521
6382
2668
3462
7629
3670
1265
5822
4395
1165
6967
5902
4824
7899
3620
4105
1907
1184
3634
7378
7893
2424
122
2306
3962
5975
6200
7715
2462
6340
7948
3170
2671
6454
6894
5007
5658
6345
3509
8002
2802
4408
2318
862
8265
1725
6915
3478
8475
7671
5065
1377
2350
5752
8432
8468
6339
1704
3438
1210
5138
6297
7025
7470
6285
7093
8440
1936
6378
6559
575
5958
8439
3826
8564
4911
8108
3128
4135
1628
5244
2330
6892
8376
6487
4317
1684
407
1593
3215
7105
8196
3469
2953
4383
8117
1364
8798
8467
4967
4673
3109
3134
8125
6349
6607
7416
3713
7014
3945
8978
2903
5544
3790
1043
1561
4629
3554
6241
7514
6124
2111
1118
4999
6138
1633
1752
2371
5788
7729
7400
2134
1646
5153
5317
6316
8241
1114
5221
7232
4223
5531
6190
3474
968
8534
7707
3836
6033
5916
7271
7997
8770
7435
3906
2513
6441
4680
1883
828
8282
8988
1080
5229
1343
6828
5888
6188
4124
126
7510
3169
1470
3529
865
6127
2205
7115
3856
3680
8224
68
5613
6121
8436
1011
220
1424
1327
3902
7725
1734
4393
293
6662
3386
3106
8021
2459
8428
7128
1109
258
7847
6354
8203
2816
1068
5609
1773
1279
197
6831
6872
4322
4230
5341
4012
6724
2516
3184
339
5024
6535
7648
1420
7868
6169
8609
7367
2653
6452
1055
1491
4840
5720
7471
5656
3332
1555
2533
2871
355
1941
6589
7517
6468
2817
1783
6496
683
7794
112
666
5375
7631
681
412
3122
761
3897
4816
4798
8740
5010
2184
377
2814
2846
7815
3518
5458
7175
5290
2029
4523
4970
1110
5198
669
3832
8818
7674
4107
5981
1840
648
4131
1957
2293
7453
1508
2463
4309
2762
2304
15
7422
6644
6584
6252
63
3801
4118
2427
2788
4687
1390
7147
3714
316
5211
8702
822
3942
4612
7262
8572
1162
3997
8332
8068
2230
8726
3164
859
1046
5353
4498
7309
5199
717
4914
2778
8562
2849
105
5364
1497
3980
2052
4927
58
7738
298
6782
5995
1523
6145
8381
6429
2983
4274
4324
8417
1348
5741
43
8658
2688
3198
7041
5949
576
4860
7357
7621
8177
6098
6630
7477
0
5990
6726
4074
654
8969
2207
3884
8698
7481
6933
9001
2222
7170
5701
7785
1178
699
7157
8531
4482
1072
8839
5799
5660
5900
3642
7086
630
3760
55
6939
3314
5495
5036
7019
4116
8625
5044
1993
3420
2771
1998
3610
6791
650
5523
4907
7982
7576
2958
737
1758
3080
3229
7417
1821
2883
1368
3502
8781
6168
7313
2933
5978
3966
6283
7691
5651
4531
7149
1687
4580
985
5231
6162
6364
5895
5663
1566
2016
6463
8298
2036
5308
983
5301
3351
5780
2324
85
6980
7677
3755
2118
4288
439
6989
1148
4412
8383
1057
6963
2919
5437
427
8948
8454
7854
3020
3068
4830
8113
3870
746
4828
5175
6282
6519
3277
308
5167
4155
8482
2733
4875
4768
6432
4286
6896
8181
2040
6562
7656
444
7478
3987
6351
6409
7496
5498
5630
8349
5593
1976
490
5754
5766
389
948
6975
1125
388
4711
7135
2023
4520
7125
881
2619
208
38
6711
8842
3476
4921
472
7443
750
7020
5717
8496
2874
2370
1587
7049
7021
8896
6829
2568
1861
1864
7965
3058
7068
7224
3283
684
7775
1196
8474
6509
5265
5525
2247
4457
2600
5376
8585
3734
4845
1394
1904
8792
7731
8765
7867
7727
4588
7694
1597
2183
6355
2080
5402
4339
6142
6325
530
7545
5151
2682
3481
8546
6805
1825
87
7860
5141
7474
7469
4449
7381
1537
8657
2713
2438
4569
7346
8918
4709
8272
8393
7632
4100
3454
3858
1069
8435
7603
13
56
1787
3652
4759
365
4959
8437
9005
2670
6890
3105
8025
8778
6742
1430
4196
6227
3632
7878
742
140
2898
6137
7840
8516
5964
8880
4566
5870
3580
1249
3002
5183
2957
4972
4971
8738
4388
5508
5463
7388
7682
1040
5076
8972
2474
2176
6480
1524
4591
6022
3666
4391
2255
3175
3935
1746
2058
7353
5607
8920
4081
7216
6860
663
8452
5536
3439
4004
5967
1023
5912
5339
1371
8780
6445
3749
7159
5476
4596
1736
8900
7447
1751
418
5637
8647
2420
8102
2715
9031
4433
2110
7397
6840
223
5087
1363
2266
8214
1314
8078
4829
475
1664
4897
8287
6013
2710
6642
1886
6035
2096
1521
502
5891
6195
77
8577
3443
1312
494
2419
6427
8821
4072
5282
8930
2011
1408
269
7134
7605
3718
5142
4175
8570
6170
4282
1310
2588
7362
5107
5090
7737
2167
5128
452
5154
4152
8586
8239
3194
394
2114
8375
2442
2836
2295
884
1605
5373
6819
5771
7284
6148
8779
4205
6897
610
5910
5185
7064
1549
2013
1528
634
5673
3157
8607
3736
4606
2703
5988
8814
2228
2193
2720
6580
7955
2906
5406
3145
5257
4213
3818
2305
4950
7533
5461
5479
3041
8284
8283
1029
1459
8575
1078
6220
7185
7050
8731
7315
5329
1560
3786
1865
7074
4097
2108
888
151
1722
7513
24
6927
3369
7030
2652
956
2637
5578
3789
7183
326
1203
3318
1652
4085
217
6224
4703
4002
8666
7214
8683
3216
1554
7062
6189
8234
3412
1229
7892
574
2147
88
5918
3444
5480
5067
3756
7880
3348
1504
2445
6780
6709
8326
4681
963
3187
6101
397
3139
6196
1083
6868
6120
7863
789
2210
3615
6058
3101
2776
2999
6983
8365
4039
6377
2526
3846
7044
181
2767
3237
360
5558
3300
2387
2740
858
2754
5331
7451
3709
7486
2531
5644
7383
1784
4646
1643
206
7061
7954
549
4812
53
3725
6710
3066
805
8700
8773
7179
6298
4023
2867
1460
8230
8133
5797
7873
7190
1458
5468
1391
4586
4235
8938
4207
351
7221
825
5179
7347
7766
6899
1719
3577
1595
6106
3368
6287
8001
6670
6835
5864
1632
8445
8232
7945
7604
3140
6045
547
2012
6695
3551
172
1862
2661
4098
4554
2586
3344
8901
4372
2028
2639
2325
7369
5679
5242
6508
7844
6775
8106
860
7379
2937
4262
7266
4622
1222
561
1316
8402
1482
6779
6187
8874
5560
2364
5517
6598
4365
852
7204
8112
9008
7820
7723
4191
3248
2665
564
2048
1354
7472
4643
3881
8889
631
6228
3289
6306
1675
772
40
3264
4149
7582
7938
5520
2035
3776
4946
416
5668
441
2201
1620
3088
3013
3364
4738
921
3694
2927
3354
8795
6703
1186
8752
2471
8483
1322
8391
2792
6192
3581
8801
1791
6771
6676
1220
3964
3665
2401
7667
5430
925
2482
3100
2333
5740
6023
1707
3402
3104
1681
71
8793
801
6232
1910
1434
6154
8260
6994
883
7924
4385
5793
3099
7327
6025
1054
7377
5811
3377
4645
7947
2253
3898
8815
2911
164
1231
3427
931
5874
396
7452
6309
454
8594
5053
4048
3576
7956
4483
1826
1153
8109
8271
7728
5407
1465
1971
3287
74
8924
410
3892
5174
7270
7102
5707
7739
1187
2734
1981
3663
8060
4
3350
8887
5834
5302
8123
6444
5906
1090
4605
3524
2174
2085
2248
1818
2850
4714
3276
1139
2017
3367
7872
310
8173
3399
1658
7619
8008
5285
7895
4250
5091
7778
5315
5382
8604
8902
6667
4340
6091
5785
8404
4757
7588
6854
7593
553
5542
5711
7610
2500
5565
7989
4589
7634
8229
7304
2554
5291
1940
2027
182
4123
8672
2268
3429
1955
3078
550
791
7958
3282
709
3132
437
4486
660
5425
334
6397
2597
1577
190
2082
1384
4071
5650
1432
3548
6789
8421
8358
8244
6857
4060
6202
3061
1058
2372
6790
6544
1626
9011
2507
1034
1448
4858
8845
6759
4241
3081
6739
7508
1159
5260
4011
2539
7012
6485
2798
8292
8505
8968
8922
8158
5059
4137
4945
4461
6070
1501
8126
7045
7360
4221
1171
304
4671
7594
2446
5750
4095
3695
3232
7693
3645
3819
5719
5261
1539
5280
7332
2141
2643
6517
7784
4694
7628
1984
1552
5369
7110
7355
7914
8941
8885
4539
4817
2294
7740
5947
7808
976
3983
1836
2004
8983
6625
3156
1623
5068
3703
969
1315
3284
7666
6001
4538
4886
3664
2546
3286
5830
8532
4422
6803
5556
2314
7390
399
2250
8074
2956
3316
3426
7366
5986
779
3928
8013
4752
1579
8333
2510
1188
1427
1028
6
1680
3643
1175
2764
1893
3111
2217
248
4570
6540
7108
4261
3886
8311
1499
3753
5429
1721
4801
2832
6126
483
4707
8637
7797
1016
2403
6815
8442
970
306
8137
2574
6797
5691
1562
3141
5110
5761
6321
8661
8493
2549
2107
2490
2565
4794
8446
3640
7886
4614
4008
4573
585
2043
7838
6722
5304
6412
3306
3154
2970
3397
2576
4682
5106
8690
8424
4216
6788
6551
928
1120
6497
8297
4517
191
1238
5300
4040
898
7411
6078
358
4296
872
1168
5408
8993
7171
4067
3559
4179
8871
7141
7487
6431
8380
8218
679
5048
6017
3177
7336
6999
2464
4891
4755
3497
605
3684
6887
8389
199
6550
5071
7359
4953
3758
3563
5751
5140
1302
4229
1025
3723
152
5762
6352
39
830
6473
6862
3083
7515
1931
6590
7163
2473
7324
7052
1275
6007
2889
532
7736
7370
8825
8822
7229
5502
4488
8215
7963
2353
1242
8352
7080
8537
6490
1530
4979
3231
3782
1913
3873
7773
276
1992
2635
7275
8110
6291
1856
5094
4603
7841
3162
6645
6713
2218
6877
143
7735
944
3777
1399
2910
1174
5703
4269
1414
3055
8255
7409
2976
2365
264
8051
5132
6290
8891
5419
5129
5441
8073
8602
1201
601
1723
5611
757
428
8207
5859
2870
7850
7350
8707
1778
1965
1614
4022
6688
8834
2532
3676
845
4161
7430
1440
8193
5411
2117
6277
7722
3072
5327
3015
8323
3496
776
2300
2309
6030
7121
3857
5851
5483
64
3528
5748
8217
9055
3202
7777
2783
29
3820
6359
1032
1696
6002
4782
8701
1297
4484
5084
1417
2298
7636
2396
4141
4804
1214
4522
6964
3573
1657
1198
6338
2383
8441
3391
5977
4287
8259
7748
1917
2087
4416
2858
1495
2801
221
2538
8385
3830
1612
6798
6955
463
8923
8855
972
1991
207
4524
7278
8916
8347
5486
7352
5054
6288
2807
6108
346
1954
4233
6610
7701
3591
766
3159
5152
3913
5095
1419
6225
6425
8182
5239
3748
1017
3759
5938
5196
3549
7442
8833
1294
3522
6959
4424
6978
4838
6233
1383
7870
1627
414
5829
3545
5169
2199
507
6718
7075
9040
9017
8964
8973
1806
2959
3035
3461
901
3292
4960
8613
2164
4430
6495
745
6191
1119
2037
3126
4542
984
8868
8480
878
8543
1908
5734
763
8231
7054
4502
4499
3735
1053
6969
2786
8174
7000
1382
251
5602
6194
5816
8092
1611
7339
3805
6588
5606
4853
6294
8621
8646
5126
6736
3151
3974
1435
3623
4437
2066
3914
2861
7901
252
701
1849
2182
785
2237
421
5400
4988
5482
941
3912
562
6163
1788
2877
1129
5695
5983
8142
3274
7277
7538
4528
3978
5698
6024
7282
1172
2943
6568
8789
2660
7907
8828
3021
4145
8636
5655
6767
4094
6385
552
6229
434
213
7912
4197
813
7036
2
5003
8491
4068
4772
8235
7089
2530
3388
3849
3816
1101
4034
7406
419
829
4961
6446
2714
2132
8473
3191
7681
6257
6768
6554
1492
8511
7133
4335
2148
6816
4815
3297
2935
7096
8802
4151
6289
7602
8201
1135
7009
6178
587
818
1961
694
185
7812
102
1263
5692
2466
8118
1912
2116
5845
4565
8371
5852
2191
5103
405
771
7690
7625
4581
262
4312
5469
8524
4062
8911
1541
8450
3929
2989
5320
8464
5310
6437
91
3719
4990
4193
1393
8495
922
6634
6811
4495
7714
4088
7786
2214
4577
401
6165
7294
991
7529
8296
1858
6310
7226
756
5351
2799
1217
8759
4079
5940
6324
7548
3822
7071
7090
2680
2366
458
5803
3811
724
2362
584
3878
4192
3547
7220
6319
7493
1451
109
5223
5839
1410
7117
997
3052
3924
8425
3770
4941
5617
5725
5392
652
372
1283
7154
5073
5004
6334
9023
8252
7819
5396
6037
7380
5078
9002
1776
4726
8895
2260
5652
7700
6974
1061
404
4638
6891
4032
7507
1093
4607
5624
3984
5757
3586
3883
5248
7732
6633
3056
1705
6472
2170
2236
2231
3613
139
3136
1519
7750
8413
8251
2623
7918
3578
528
6741
7254
8330
8624
8612
1698
8553
5832
4996
1189
2887
3490
7787
3217
3624
3940
3190
7552
6153
5620
6264
5403
6727
1031
1376
2843
161
8457
1743
6714
6702
611
8400
6748
8290
661
4069
5582
5753
908
5553
5120
6586
2261
7092
5962
2249
5064
905
3999
7539
5684
8348
512
4403
4497
2813
7450
3579
8590
3342
5669
4106
8063
5081
4556
2673
5554
6723
6651
3514
1323
793
4893
7139
4417
5161
5760
7212
1047
4766
4073
6611
3074
2026
2782
1374
3291
2240
5880
7040
7726
1338
4874
4677
6853
7283
4036
5330
383
5105
6158
2658
3395
5836
7762
3214
8649
2410
6129
3407
7842
8188
1253
7986
5844
5488
415
1890
1403
8665
5410
8434
3936
5079
1344
5640
4321
73
2609
5421
967
3567
5774
1943
7420
5134
7354
7560
2541
7186
914
1287
7206
4928
5945
4121
6961
5384
3739
4667
7181
5293
2405
7698
6783
1127
7082
3796
7131
72
6524
961
7392
5959
3764
4492
7921
1724
2916
7557
204
8894
2879
5268
3930
786
5460
6859
2321
4811
8111
6602
344
2001
4676
4767
3090
3588
4730
1921
3916
8518
3766
657
1895
4725
5101
2555
3601
7363
8006
904
3923
3067
5800
6898
4431
9050
4516
3179
2522
2672
4357
3868
7256
990
4938
3854
2536
7851
8062
6732
8043
1193
3150
2143
1247
5188
3744
3166
3138
8095
2220
7208
1264
579
5345
6262
1105
656
8179
2995
5914
6405
4500
196
3089
1353
8744
1036
3967
6988
7461
3954
4112
1741
2177
5438
1311
3844
8396
5516
8576
1703
3012
5418
3487
2563
8554
5770
7356
4864
4503
1359
8601
8663
1370
1033
1446
7073
5973
5952
8195
5
4182
6243
792
8742
8278
2840
1804
5638
2317
555
4913
5507
5145
6474
8837
2121
2151
4929
3221
6384
6089
782
5879
3123
8149
7396
6882
2060
8470
8
1357
8379
6674
1037
5155
2285
1735
1296
6406
6972
3705
1802
3564
1356
6493
2794
3193
6953
4232
1019
7668
7119
1714
3313
6226
4044
8257
6477
3051
3767
3070
4380
799
445
3975
2439
7543
7889
1226
2674
4741
6329
672
7358
3550
5615
3627
90
5586
1603
1841
6011
6019
5243
7661
606
5577
5737
3378
6685
4849
2202
519
3688
5505
1695
6330
3853
6489
894
2711
2606
3879
3414
2472
5000
4932
722
7293
7005
3199
2543
1635
8616
8904
7527
8552
5513
3228
2569
690
3596
7881
7774
7612
1345
1640
1211
2123
3422
4260
5686
8293
2158
1930
1062
5625
964
2872
1720
7272
671
6179
4171
309
5200
7031
7627
8737
5318
7421
3607
6774
2529
8878
6557
7541
2349
8057
5775
4402
1828
8219
8860
120
5471
4297
2378
5324
4419
5342
3953
8951
7957
1070
4245
7887
731
1185
5043
8786
1762
1076
2980
5389
3288
5214
8578
4440
3775
4765
3733
153
6050
1350
2019
1142
8549
5098
927
4894
1097
1510
2077
783
5814
7007
8966
6756
1624
3708
4587
1999
4764
3646
674
8551
2277
7670
7066
137
7299
5273
8304
3806
8559
2254
1585
1137
7427
678
7993
3433
3349
5527
8286
4331
4396
4351
8150
1243
4061
1979
409
4114
1717
6376
6506
1150
3334
3268
5773
8248
2923
3011
613
2447
1732
8799
231
2784
7572
978
1030
3807
6110
1346
2878
8682
3258
1688
3014
6817
8487
83
165
9049
6712
2742
3197
5524
6304
5722
10
7852
8463
7023
6199
5919
8003
2896
1281
6353
2162
7531
4541
4058
1928
5275
5297
6276
7490
8064
7223
2781
3568
2749
5796
8087
7932
6956
545
6992
920
7287
4896
324
1130
6020
6336
6531
1048
5370
8686
200
7536
5256
6772
6692
2221
7898
7003
7589
7042
923
4159
3246
1091
1274
2515
1405
1770
1570
3600
6753
7803
2743
4366
4898
6752
2679
8856
4989
6852
6827
2966
2551
1362
3633
8756
5821
5092
470
540
705
333
8540
3520
6402
4126
4110
647
426
7521
1661
5846
6587
3428
8093
3647
2545
6368
5901
5944
5372
930
282
6404
7620
6457
2566
5296
7032
641
4568
3192
2610
7759
7535
4363
7153
359
337
8733
1518
5420
8662
4082
6795
1258
3299
2756
2991
6455
3941
8940
8680
4051
7101
4986
489
3413
3471
820
2631
4113
4390
4593
4330
1977
1608
5871
6986
832
4810
3673
7976
1000
1299
7995
4742
2359
6206
3530
6390
66
2640
3899
7658
7180
8154
7013
2426
2018
5971
1450
1342
8145
7606
2642
381
3203
3754
1774
1260
4138
2852
1280
2775
4332
7923
6031
242
5109
317
5714
5006
8659
7004
8866
2322
1378
3626
5627
6155
7874
6401
5583
5176
1240
2860
6317
8250
5735
1164
8275
8398
7095
2382
1733
1885
4584
1837
2109
6807
2759
2499
3821
7057
2251
3908
7295
8807
8168
3791
480
3599
7429
1453
8527
646
4889
732
1914
8281
8279
3667
7688
6014
5449
3037
5950
3503
2478
1835
222
736
1436
4827
5279
4341
2166
6312
4720
5599
5998
345
9018
7622
844
1212
5893
1331
4552
3039
2047
2744
2241
6704
645
6848
2502
3515
247
4080
7904
2698
3779
1924
565
4925
2675
3441
4103
4133
6230
189
2485
5450
5338
4415
8768
267
8096
5197
5013
104
6770
6856
5343
3597
8716
6512
4623
3911
7537
7460
7017
3950
1088
3716
3621
1765
1176
7639
1008
6027
2630
5236
3869
7562
4630
2079
476
4597
5401
4924
4869
4367
6423
1540
7696
2468
4275
9028
3976
1873
3492
256
4454
3026
2972
8042
3200
1575
5953
7349
7433
4268
2774
8236
2897
5434
6571
4033
727
5732
5885
8883
7516
558
5204
5046
6215
6198
821
33
2975
543
8120
8587
6363
1678
7288
5756
1673
305
8734
6009
1094
8915
6311
8489
4578
6134
1520
7240
6593
1147
5592
6628
3107
7198
6234
2979
8655
4343
6167
1041
5595
5097
7484
6135
6005
2263
6365
4702
790
5125
8600
915
3960
4371
7343
8291
2397
2188
8990
617
8946
1934
4463
5213
6046
8907
5934
4405
6750
8660
7398
7511
7999
4428
8342
2416
7894
1563
6176
7685
7875
4026
1916
8519
1321
3737
1071
95
6114
8130
3451
7462
1181
836
1974
4342
4352
4918
2709
299
3932
4515
3824
2195
2829
138
5633
711
9010
469
8206
3927
1935
6039
1038
2645
5499
8387
2056
2267
2825
1727
3121
3261
7607
1295
8166
691
8881
3082
1932
8862
8846
1824
6042
6913
1398
2855
8147
1347
3784
128
5249
5693
7944
5467
2497
495
1074
8204
5015
919
8847
8367
5758
3658
7647
1132
8521
1369
5676
1956
3724
6564
2890
2399
2974
3262
7410
2700
916
3802
719
1113
1559
7741
4743
8152
1847
440
8119
26
6885
245
7010
3727
4148
4652
7760
6430
6314
8919
773
518
332
1857
7660
7824
1507
7394
3360
4620
2748
3845
7155
4158
1447
354
166
8995
8243
6591
2072
697
3353
7419
2173
2212
3949
1425
6755
7428
4364
5332
4937
1731
7407
4809
520
993
4474
8399
975
4991
5259
8276
6504
1487
3648
3837
2760
7468
4392
6594
8499
8597
4719
3307
8335
5333
3129
5440
243
2789
8882
5019
7501
3425
7547
1526
8344
2908
313
1085
8739
3674
8697
8684
1761
755
1463
3510
76
2926
4284
5148
3740
7743
7953
2342
3937
1087
3419
5159
2128
338
2156
535
8197
4818
11
1266
4490
7615
4442
2960
3113
8723
8301
1558
6954
6453
599
7826
5037
7553
1607
3893
5426
7505
6821
3009
4887
1051
4872
3031
8507
4841
2323
1769
2002
1801
2225
7795
7624
2209
7546
7464
7455
2115
7906
4906
704
7245
4259
2030
4963
2601
7078
2741
2761
6917
5298
1544
4899
3850
5923
8674
1472
385
5530
3247
6016
3841
4481
4506
3569
3715
6408
3617
3195
3119
6578
4014
6388
6350
3787
31
1538
3769
6071
1494
1099
9047
2422
7992
602
3257
8574
8890
4842
3685
644
2223
8372
6605
6673
5478
2380
3907
4265
2882
5713
5485
4640
6923
7129
604
2492
4183
1257
8316
1897
1443
7917
1572
5559
7830
422
3347
5820
3446
6086
7952
3589
6061
1870
6204
6284
8035
5887
1701
5828
8058
8105
864
2042
6424
7801
8526
3255
8958
6765
202
8664
6881
6834
4418
6880
5203
5546
6861
6879
5156
8794
5210
7441
7258
4744
6087
2930
595
7091
5144
592
6041
5477
3751
5681
2022
5807
1789
1406
4358
3327
6525
5860
4299
1143
1308
6556
124
7578
417
3062
1945
466
3963
3838
7145
2374
2730
5286
4009
5292
3747
5218
1079
4355
7768
3259
2669
544
6394
2136
6301
2593
5728
2310
7789
823
7236
7542
8816
402
4923
926
8159
7565
2103
7265
7818
1009
5920
8471
3722
2567
4561
3794
1699
2119
1106
6620
798
2657
8167
2633
6152
5960
5631
5789
281
6205
7990
1693
455
501
6681
891
4678
4003
8194
2780
3875
7241
4346
8258
8888
7132
8805
6581
1811
5379
1845
7678
1906
8176
680
2129
4834
6328
3147
5075
2572
1927
3921
2402
2137
3686
4692
44
6886
363
8015
7060
2278
3230
7885
4942
8317
890
8070
5404
8269
6778
6373
6141
2770
1529
603
1606
6666
3799
5842
4637
7911
7178
4143
5358
4414
170
314
250
1877
8921
4228
2358
4468
158
4850
4281
5927
2488
1854
1404
5857
391
6606
628
4376
1223
6500
5612
6993
1256
8528
4303
6608
3463
5496
8328
4684
8652
4983
2931
4407
1461
4251
509
591
7652
6460
2144
5272
703
723
7053
529
5219
4239
6318
5307
7920
4919
3466
649
8840
4280
156
6130
6914
815
3825
295
4916
376
6069
1328
8263
2924
5831
1662
497
4532
3517
764
3242
4334
998
8810
1116
4974
342
8377
8294
4090
4231
7961
2414
5294
4965
6918
3697
2345
687
7765
2113
2238
7244
6690
8772
6618
8720
7609
2235
4404
270
3622
636
2986
5603
8409
7373
1372
4373
6908
1237
8192
6038
1200
5759
3516
3098
1086
7114
7395
6411
4086
3973
4771
113
4313
5616
3025
41
2795
4732
5883
4599
4190
179
7099
2548
5654
7094
2811
1138
7405
8687
6909
6757
2722
1102
4001
3612
4831
2725
54
3361
493
5112
3843
2006
2033
2068
3110
1309
3355
5782
600
379
6271
6832
5240
8350
5812
7269
1962
6056
1616
5970
775
2476
145
3042
6769
2449
6716
2893
8184
8481
3393
4861
244
3260
6729
443
3244
1625
3738
3877
8459
1946
7716
321
2822
5890
5146
7876
6077
4876
6518
8886
3773
4016
1486
808
1332
8364
5747
6943
2899
3781
6965
3604
7412
5833
9006
1679
2838
7286
5548
6174
3223
2863
6420
5675
2535
5433
8410
1002
607
4304
7910
3493
5314
8545
7584
8569
7848
6907
356
2092
6870
3220
4445
8952
514
7569
4978
2308
7686
5484
4977
1063
2859
18
2544
2592
232
2947
6481
4837
8007
2326
2808
4553
1060
5765
8212
2982
318
8121
3595
721
1716
6823
6254
3322
759
7445
3251
4178
2256
34
1513
896
4851
6995
32
7043
5216
1230
1152
824
384
4211
9051
7022
7717
667
6621
431
6660
146
1814
8498
7222
4505
395
5164
4724
2699
7424
6123
622
895
3575
127
429
4132
5017
6740
3205
6214
758
1052
2465
7506
4729
8261
6648
1511
572
48
7448
8369
531
1610
436
2101
6773
2368
3546
7695
6097
492
1104
8642
3001
8485
3245
5946
4544
1966
3054
986
8754
6049
7703
1588
5457
6902
3173
3362
1602
2433
5868
2180
5982
3982
263
1604
3065
1706
4350
8012
3762
266
6777
6522
2417
6558
8771
7330
2192
311
2159
1122
5690
5018
7475
6469
2842
2571
8427
8411
5882
6185
6844
2992
4981
8116
8222
1304
2437
8679
6749
7316
7817
1753
461
1402
7805
2873
4619
1534
8407
849
5166
3609
3018
7076
2753
8477
5930
8638
2599
2915
5889
4077
3851
3616
934
4021
2376
8455
4776
7479
2287
8699
749
4248
6395
4813
6366
6085
4728
7919
716
4690
5170
833
7617
6826
94
7289
3339
1649
804
6929
4805
6846
9053
2902
5414
2962
274
4793
1225
193
4712
7107
1972
8943
7550
7673
4780
2084
937
1464
8644
8080
3533
4592
8681
8065
4922
8500
8185
8583
192
4956
1307
174
664
6665
52
1121
1919
8148
3585
1014
5963
4329
3267
5490
4519
1557
3661
907
2411
6911
3901
3293
2074
5184
5709
5591
1209
7199
7465
4993
7498
842
1609
2963
959
2257
7382
3629
3534
1740
6793
8694
1796
2662
6514
4905
1039
285
5398
2683
2678
5413
4635
3144
7137
2517
8479
3698
8917
676
675
633
1089
3804
328
60
5093
614
5492
3768
5494
4400
1169
886
903
1748
910
2913
8312
8571
1728
7649
3024
4885
1334
623
4745
2407
1317
1318
97
1183
5066
2945
3379
7556
3531
1833
6032
3335
4208
1330
8122
1718
6428
1589
1586
2288
533
6847
1012
5804
3290
4797
7187
4666
4006
4820
7164
5588
2880
228
6573
548
5636
583
2835
7675
8132
8898
2242
7523
2723
2246
1412
6990
3272
5543
218
4031
5124
4120
3302
1938
2624
4546
4185
8429
794
677
3606
5678
4737
3571
6635
5431
4625
1738
8783
5802
3504
6875
8309
4041
892
3993
1298
5896
8052
5721
5391
3542
1381
3507
4083
7643
8727
2954
3380
8216
5205
8397
3319
8419
8155
8151
5172
6526
3310
3668
1546
163
5994
4823
155
6966
6547
7228
6479
6884
5284
3513
6996
5739
2369
2229
4943
8351
3032
6484
8359
1531
3346
373
367
4674
2578
7745
2557
3729
2057
3732
2059
4456
2556
7323
2985
720
2550
5662
7310
8476
5356
4438
696
8854
6604
2055
5082
7177
6553
5866
626
5456
3687
8083
1958
8373
6973
7210
2165
7217
7219
2152
7227
2145
7233
2130
2127
2112
7257
7260
7261
2090
2139
2181
7196
2194
2296
2272
7126
2269
2262
2245
2244
2088
7151
7162
7165
2215
2213
7174
2200
2196
2233
2086
7276
2075
7403
1929
1926
7414
7418
1915
7425
7434
1900
1896
7446
1884
7449
7457
7463
7401
1947
1948
7393
2073
2067
7290
2062
7297
7331
7334
2303
7340
7351
1990
7372
7376
1964
7385
1951
7348
2307
2319
7087
2614
2611
2605
2602
6851
2595
2594
2616
6863
4857
5135
8678
1044
5136
2922
3183
4075
446
6883
448
5511
5506
1026
4087
5497
2498
3185
5518
5521
8703
8129
5117
5529
5528
4540
8693
2487
8144
4059
4063
4065
2505
6874
2503
1050
4057
8704
2486
8183
6900
6322
5165
980
8213
2941
4489
4117
977
4119
8632
2944
4485
974
2946
8211
989
8645
2475
3171
6889
1013
5493
2932
8190
2934
1018
6895
468
4501
8650
1006
5491
473
4108
8191
6505
4045
4549
6247
5608
6565
340
8767
3240
8040
3239
3034
8044
2881
1641
5805
1426
6450
6447
1423
1780
8560
5202
577
3677
6440
5798
3866
7018
2950
589
1431
8566
511
3405
522
523
4386
6977
554
4377
6985
6987
2332
5809
2329
7790
4374
8533
5215
8530
640
8486
6054
5251
2981
2984
637
662
2987
5263
1797
1392
4273
7058
8472
8494
4301
632
1781
2961
7024
5226
8513
4316
7026
5230
7483
619
7810
8503
625
5238
7034
2354
4398
5819
1455
2460
2831
2458
3432
5047
2456
357
2834
8732
2837
375
8730
5861
5060
1730
1517
4753
4160
1228
4165
201
6063
4167
1232
8873
3544
4904
8426
5271
8869
1233
686
216
8443
6389
2712
5838
3311
6601
2706
4895
4201
4198
1745
4572
3717
1457
8449
6370
7949
194
1221
754
4618
1480
5313
3273
6794
1478
4626
8356
4859
149
148
7616
5326
5648
8843
1204
1475
6337
6814
728
6074
6075
3424
6081
8392
3532
4139
739
4134
8384
173
7960
1191
5837
5704
4968
7858
7856
8615
2751
325
2386
5764
7834
5976
2758
7540
3625
5074
3365
5062
1636
5025
1505
4947
7704
8274
855
5393
8827
863
5397
121
3939
5422
5427
924
3909
106
1808
3059
6139
5539
5549
5550
6107
3772
5575
5581
3213
8024
3236
6764
3859
3988
3036
134
8819
246
271
4478
283
4951
2718
4436
4420
6948
5002
5016
2766
2810
7059
2641
7069
4254
2404
2412
4848
2415
2622
5337
4819
6270
6259
3252
1166
5394
5993
1565
7905
6728
4747
7554
2542
3341
3491
1642
6018
3535
6700
7804
6026
3519
3453
7591
7888
2525
5878
6744
1278
4731
7879
2518
3592
4881
5937
4472
7705
8809
7733
5841
3450
3456
3470
1388
286
288
294
1341
5779
1336
330
1259
8758
3570
1289
5744
5974
7845
7836
8774
1320
7825
3526
5777
4934
5706
7587
7573
6303
1960
7235
3010
7285
3017
7307
7338
6171
1800
4525
7387
6151
6119
3160
7437
1729
5992
6036
1647
7519
219
1682
7586
1691
7480
6073
1700
6080
6088
4509
210
5705
3637
343
3969
814
810
807
806
803
5325
8325
784
5319
8357
8634
4290
8366
726
8629
4054
515
521
2721
9036
6813
4168
7176
2687
4969
6386
527
3659
7067
7194
5447
5446
8721
2455
1146
4253
82
80
2812
7213
6626
4691
3774
6888
8047
6341
3374
2102
4697
4715
508
2044
981
8115
6659
1170
5011
5023
4760
5029
2032
2704
6465
999
2038
4176
398
6422
957
4384
8140
950
1156
2519
2291
2292
6639
4150
6684
5157
593
2227
2848
2138
2895
2608
3842
5217
2146
62
8270
665
2153
4644
1092
2914
3855
3860
6982
5610
2163
2589
714
3934
6576
6957
4617
6592
5113
2436
8438
2131
6820
7033
2621
8136
5014
6534
912
5557
4800
7967
4328
6543
5596
2125
2208
6615
5589
6371
