1496
2203
2190
1967
2887
2927
3318
1468
253
685
87
2965
454
1189
896
1205
1430
1144
1992
543
1403
1755
214
1618
1820
3231
1514
2673
2032
1140
2649
1987
2596
361
862
1444
2752
853
3099
1348
350
1476
3219
3053
1532
2350
1368
720
2215
2794
2197
2290
751
2324
2362
985
1441
2075
1928
2137
3121
3114
2753
2484
1025
2804
2147
907
2840
193
2663
1625
3061
2016
593
1742
837
1957
848
1551
966
2493
3019
2779
546
2968
2696
2400
378
247
3297
3040
2897
1151
3299
102
1190
310
815
763
2687
1989
1905
3142
596
3079
2567
2168
2604
961
2275
1626
30
1970
2084
353
2394
2236
2595
54
1301
2760
576
1083
1717
249
2787
2141
618
1472
1462
289
2781
3236
223
1260
3245
2846
1528
1961
2143
2393
1192
1125
3152
384
634
2278
2746
1503
417
1845
330
1578
3260
585
1634
2540
329
2046
752
2806
2044
965
1706
1948
2042
3062
641
2918
1202
2131
61
2926
2182
2627
1792
968
155
3156
492
2387
3107
2828
3171
1914
238
847
3284
2694
2465
2796
2364
764
435
2256
355
2090
428
2983
2196
77
2097
179
2676
597
1821
629
2591
261
2179
799
2713
3213
472
3020
3045
1542
2133
388
3144
3018
876
1556
657
1751
2283
1926
1812
151
1723
2717
2462
609
517
137
1463
2341
2935
2509
3228
3350
556
2650
944
2943
1922
2252
1021
35
742
1925
140
863
1814
1176
2658
162
1852
1019
2958
1681
1138
2139
2677
1866
1056
1010
790
1639
78
225
2822
76
2767
2808
1365
366
3088
2740
3326
1999
2408
1941
2659
2008
775
1857
2459
2584
1370
2618
1797
3201
584
770
1401
1946
1451
1071
1439
2310
1885
1282
2813
439
1127
1771
2243
1995
3003
2165
830
1704
2114
507
2955
433
2181
1722
1887
773
2960
1507
2613
2146
379
2612
926
1586
2957
275
2565
692
1084
2103
2171
769
2237
1986
1803
2101
1782
2632
3269
1479
1691
477
3022
1983
950
3337
993
3265
1743
1909
383
1412
1447
1855
1712
910
947
2081
2791
2065
686
196
368
1643
1563
2712
438
2817
2771
1321
2827
84
3176
1199
3215
2860
3355
2795
1501
1191
2858
2496
2545
1222
1256
1164
3320
939
1003
1862
1806
3177
3300
1569
983
1651
1737
669
1728
1213
2763
2893
2719
2063
156
531
945
339
1357
1605
892
586
407
3233
265
2741
3048
1421
954
2600
443
3060
26
1495
2094
418
1425
2538
203
2488
3067
1585
3068
1497
2969
2654
1579
2507
880
2233
1660
1799
1049
680
1918
3023
2530
2373
346
256
381
1252
3336
2839
2878
348
117
3029
1311
588
3293
2558
592
1847
2038
2721
2057
3026
2414
2744
217
3308
881
1621
3203
2863
157
2524
869
9
2334
796
321
2585
2691
1617
45
2876
165
2166
1330
3164
1085
2626
1688
1326
1606
867
2950
868
3258
800
2574
3304
2006
144
1184
2336
2651
1215
404
271
2764
613
3016
2251
3249
1320
1259
3128
2105
2423
2230
304
2731
559
2656
1858
3196
152
3141
2866
560
3333
1022
13
311
150
1493
58
1664
80
2226
3086
2729
573
3103
1655
1379
1323
1524
3110
1978
2439
2621
328
1650
3294
1257
3015
879
2622
298
1596
2844
2559
1168
632
1157
2951
2300
821
2638
893
2756
185
637
731
1352
1699
25
468
22
1929
806
1129
448
908
1277
2398
1382
138
3073
1527
2302
2743
520
2040
1448
2999
765
660
3065
2013
2914
974
2680
3256
3238
2071
147
548
2821
260
2841
1235
15
336
1077
860
1710
2674
1616
1677
465
2083
1902
441
1437
3205
3012
1180
675
2194
430
2503
654
2542
3123
536
1007
3331
2391
2235
719
2495
711
960
3004
518
1850
2130
2520
1074
2148
314
391
1686
316
3312
3139
2366
1613
2769
851
1570
1029
2640
1772
1089
2569
362
2292
499
1993
1642
976
1319
1538
532
927
1848
946
562
2637
1228
2788
1939
2211
1739
1292
2060
1817
2809
2886
1880
919
2118
1976
2446
500
284
357
3002
46
1232
2363
338
75
3165
2537
1295
2930
2174
234
663
2790
999
229
2296
2739
2288
603
90
3310
2440
2973
646
2633
2490
166
2845
2789
2315
1130
1685
2529
2034
2247
1979
62
2250
197
1502
1028
195
464
2997
2836
2856
1285
2355
136
2523
3277
2138
3239
3101
2970
2489
1387
371
1391
729
1582
2770
2644
1844
277
3046
2372
2020
2145
164
2231
1721
2348
1475
32
1452
3025
1940
682
2091
60
3089
581
1490
1899
2859
323
3303
2786
1405
55
771
1756
673
3305
2265
2416
2487
1877
2631
1678
2526
1683
3080
1377
387
2511
776
2007
130
980
463
1358
2154
3354
2005
2566
1389
1719
1214
1787
2409
2598
2257
47
1034
2553
891
1526
1058
1110
1109
758
1081
1838
2413
2424
187
649
1043
1131
1333
2738
2996
2028
64
307
3129
1545
190
2570
31
525
1715
1240
3270
834
1889
2442
2625
2365
2832
2436
2089
2136
2428
2427
551
903
2665
1943
1500
2111
3047
1280
1718
2269
2349
272
2500
717
664
1339
2778
2210
1794
2201
483
1111
2940
1676
2891
3013
2889
3054
1146
1981
2318
2985
79
2234
2818
2031
1807
2826
3267
1565
2035
334
1653
3358
1587
2602
358
3108
676
1768
2963
996
2737
958
959
2728
2727
2725
967
969
970
971
978
2742
2716
986
989
992
2704
2703
1005
1008
1012
2720
1013
938
928
819
2824
824
2693
2805
839
2801
843
858
859
2773
883
885
886
888
2766
2765
897
2759
912
914
933
2692
2690
2684
2807
831
828
2823
744
746
2862
750
759
760
761
1251
434
1730
429
1731
3066
2115
424
423
2346
421
3070
419
2347
1736
415
414
3074
396
397
1744
2681
402
3082
436
2106
406
2108
3078
2110
1414
1416
2683
1059
1652
2597
1046
488
486
1048
3011
481
2594
475
1665
1055
462
3024
1044
459
2125
2587
450
1060
446
3036
3037
1680
437
1684
1068
3049
3050
1690
455
2142
345
1141
1244
1944
1872
1364
2037
3145
302
2911
299
2033
653
3163
2026
2321
3155
2954
1347
2338
3159
3161
280
3153
1353
2320
3140
3117
1392
340
2050
2305
1720
2964
2972
1826
1491
2085
2093
1994
677
678
231
230
1464
2847
2218
2221
1750
3197
689
3199
3200
1990
674
665
2917
658
2880
631
635
2877
643
644
645
1484
1544
3232
172
1443
1958
655
377
375
1433
373
1754
1962
2645
372
2634
3221
1261
2652
369
3217
194
1641
1645
1649
202
2357
2664
1977
1273
188
208
169
1955
126
1937
2978
2671
3345
3348
2611
320
347
3111
2614
3105
1629
332
1619
2023
3116
322
1611
312
1603
1595
1592
1589
389
390
393
1580
1575
1233
1238
1546
1207
3332
1175
3274
1450
2155
116
119
3124
123
1828
2180
2198
2599
2207
1378
2241
804
2177
797
787
82
1540
706
721
1530
724
801
1513
733
93
741
100
101
2437
502
3330
37
616
1777
1193
2259
614
1122
44
2967
579
3322
605
705
2895
52
245
3317
243
241
213
1113
1073
218
2255
587
3173
1286
66
617
33
1895
1094
1982
622
163
1824
567
2287
1942
1947
145
2431
1160
1329
523
728
2697
447
906
1663
756
1242
1197
1482
106
2938
1245
2326
398
895
940
2582
400
1770
3034
370
2052
1455
2059
1446
3001
2980
1409
2922
506
2151
2888
1335
1334
2875
538
553
563
582
2837
364
2816
3059
2011
120
1891
1901
176
3191
211
250
2273
3328
2718
621
2726
975
963
1671
2291
870
71
651
1509
877
255
2294
623
3313
2270
627
2467
826
3096
318
2734
2432
3095
698
3090
997
696
995
297
2261
1017
1548
2401
955
666
1042
2359
2358
2352
1135
2785
3071
855
1194
2494
1975
2317
287
2797
283
924
2376
1553
2379
2810
5
941
2450
3257
2412
1745
737
2003
2411
2518
315
96
798
861
2641
