4663
5618
5461
81
4920
1376
5638
5243
4638
5668
2980
3299
914
3862
4127
3500
5578
3085
354
2189
7047
118
5113
5393
6829
6538
7965
4981
5271
2962
1217
3902
5653
2094
6945
334
15
4006
6939
1226
2372
7351
6699
4542
6860
6858
2993
2178
5189
6218
3307
4781
1762
1544
4683
6978
8062
6882
7623
1607
5718
3553
4333
7163
3105
267
6350
7679
4788
5548
447
4691
7119
7210
1675
2076
6058
3509
7958
6481
5475
1909
4520
6940
7657
7733
7544
7296
6827
6951
628
5814
6903
224
1796
7387
3640
860
6658
5098
4143
6913
5729
4820
7908
5637
7901
2368
5055
6990
6921
1123
1594
6942
7693
1956
1595
6871
1248
7201
4125
7307
7536
7909
6947
6314
4868
6680
5103
3996
7971
84
4811
5211
7239
2955
3873
5343
5909
3419
2563
3252
6305
7976
1401
861
6066
5615
1638
7240
2090
2667
1449
4666
4164
7146
5027
4200
6548
6162
7362
1072
6924
3630
3903
5455
3788
8148
5727
2108
528
3148
3935
5003
2396
5978
7813
3486
2542
6104
1729
7212
3688
3725
5725
7566
1508
5764
7701
6358
3109
5778
3958
5651
938
6588
5583
1970
2808
7871
7844
7570
7831
7571
6626
2086
4488
1886
7845
654
6849
769
6738
4600
3438
4176
2605
6686
6464
7373
6085
611
1543
225
5639
5635
3409
1311
2223
7366
2538
7785
5733
8122
3474
1923
2430
7565
5242
5174
6520
2356
3523
2848
7381
6184
5922
4986
2903
1285
7694
7658
7466
6279
5973
6492
6723
4445
3835
5686
6688
3554
6368
4493
7503
5599
1060
6452
7166
2516
5313
1377
3337
1399
4000
6510
6241
1506
6918
5315
1493
4713
6008
3662
2889
3041
510
3545
4193
4692
5703
5526
5239
5540
5819
7666
1225
6965
6431
863
7662
1428
3875
6886
7020
7519
1466
1682
999
4974
1044
6815
3711
2064
8170
5373
6802
735
6242
2122
5587
5834
5385
112
62
7606
4682
5023
5634
5870
8178
3191
6597
3796
5044
1319
5087
3157
2578
5441
1565
1863
1201
6186
5387
3559
3444
1192
3427
7016
728
1647
7447
3116
3841
3803
7977
108
903
881
7427
6045
5363
8004
6443
514
2790
5589
3608
3242
7480
6471
5674
5329
6710
376
6679
995
5368
7756
1238
3947
200
2861
5761
2556
2252
1136
4345
182
4616
4331
361
7700
8131
6084
4462
229
333
5529
1703
760
7147
193
4670
1476
3087
5397
99
4565
630
1149
7007
5832
4673
5845
7644
5303
6916
7760
4630
7829
5570
7793
6017
7172
2051
2744
7058
8125
5863
1393
5523
2260
2080
7097
7654
7280
7913
3869
7000
312
1205
4406
3004
2206
7256
5739
3507
3420
3013
7375
1552
4141
4800
3502
2530
38
3007
7187
557
778
3575
7261
4777
6562
7465
673
7129
7665
7441
3511
1993
6223
6776
5085
4765
187
4617
6759
6120
3338
4051
2558
4070
4207
3479
4690
5811
1871
492
172
5395
3940
1365
4642
6324
8041
7988
4906
6818
4549
730
994
1419
3313
7873
1652
1341
3882
2609
8086
281
6671
5390
8092
487
4123
7947
6086
5125
781
5202
1280
5030
3121
7423
2527
7611
5808
7942
5747
3297
4281
959
6063
6580
1064
3359
1249
1668
5091
3448
3092
5636
946
2103
0
7814
5143
5535
6100
7783
4149
3582
4945
7595
7930
5160
1815
3703
5736
7561
4375
8189
6389
4755
3880
1785
5856
4942
6698
4967
5148
6900
6148
6971
2366
8044
6280
3115
5646
6333
5309
4606
1747
2844
7949
5929
4732
4042
4413
5089
3090
7135
4028
7753
592
4510
1633
6926
3704
880
2380
7936
7071
766
574
6873
2393
5404
7954
1599
2529
3263
6244
6387
3985
7136
1822
1553
7604
7663
1003
6365
6811
3849
2764
6026
2707
3101
1570
8132
7914
3040
2433
4810
7874
2062
1700
5882
6381
3466
3086
1084
4886
2852
273
4
6355
2651
4350
4747
3043
5209
6629
3826
1120
3142
3071
344
606
1351
5671
1765
2782
5995
6310
5672
7324
4064
5188
6183
3905
1122
7629
2946
7063
3123
7751
2332
2255
4657
6286
1204
2786
6379
2847
380
4311
3503
58
5447
1210
4750
7707
2950
762
5386
8161
7680
8141
5830
4268
3214
368
664
915
5730
6729
4699
944
439
4162
4336
77
4273
6132
94
6040
5806
5445
3126
4770
264
603
7189
1629
2486
8020
421
1883
1369
396
5932
2303
7626
4062
1596
6777
343
3341
660
4135
6494
5594
4315
2630
5740
4395
2902
3962
1329
2053
3733
4422
2121
7227
4489
3334
5062
5141
7156
562
4911
956
2990
51
2435
8218
2245
4849
3247
3696
5657
3432
2171
7065
5859
734
7740
6007
79
8048
7284
1457
3270
2947
7972
3535
1734
4496
6090
1439
1809
7864
2483
300
7301
670
5774
5760
6664
6707
6101
5399
8112
6660
2843
6976
1454
132
2650
4832
157
5374
7661
4416
3006
1198
7919
1266
6470
2875
391
3355
1974
2820
6667
1325
7353
7987
653
5571
6845
3408
7218
7028
3606
6424
7378
6915
7668
8078
3188
6987
1951
2942
7359
2646
3897
239
6749
3615
1178
3253
7151
2548
5443
6050
1781
7791
1062
2015
6757
6219
3669
7872
4829
6528
1363
5392
4214
4772
6644
3374
5724
6316
6482
1840
2105
7911
7664
4293
5544
2188
1250
2561
7999
2963
7986
8103
5346
2572
4104
4109
1071
5891
2002
326
6071
4463
1008
4165
3982
3660
5079
6666
7236
4107
3393
3348
4228
1094
3858
4954
1545
5193
3781
763
6814
8124
1971
2931
7612
787
7003
6633
4672
8072
921
500
602
6173
7185
6922
2129
1347
1388
7221
6798
1813
1182
6403
5616
3779
4120
926
80
1592
1036
657
7067
5626
2836
6631
4150
7358
1797
7893
2871
7022
6549
5889
757
3308
5102
4853
6905
5325
694
6774
2451
2250
7356
3288
7383
4444
5016
1685
69
393
7018
7153
7090
8031
7179
3389
830
6828
1798
786
1597
7139
4421
4320
4922
4585
4506
6070
5512
4166
6440
3211
7438
3707
470
5360
2532
3752
1705
6834
1422
2686
2618
5884
6675
6363
1737
1960
3631
1928
8082
8135
3922
7622
1229
6137
4146
3845
3782
7335
6514
3824
1991
5667
5285
5116
1314
1186
3613
6691
1613
6043
1985
2687
402
6835
4134
1223
8096
4362
5331
824
1564
180
4963
5539
561
274
4618
1490
7122
2584
7738
6555
6661
4441
821
1921
8026
4599
5822
5694
1028
3943
5371
7474
2781
1669
4551
4030
6879
3112
4092
4791
6274
7824
8098
1190
2379
6420
1481
6155
8097
3000
2268
5043
6547
1287
5492
3441
4454
7134
2634
5135
145
5522
6189
3023
7671
6180
5280
7260
5557
5676
3044
8039
7419
49
1888
2801
5469
2574
2890
6193
2056
6138
6689
1833
1778
3794
3727
1216
2319
790
1275
5431
4923
2024
7579
3010
5591
1937
6596
3899
5905
3375
7471
196
63
851
2239
7630
1733
4078
6790
1288
2007
289
3320
7015
7102
8196
1309
3950
1753
4969
2190
3292
497
6133
7145
548
5176
3793
1104
7379
1791
4555
235
4201
1403
1077
3271
5432
7624
2312
7142
6322
3322
5449
5510
4926
1176
384
4631
2951
6418
2819
5810
7610
2493
5361
3164
3467
3198
7290
4121
5726
3091
2478
2869
1430
7026
6082
714
7822
2824
2544
2456
7217
7535
5966
4256
4373
4525
7361
1943
6681
1251
2395
2184
6371
2585
695
2341
6338
1253
7678
2593
6433
1118
1626
1862
2559
2008
5163
5319
4393
6608
5549
6098
6890
8118
7708
8017
3624
6245
269
1340
2470
7796
1583
7980
5678
3807
5409
1893
6885
6207
6889
489
4272
7632
4043
6518
8143
2727
5350
7768
4700
3698
2300
7388
2216
2134
5765
5881
1799
2026
5976
942
3679
3321
8038
1464
2419
3255
3987
7081
3003
7475
2123
4077
1845
4927
4607
7806
7066
6525
2387
1773
7126
3063
3623
5749
35
6592
1460
3529
2013
4916
3497
7759
3300
6356
6385
7855
4984
6950
5214
2497
271
4386
5815
2286
1398
222
7886
3598
109
2481
4830
486
4674
5585
3730
1503
3594
3717
7404
4543
8160
2701
1011
7070
6624
6343
7265
2765
7648
6146
701
5267
1952
315
6719
5485
5081
7640
8084
4420
4882
8240
2879
6159
1437
7798
7243
4782
6652
7512
2276
4727
1038
3605
3639
3681
6152
1366
1020
5990
1829
3261
6600
3564
7120
3602
4802
7940
143
516
964
4930
2020
4649
2649
7331
4334
3187
2976
4169
6693
5956
6228
5962
5999
4855
6390
8121
3550
6117
5610
2610
7165
6848
1623
1803
5964
7426
4797
4059
7534
4628
1657
5289
404
5698
3062
6758
7030
5306
2783
5354
1821
4440
4168
4108
2088
3260
6376
8182
6506
1702
4029
1019
7903
5683
7529
5763
4860
3628
4784
379
7272
5426
5595
1161
601
2321
2231
3937
3357
4448
5290
3632
5861
3678
7267
5623
7842
6598
871
6742
7729
1174
4766
6966
5181
2885
1271
2752
2191
908
156
7309
4538
4008
1133
1088
1187
2168
2662
1539
4878
1343
3372
6115
2157
733
2283
6435
5477
5484
5184
1427
5453
6730
7974
3056
4004
3435
2771
909
7219
469
5075
1584
4191
370
1636
6669
6796
6263
2891
1859
4874
1412
583
1244
165
296
4194
8116
2329
5779
4469
246
3401
2905
1780
7061
6191
2340
1485
7472
3328
5850
6075
3742
4325
2991
6651
3020
4671
6524
394
775
6147
1495
5910
6446
1497
5173
4552
1181
931
6960
2835
864
6383
5588
5422
5063
5975
3412
6994
1021
6973
1814
693
6401
6477
8069
631
3268
1537
1704
5655
3626
1826
865
1746
2830
7157
3965
2949
3833
481
3739
1053
6782
2792
4545
1980
5312
2480
3285
979
1049
1779
2546
7107
3771
1414
1151
3748
1047
6619
858
6226
6778
4946
4822
1102
6561
1516
1818
1587
1461
23
2854
7001
7360
6327
284
6302
7714
4834
219
7155
2009
1505
6359
7055
1889
814
641
4226
6843
5680
4304
2594
1509
7470
3811
3134
2512
1300
6923
8046
4360
14
2491
2515
3228
7092
7508
1653
947
5823
2978
5997
576
3291
7589
5377
6620
2063
2858
1096
4871
2747
5704
1945
2369
6262
4155
429
715
1715
7676
2115
5183
5708
2590
2193
4442
1154
2438
1880
808
158
223
3294
6982
5480
6306
3378
3898
2365
6030
885
3546
2700
2577
6929
3893
681
1812
2081
10
3124
2850
6074
1559
133
3570
2246
1338
7371
8110
6603
1180
1541
532
5046
4122
7746
737
5679
3891
2311
4202
7614
3183
5001
7564
5270
7460
5233
5593
5879
6839
949
1969
5416
1145
6791
6069
7062
5466
2209
5117
616
5009
3737
1750
7094
1958
359
6559
6920
4876
6852
3442
4453
7199
689
7660
768
6247
2868
7667
3045
4780
262
1760
6394
7951
4787
2058
4862
5268
6503
6808
6311
5723
2624
2683
7494
2756
886
1292
7014
7559
2066
1892
2702
7188
4271
6201
7123
1076
7391
6901
6458
6816
3395
7150
784
5920
4764
5170
1966
434
8001
6064
2627
527
4994
6004
3802
2742
5084
6353
6380
3974
2025
2510
5743
564
1728
4909
1224
4568
1754
3303
1448
3614
3154
5888
8036
750
2269
1588
3073
1474
8194
4619
5582
174
3310
7618
6236
3233
840
6533
901
6673
6869
8055
1846
2673
3516
924
4258
5622
1989
7253
4717
4695
1273
1907
3234
4300
5347
5323
411
5988
7776
7040
7993
3185
2217
5138
3772
5853
7698
7509
5139
6737
6715
3908
5965
294
3350
5414
7705
8217
5878
3971
3219
2721
5038
2096
3695
552
5767
6587
3839
7279
5759
1029
7338
3293
3405
2167
6986
2290
3202
6898
943
7478
6602
7440
5699
7967
6809
6830
7533
1662
6556
669
2513
3667
1091
584
3205
2506
2632
1611
3567
1939
6931
485
4432
5921
2784
3526
7552
917
5738
5179
5298
6537
5924
6126
5650
6374
5438
4804
7863
4604
7491
8210
83
542
1156
6461
8035
6690
1086
1977
5230
6720
4771
7019
2998
5621
3132
6078
1891
7523
7211
6606
4571
1265
1040
1252
5658
6282
2659
3451
484
2357
4178
6427
7581
612
6407
1593
6838
5783
5411
1164
4094
6015
5182
6545
703
6083
4279
424
4783
6475
4392
4637
1188
3967
6448
3661
3153
4995
7869
937
2398
3530
6702
2367
5261
4563
4808
5790
1736
6676
5196
3918
194
2870
6543
7638
2150
7672
5719
4491
5843
6641
4856
4278
1212
4708
7428
5804
4629
7073
4578
275
5620
3517
373
4650
12
337
5998
6788
4769
1674
2325
3740
2238
7099
4610
3042
4890
310
4929
2652
7322
6498
5127
2082
6727
6
1345
6125
2520
3207
2036
2958
3684
3009
1950
4259
2399
4204
2498
7616
3220
3612
3398
7100
7341
153
7721
2720
3980
3423
862
4044
1981
2806
6234
4576
1661
65
1010
6467
6171
3415
856
5896
306
7516
7518
4428
5420
1577
339
4357
849
7197
5643
4341
4402
8104
8123
3287
1016
2586
358
4267
6405
3648
2440
2705
1473
879
580
2077
3701
6902
1786
3928
5820
4587
1109
4285
3561
4724
1362
8109
3973
5381
6396
1400
3396
4598
1725
2670
4844
7330
2566
1984
3540
4419
859
5260
7451
585
4548
1710
7696
6206
3885
1513
4847
5421
366
34
2787
5677
1085
826
1065
7774
6382
6582
2019
3747
5246
4230
5097
6130
8087
6907
1372
3879
5096
6303
4058
2297
3383
4081
4902
7832
1934
6579
1615
1361
217
7896
2863
2267
7553
4968
1115
4711
843
7347
2496
3827
5559
2173
2661
1370
7924
5931
7817
7724
3871
5020
526
2804
4057
5029
6076
3275
1881
7582
66
5433
2443
7498
4324
6036
7609
2185
5902
4826
5711
4245
4503
986
350
5684
7984
6361
7769
6927
3596
3579
1842
7133
122
2073
6914
3842
2758
7262
6615
7220
7485
1499
4790
5479
2741
5369
8117
7124
3518
1426
1692
5939
5695
4761
316
1498
6372
298
2912
925
4047
4486
1450
6009
5923
1153
328
6489
1082
5948
7101
5286
3068
2296
7584
3069
3488
1641
7522
546
5335
683
3330
7461
166
1707
4758
7690
4424
4993
2953
6841
7430
7395
3578
4953
5547
3758
1525
5131
7399
6091
4580
5849
5914
7741
4662
5812
5937
6968
8024
605
7541
4132
3259
1126
5295
1468
3670
2974
7192
2043
5178
4869
5787
3617
6636
7483
4447
668
3656
7203
39
8114
4427
7805
6539
1445
530
1111
2446
8173
6490
1471
1197
2224
6961
3290
1453
155
5099
6604
6521
1326
6293
7162
2131
363
2554
8065
509
7735
2273
7880
3342
5111
3890
7393
7877
4653
2391
7052
4523
5145
2874
6412
483
5569
1869
6866
5332
6484
4280
1446
6455
2994
3541
3854
8134
5439
98
7321
623
2772
6824
8146
2249
369
282
2192
5721
6840
929
7216
4827
26
3274
7116
7032
6065
4344
4745
2355
3852
3344
3179
4490
259
4037
618
6384
3215
4499
465
4589
2187
7017
374
1999
5128
4562
8190
6328
4837
1298
3955
3572
5807
5513
7297
7528
4658
2737
3033
6367
190
8236
3785
5308
3736
2361
2710
7275
7164
2810
6266
6145
5132
1344
4244
7294
1782
5577
2164
5980
7585
4744
1634
3102
6233
6554
6212
2569
2174
6323
7520
5372
7521
3587
4374
3618
6574
1898
6817
8235
3923
4959
3850
7333
7985
4080
932
5015
114
4999
7299
5968
4196
1788
4319
305
5565
3161
7207
7464
3245
5380
5900
3972
7149
1755
7437
6196
8158
2629
2434
6487
5604
7118
6198
2750
3666
6068
7968
3823
7953
6410
6255
7171
6736
2699
3883
7799
4039
5825
3674
822
4850
6167
4046
4136
6002
5327
5786
5294
702
7578
237
1551
4243
6952
7764
8003
4665
6726
7450
5158
1851
2119
579
3201
3915
6029
3571
3284
6872
59
6344
2856
6962
2551
7830
4365
5172
3489
5366
7651
1337
2678
5192
1994
5057
5496
1443
5656
6908
6988
7527
2904
2047
7876
2621
7530
5933
2754
4233
5541
1523
6038
813
1811
8005
203
2499
2840
4622
3356
7161
2429
6954
6910
1232
3347
2602
6182
6205
2876
2146
586
6515
2287
4528
1942
7072
8002
3005
4189
498
2918
977
1697
2642
6336
2475
2282
6251
6767
805
1301
6391
2299
5648
134
3916
2748
7274
3636
1585
3861
1711
1128
110
3370
3386
1095
5494
5714
3597
6053
531
460
6591
523
6357
2524
708
1738
5897
7439
3560
5706
5756
6163
2226
2984
3843
3682
2148
6468
8085
3954
2302
5273
3449
991
976
3844
4757
7183
4592
1264
3524
827
1912
1904
4621
6337
4933
7413
6864
3254
1521
8108
7920
113
2309
2833
1619
67
7868
6127
4071
7650
3729
5690
3801
2495
6731
3932
1310
2219
1894
472
5985
1518
4473
1878
7057
3324
8115
1262
5532
1023
6566
8198
1059
7497
1598
6354
4924
7803
501
3312
6607
5226
2280
4515
451
138
6571
482
319
5776
1678
494
6480
1295
4577
1906
7706
4632
1135
6051
2449
4458
3346
4835
149
555
332
793
1166
1352
6169
3110
6265
739
395
7075
817
6875
2012
3345
7159
5457
6972
3047
4846
696
4340
675
7250
7515
8022
5972
7620
6415
7758
2738
3964
2490
8083
3863
4198
5737
4640
3528
141
7348
7797
7398
456
2404
4355
2628
1982
825
7501
2281
3756
3225
6349
7583
6313
2353
1371
7710
6290
2568
4689
6505
534
4414
136
3552
31
1150
4857
8043
8040
895
5210
6842
445
4212
6513
2442
6399
213
1440
57
250
1316
1193
475
4739
2383
2158
5908
2672
2791
1001
3475
5627
1241
5028
392
3819
6116
6793
2838
3165
716
244
5107
792
2324
4559
3113
1420
4681
3957
1260
6012
2208
625
4789
471
5333
7892
5890
590
1097
6136
599
2363
5611
6734
7762
6261
3053
6766
2407
1444
3936
171
3663
5042
965
4282
5792
1055
3722
4943
2622
7635
2067
2826
6393
6609
2485
7699
6714
6024
4307
5083
1955
5256
3262
540
7368
1162
5926
3477
3603
543
5748
2162
6836
2930
7190
5705
5069
6904
2412
6366
1918
1847
3155
5716
2110
5446
7223
1932
5358
1230
5953
4997
3280
3969
3859
7749
1723
2916
5151
2445
717
5250
1279
1983
7266
4437
3913
29
1110
3929
181
3818
6850
1885
721
7562
2595
7747
7750
3804
240
3809
4376
1924
3569
713
6093
5838
3387
36
3437
6647
3067
4941
7397
6768
3076
731
2728
6754
522
5837
4904
6534
2017
4678
1459
7506
5894
754
5543
1031
2147
4479
346
4641
850
2597
4537
3512
4003
4575
7996
4594
3904
2929
106
3143
5851
2995
4697
5072
6112
2360
2098
3675
7554
648
2780
609
17
43
3035
4118
7775
3156
5047
2693
349
2397
4466
6457
1012
2285
9
5502
3011
8076
1256
6000
4593
4337
8144
700
4250
3269
4623
7482
1522
3373
192
1502
1532
2549
1911
127
8238
5356
5563
2183
1441
1727
4836
3433
3766
317
891
356
7455
2935
3456
1896
1119
5986
982
1975
2604
7499
1113
948
5913
5187
3184
2138
4452
1768
2266
5800
2712
7607
923
6099
5572
4815
2684
1868
829
371
7431
2815
3600
3218
2000
4242
3422
3471
6047
4557
4728
6135
4389
1808
1722
2762
1170
4558
972
1557
2459
636
3136
4735
7979
313
4775
6028
876
3484
3482
473
3622
6946
251
5472
6429
6684
835
3018
7251
287
896
7369
5440
7086
5180
5251
6792
6235
3318
6312
996
3455
6532
1312
7009
3700
1101
3273
288
1330
732
2288
1534
1075
4159
1609
1208
4211
3872
442
2229
2052
389
3212
2354
7182
147
7457
6810
4937
3169
201
2165
5391
6943
4247
2472
3038
418
6997
2940
7538
1819
6232
340
7860
1644
684
4522
7532
1353
3838
1531
2881
6870
3864
4411
6722
5227
3392
1206
5928
960
4450
7054
7900
551
7545
4347
794
1272
335
6634
6657
6912
558
5146
2045
321
3394
7382
1339
1877
381
1701
5688
6985
1313
2292
2038
634
3017
5410
7723
7625
37
6941
4197
5898
6318
2689
6670
2927
950
7937
6187
413
6937
5983
3311
2384
1605
1332
3371
3825
8126
4161
2553
7463
7653
3768
2773
7594
872
1304
797
1017
4989
8157
6089
820
6395
7816
2306
6197
7365
1299
4688
6953
2322
7887
5314
5751
2421
4308
3163
2403
2335
1794
1221
3236
4468
3595
1233
7087
2580
5949
724
5082
2027
2638
4659
8025
4895
7323
4394
3853
3244
857
6304
5681
1882
5428
7697
2203
3887
4645
5773
635
1354
7912
1179
4321
5
4083
3989
2560
86
87
7646
6199
4992
6257
8042
6211
1884
3434
6319
6220
4370
2655
4035
4303
491
4751
6881
1743
1998
2564
2503
7548
3851
5901
1566
4085
2099
3702
5013
4603
3673
2883
4363
5101
7477
5238
2620
1421
4061
5370
3930
5537
2920
6256
3461
2731
2789
2533
5974
7590
2675
3019
3380
4581
1550
4417
6685
3125
1660
4354
2151
919
4644
7943
990
6181
6697
2740
4901
5304
758
204
4872
5944
2722
7752
615
2263
5342
7989
6712
1306
8089
5507
7259
5317
506
6432
844
7024
2966
686
3761
1477
3633
2509
4284
6059
3363
987
2237
6215
4964
5503
3037
3557
2952
4513
6948
3621
5476
2270
6959
7446
2938
6855
2936
4124
1926
2631
892
6295
671
6783
6784
6300
4742
3108
4255
4567
151
5130
588
8047
4500
6339
1458
4852
5352
3805
3806
3171
5340
3816
4905
4400
2405
4894
457
1302
3868
5228
2567
5383
4451
261
2961
1622
8030
4818
4819
1616
283
7400
7394
303
7051
1536
4464
5847
7344
3454
1033
2907
7685
6590
8184
6705
47
2078
1276
719
1479
1935
7305
5222
5221
6131
293
7401
2194
7310
4343
1805
1876
4234
7546
1438
816
2467
5203
3413
1614
6595
5049
7576
5144
6179
4460
7425
4152
4091
3671
279
4705
833
2003
2125
4381
6250
7271
3146
4330
1159
6512
3221
3604
142
3181
7008
7258
4438
4011
6640
5874
2606
7962
537
913
7755
5204
7517
4434
4854
5574
135
5305
4097
6996
1160
7304
1631
7704
5717
4825
6558
1620
5235
1374
210
3459
1373
6061
3021
7473
3024
3927
6406
6408
968
4570
2284
973
7459
7458
7454
7452
6398
989
5115
7435
7433
1005
6422
5119
5818
7429
5124
3892
7420
1025
3884
5133
993
6397
3938
945
2326
2997
3978
5852
884
888
3970
3963
904
5066
3959
5067
910
911
7510
5068
7507
7484
2304
3014
935
5077
930
2257
7496
3012
5074
7500
922
918
7505
5076
5050
7405
3874
3821
5186
6462
5191
3813
7327
5194
5195
1142
1143
3081
1148
6560
4779
3694
6612
2474
2469
2473
1322
3691
1321
8237
7966
4034
4936
7655
4931
2894
712
4045
4940
4938
4021
2887
747
749
4944
3382
3204
4024
704
6067
4049
4088
638
4888
4084
7712
7711
3364
655
4079
6321
661
5887
667
2327
1832
6911
7689
4063
680
7683
5482
7675
5867
2886
6362
4957
5625
2933
5004
6944
845
846
1561
852
5011
854
855
2941
2233
1560
1858
5019
2228
5454
869
875
5576
1554
5032
2218
1865
2030
4205
6531
3362
5419
6522
1472
2046
6991
4696
4694
4217
2054
4921
7004
5402
6509
7011
2061
347
4687
4686
5771
7963
5389
1431
338
4703
6979
2971
2972
1540
3319
1972
6576
5722
2992
1996
3327
6553
6551
398
2005
4187
6500
1524
5742
6546
4714
1515
4712
386
1511
6955
382
6970
7929
5746
2021
1520
336
4232
6497
777
5334
3462
1350
4264
6450
7587
569
6445
4269
3469
3473
6437
4261
2152
3476
2153
1334
2337
1917
1172
2851
4140
1963
2691
5857
2248
4738
3418
2247
6296
4730
2251
4729
2769
7246
7725
2676
4145
205
4677
613
2592
8045
4858
6662
3599
5153
4880
4870
1103
2599
2116
1105
1106
4153
5167
2671
5652
4861
4675
2795
3984
6170
4286
3060
5240
5613
170
169
168
3496
1222
3494
595
3998
6709
3066
160
1774
3059
1183
3990
1793
1078
4550
1184
7222
6018
5220
1191
3519
7213
2408
2409
608
4544
2581
2759
176
314
2351
3111
2348
575
1639
2345
2521
6617
2342
4502
3637
1929
6763
3745
7804
1355
3650
3651
2914
2612
4517
1919
2523
6741
150
811
6826
7128
7812
117
2730
7390
6151
126
3160
2085
129
3158
3629
5514
2507
4477
4478
139
3481
6298
2849
3243
807
3870
4117
837
1294
3139
248
1396
1395
3712
6586
5982
4748
1720
6224
6225
7991
5702
3135
5693
7781
3699
272
1718
1387
1386
1385
6728
5353
4384
245
4980
3122
2182
7568
97
1651
7862
1766
4409
2674
1283
241
4396
1045
3719
1947
52
1684
7115
7117
468
2075
6204
6209
3783
423
1749
1748
2452
8206
1630
7138
1548
1240
4429
3447
5254
8147
7143
8207
82
7982
2829
7355
2179
302
2547
2714
2543
4351
1967
4785
2381
7861
7852
6744
4879
3992
2839
4099
3436
3746
4497
7978
2906
4167
5064
2074
7386
4102
299
215
3738
5991
6770
789
7232
2272
1165
6807
3391
1751
6800
4068
8223
1131
963
5444
311
2424
7588
167
6665
4147
7106
1990
7370
1247
6237
7489
7490
6820
450
5487
1048
184
1175
6001
1547
7560
723
7964
3822
1555
4031
1026
4756
2954
5166
7596
7847
6035
7998
1035
6334
4907
1168
6330
8111
6329
6499
2823
1504
6326
3097
6023
5401
3820
3095
2199
2441
1920
2172
4128
2981
5842
5971
7990
1203
5840
4865
2613
2614
8015
1199
1436
1731
5828
254
255
6291
7795
2482
5833
3886
1959
6611
6529
6832
4990
2576
2331
5802
4998
5357
1824
5177
2339
463
2557
1836
3029
2352
1852
6258
7422
515
4348
3478
1519
4709
3470
3728
3465
4328
1132
2897
5754
6049
2307
5201
6046
3453
5199
3755
5766
524
3180
2535
419
5129
978
1936
5904
6347
4461
4509
3323
1383
3952
265
2970
291
1022
2979
290
6373
7922
975
2939
7917
6473
5835
4595
5375
2917
6883
1423
5384
2049
5464
7894
6969
2016
2388
7567
2934
352
8138
7981
2943
5673
2711
1664
1666
3514
6781
3492
2753
7130
7127
7531
6108
72
5575
74
6095
5253
5258
5259
5388
2277
2264
2256
5886
7599
4274
6627
2647
3588
3609
6708
597
598
6176
6718
3534
2601
7637
3645
7652
642
645
3646
3657
