2476
173
5235
381
3913
5405
3173
4141
4887
3665
5034
3206
5644
2453
688
5154
4690
4779
958
1997
4647
5925
5943
5923
5911
5917
5946
5913
5477
5495
5953
5935
5483
5906
3834
5952
5930
5898
5937
5916
5470
5920
5520
5950
5896
1097
2074
3441
2852
2226
1617
1619
5776
4256
3376
5575
2025
1248
2698
894
2876
360
1870
2899
2154
865
4213
569
5432
1056
5476
5846
127
5468
1869
5261
5221
2320
3136
1606
5891
833
5805
2801
4537
1046
1491
3849
612
2813
3697
3202
1266
3484
2200
237
2464
3328
5724
1530
713
3327
3899
5577
3360
3131
2012
4552
4676
5698
3113
3605
1538
1261
5306
1331
506
5933
2422
914
4154
1393
5091
2287
1558
5025
2250
5618
637
4757
201
2260
4410
4010
298
110
8
2180
3283
2369
1513
2627
1644
3501
1665
1898
4484
5090
1693
178
559
1773
3805
22
5521
3602
3825
5196
1007
4797
1879
5658
5440
4149
266
5276
1555
1311
240
4766
1698
4162
3719
5373
4708
2337
3201
860
1601
1418
534
806
3199
4569
1216
4575
5699
2258
5203
4842
3706
2201
2436
812
1018
3310
1749
311
5280
81
3374
3227
1201
1047
4867
580
3276
2013
5808
3693
40
1641
2687
148
487
4199
289
2841
1790
4632
4250
1834
1625
1169
2519
2884
3935
1907
4356
4731
2651
276
1183
2031
875
3037
2032
2897
1305
873
121
5245
2571
2683
1329
1030
2323
1639
4949
1166
1037
3209
5552
4399
564
4639
3689
5571
3907
1208
2574
940
5914
5489
5199
5056
5810
3301
4224
2984
319
230
218
1524
4835
2863
4669
2645
2021
1785
4373
1303
1592
194
118
4384
969
361
5007
129
3638
5696
2911
2235
1687
3163
203
2891
2729
4116
963
592
4477
3726
3827
4734
271
4339
3139
2814
885
5233
1181
5017
5585
4487
1707
3481
1768
3940
4381
4246
3803
3880
1084
3804
2969
1489
1023
4489
288
3291
4886
2559
2700
1182
5834
352
4674
4097
497
4515
868
4253
3236
5242
4931
1442
1553
1731
5248
1391
1872
2516
1158
2888
2890
1767
5110
749
77
5625
1039
890
2857
253
4856
1811
5507
4737
2773
1832
5734
5501
2697
3043
4331
4207
1325
3918
1398
2922
224
420
4606
309
2562
4488
4620
336
2640
3066
4414
4265
5907
4681
5455
5779
1132
1237
3278
1050
3219
4594
1069
5931
1400
1402
5028
2230
270
151
942
252
5213
2860
892
797
648
3371
5082
4325
762
3038
1645
5012
2494
3753
1881
1394
2141
4172
4180
5884
2949
3703
5076
5187
538
492
4308
610
2194
1281
2568
2678
511
4286
320
2466
1572
3896
5887
370
1830
4866
3698
337
5209
4307
5287
5496
3980
1247
4327
75
607
1906
406
4289
161
5617
4033
3673
4660
5054
3446
1493
4657
1345
2110
3192
4975
2431
2209
3040
1775
2522
1694
935
2993
247
927
3780
4422
2775
870
573
4403
4616
2691
1692
4726
726
1620
5457
2424
5210
4720
4711
4621
4350
3786
1422
4705
2053
742
191
5768
2513
2128
4494
473
3785
505
1366
1911
2904
2233
1184
4857
1944
2237
589
2795
640
4278
3512
399
3196
3318
3275
2774
1013
1685
2252
1412
1446
4985
3078
2414
5796
4739
2593
3527
3035
2377
5641
3556
741
1374
4541
5908
655
2004
680
3075
3372
4608
3796
2702
4756
5392
2331
5013
5524
2215
3050
1929
3336
3158
1304
3455
1752
2247
2580
4562
599
1151
1135
4507
2143
4272
5142
4689
3347
3300
4364
1409
5376
147
2503
1712
3915
3799
5704
1703
2514
4108
2817
335
475
4809
2582
652
2552
2826
165
60
5106
4586
4212
1419
4281
463
5684
2646
66
3952
519
1017
5680
1780
999
3469
5038
4814
1991
2446
2652
2918
1539
3303
3840
3746
3734
465
4909
959
3435
2807
424
356
3008
2371
4288
2220
710
5040
3891
1496
206
2049
1760
4693
4807
2208
439
4047
2072
971
1955
1112
275
5334
539
4707
1063
5743
284
4079
5289
215
2463
828
59
3153
448
4160
5669
2399
3531
4318
1250
1642
1190
1065
2578
3029
4332
3280
789
4549
4177
5593
928
2923
551
4943
601
3245
4823
2087
2987
5442
3707
2681
3541
1102
3758
1779
355
5331
1263
2223
1038
2342
5611
4932
840
407
2658
5659
24
1435
3821
5686
2983
140
5379
661
1877
4119
3667
2181
5851
1920
5212
2971
1098
304
740
3396
3053
2261
4798
1363
1859
2396
5909
600
5926
5118
4421
2307
1376
3162
702
5928
4294
4485
1032
5632
5631
5133
1089
774
264
2728
4570
5116
2553
4354
142
2818
4729
5418
2607
5428
5910
4500
4652
3247
2961
4328
5152
3639
329
5741
2146
866
2207
3095
855
2583
1531
521
2526
3906
482
3296
2127
227
2525
2723
5170
2868
2659
440
5032
4000
1989
1523
2924
2122
2612
3640
3908
2376
5557
2363
5714
3909
4453
1498
1458
2587
5829
4397
437
5158
3356
455
3868
3620
2657
5073
3434
484
574
3807
5843
1626
3945
2170
550
3587
2792
5514
1741
2211
734
458
585
1472
1533
3817
3578
4611
2058
4846
4174
1211
480
3076
2883
2441
5676
1388
4877
3949
2529
4831
5416
1452
5439
5002
2844
3862
1511
2886
4827
15
5207
3739
887
1165
5226
1210
611
292
1342
2782
177
2078
2660
2547
1921
5378
2560
876
5493
2862
1571
1172
3021
4687
1276
582
3362
2285
1480
2603
1651
5305
1689
2618
4547
135
4298
5560
4430
881
4546
4993
2736
3920
2636
3916
1696
4226
4844
3116
3682
994
2214
2270
2864
3773
853
4345
4941
5775
5433
4589
4868
2324
893
4662
2390
389
5239
1090
5429
1893
920
3623
3102
4433
3218
2257
1022
5895
4655
5270
5448
1836
3120
4988
4881
4269
1734
1742
250
2549
2917
3205
4804
5640
2156
590
3497
5559
5339
1087
2957
2833
2120
2042
141
2878
2035
3681
183
793
847
666
662
2047
5678
2477
4516
1850
2791
1550
131
1086
1170
3200
953
1275
3397
401
3776
5883
2632
1648
125
3861
2756
5806
3485
3586
644
1701
2758
1509
542
2050
5864
2483
1271
690
834
5592
5010
2724
586
5137
1962
3179
5663
1332
3244
5381
4237
884
3959
1052
1837
5171
1739
517
5662
4003
4409
5175
5084
2327
2934
5246
1973
153
3615
4026
976
2637
1454
1159
5058
2626
3172
4310
2333
4847
5301
1289
717
4704
5277
2204
2846
2290
977
4548
631
2326
2936
5924
984
3109
415
2631
5424
1669
1349
695
3704
4917
5685
3464
5944
792
4914
4971
1770
5753
5465
2169
5112
641
3559
991
1367
997
2628
4794
934
1019
5639
3286
2283
369
2948
2433
2858
5183
1334
1586
2015
3317
2232
2715
1071
2134
1301
1657
408
1681
2689
3331
1976
536
3593
1743
4333
4348
1655
2115
3533
950
770
3466
4996
4219
4412
3981
547
4940
4216
715
96
804
3567
4460
5193
4423
3067
1520
4
3183
1494
4419
2218
5510
5220
414
208
3425
1805
1927
4353
3210
3895
1627
5127
2977
182
2624
5849
5539
4240
3334
5315
307
3528
3625
2992
2174
4556
3146
1344
1536
2092
4664
2744
1662
2219
5229
3974
87
5391
4658
4417
3881
593
405
1925
3956
2606
1156
5401
913
5036
1828
1709
2485
1319
2902
4579
1838
3383
4508
1806
2125
3410
5744
1534
5104
5596
5603
3936
1295
1965
756
2059
5845
863
5188
3458
5323
3932
2239
2927
3426
5403
5766
291
2295
5853
1175
160
3315
4102
524
2435
1104
5717
133
4144
763
2600
5321
3788
2136
143
57
5255
645
5348
966
5050
126
5051
5177
4189
5482
5228
36
2919
1020
5411
4408
429
282
1109
4641
882
2046
2426
2799
2382
4498
483
2317
764
2750
4101
2005
138
1615
1257
4438
974
2429
4292
2507
1882
5361
1855
5422
5824
3961
3599
1306
1717
364
4283
1988
3175
5642
190
3914
989
4215
5728
3252
788
1826
1588
1139
5114
701
3976
3436
1946
4085
4229
3609
1747
248
1225
5475
2910
4282
5889
3420
5156
1565
2231
5471
4753
3575
2532
5349
623
3285
659
802
1556
4436
210
3764
5626
2925
1880
4173
1202
3686
5730
1273
5262
1353
504
2575
2297
4439
3224
3
5901
4210
5320
5687
3149
5888
2442
2195
4596
5420
3087
1587
4232
3715
5208
1407
378
1471
1787
242
3837
3946
5705
4112
620
4227
2545
1844
1062
778
438
1846
4131
1774
3795
4106
3801
4775
649
4659
5191
791
3024
469
3084
3564
3256
3898
5627
5581
553
4359
3190
2438
4925
2149
351
434
1200
1106
2135
3010
2434
2829
2512
2119
3960
1457
446
4830
4150
5099
5218
737
681
4582
5473
47
3848
694
1514
1786
31
1122
2328
4105
5674
3889
5530
3188
1500
5217
5020
3748
3072
5867
4089
5578
3326
1410
1277
4008
2370
5396
2509
2546
4918
2542
3134
132
2408
1322
4913
5729
4046
2970
4879
3097
2963
2959
5881
2954
3824
116
117
3810
1259
5103
2950
1451
5094
211
3251
2907
1362
2850
5548
333
629
3447
646
2563
2372
1387
4482
3284
5919
4615
5089
716
3030
736
3937
2037
3281
4401
1467
338
2827
417
1716
2596
461
5872
4759
4752
4865
514
525
2312
4692
3507
4127
2921
1508
5568
4684
4366
3467
5763
4320
948
3865
5296
3644
13
4539
199
3590
1027
4321
4566
239
1083
1145
5668
5941
4259
2392
2861
1996
2007
3688
2811
2784
507
4090
5332
5341
2695
1330
412
3993
1359
5244
2981
3903
1847
3056
3081
1796
4736
3148
1164
5812
5132
3307
3414
5359
1569
2508
3487
811
2419
4209
4236
605
2413
821
4319
1405
280
4293
743
3844
3069
5358
2378
4273
1096
3870
322
2356
3755
929
382
5027
3395
4924
3521
4053
4052
3767
5399
773
3071
2682
4812
1594
1591
5402
4815
4306
1603
4045
784
1582
4044
1580
4043
4824
5385
4042
1573
794
4829
3061
1585
1604
5408
1570
1622
3085
738
735
5425
4790
3082
4788
1629
1630
1631
1632
3749
3091
731
1607
4796
746
5409
761
5410
4871
3002
3001
879
883
888
5001
4031
5005
2016
1003
3884
3882
1887
1885
2026
4029
1878
4876
4022
3997
1234
1233
2786
2787
1223
5061
1219
5064
1215
3919
5067
5069
1206
1469
5052
3926
3928
3929
5022
1274
5024
1272
1463
1268
2766
1264
2769
4882
2770
5044
5046
1243
2780
1205
1196
5080
2805
1142
2178
5271
4521
2332
3794
906
5266
910
5263
2882
915
916
919
2879
4525
5274
922
2335
926
5253
2873
933
2869
938
939
2867
4532
943
4533
5241
949
2334
5278
2892
2330
4504
831
1912
5324
4505
836
4506
842
4208
848
5314
5313
1902
5308
857
858
5304
5282
1892
2898
2900
5290
5291
951
5942
5769
3011
1040
3992
4948
3759
2065
3601
2500
2504
5546
4032
4837
5543
1431
2108
549
5549
5540
4841
4843
4849
1416
4853
1430
537
2493
533
5572
2467
1487
2474
4799
512
5566
1478
515
1477
1473
3592
2486
523
1462
1461
2489
2490
528
4040
556
5551
557
2520
5534
3025
3626
3627
596
1360
2048
1563
562
5517
2978
4709
2348
1547
576
4694
5506
1544
5504
1543
5500
2967
2966
587
588
578
2989
4117
5531
1610
2306
3573
4129
2308
3576
3851
2313
2314
3579
3580
2315
3581
2316
3003
4122
4677
4679
2994
2351
4717
1537
2962
5464
2935
2379
2383
2384
2385
2386
4762
5453
2387
2389
3645
4769
4337
481
2279
5574
5573
2281
1526
2286
3540
2291
2296
3543
4722
503
3545
2299
1532
1502
2274
2672
445
447
2262
452
5599
3518
5597
456
5594
460
2265
5590
466
3523
3525
5583
1501
4096
4092
2395
2404
5487
4854
4009
1358
2905
1354
2415
1346
5469
3999
2423
1338
1336
4020
1382
1384
2366
2311
4344
3852
5329
1152
1185
3355
3628
4783
4965
1928
4151
757
3989
4738
3986
5758
1016
5759
4994
5927
2034
4992
1282
3694
3404
2359
2358
2735
2737
2738
5295
3951
2743
751
747
5342
5736
4942
293
295
5298
4902
4897
2718
3702
1291
1292
4935
1294
1320
305
5711
4903
3947
3985
5303
5713
318
274
992
2044
990
2045
1041
2105
1979
5688
3015
2246
4462
3832
1753
2248
1033
2157
1035
4458
4059
4456
1761
4135
4454
4284
2244
4471
5651
3440
365
5115
1994
4179
4178
5661
2240
1766
3654
2159
347
4480
345
4130
4780
5096
4276
5682
5665
3389
5360
371
1085
3867
229
228
656
4146
2706
4424
1100
3208
1162
197
4972
1149
1143
3313
1125
1123
4995
1118
3890
3886
5014
5015
1080
1077
1061
2447
2454
3335
238
970
241
956
244
4957
5800
3306
1188
3272
5855
2137
2168
4750
2177
2183
4071
2187
2188
4068
5839
3341
2217
2229
5831
3099
5826
3098
1307
5821
167
3094
3298
179
185
5836
124
3779
3207
5230
93
5446
84
2027
2543
4194
824
3368
3725
5225
5224
68
3261
4557
2812
4247
2815
2821
1938
4536
3480
86
4649
810
4653
2608
722
2633
2635
685
254
5355
5363
114
5372
261
2567
265
107
2561
2093
2554
619
5873
805
5874
4140
5165
4258
3381
4558
3180
3198
1858
2856
4324
4440
877
2938
3132
4450
3463
35
432
1633
4490
4428
1825
3184
4448
1666
4386
4407
1840
3387
388
5938
3953
5905
1008
3345
4270
2151
3699
4819
5716
776
1598
5251
3705
798
269
2932
752
2928
1896
748
2130
1900
4260
3365
3675
2564
2913
2566
4530
2523
4511
2752
4468
4869
3277
5799
5173
874
4005
5312
801
2172
3513
2830
2996
144
146
5485
5236
4121
2990
5646
1456
4896
2471
1797
2675
2671
2484
2843
2835
2667
4201
4200
3031
1697
103
350
5513
4937
3022
343
1998
3733
1119
1128
3217
4330
1611
818
1130
128
2896
814
830
850
1321
3260
1231
658
5347
4825
4776
1246
2881
1874
4588
3629
2259
1795
4249
4244
3931
1408
4969
1831
720
2393
2030
2806
1060
4952
1372
700
2768
2763
2111
4650
2391
5747
5751
1542
1706
2322
2205
1522
5835
2338
1729
979
3195
5029
2347
2352
1746
5204
5216
5009
1465
4580
5624
4691
4701
3633
3475
4791
3483
594
1226
1982
591
1213
5406
2598
4063
4061
1191
3092
74
4167
2284
2497
4165
540
545
1554
51
5430
4922
954
903
3055
3808
3537
3550
634
2478
917
4362
3597
3823
5095
4367
1637
3591
5105
1310
1314
4013
5591
5100
2238
431
5150
1101
21
5567
3790
3042
391
1546
1396
1107
667
6
4838
5063
3147
2243
28
3442
4120
2649
1091
