0.70141343
0.69522968
0.68727915
0.68639576
0.67667845
0.67137809
0.66784452
0.66342756
0.65636042
0.64929329
0.63604240
0.62720848
0.62279152
0.60865724
0.60070671
0.59452297
0.58745583
0.57773852
0.56890459
0.56272085
0.55477032
0.54770318
0.53356890
0.52473498
0.51413428
0.50883392
0.49028269
0.48498233
0.48144876
0.47526502
0.46201413
0.45406360
0.44611307
0.43904594
0.40547703
0.39752650
0.38692580
0.38250883
0.37632509
0.37014134
0.37014134
0.37014134
0.36484099
0.34893993
0.31978799
0.31183746
0.30300353
0.30300353
0.30300353
0.30300353
0.30300353
0.30300353
0.30300353
0.29858657
0.26678445
0.26678445
0.18197880
0.18197880
0.18197880
0.18197880
0.18197880
0.17491166
0.17491166
0.17491166
0.17491166
0.17491166
0.17491166
0.17491166
0.17491166
0.01325088
0.01325088
0.01325088
0.01325088
0.01325088
0.01325088
0.01325088
0.01325088
0.01325088
0.00706714
0.00706714
0.00706714
0.00706714
0.00706714
0.00706714
0.00530035
0.00530035
0.00530035
0.00530035
0.00530035
0.00530035
0.00530035
0.00530035
0.00530035
0.00530035
0.00530035
0.00530035
0.00530035
0.00530035
0.00530035
0.00530035
0.00530035
0.00530035
0.00441696
0.00441696
0.00441696
0.00441696
0.00441696
0.00441696
0.00441696
0.00441696
0.00441696
0.00353357
0.00353357
0.00353357
0.00353357
0.00353357
0.00353357
0.00353357
0.00353357
0.00353357
0.00353357
0.00353357
0.00353357
0.00353357
0.00353357
0.00353357
0.00353357
0.00353357
0.00353357
0.00353357
0.00353357
0.00353357
0.00353357
0.00353357
0.00353357
0.00353357
0.00353357
0.00353357
0.00353357
0.00353357
0.00353357
0.00353357
0.00353357
0.00353357
0.00353357
0.00353357
0.00353357
0.00265018
0.00265018
0.00265018
0.00265018
0.00265018
0.00265018
0.00265018
0.00265018
0.00265018
0.00265018
0.00265018
0.00265018
0.00265018
0.00265018
0.00265018
0.00265018
0.00265018
0.00265018
0.00265018
0.00265018
0.00265018
0.00265018
0.00265018
0.00265018
0.00265018
0.00265018
0.00265018
0.00265018
0.00265018
0.00265018
0.00265018
0.00265018
0.00265018
0.00265018
0.00265018
0.00265018
0.00265018
0.00265018
0.00265018
0.00265018
0.00265018
0.00265018
0.00265018
0.00265018
0.00265018
0.00265018
0.00265018
0.00265018
0.00265018
0.00265018
0.00265018
0.00265018
0.00265018
0.00265018
0.00265018
0.00265018
0.00265018
0.00265018
0.00265018
0.00265018
0.00265018
0.00265018
0.00265018
0.00265018
0.00265018
0.00265018
0.00265018
0.00265018
0.00265018
0.00265018
0.00265018
0.00265018
0.00265018
0.00265018
0.00265018
0.00265018
0.00265018
0.00265018
0.00265018
0.00265018
0.00265018
0.00265018
0.00265018
0.00265018
0.00265018
0.00265018
0.00265018
0.00265018
0.00265018
0.00265018
0.00265018
0.00265018
0.00265018
0.00265018
0.00265018
0.00265018
0.00265018
0.00265018
0.00265018
0.00265018
0.00265018
0.00265018
0.00265018
0.00265018
0.00265018
0.00265018
0.00265018
0.00265018
0.00265018
0.00265018
0.00265018
0.00265018
0.00265018
0.00265018
0.00265018
0.00265018
0.00265018
0.00265018
0.00265018
0.00265018
0.00265018
0.00265018
0.00265018
0.00265018
0.00265018
0.00265018
0.00265018
0.00265018
0.00265018
0.00265018
0.00265018
0.00265018
0.00265018
0.00265018
0.00265018
0.00265018
0.00265018
0.00265018
0.00265018
0.00265018
0.00265018
0.00265018
0.00265018
0.00265018
0.00265018
0.00265018
0.00265018
0.00265018
0.00265018
0.00265018
0.00265018
0.00265018
0.00265018
0.00265018
0.00265018
0.00265018
0.00265018
0.00265018
0.00265018
0.00265018
0.00265018
0.00265018
0.00265018
0.00265018
0.00265018
0.00265018
0.00265018
0.00265018
0.00265018
0.00265018
0.00265018
0.00265018
0.00265018
0.00265018
0.00265018
0.00265018
0.00265018
0.00265018
0.00265018
0.00265018
0.00265018
0.00265018
0.00265018
0.00265018
0.00265018
0.00265018
0.00265018
0.00265018
0.00265018
0.00265018
0.00265018
0.00265018
0.00265018
0.00265018
0.00265018
0.00265018
0.00265018
0.00265018
0.00265018
0.00265018
0.00265018
0.00265018
0.00265018
0.00265018
0.00265018
0.00265018
0.00265018
0.00265018
0.00265018
0.00265018
0.00265018
0.00265018
0.00265018
0.00265018
0.00265018
0.00265018
0.00265018
0.00265018
0.00265018
0.00265018
0.00265018
0.00265018
0.00265018
0.00265018
0.00265018
0.00265018
0.00265018
0.00265018
0.00265018
0.00265018
0.00265018
0.00265018
0.00088339
0.00088339
0.00088339
0.00088339
0.00088339
0.00088339
0.00088339
0.00088339
0.00088339
0.00088339
0.00088339
0.00088339
0.00088339
0.00088339
0.00088339
0.00088339
0.00088339
0.00088339
0.00088339
0.00088339
0.00088339
0.00088339
0.00088339
0.00088339
0.00088339
0.00088339
0.00088339
0.00088339
0.00088339
0.00088339
0.00088339
0.00088339
0.00088339
0.00088339
0.00088339
0.00088339
0.00088339
0.00088339
0.00088339
0.00088339
0.00088339
0.00088339
0.00088339
0.00088339
0.00088339
0.00088339
0.00088339
0.00088339
0.00088339
0.00088339
0.00088339
0.00088339
0.00088339
0.00088339
0.00088339
0.00088339
0.00088339
0.00088339
0.00088339
0.00088339
0.00088339
0.00088339
0.00088339
0.00088339
0.00088339
0.00088339
0.00088339
0.00088339
0.00088339
0.00088339
0.00088339
0.00088339
0.00088339
0.00088339
0.00088339
0.00088339
0.00088339
0.00088339
0.00088339
0.00088339
0.00088339
0.00088339
0.00088339
0.00088339
0.00088339
0.00088339
0.00088339
0.00088339
0.00088339
0.00088339
0.00088339
0.00088339
0.00088339
0.00088339
0.00088339
0.00088339
0.00088339
0.00088339
0.00088339
0.00088339
0.00088339
0.00088339
0.00088339
0.00088339
0.00088339
0.00088339
0.00088339
0.00088339
0.00088339
0.00088339
0.00088339
0.00088339
0.00088339
0.00088339
0.00088339
0.00088339
0.00088339
0.00088339
0.00088339
0.00088339
0.00088339
0.00088339
0.00088339
0.00088339
0.00088339
0.00088339
0.00088339
0.00088339
0.00088339
0.00088339
0.00088339
0.00088339
0.00088339
0.00088339
0.00088339
0.00088339
0.00088339
0.00088339
0.00088339
0.00088339
0.00088339
0.00088339
0.00088339
0.00088339
0.00088339
0.00088339
0.00088339
0.00088339
0.00088339
0.00088339
0.00088339
0.00088339
0.00088339
0.00088339
0.00088339
0.00088339
0.00088339
0.00088339
0.00088339
0.00088339
0.00088339
0.00088339
0.00088339
0.00088339
0.00088339
0.00088339
0.00088339
0.00088339
0.00088339
0.00088339
0.00088339
0.00088339
0.00088339
0.00088339
0.00088339
0.00088339
0.00088339
0.00088339
0.00088339
0.00088339
0.00088339
0.00088339
0.00088339
0.00088339
0.00088339
0.00088339
0.00088339
0.00088339
0.00088339
0.00088339
0.00088339
0.00088339
0.00088339
0.00088339
0.00088339
0.00088339
0.00088339
0.00088339
0.00088339
0.00088339
0.00088339
0.00088339
0.00088339
0.00088339
0.00088339
0.00088339
0.00088339
0.00088339
0.00088339
0.00088339
0.00088339
0.00088339
0.00088339
0.00088339
0.00088339
0.00088339
0.00088339
0.00088339
0.00088339
0.00088339
0.00088339
0.00088339
0.00088339
0.00088339
0.00088339
0.00088339
0.00088339
0.00088339
0.00088339
0.00088339
0.00088339
0.00088339
0.00088339
0.00088339
0.00088339
0.00088339
0.00088339
0.00088339
0.00088339
0.00088339
0.00088339
0.00088339
0.00088339
0.00088339
0.00088339
0.00088339
0.00088339
0.00088339
0.00088339
0.00088339
0.00088339
0.00088339
0.00088339
0.00088339
0.00088339
0.00088339
0.00088339
0.00088339
0.00088339
0.00088339
0.00088339
0.00088339
0.00088339
0.00088339
0.00088339
0.00088339
0.00088339
0.00088339
0.00088339
0.00088339
0.00088339
0.00088339
0.00088339
0.00088339
0.00088339
0.00088339
0.00088339
0.00088339
0.00088339
0.00088339
0.00088339
0.00088339
0.00088339
0.00088339
0.00088339
0.00088339
0.00088339
0.00088339
0.00088339
0.00088339
0.00088339
0.00088339
0.00088339
0.00088339
0.00088339
0.00088339
0.00088339
0.00088339
0.00088339
0.00088339
0.00088339
0.00088339
0.00088339
0.00088339
0.00088339
0.00088339
0.00088339
0.00088339
0.00088339
0.00088339
0.00088339
0.00088339
0.00088339
0.00088339
0.00088339
0.00088339
0.00088339
0.00088339
0.00088339
0.00088339
0.00088339
0.00088339
0.00088339
0.00088339
0.00088339
0.00088339
0.00088339
0.00088339
0.00088339
0.00088339
0.00088339
0.00088339
0.00088339
0.00088339
0.00088339
0.00088339
0.00088339
0.00088339
0.00088339
0.00088339
0.00088339
0.00088339
0.00088339
0.00088339
0.00088339
0.00088339
0.00088339
0.00088339
0.00088339
0.00088339
0.00088339
0.00088339
0.00088339
0.00088339
0.00088339
0.00088339
0.00088339
0.00088339
0.00088339
0.00088339
0.00088339
0.00088339
0.00088339
0.00088339
0.00088339
0.00088339
0.00088339
0.00088339
0.00088339
0.00088339
0.00088339
0.00088339
0.00088339
0.00088339
0.00088339
0.00088339
0.00088339
0.00088339
0.00088339
0.00088339
0.00088339
0.00088339
0.00088339
0.00088339
0.00088339
0.00088339
0.00088339
0.00088339
0.00088339
0.00088339
0.00088339
0.00088339
0.00088339
0.00088339
0.00088339
0.00088339
0.00088339
0.00088339
0.00088339
0.00088339
0.00088339
0.00088339
0.00088339
0.00088339
0.00088339
0.00088339
0.00088339
0.00088339
0.00088339
0.00088339
0.00088339
0.00088339
0.00088339
0.00088339
0.00088339
0.00088339
0.00088339
0.00088339
0.00088339
0.00088339
0.00088339
0.00088339
0.00088339
0.00088339
0.00088339
0.00088339
0.00088339
0.00088339
0.00088339
0.00088339
0.00088339
0.00088339
0.00088339
0.00088339
0.00088339
0.00088339
0.00088339
0.00088339
0.00088339
0.00088339
0.00088339
0.00088339
0.00088339
0.00088339
0.00088339
0.00088339
0.00088339
0.00088339
0.00088339
0.00088339
0.00088339
0.00088339
0.00088339
0.00088339
0.00088339
0.00088339
0.00088339
0.00088339
0.00088339
0.00088339
0.00088339
0.00088339
0.00088339
0.00088339
0.00088339
0.00088339
0.00088339
0.00088339
0.00088339
0.00088339
0.00088339
0.00088339
0.00088339
0.00088339
0.00088339
0.00088339
0.00088339
0.00088339
0.00088339
0.00088339
0.00088339
0.00088339
0.00088339
0.00088339
0.00088339
0.00088339
0.00088339
0.00088339
0.00088339
0.00088339
0.00088339
0.00088339
0.00088339
0.00088339
0.00088339
0.00088339
0.00088339
0.00088339
0.00088339
0.00088339
0.00088339
0.00088339
0.00088339
0.00088339
0.00088339
0.00088339
0.00088339
0.00088339
0.00088339
0.00088339
0.00088339
0.00088339
0.00088339
0.00088339
0.00088339
0.00088339
0.00088339
0.00088339
0.00088339
0.00088339
0.00088339
0.00088339
0.00088339
0.00088339
0.00088339
0.00088339
0.00088339
0.00088339
0.00088339
0.00088339
0.00088339
0.00088339
0.00088339
0.00088339
0.00088339
0.00088339
0.00088339
0.00088339
0.00088339
0.00088339
0.00088339
0.00088339
0.00088339
0.00088339
0.00088339
0.00088339
0.00088339
0.00088339
0.00088339
0.00088339
0.00088339
0.00088339
0.00088339
0.00088339
0.00088339
0.00088339
0.00088339
0.00088339
0.00088339
0.00088339
0.00088339
0.00088339
0.00088339
0.00088339
0.00088339
0.00088339
0.00088339
0.00088339
0.00088339
0.00088339
0.00088339
0.00088339
0.00088339
0.00088339
0.00088339
0.00088339
0.00088339
0.00088339
0.00088339
0.00088339
0.00088339
0.00088339
0.00088339
0.00088339
0.00088339
0.00088339
0.00088339
0.00088339
0.00088339
0.00088339
0.00088339
0.00088339
0.00088339
0.00088339
0.00088339
0.00088339
0.00088339
0.00088339
0.00088339
0.00088339
0.00088339
0.00088339
0.00088339
0.00088339
0.00088339
0.00088339
0.00088339
0.00088339
0.00088339
0.00088339
0.00088339
0.00088339
0.00088339
0.00088339
0.00088339
0.00088339
0.00088339
0.00088339
0.00088339
0.00088339
0.00088339
0.00088339
0.00088339
0.00088339
0.00088339
0.00088339
0.00088339
0.00088339
0.00088339
0.00088339
0.00088339
0.00088339
0.00088339
0.00088339
0.00088339
0.00088339
0.00088339
0.00088339
0.00088339
0.00088339
0.00088339
0.00088339
0.00088339
0.00088339
0.00088339
0.00088339
0.00088339
0.00088339
0.00088339
0.00088339
0.00088339
0.00088339
0.00088339
0.00088339
0.00088339
0.00088339
0.00088339
0.00088339
0.00088339
0.00088339
0.00088339
0.00088339
0.00088339
0.00088339
0.00088339
0.00088339
0.00088339
0.00088339
0.00088339
0.00088339
0.00088339
0.00088339
0.00088339
0.00088339
0.00088339
0.00088339
0.00088339
0.00088339
0.00088339
0.00088339
0.00088339
0.00088339
0.00088339
0.00088339
0.00088339
0.00088339
0.00088339
0.00088339
0.00088339
0.00088339
0.00088339
0.00088339
0.00088339
0.00088339
0.00088339
0.00088339
0.00088339
0.00088339
0.00088339
0.00088339
0.00088339
0.00088339
0.00088339
0.00088339
0.00088339
0.00088339
0.00088339
0.00088339
0.00088339
0.00088339
0.00088339
0.00088339
0.00088339
0.00088339
0.00088339
0.00088339
0.00088339
0.00088339
0.00088339
0.00088339
0.00088339
0.00088339
0.00088339
0.00088339
0.00088339
0.00088339
0.00088339
0.00088339
0.00088339
0.00088339
0.00088339
0.00088339
0.00088339
0.00088339
0.00088339
0.00088339
0.00088339
0.00088339
0.00088339
0.00088339
0.00088339
0.00088339
0.00088339
0.00088339
0.00088339
0.00088339
0.00088339
0.00088339
0.00088339
0.00088339
0.00088339
0.00088339
0.00088339
