1.00000000
0.99975990
0.99951981
0.99927971
0.99903962
0.99879952
0.99855942
0.99831933
0.99807923
0.99783914
0.99759904
0.99735894
0.99711885
0.99687875
0.99663866
0.99639856
0.99615846
0.99591837
0.99567827
0.99543818
0.99519808
0.99495798
0.99471789
0.99447779
0.99423770
0.99399760
0.99375750
0.99351741
0.99327731
0.99303721
0.99279712
0.99255702
0.99231693
0.99207683
0.99183673
0.99159664
0.99135654
0.99087635
0.99063625
0.99015606
0.98991597
0.98967587
0.98943577
0.98895558
0.98871549
0.98847539
0.98823529
0.98799520
0.98775510
0.98751501
0.98703481
0.98655462
0.98559424
0.98535414
0.98511405
0.98487395
0.98463385
0.98439376
0.98415366
0.98391357
0.98319328
0.98295318
0.98271309
0.98247299
0.98223289
0.98199280
0.98175270
0.98151261
0.98127251
0.98103241
0.98079232
0.98055222
0.98031212
0.98007203
0.97959184
0.97935174
0.97887155
0.97839136
0.97815126
0.97791116
0.97767107
0.97719088
0.97695078
0.97671068
0.97647059
0.97623049
0.97599040
0.97575030
0.97551020
0.97430972
0.97406963
0.97358944
0.97334934
0.97310924
0.97286915
0.97262905
0.97214886
0.97190876
0.97118848
0.97070828
0.97046819
0.97022809
0.96998800
0.96974790
0.96950780
0.96926771
0.96902761
0.96854742
0.96830732
0.96806723
0.96782713
0.96758703
0.96734694
0.96710684
0.96686675
0.96662665
0.96590636
0.96542617
0.96494598
0.96470588
0.96446579
0.96422569
0.96398559
0.96374550
0.96302521
0.96278511
0.96254502
0.96230492
0.96206483
0.96182473
0.96158463
0.96134454
0.96110444
0.96086435
0.96062425
0.96038415
0.96014406
0.95942377
0.95846339
0.95822329
0.95750300
0.95726291
0.95702281
0.95678271
0.95582233
0.95510204
0.95486194
0.95414166
0.95390156
0.95366146
0.95342137
0.95294118
0.95270108
0.95150060
0.95126050
0.95102041
0.95030012
0.94981993
0.94957983
0.94933974
0.94909964
0.94885954
0.94861945
0.94837935
0.94813926
0.94789916
0.94765906
0.94741897
0.94717887
0.94693878
0.94621849
0.94597839
0.94573830
0.94525810
0.94477791
0.94453782
0.94429772
0.94405762
0.94381753
0.94261705
0.94237695
0.94189676
0.93973589
0.93949580
0.93901561
0.93877551
0.93853541
0.93829532
0.93805522
0.93781513
0.93757503
0.93685474
0.93637455
0.93589436
0.93565426
0.93541417
0.93517407
0.93493397
0.93445378
0.93421369
0.93397359
0.93373349
0.93349340
0.93325330
0.93301321
0.93277311
0.93253301
0.93229292
0.93181273
0.93109244
0.93085234
0.93061224
0.93013205
0.92941176
0.92917167
0.92893157
0.92773109
0.92749100
0.92725090
0.92701080
0.92677071
0.92653061
0.92629052
0.92605042
0.92581032
0.92557023
0.92533013
0.92509004
0.92484994
0.92460984
0.92436975
0.92412965
0.92220888
0.92196879
0.92124850
0.92100840
0.91932773
0.91908764
0.91884754
0.91860744
0.91836735
0.91812725
0.91788715
0.91764706
0.91740696
0.91644658
0.91620648
0.91596639
0.91572629
0.91548619
0.91524610
0.91500600
0.91476591
0.91452581
0.91380552
0.91356543
0.91332533
0.91284514
0.91260504
0.91236495
0.91212485
0.91164466
0.91140456
0.90948379
0.90900360
0.90876351
0.90852341
0.90828331
0.90804322
0.90756303
0.90588235
0.90564226
0.90540216
0.90516206
0.90492197
0.90396158
0.90348139
0.90252101
0.90228091
0.90204082
0.90180072
0.90156062
0.90132053
0.90108043
0.90084034
0.90060024
0.90036014
0.90012005
0.89915966
0.89891957
0.89867947
0.89819928
0.89795918
0.89771909
0.89747899
0.89723890
0.89675870
0.89603842
0.89579832
0.89531813
0.89507803
0.89483794
0.89459784
0.89435774
0.89363745
0.89339736
0.89339736
0.89219688
0.89195678
0.89099640
0.89075630
0.89051621
0.89027611
0.89003601
0.88931573
0.88907563
0.88883553
0.88859544
0.88811525
0.88787515
0.88763505
0.88739496
0.88715486
0.88667467
0.88643457
0.88619448
0.88595438
0.88571429
0.88547419
0.88523409
0.88499400
0.88475390
0.88451381
0.88427371
0.88403361
0.88379352
0.88355342
0.88331333
0.88307323
0.88283313
0.88259304
0.88235294
0.88211285
0.88187275
0.88163265
0.88139256
0.88115246
0.88091236
0.88067227
0.88043217
0.88019208
0.87779112
0.87755102
0.87731092
0.87563025
0.87539016
0.87466987
0.87442977
0.87418968
0.87394958
0.87370948
0.87346939
0.87322929
0.87274910
0.87202881
0.87154862
0.87106843
0.87082833
0.87058824
0.87034814
0.87010804
0.86986795
0.86962785
0.86938776
0.86914766
0.86890756
0.86866747
0.86818727
0.86794718
0.86482593
0.86458583
0.86434574
0.86410564
0.86386555
0.86362545
0.86338535
0.86314526
0.86290516
0.86266507
0.86218487
0.86194478
0.86170468
0.86098439
0.86074430
0.86050420
0.86026411
0.85978391
0.85954382
0.85930372
0.85906363
0.85882353
0.85858343
0.85834334
0.85786315
0.85762305
0.85738295
0.85738295
0.85666267
0.85642257
0.85618247
0.85618247
0.85594238
0.85570228
0.85546218
0.85522209
0.85498199
0.85474190
0.85450180
0.85426170
0.85402161
0.85378151
0.85354142
0.85330132
0.85306122
0.85282113
0.85258103
0.85234094
0.85210084
0.85186074
0.85162065
0.85138055
0.85114046
0.85090036
0.85042017
0.84969988
0.84945978
0.84921969
0.84897959
0.84873950
0.84849940
0.84825930
0.84777911
0.84681873
0.84609844
0.84585834
0.84513806
0.83961585
0.83937575
0.83913565
0.83889556
0.83865546
0.83817527
0.83793517
0.83769508
0.83745498
0.83697479
0.83673469
0.83649460
0.83625450
0.83601441
0.83577431
0.83553421
0.83529412
0.83505402
0.83457383
0.83433373
0.83409364
0.83385354
0.83361345
0.83313325
0.83289316
0.83265306
0.83217287
0.83169268
0.83145258
0.83121248
0.82953181
0.82785114
0.82761104
0.82737095
0.82713085
0.82689076
0.82593037
0.82569028
0.82521008
0.82496999
0.82472989
0.82448980
0.82424970
0.82400960
0.82376951
0.82352941
0.82328932
0.82304922
0.82232893
0.82208884
0.82184874
0.82160864
0.82136855
0.82112845
0.82088836
0.82064826
0.81896759
0.81872749
0.81848739
0.81824730
0.81752701
0.81728691
0.81704682
0.81680672
0.81656663
0.81632653
0.81608643
0.81584634
0.81560624
0.81536615
0.81512605
0.81488595
0.81464586
0.81440576
0.81416567
0.81392557
0.81368547
0.81344538
0.81320528
0.81296519
0.81272509
0.81248499
0.81224490
0.81056423
0.81032413
0.81008403
0.80960384
0.80864346
0.80840336
0.80816327
0.80792317
0.80768307
0.80744298
0.80720288
0.80696279
0.80672269
0.80648259
0.80624250
0.80600240
0.80576230
0.80552221
0.80528211
0.80504202
0.80480192
0.80456182
0.80432173
0.80408163
0.80384154
0.80360144
0.80336134
0.80312125
0.80288115
0.80264106
0.80144058
0.80120048
0.80024010
0.80000000
0.79903962
0.79879952
0.79855942
0.79831933
0.79807923
0.79783914
0.79759904
0.79735894
0.79711885
0.79687875
0.79663866
0.79639856
0.79567827
0.79543818
0.79519808
0.79495798
0.79471789
0.79447779
0.79423770
0.79399760
0.79375750
0.79351741
0.79327731
0.79303721
0.79279712
0.79255702
0.79231693
0.79207683
0.79087635
0.79063625
0.79039616
0.79015606
0.78991597
0.78967587
0.78943577
0.78919568
0.78847539
0.78823529
0.78775510
0.78751501
0.78727491
0.78703481
0.78631453
0.78583433
0.78559424
0.78535414
0.78511405
0.78487395
0.78463385
0.78439376
0.78415366
0.78391357
0.78295318
0.78175270
0.78151261
0.78127251
0.78103241
0.78079232
0.78055222
0.78031212
0.78007203
0.77983193
0.77959184
0.77911164
0.77863145
0.77839136
0.77815126
0.77767107
0.77743097
0.77719088
0.77695078
0.77671068
0.77647059
0.77623049
0.77599040
0.77575030
0.77551020
0.77527011
0.77503001
0.77478992
0.77454982
0.77430972
0.77406963
0.77358944
0.77334934
0.77262905
0.77238896
0.77166867
0.77094838
0.77070828
0.77046819
0.77022809
0.76998800
0.76974790
0.76950780
0.76926771
0.76902761
0.76878752
0.76854742
0.76830732
0.76710684
0.76686675
0.76662665
0.76638655
0.76614646
0.76590636
0.76566627
0.76542617
0.76158463
0.76134454
0.76134454
0.76134454
0.76134454
0.76134454
0.76134454
0.76134454
0.76134454
0.76134454
0.76134454
0.76134454
0.76134454
0.76134454
0.76134454
0.76134454
0.76134454
0.76086435
0.76062425
0.75894358
0.75870348
0.75846339
0.75822329
0.75798319
0.75774310
0.75750300
0.75726291
0.75654262
0.75630252
0.75606242
0.75534214
0.75510204
0.75486194
0.75462185
0.75438175
0.75414166
0.75342137
0.75318127
0.75294118
0.75270108
0.75246098
0.75150060
0.75126050
0.75102041
0.75078031
0.75054022
0.75030012
0.75006002
0.74981993
0.74957983
0.74933974
0.74909964
0.74789916
0.74765906
0.74717887
0.74693878
0.74669868
0.74645858
0.74621849
0.74597839
0.74573830
0.74549820
0.74525810
0.74501801
0.74477791
0.74453782
0.74429772
0.74405762
0.74381753
0.74357743
0.74333733
0.74309724
0.74285714
0.74261705
0.74237695
0.74213685
0.74189676
0.74165666
0.74141657
0.74117647
0.74093637
0.74069628
0.74045618
0.74021609
0.73997599
0.73973589
0.73949580
0.73925570
0.73901561
0.73877551
0.73853541
0.73829532
0.73757503
0.73733493
0.73661465
0.73637455
0.73037215
0.73013205
0.72989196
0.72941176
0.72917167
0.72821128
0.72797119
0.72605042
0.72581032
0.72533013
0.72292917
0.72268908
0.72244898
0.72220888
0.72196879
0.72172869
0.72148860
0.72124850
0.71836735
0.71812725
0.71788715
0.71764706
0.71644658
0.71620648
0.71596639
0.71572629
0.71548619
0.71524610
0.71500600
0.71476591
0.71452581
0.71428571
0.71404562
0.71380552
0.71356543
0.71332533
0.71308523
0.71260504
0.71164466
0.71140456
0.71092437
0.71068427
0.71044418
0.71020408
0.70996399
0.70972389
0.70948379
0.70924370
0.70900360
0.70876351
0.70852341
0.70828331
0.70804322
0.70780312
0.70756303
0.70732293
0.70708283
0.70684274
0.70660264
0.70636255
0.70612245
0.70588235
0.70564226
0.70540216
0.70516206
0.70492197
0.70468187
0.70444178
0.70420168
0.70396158
0.70372149
0.70204082
0.70156062
0.70132053
0.70108043
0.70060024
0.70036014
0.69963986
0.69939976
0.69915966
0.69891957
0.69795918
0.69771909
0.69747899
0.69723890
0.69699880
0.69675870
0.69651861
0.69627851
0.69603842
0.69579832
0.69555822
0.69531813
0.69507803
0.69483794
0.69411765
0.69387755
0.69363745
0.69339736
0.69315726
0.69291717
0.69267707
0.68619448
0.68619448
0.68619448
0.68619448
0.68619448
0.68619448
0.68619448
0.68619448
0.68619448
0.68619448
0.68619448
0.68619448
0.68619448
0.68619448
0.68619448
0.68619448
0.68619448
0.68619448
0.68619448
0.68619448
0.68619448
0.68619448
0.68619448
0.68619448
0.68595438
0.68571429
0.68547419
0.68523409
0.68499400
0.68475390
0.68451381
0.68427371
0.68403361
0.68379352
0.68355342
0.68331333
0.68307323
0.68283313
0.68259304
0.68235294
0.68211285
0.68187275
0.68163265
0.68139256
0.68115246
0.68091236
0.68067227
0.68043217
0.68019208
0.67995198
0.67971188
0.67947179
0.67923169
0.67899160
0.67755102
0.67731092
0.67707083
0.67683073
0.67659064
0.67635054
0.67611044
0.67587035
0.67563025
0.67539016
0.67515006
0.67490996
0.67466987
0.67442977
0.67418968
0.67394958
0.67370948
0.67346939
0.67322929
0.67298920
0.67274910
0.67250900
0.67226891
0.67058824
0.67034814
0.67010804
0.66986795
0.66962785
0.66938776
0.66914766
0.66890756
0.66866747
0.66842737
0.66818727
0.66794718
0.66770708
0.66746699
0.66722689
0.66698679
0.66650660
0.66626651
0.66602641
0.66578631
0.66554622
0.66530612
0.66290516
0.66194478
0.66170468
0.66146459
0.66122449
0.66002401
0.65978391
0.65954382
0.65930372
0.65906363
0.65882353
0.65858343
0.65834334
0.65810324
0.65786315
0.65762305
0.65738295
0.65714286
0.65690276
0.65666267
0.65642257
0.65618247
0.65594238
0.65570228
0.65546218
0.65522209
0.65498199
0.65474190
0.65450180
0.65426170
0.65402161
0.65378151
0.65354142
0.65330132
0.65306122
0.65282113
0.65258103
0.65234094
0.65210084
0.65186074
0.65162065
0.65138055
0.65114046
0.65090036
0.65066026
0.65042017
0.65018007
0.64993998
0.64969988
0.64945978
0.64897959
0.64873950
0.64849940
0.64825930
0.64585834
0.64537815
0.64513806
0.64489796
0.64369748
0.64345738
0.64321729
0.64297719
0.64273709
0.64249700
0.64225690
0.64201681
0.64177671
0.64153661
0.64129652
0.64105642
0.64081633
0.64057623
0.64033613
0.64009604
0.63985594
0.63961585
0.63937575
0.63913565
0.63889556
0.63865546
0.63841537
0.63817527
0.63793517
0.63769508
0.63745498
0.63721489
0.63697479
0.63673469
0.63649460
0.63625450
0.63601441
0.63577431
0.63553421
0.63529412
0.63505402
0.63481393
0.63457383
0.63433373
0.63409364
0.63169268
0.63169268
0.63169268
0.63169268
0.62977191
0.62953181
0.62905162
0.62881152
0.62857143
0.62833133
0.62809124
0.62785114
0.62761104
0.62737095
0.62713085
0.62689076
0.62665066
0.62641056
0.62617047
0.62593037
0.62569028
0.62545018
0.62521008
0.62496999
0.62472989
0.62448980
0.62424970
0.62400960
0.62376951
0.62352941
0.62328932
0.62304922
0.62280912
0.62256903
0.62232893
0.62208884
0.62184874
0.62160864
0.62136855
0.62112845
0.62088836
0.62064826
0.62040816
0.62016807
0.61992797
0.61968788
0.61944778
0.61920768
0.61896759
0.61872749
0.61848739
0.61824730
0.61800720
0.61776711
0.61752701
0.61728691
0.61704682
0.61680672
0.61656663
0.61632653
0.61608643
0.61584634
0.61560624
0.61536615
0.61512605
0.61488595
0.61464586
0.61440576
0.61416567
0.61392557
0.61344538
0.61320528
0.61296519
0.61272509
0.61248499
0.61224490
0.61176471
0.61152461
0.61128451
0.61104442
0.61080432
0.61056423
0.60960384
0.60384154
0.60360144
0.60336134
0.60312125
0.60288115
0.60264106
0.60240096
0.60216086
0.60192077
0.60168067
0.60144058
0.60120048
0.60072029
0.60048019
0.60024010
0.60000000
0.59927971
0.59879952
0.59855942
0.59831933
0.59807923
0.59735894
0.59711885
0.59687875
0.59663866
0.59639856
0.59615846
0.59591837
0.59567827
0.59543818
0.59519808
0.59495798
0.59471789
0.59447779
0.59423770
0.59399760
0.59375750
0.59351741
0.59327731
0.59303721
0.59279712
0.59255702
0.59231693
0.59159664
0.58967587
0.58943577
0.58919568
0.58895558
0.58871549
0.58823529
0.58799520
0.58775510
0.58751501
0.58727491
0.58703481
0.58679472
0.58655462
0.58631453
0.58607443
0.58583433
0.58559424
0.58535414
0.58511405
0.58487395
0.58463385
0.58439376
0.58415366
0.58391357
0.58367347
0.58343337
0.58319328
0.58295318
0.58271309
0.58247299
0.58223289
0.58199280
0.58175270
0.58151261
0.58127251
0.58103241
0.58079232
0.57935174
0.57839136
0.57695078
0.57551020
0.57503001
0.57286915
0.57166867
0.56734694
0.56662665
0.56494598
0.56446579
0.56158463
0.55990396
0.55942377
0.55798319
0.55750300
0.55558223
0.55510204
0.55414166
0.55222089
0.55006002
0.54285714
0.54237695
0.54093637
0.54093637
0.53949580
0.53805522
0.53565426
0.53157263
0.53085234
0.52845138
0.52845138
0.52749100
0.52653061
0.52340936
0.52340936
0.52340936
0.52340936
0.52340936
0.52268908
0.51884754
0.51764706
0.51668667
0.51620648
0.51572629
0.51500600
0.51284514
0.51164466
0.50996399
0.50900360
0.50732293
0.50564226
0.50348139
0.50204082
0.50084034
0.49747899
0.49531813
0.49411765
0.49387755
0.49267707
0.49123649
0.49027611
0.48883553
0.48715486
0.47298920
0.47154862
0.46722689
0.46650660
0.46242497
0.45786315
0.45330132
0.45258103
0.45090036
0.45042017
0.44969988
0.44849940
0.44561825
0.44441777
0.44369748
0.44321729
0.44081633
0.43817527
0.43721489
0.43673469
0.43601441
0.43385354
0.43025210
0.42929172
0.42737095
0.42304922
0.41992797
0.41848739
0.41848739
0.41848739
0.41632653
0.41560624
0.41512605
0.41440576
0.41248499
0.41128451
0.40816327
0.40792317
0.40648259
0.40648259
0.40600240
0.40408163
0.39687875
0.39399760
0.39327731
0.39231693
0.39063625
0.39039616
0.38991597
0.38679472
0.38463385
0.38415366
0.38223289
0.38151261
0.38055222
0.37791116
0.37767107
0.37671068
0.37503001
0.37094838
0.37094838
0.36950780
0.36086435
0.36038415
0.35558223
0.35438175
0.35438175
0.35438175
0.35366146
0.35318127
0.35294118
0.35174070
0.34213685
0.34213685
0.34069628
0.33973589
0.33277311
0.33277311
0.33157263
0.33157263
0.33133253
0.33133253
0.33085234
0.32965186
0.32869148
0.32581032
0.32388956
0.32316927
0.32244898
0.32244898
0.32124850
0.31884754
0.31884754
0.31764706
0.31668667
0.31596639
0.30348139
0.30204082
0.30132053
0.30012005
0.29051621
0.28523409
0.28523409
0.28451381
0.28451381
0.28307323
0.28211285
0.28211285
0.28043217
0.27947179
0.27947179
0.27899160
0.26434574
0.26410564
0.26314526
0.26218487
0.26218487
0.26146459
0.25666267
0.25666267
0.25666267
0.25594238
0.25450180
0.25354142
0.24657863
0.24489796
0.24393758
0.24393758
0.24249700
0.23577431
0.23457383
0.23385354
0.23241297
0.23121248
0.23121248
0.23121248
0.23049220
0.23049220
0.23049220
0.23049220
0.22160864
0.22160864
0.22064826
0.21968788
0.21824730
0.19687875
0.19687875
0.17791116
0.17791116
0.17671068
0.17671068
0.17599040
0.17527011
0.17527011
0.17527011
0.17527011
0.17527011
0.17454982
0.17454982
0.17454982
0.17454982
0.17454982
0.17454982
0.17454982
0.17454982
0.17454982
0.17382953
0.17382953
0.17382953
0.17382953
0.17382953
0.17382953
0.17334934
0.17334934
0.17334934
0.17334934
0.17262905
0.17166867
0.17166867
0.17166867
0.17166867
0.17166867
0.17166867
0.17166867
0.17166867
0.17070828
0.17070828
0.16734694
0.16734694
0.15102041
0.15102041
0.14981993
0.14909964
0.13517407
0.13469388
0.13469388
0.13469388
0.13469388
0.13349340
0.13349340
0.13349340
0.13349340
0.13349340
0.13349340
0.13349340
0.13349340
0.13349340
0.13349340
0.13349340
0.11572629
0.11500600
0.11500600
0.11500600
0.11500600
0.11500600
0.11500600
0.11500600
0.11500600
0.11500600
0.11500600
0.11500600
0.11500600
0.11500600
0.09579832
0.09507803
0.09507803
0.09507803
0.09507803
0.09507803
0.09507803
0.09507803
0.09507803
0.09507803
0.09459784
0.09459784
0.09459784
0.09435774
0.09339736
0.09243697
0.09243697
0.04393758
0.04393758
0.04393758
0.04393758
0.01608643
0.01608643
0.01608643
0.01608643
0.01608643
0.01608643
0.01608643
0.01608643
0.01608643
0.01608643
0.01608643
0.01608643
0.01608643
0.01608643
0.01608643
0.01608643
0.01608643
0.01608643
0.01608643
0.01608643
0.00168067
0.00144058
0.00144058
0.00120048
0.00120048
0.00120048
0.00120048
0.00120048
0.00120048
0.00120048
0.00096038
0.00096038
0.00096038
0.00096038
0.00096038
0.00096038
0.00096038
0.00096038
0.00096038
0.00096038
0.00096038
0.00096038
0.00096038
0.00096038
0.00096038
0.00096038
0.00096038
0.00096038
0.00096038
0.00096038
0.00096038
0.00096038
0.00096038
0.00096038
0.00096038
0.00096038
0.00096038
0.00096038
0.00096038
0.00096038
0.00096038
0.00096038
0.00096038
0.00096038
0.00096038
0.00096038
0.00096038
0.00096038
0.00096038
0.00096038
0.00096038
0.00096038
0.00096038
0.00096038
0.00096038
0.00096038
0.00096038
0.00096038
0.00096038
0.00096038
0.00096038
0.00096038
0.00096038
0.00096038
0.00096038
0.00096038
0.00096038
0.00096038
0.00096038
0.00096038
0.00096038
0.00072029
0.00072029
0.00072029
0.00072029
0.00072029
0.00072029
0.00072029
0.00072029
0.00072029
0.00072029
0.00072029
0.00072029
0.00072029
0.00072029
0.00072029
0.00072029
0.00072029
0.00072029
0.00072029
0.00072029
0.00072029
0.00072029
0.00072029
0.00072029
0.00072029
0.00072029
0.00072029
0.00072029
0.00072029
0.00072029
0.00072029
0.00072029
0.00072029
0.00072029
0.00072029
0.00072029
0.00072029
0.00072029
0.00072029
0.00072029
0.00072029
0.00072029
0.00072029
0.00072029
0.00072029
0.00072029
0.00072029
0.00072029
0.00072029
0.00072029
0.00072029
0.00072029
0.00072029
0.00072029
0.00072029
0.00072029
0.00072029
0.00072029
0.00072029
0.00072029
0.00072029
0.00072029
0.00072029
0.00072029
0.00072029
0.00072029
0.00072029
0.00072029
0.00072029
0.00072029
0.00072029
0.00072029
0.00072029
0.00072029
0.00072029
0.00072029
0.00072029
0.00072029
0.00072029
0.00072029
0.00072029
0.00072029
0.00072029
0.00072029
0.00072029
0.00072029
0.00072029
0.00072029
0.00072029
0.00072029
0.00072029
0.00072029
0.00072029
0.00072029
0.00072029
0.00072029
0.00072029
0.00072029
0.00072029
0.00072029
0.00072029
0.00072029
0.00072029
0.00072029
0.00072029
0.00072029
0.00072029
0.00072029
0.00072029
0.00072029
0.00072029
0.00072029
0.00072029
0.00072029
0.00072029
0.00072029
0.00072029
0.00072029
0.00072029
0.00072029
0.00072029
0.00072029
0.00072029
0.00072029
0.00072029
0.00072029
0.00072029
0.00072029
0.00072029
0.00072029
0.00072029
0.00072029
0.00072029
0.00072029
0.00072029
0.00072029
0.00072029
0.00072029
0.00072029
0.00072029
0.00072029
0.00072029
0.00072029
0.00072029
0.00072029
0.00072029
0.00072029
0.00072029
0.00072029
0.00072029
0.00072029
0.00072029
0.00072029
0.00072029
0.00072029
0.00072029
0.00072029
0.00072029
0.00072029
0.00072029
0.00072029
0.00072029
0.00072029
0.00072029
0.00072029
0.00072029
0.00072029
0.00072029
0.00072029
0.00072029
0.00072029
0.00072029
0.00072029
0.00072029
0.00072029
0.00072029
0.00072029
0.00072029
0.00072029
0.00072029
0.00072029
0.00072029
0.00072029
0.00072029
0.00072029
0.00072029
0.00072029
0.00072029
0.00072029
0.00072029
0.00072029
0.00072029
0.00072029
0.00072029
0.00072029
0.00072029
0.00072029
0.00072029
0.00072029
0.00072029
0.00072029
0.00072029
0.00072029
0.00072029
0.00072029
0.00072029
0.00072029
0.00072029
0.00072029
0.00072029
0.00072029
0.00072029
0.00072029
0.00072029
0.00072029
0.00072029
0.00072029
0.00072029
0.00072029
0.00072029
0.00072029
0.00072029
0.00072029
0.00072029
0.00072029
0.00072029
0.00072029
0.00072029
0.00072029
0.00072029
0.00072029
0.00072029
0.00072029
0.00072029
0.00072029
0.00072029
0.00072029
0.00072029
0.00072029
0.00072029
0.00072029
0.00072029
0.00072029
0.00072029
0.00072029
0.00072029
0.00072029
0.00072029
0.00072029
0.00072029
0.00072029
0.00072029
0.00072029
0.00072029
0.00072029
0.00072029
0.00072029
0.00072029
0.00072029
0.00072029
0.00072029
0.00072029
0.00072029
0.00072029
0.00072029
0.00072029
0.00072029
0.00072029
0.00072029
0.00072029
0.00072029
0.00072029
0.00072029
0.00072029
0.00072029
0.00072029
0.00072029
0.00072029
0.00072029
0.00072029
0.00072029
0.00072029
0.00072029
0.00072029
0.00072029
0.00072029
0.00072029
0.00072029
0.00072029
0.00072029
0.00072029
0.00072029
0.00072029
0.00072029
0.00072029
0.00072029
0.00072029
0.00072029
0.00072029
0.00072029
0.00072029
0.00072029
0.00072029
0.00072029
0.00072029
0.00072029
0.00072029
0.00072029
0.00072029
0.00072029
0.00072029
0.00072029
0.00072029
0.00072029
0.00072029
0.00072029
0.00072029
0.00072029
0.00072029
0.00072029
0.00072029
0.00072029
0.00072029
0.00072029
0.00072029
0.00072029
0.00072029
0.00072029
0.00072029
0.00072029
0.00072029
0.00072029
0.00072029
0.00072029
0.00072029
0.00072029
0.00072029
0.00072029
0.00072029
0.00072029
0.00072029
0.00072029
0.00072029
0.00072029
0.00072029
0.00072029
0.00072029
0.00072029
0.00072029
0.00072029
0.00072029
0.00072029
0.00072029
0.00072029
0.00072029
0.00072029
0.00072029
0.00072029
0.00072029
0.00072029
0.00072029
0.00072029
0.00072029
0.00072029
0.00072029
0.00072029
0.00072029
0.00072029
0.00072029
0.00072029
0.00072029
0.00072029
0.00072029
0.00072029
0.00072029
0.00072029
0.00024010
0.00024010
0.00024010
0.00024010
0.00024010
0.00024010
0.00024010
0.00024010
0.00024010
0.00024010
0.00024010
0.00024010
0.00024010
0.00024010
0.00024010
0.00024010
0.00024010
0.00024010
0.00024010
0.00024010
0.00024010
0.00024010
0.00024010
0.00024010
0.00024010
0.00024010
0.00024010
0.00024010
0.00024010
0.00024010
0.00024010
0.00024010
0.00024010
0.00024010
0.00024010
0.00024010
0.00024010
0.00024010
0.00024010
0.00024010
0.00024010
0.00024010
0.00024010
0.00024010
0.00024010
0.00024010
0.00024010
0.00024010
0.00024010
0.00024010
0.00024010
0.00024010
0.00024010
0.00024010
0.00024010
0.00024010
0.00024010
0.00024010
0.00024010
0.00024010
0.00024010
0.00024010
0.00024010
0.00024010
0.00024010
0.00024010
0.00024010
0.00024010
0.00024010
0.00024010
0.00024010
0.00024010
0.00024010
0.00024010
0.00024010
0.00024010
0.00024010
0.00024010
0.00024010
0.00024010
0.00024010
0.00024010
0.00024010
0.00024010
0.00024010
0.00024010
0.00024010
0.00024010
0.00024010
0.00024010
0.00024010
0.00024010
0.00024010
0.00024010
0.00024010
0.00024010
0.00024010
0.00024010
0.00024010
0.00024010
0.00024010
0.00024010
0.00024010
0.00024010
0.00024010
0.00024010
0.00024010
0.00024010
0.00024010
0.00024010
0.00024010
0.00024010
0.00024010
0.00024010
0.00024010
0.00024010
0.00024010
0.00024010
0.00024010
0.00024010
0.00024010
0.00024010
0.00024010
0.00024010
0.00024010
0.00024010
0.00024010
0.00024010
0.00024010
0.00024010
0.00024010
0.00024010
0.00024010
0.00024010
0.00024010
0.00024010
0.00024010
0.00024010
0.00024010
0.00024010
0.00024010
0.00024010
0.00024010
0.00024010
0.00024010
0.00024010
0.00024010
0.00024010
0.00024010
0.00024010
0.00024010
0.00024010
0.00024010
0.00024010
0.00024010
0.00024010
0.00024010
0.00024010
0.00024010
0.00024010
0.00024010
0.00024010
0.00024010
0.00024010
0.00024010
0.00024010
0.00024010
0.00024010
0.00024010
0.00024010
0.00024010
0.00024010
0.00024010
0.00024010
0.00024010
0.00024010
0.00024010
0.00024010
0.00024010
0.00024010
0.00024010
0.00024010
0.00024010
0.00024010
0.00024010
0.00024010
0.00024010
0.00024010
0.00024010
0.00024010
0.00024010
0.00024010
0.00024010
0.00024010
0.00024010
0.00024010
0.00024010
0.00024010
0.00024010
0.00024010
0.00024010
0.00024010
0.00024010
0.00024010
0.00024010
0.00024010
0.00024010
0.00024010
0.00024010
0.00024010
0.00024010
0.00024010
0.00024010
0.00024010
0.00024010
0.00024010
0.00024010
0.00024010
0.00024010
0.00024010
0.00024010
0.00024010
0.00024010
0.00024010
0.00024010
0.00024010
0.00024010
0.00024010
0.00024010
0.00024010
0.00024010
0.00024010
0.00024010
0.00024010
0.00024010
0.00024010
0.00024010
0.00024010
0.00024010
0.00024010
0.00024010
0.00024010
0.00024010
0.00024010
0.00024010
0.00024010
0.00024010
0.00024010
0.00024010
0.00024010
0.00024010
0.00024010
0.00024010
0.00024010
0.00024010
0.00024010
0.00024010
0.00024010
0.00024010
0.00024010
0.00024010
0.00024010
0.00024010
0.00024010
0.00024010
0.00024010
0.00024010
0.00024010
0.00024010
0.00024010
0.00024010
0.00024010
0.00024010
0.00024010
0.00024010
0.00024010
0.00024010
0.00024010
0.00024010
0.00024010
0.00024010
0.00024010
0.00024010
0.00024010
0.00024010
0.00024010
0.00024010
0.00024010
0.00024010
0.00024010
0.00024010
0.00024010
0.00024010
0.00024010
0.00024010
0.00024010
0.00024010
0.00024010
0.00024010
0.00024010
0.00024010
0.00024010
0.00024010
0.00024010
0.00024010
0.00024010
0.00024010
0.00024010
0.00024010
0.00024010
0.00024010
0.00024010
0.00024010
0.00024010
0.00024010
0.00024010
0.00024010
0.00024010
0.00024010
0.00024010
0.00024010
0.00024010
0.00024010
0.00024010
0.00024010
0.00024010
0.00024010
0.00024010
0.00024010
0.00024010
0.00024010
0.00024010
0.00024010
0.00024010
0.00024010
0.00024010
0.00024010
0.00024010
0.00024010
0.00024010
0.00024010
0.00024010
0.00024010
0.00024010
0.00024010
0.00024010
0.00024010
0.00024010
0.00024010
0.00024010
0.00024010
0.00024010
0.00024010
0.00024010
0.00024010
0.00024010
0.00024010
0.00024010
0.00024010
0.00024010
0.00024010
0.00024010
0.00024010
0.00024010
0.00024010
0.00024010
0.00024010
0.00024010
0.00024010
0.00024010
0.00024010
0.00024010
0.00024010
0.00024010
0.00024010
0.00024010
0.00024010
0.00024010
0.00024010
0.00024010
0.00024010
0.00024010
0.00024010
0.00024010
0.00024010
0.00024010
0.00024010
0.00024010
0.00024010
0.00024010
0.00024010
0.00024010
0.00024010
0.00024010
0.00024010
0.00024010
0.00024010
0.00024010
0.00024010
0.00024010
0.00024010
0.00024010
0.00024010
0.00024010
0.00024010
0.00024010
0.00024010
0.00024010
0.00024010
0.00024010
0.00024010
0.00024010
0.00024010
0.00024010
0.00024010
0.00024010
0.00024010
0.00024010
0.00024010
0.00024010
0.00024010
0.00024010
0.00024010
0.00024010
0.00024010
0.00024010
0.00024010
0.00024010
0.00024010
0.00024010
0.00024010
0.00024010
0.00024010
0.00024010
0.00024010
0.00024010
0.00024010
0.00024010
0.00024010
0.00024010
0.00024010
0.00024010
0.00024010
0.00024010
0.00024010
0.00024010
0.00024010
0.00024010
0.00024010
0.00024010
0.00024010
0.00024010
0.00024010
0.00024010
0.00024010
0.00024010
0.00024010
0.00024010
0.00024010
0.00024010
0.00024010
0.00024010
0.00024010
0.00024010
0.00024010
0.00024010
0.00024010
0.00024010
0.00024010
0.00024010
0.00024010
0.00024010
0.00024010
0.00024010
0.00024010
0.00024010
0.00024010
0.00024010
0.00024010
0.00024010
0.00024010
0.00024010
0.00024010
0.00024010
0.00024010
0.00024010
0.00024010
0.00024010
0.00024010
0.00024010
0.00024010
0.00024010
0.00024010
0.00024010
0.00024010
0.00024010
0.00024010
0.00024010
0.00024010
0.00024010
0.00024010
0.00024010
0.00024010
0.00024010
0.00024010
0.00024010
0.00024010
0.00024010
0.00024010
0.00024010
0.00024010
0.00024010
0.00024010
0.00024010
0.00024010
0.00024010
0.00024010
0.00024010
0.00024010
0.00024010
0.00024010
0.00024010
0.00024010
0.00024010
0.00024010
0.00024010
0.00024010
0.00024010
0.00024010
0.00024010
0.00024010
0.00024010
0.00024010
0.00024010
0.00024010
0.00024010
0.00024010
0.00024010
0.00024010
0.00024010
0.00024010
0.00024010
0.00024010
0.00024010
0.00024010
0.00024010
0.00024010
0.00024010
0.00024010
0.00024010
0.00024010
0.00024010
0.00024010
0.00024010
0.00024010
0.00024010
0.00024010
0.00024010
0.00024010
0.00024010
0.00024010
0.00024010
0.00024010
0.00024010
0.00024010
0.00024010
0.00024010
0.00024010
0.00024010
0.00024010
0.00024010
0.00024010
0.00024010
0.00024010
0.00024010
0.00024010
0.00024010
0.00024010
0.00024010
0.00024010
0.00024010
0.00024010
0.00024010
0.00024010
0.00024010
0.00024010
0.00024010
0.00024010
0.00024010
0.00024010
0.00024010
0.00024010
0.00024010
0.00024010
0.00024010
0.00024010
0.00024010
0.00024010
0.00024010
0.00024010
0.00024010
0.00024010
0.00024010
0.00024010
0.00024010
0.00024010
0.00024010
0.00024010
0.00024010
0.00024010
0.00024010
0.00024010
0.00024010
0.00024010
0.00024010
0.00024010
0.00024010
0.00024010
0.00024010
0.00024010
0.00024010
0.00024010
0.00024010
0.00024010
0.00024010
0.00024010
0.00024010
0.00024010
0.00024010
0.00024010
0.00024010
0.00024010
0.00024010
0.00024010
0.00024010
0.00024010
0.00024010
0.00024010
0.00024010
0.00024010
0.00024010
0.00024010
0.00024010
0.00024010
0.00024010
0.00024010
0.00024010
0.00024010
0.00024010
0.00024010
0.00024010
0.00024010
0.00024010
0.00024010
0.00024010
0.00024010
0.00024010
0.00024010
0.00024010
0.00024010
0.00024010
0.00024010
0.00024010
0.00024010
0.00024010
0.00024010
0.00024010
0.00024010
0.00024010
0.00024010
0.00024010
0.00024010
0.00024010
0.00024010
0.00024010
0.00024010
0.00024010
0.00024010
0.00024010
0.00024010
0.00024010
0.00024010
0.00024010
0.00024010
0.00024010
0.00024010
0.00024010
0.00024010
0.00024010
0.00024010
0.00024010
0.00024010
0.00024010
0.00024010
0.00024010
0.00024010
0.00024010
0.00024010
0.00024010
0.00024010
0.00024010
0.00024010
0.00024010
0.00024010
0.00024010
0.00024010
0.00024010
0.00024010
0.00024010
0.00024010
0.00024010
0.00024010
0.00024010
0.00024010
0.00024010
0.00024010
0.00024010
0.00024010
0.00024010
0.00024010
0.00024010
0.00024010
0.00024010
0.00024010
0.00024010
0.00024010
0.00024010
0.00024010
0.00024010
0.00024010
0.00024010
0.00024010
0.00024010
0.00024010
0.00024010
0.00024010
0.00024010
0.00024010
0.00024010
0.00024010
0.00024010
0.00024010
0.00024010
0.00024010
0.00024010
0.00024010
0.00024010
0.00024010
0.00024010
0.00024010
0.00024010
0.00024010
0.00024010
0.00024010
0.00024010
0.00024010
0.00024010
0.00024010
0.00024010
0.00024010
0.00024010
0.00024010
0.00024010
0.00024010
0.00024010
0.00024010
0.00024010
0.00024010
0.00024010
0.00024010
0.00024010
0.00024010
0.00024010
0.00024010
0.00024010
0.00024010
0.00024010
0.00024010
0.00024010
0.00024010
0.00024010
0.00024010
0.00024010
0.00024010
0.00024010
0.00024010
0.00024010
0.00024010
0.00024010
0.00024010
0.00024010
0.00024010
0.00024010
0.00024010
0.00024010
0.00024010
0.00024010
0.00024010
0.00024010
0.00024010
0.00024010
0.00024010
0.00024010
0.00024010
0.00024010
0.00024010
0.00024010
0.00024010
0.00024010
0.00024010
0.00024010
0.00024010
0.00024010
0.00024010
0.00024010
0.00024010
0.00024010
0.00024010
0.00024010
0.00024010
0.00024010
0.00024010
0.00024010
0.00024010
0.00024010
0.00024010
0.00024010
0.00024010
0.00024010
0.00024010
0.00024010
0.00024010
0.00024010
0.00024010
0.00024010
0.00024010
0.00024010
0.00024010
0.00024010
0.00024010
0.00024010
0.00024010
0.00024010
0.00024010
0.00024010
0.00024010
0.00024010
0.00024010
0.00024010
0.00024010
0.00024010
0.00024010
0.00024010
0.00024010
0.00024010
0.00024010
0.00024010
0.00024010
0.00024010
0.00024010
0.00024010
0.00024010
0.00024010
0.00024010
0.00024010
0.00024010
0.00024010
0.00024010
0.00024010
0.00024010
0.00024010
0.00024010
0.00024010
0.00024010
0.00024010
0.00024010
0.00024010
0.00024010
0.00024010
0.00024010
0.00024010
0.00024010
0.00024010
0.00024010
0.00024010
0.00024010
0.00024010
0.00024010
0.00024010
0.00024010
0.00024010
0.00024010
0.00024010
0.00024010
0.00024010
0.00024010
0.00024010
0.00024010
0.00024010
0.00024010
0.00024010
0.00024010
0.00024010
0.00024010
0.00024010
0.00024010
0.00024010
0.00024010
0.00024010
0.00024010
0.00024010
0.00024010
0.00024010
0.00024010
0.00024010
0.00024010
0.00024010
0.00024010
0.00024010
0.00024010
0.00024010
0.00024010
0.00024010
0.00024010
0.00024010
0.00024010
0.00024010
0.00024010
0.00024010
0.00024010
0.00024010
0.00024010
0.00024010
0.00024010
0.00024010
0.00024010
0.00024010
0.00024010
0.00024010
0.00024010
0.00024010
0.00024010
0.00024010
0.00024010
0.00024010
0.00024010
0.00024010
0.00024010
0.00024010
0.00024010
0.00024010
0.00024010
0.00024010
0.00024010
0.00024010
0.00024010
0.00024010
0.00024010
0.00024010
0.00024010
0.00024010
0.00024010
0.00024010
0.00024010
0.00024010
0.00024010
0.00024010
0.00024010
0.00024010
0.00024010
0.00024010
0.00024010
0.00024010
0.00024010
0.00024010
0.00024010
0.00024010
0.00024010
0.00024010
0.00024010
0.00024010
0.00024010
0.00024010
0.00024010
0.00024010
0.00024010
0.00024010
0.00024010
0.00024010
0.00024010
0.00024010
0.00024010
0.00024010
0.00024010
0.00024010
0.00024010
0.00024010
0.00024010
0.00024010
0.00024010
0.00024010
0.00024010
0.00024010
0.00024010
0.00024010
0.00024010
0.00024010
0.00024010
0.00024010
0.00024010
0.00024010
0.00024010
0.00024010
0.00024010
0.00024010
0.00024010
0.00024010
0.00024010
0.00024010
0.00024010
0.00024010
0.00024010
0.00024010
0.00024010
0.00024010
0.00024010
0.00024010
0.00024010
0.00024010
0.00024010
0.00024010
0.00024010
0.00024010
0.00024010
0.00024010
0.00024010
0.00024010
0.00024010
0.00024010
0.00024010
0.00024010
0.00024010
0.00024010
0.00024010
0.00024010
0.00024010
0.00024010
0.00024010
0.00024010
0.00024010
0.00024010
0.00024010
0.00024010
0.00024010
0.00024010
0.00024010
0.00024010
0.00024010
0.00024010
0.00024010
0.00024010
0.00024010
0.00024010
0.00024010
0.00024010
0.00024010
0.00024010
0.00024010
0.00024010
0.00024010
0.00024010
0.00024010
0.00024010
0.00024010
0.00024010
0.00024010
0.00024010
0.00024010
0.00024010
0.00024010
0.00024010
0.00024010
0.00024010
0.00024010
0.00024010
0.00024010
0.00024010
0.00024010
0.00024010
0.00024010
0.00024010
0.00024010
0.00024010
0.00024010
0.00024010
0.00024010
0.00024010
0.00024010
0.00024010
0.00024010
0.00024010
0.00024010
0.00024010
0.00024010
0.00024010
0.00024010
0.00024010
0.00024010
0.00024010
0.00024010
0.00024010
0.00024010
0.00024010
0.00024010
0.00024010
0.00024010
0.00024010
0.00024010
0.00024010
0.00024010
0.00024010
0.00024010
0.00024010
0.00024010
0.00024010
0.00024010
0.00024010
0.00024010
0.00024010
0.00024010
0.00024010
0.00024010
0.00024010
0.00024010
0.00024010
0.00024010
0.00024010
0.00024010
0.00024010
0.00024010
0.00024010
0.00024010
0.00024010
0.00024010
0.00024010
0.00024010
0.00024010
0.00024010
0.00024010
0.00024010
0.00024010
0.00024010
0.00024010
0.00024010
0.00024010
0.00024010
0.00024010
0.00024010
0.00024010
0.00024010
0.00024010
0.00024010
0.00024010
0.00024010
0.00024010
0.00024010
0.00024010
0.00024010
0.00024010
0.00024010
0.00024010
0.00024010
0.00024010
0.00024010
0.00024010
0.00024010
0.00024010
0.00024010
0.00024010
0.00024010
0.00024010
0.00024010
0.00024010
0.00024010
0.00024010
0.00024010
0.00024010
0.00024010
0.00024010
0.00024010
0.00024010
0.00024010
0.00024010
0.00024010
0.00024010
0.00024010
0.00024010
0.00024010
0.00024010
0.00024010
0.00024010
0.00024010
0.00024010
0.00024010
0.00024010
0.00024010
0.00024010
0.00024010
0.00024010
0.00024010
0.00024010
0.00024010
0.00024010
0.00024010
0.00024010
0.00024010
0.00024010
0.00024010
0.00024010
0.00024010
0.00024010
0.00024010
0.00024010
0.00024010
0.00024010
0.00024010
0.00024010
0.00024010
0.00024010
0.00024010
0.00024010
0.00024010
0.00024010
0.00024010
0.00024010
0.00024010
0.00024010
0.00024010
0.00024010
0.00024010
0.00024010
0.00024010
0.00024010
0.00024010
0.00024010
0.00024010
0.00024010
0.00024010
0.00024010
0.00024010
0.00024010
0.00024010
0.00024010
0.00024010
0.00024010
0.00024010
0.00024010
0.00024010
0.00024010
0.00024010
0.00024010
0.00024010
0.00024010
0.00024010
0.00024010
0.00024010
0.00024010
0.00024010
0.00024010
0.00024010
0.00024010
0.00024010
0.00024010
0.00024010
0.00024010
0.00024010
0.00024010
0.00024010
0.00024010
0.00024010
0.00024010
0.00024010
0.00024010
0.00024010
0.00024010
0.00024010
0.00024010
0.00024010
0.00024010
0.00024010
0.00024010
0.00024010
0.00024010
0.00024010
0.00024010
0.00024010
0.00024010
0.00024010
0.00024010
0.00024010
0.00024010
0.00024010
0.00024010
0.00024010
0.00024010
0.00024010
0.00024010
0.00024010
0.00024010
0.00024010
0.00024010
0.00024010
0.00024010
0.00024010
0.00024010
0.00024010
0.00024010
0.00024010
0.00024010
0.00024010
0.00024010
0.00024010
0.00024010
0.00024010
0.00024010
0.00024010
0.00024010
0.00024010
0.00024010
0.00024010
0.00024010
0.00024010
0.00024010
0.00024010
0.00024010
0.00024010
0.00024010
0.00024010
0.00024010
0.00024010
0.00024010
0.00024010
0.00024010
0.00024010
0.00024010
0.00024010
0.00024010
0.00024010
0.00024010
0.00024010
0.00024010
0.00024010
0.00024010
0.00024010
0.00024010
0.00024010
0.00024010
0.00024010
0.00024010
0.00024010
0.00024010
0.00024010
0.00024010
0.00024010
0.00024010
0.00024010
0.00024010
0.00024010
0.00024010
0.00024010
0.00024010
0.00024010
0.00024010
0.00024010
0.00024010
0.00024010
0.00024010
0.00024010
0.00024010
0.00024010
0.00024010
0.00024010
0.00024010
0.00024010
0.00024010
0.00024010
0.00024010
0.00024010
0.00024010
0.00024010
0.00024010
0.00024010
0.00024010
0.00024010
0.00024010
0.00024010
0.00024010
0.00024010
0.00024010
0.00024010
0.00024010
0.00024010
0.00024010
0.00024010
0.00024010
0.00024010
0.00024010
0.00024010
0.00024010
0.00024010
0.00024010
0.00024010
0.00024010
0.00024010
0.00024010
0.00024010
0.00024010
0.00024010
0.00024010
0.00024010
0.00024010
0.00024010
0.00024010
0.00024010
0.00024010
0.00024010
0.00024010
0.00024010
0.00024010
0.00024010
0.00024010
0.00024010
0.00024010
0.00024010
0.00024010
0.00024010
0.00024010
0.00024010
0.00024010
0.00024010
0.00024010
0.00024010
0.00024010
0.00024010
0.00024010
0.00024010
0.00024010
0.00024010
0.00024010
0.00024010
0.00024010
0.00024010
0.00024010
0.00024010
0.00024010
0.00024010
0.00024010
0.00024010
0.00024010
0.00024010
0.00024010
0.00024010
0.00024010
0.00024010
0.00024010
0.00024010
0.00024010
0.00024010
0.00024010
0.00024010
0.00024010
0.00024010
0.00024010
0.00024010
0.00024010
0.00024010
0.00024010
0.00024010
0.00024010
0.00024010
0.00024010
0.00024010
0.00024010
0.00024010
0.00024010
0.00024010
0.00024010
0.00024010
0.00024010
0.00024010
0.00024010
0.00024010
0.00024010
0.00024010
0.00024010
0.00024010
0.00024010
0.00024010
0.00024010
0.00024010
0.00024010
0.00024010
0.00024010
0.00024010
0.00024010
0.00024010
0.00024010
0.00024010
0.00024010
0.00024010
0.00024010
0.00024010
0.00024010
0.00024010
0.00024010
0.00024010
0.00024010
0.00024010
0.00024010
0.00024010
0.00024010
0.00024010
0.00024010
0.00024010
0.00024010
0.00024010
0.00024010
0.00024010
0.00024010
0.00024010
0.00024010
0.00024010
0.00024010
0.00024010
0.00024010
0.00024010
0.00024010
0.00024010
0.00024010
0.00024010
0.00024010
0.00024010
0.00024010
0.00024010
0.00024010
0.00024010
0.00024010
0.00024010
0.00024010
0.00024010
0.00024010
0.00024010
0.00024010
0.00024010
0.00024010
0.00024010
0.00024010
0.00024010
0.00024010
0.00024010
0.00024010
0.00024010
0.00024010
0.00024010
0.00024010
0.00024010
0.00024010
0.00024010
0.00024010
0.00024010
0.00024010
0.00024010
0.00024010
0.00024010
0.00024010
0.00024010
0.00024010
0.00024010
0.00024010
0.00024010
0.00024010
0.00024010
0.00024010
0.00024010
0.00024010
0.00024010
0.00024010
0.00024010
0.00024010
0.00024010
0.00024010
0.00024010
0.00024010
0.00024010
0.00024010
0.00024010
0.00024010
0.00024010
0.00024010
0.00024010
0.00024010
0.00024010
0.00024010
0.00024010
0.00024010
0.00024010
0.00024010
0.00024010
0.00024010
0.00024010
0.00024010
0.00024010
0.00024010
0.00024010
0.00024010
0.00024010
0.00024010
0.00024010
0.00024010
0.00024010
0.00024010
0.00024010
0.00024010
0.00024010
0.00024010
0.00024010
0.00024010
0.00024010
0.00024010
0.00024010
0.00024010
0.00024010
0.00024010
0.00024010
0.00024010
0.00024010
0.00024010
0.00024010
0.00024010
0.00024010
0.00024010
0.00024010
0.00024010
0.00024010
0.00024010
0.00024010
0.00024010
0.00024010
0.00024010
0.00024010
0.00024010
0.00024010
0.00024010
0.00024010
0.00024010
0.00024010
0.00024010
0.00024010
0.00024010
0.00024010
0.00024010
0.00024010
0.00024010
0.00024010
0.00024010
0.00024010
0.00024010
0.00024010
0.00024010
0.00024010
0.00024010
0.00024010
0.00024010
0.00024010
0.00024010
0.00024010
0.00024010
0.00024010
0.00024010
0.00024010
0.00024010
0.00024010
0.00024010
0.00024010
0.00024010
0.00024010
0.00024010
0.00024010
0.00024010
0.00024010
0.00024010
0.00024010
0.00024010
0.00024010
0.00024010
0.00024010
0.00024010
0.00024010
0.00024010
0.00024010
0.00024010
0.00024010
0.00024010
0.00024010
0.00024010
0.00024010
0.00024010
0.00024010
0.00024010
0.00024010
0.00024010
0.00024010
0.00024010
0.00024010
0.00024010
0.00024010
0.00024010
0.00024010
0.00024010
0.00024010
0.00024010
0.00024010
0.00024010
0.00024010
0.00024010
0.00024010
0.00024010
0.00024010
0.00024010
0.00024010
0.00024010
0.00024010
0.00024010
0.00024010
0.00024010
0.00024010
0.00024010
0.00024010
0.00024010
0.00024010
0.00024010
0.00024010
0.00024010
0.00024010
0.00024010
0.00024010
0.00024010
0.00024010
0.00024010
0.00024010
0.00024010
0.00024010
0.00024010
0.00024010
0.00024010
0.00024010
0.00024010
0.00024010
0.00024010
0.00024010
0.00024010
0.00024010
0.00024010
0.00024010
0.00024010
0.00024010
0.00024010
0.00024010
0.00024010
0.00024010
0.00024010
0.00024010
0.00024010
0.00024010
0.00024010
0.00024010
0.00024010
0.00024010
0.00024010
0.00024010
0.00024010
0.00024010
0.00024010
0.00024010
0.00024010
0.00024010
0.00024010
0.00024010
0.00024010
0.00024010
0.00024010
0.00024010
0.00024010
0.00024010
0.00024010
0.00024010
0.00024010
0.00024010
0.00024010
0.00024010
0.00024010
0.00024010
0.00024010
0.00024010
0.00024010
0.00024010
0.00024010
0.00024010
0.00024010
0.00024010
0.00024010
0.00024010
0.00024010
0.00024010
0.00024010
0.00024010
0.00024010
0.00024010
0.00024010
0.00024010
0.00024010
0.00024010
0.00024010
0.00024010
0.00024010
0.00024010
0.00024010
0.00024010
0.00024010
0.00024010
0.00024010
0.00024010
0.00024010
0.00024010
0.00024010
0.00024010
0.00024010
0.00024010
0.00024010
0.00024010
0.00024010
0.00024010
0.00024010
0.00024010
0.00024010
0.00024010
0.00024010
0.00024010
0.00024010
0.00024010
0.00024010
0.00024010
0.00024010
0.00024010
0.00024010
0.00024010
0.00024010
0.00024010
0.00024010
0.00024010
0.00024010
0.00024010
0.00024010
0.00024010
0.00024010
0.00024010
0.00024010
0.00024010
0.00024010
0.00024010
0.00024010
0.00024010
0.00024010
0.00024010
0.00024010
0.00024010
0.00024010
0.00024010
0.00024010
0.00024010
0.00024010
0.00024010
0.00024010
0.00024010
0.00024010
0.00024010
0.00024010
0.00024010
0.00024010
0.00024010
0.00024010
0.00024010
0.00024010
0.00024010
0.00024010
0.00024010
0.00024010
0.00024010
0.00024010
0.00024010
0.00024010
0.00024010
0.00024010
0.00024010
0.00024010
0.00024010
0.00024010
0.00024010
0.00024010
0.00024010
0.00024010
0.00024010
0.00024010
0.00024010
0.00024010
0.00024010
0.00024010
0.00024010
0.00024010
0.00024010
0.00024010
0.00024010
0.00024010
0.00024010
0.00024010
0.00024010
0.00024010
0.00024010
0.00024010
0.00024010
0.00024010
0.00024010
0.00024010
0.00024010
0.00024010
0.00024010
0.00024010
0.00024010
0.00024010
0.00024010
0.00024010
0.00024010
0.00024010
0.00024010
0.00024010
0.00024010
0.00024010
0.00024010
0.00024010
0.00024010
0.00024010
0.00024010
0.00024010
0.00024010
0.00024010
0.00024010
0.00024010
0.00024010
0.00024010
0.00024010
0.00024010
0.00024010
0.00024010
0.00024010
0.00024010
0.00024010
0.00024010
0.00024010
0.00024010
0.00024010
0.00024010
0.00024010
0.00024010
0.00024010
0.00024010
0.00024010
0.00024010
0.00024010
0.00024010
0.00024010
0.00024010
0.00024010
0.00024010
0.00024010
0.00024010
0.00024010
0.00024010
0.00024010
0.00024010
0.00024010
0.00024010
0.00024010
0.00024010
0.00024010
0.00024010
0.00024010
0.00024010
0.00024010
0.00024010
0.00024010
0.00024010
0.00024010
0.00024010
0.00024010
0.00024010
0.00024010
0.00024010
0.00024010
0.00024010
0.00024010
0.00024010
0.00024010
0.00024010
0.00024010
0.00024010
0.00024010
0.00024010
0.00024010
0.00024010
0.00024010
0.00024010
0.00024010
0.00024010
0.00024010
0.00024010
0.00024010
0.00024010
0.00024010
0.00024010
0.00024010
0.00024010
0.00024010
0.00024010
0.00024010
0.00024010
0.00024010
0.00024010
0.00024010
0.00024010
0.00024010
0.00024010
0.00024010
0.00024010
0.00024010
0.00024010
0.00024010
0.00024010
0.00024010
0.00024010
0.00024010
0.00024010
0.00024010
0.00024010
0.00024010
0.00024010
0.00024010
0.00024010
0.00024010
0.00024010
0.00024010
0.00024010
0.00024010
0.00024010
0.00024010
0.00024010
0.00024010
0.00024010
0.00024010
0.00024010
0.00024010
0.00024010
0.00024010
0.00024010
0.00024010
0.00024010
0.00024010
0.00024010
0.00024010
0.00024010
0.00024010
0.00024010
0.00024010
0.00024010
0.00024010
0.00024010
0.00024010
0.00024010
0.00024010
0.00024010
0.00024010
0.00024010
0.00024010
0.00024010
0.00024010
0.00024010
0.00024010
0.00024010
0.00024010
0.00024010
0.00024010
0.00024010
0.00024010
0.00024010
0.00024010
0.00024010
0.00024010
0.00024010
0.00024010
0.00024010
0.00024010
0.00024010
0.00024010
0.00024010
0.00024010
0.00024010
0.00024010
0.00024010
0.00024010
0.00024010
0.00024010
0.00024010
0.00024010
0.00024010
0.00024010
0.00024010
0.00024010
0.00024010
0.00024010
0.00024010
0.00024010
0.00024010
0.00024010
0.00024010
0.00024010
0.00024010
0.00024010
0.00024010
0.00024010
0.00024010
0.00024010
0.00024010
0.00024010
0.00024010
0.00024010
0.00024010
0.00024010
0.00024010
0.00024010
0.00024010
0.00024010
0.00024010
0.00024010
0.00024010
0.00024010
0.00024010
0.00024010
0.00024010
0.00024010
0.00024010
