0.66153846
0.64102564
0.62051282
0.57435897
0.54871795
0.52307692
0.49230769
0.44615385
0.40000000
0.40000000
0.26153846
0.05128205
0.05128205
0.03076923
0.02564103
0.02564103
0.02564103
0.02564103
0.02564103
0.02564103
0.02051282
0.01538462
0.01538462
0.01538462
0.01538462
0.01538462
0.01538462
0.01538462
0.01538462
0.01538462
0.01538462
0.01538462
0.01538462
0.01538462
0.01538462
0.01538462
0.01538462
0.01538462
0.01538462
0.01538462
0.01538462
0.01538462
0.01538462
0.01538462
0.01538462
0.01538462
0.01538462
0.01538462
0.01538462
0.01538462
0.01538462
0.00512821
0.00512821
0.00512821
0.00512821
0.00512821
0.00512821
0.00512821
0.00512821
0.00512821
0.00512821
0.00512821
0.00512821
0.00512821
0.00512821
0.00512821
0.00512821
0.00512821
0.00512821
0.00512821
0.00512821
0.00512821
0.00512821
0.00512821
0.00512821
0.00512821
0.00512821
0.00512821
0.00512821
0.00512821
0.00512821
0.00512821
0.00512821
0.00512821
0.00512821
0.00512821
0.00512821
0.00512821
0.00512821
0.00512821
0.00512821
0.00512821
0.00512821
0.00512821
0.00512821
0.00512821
0.00512821
0.00512821
0.00512821
0.00512821
0.00512821
0.00512821
0.00512821
0.00512821
0.00512821
0.00512821
0.00512821
0.00512821
0.00512821
0.00512821
0.00512821
0.00512821
0.00512821
0.00512821
0.00512821
0.00512821
0.00512821
0.00512821
0.00512821
0.00512821
0.00512821
0.00512821
0.00512821
0.00512821
0.00512821
0.00512821
0.00512821
0.00512821
0.00512821
0.00512821
0.00512821
0.00512821
0.00512821
0.00512821
0.00512821
0.00512821
0.00512821
0.00512821
0.00512821
0.00512821
0.00512821
0.00512821
0.00512821
0.00512821
0.00512821
0.00512821
0.00512821
0.00512821
0.00512821
0.00512821
0.00512821
0.00512821
0.00512821
0.00512821
0.00512821
0.00512821
0.00512821
0.00512821
0.00512821
0.00512821
0.00512821
0.00512821
0.00512821
0.00512821
0.00512821
0.00512821
0.00512821
0.00512821
0.00512821
0.00512821
0.00512821
0.00512821
0.00512821
0.00512821
0.00512821
0.00512821
0.00512821
0.00512821
0.00512821
0.00512821
0.00512821
0.00512821
0.00512821
0.00512821
0.00512821
0.00512821
0.00512821
0.00512821
0.00512821
0.00512821
0.00512821
0.00512821
0.00512821
0.00512821
0.00512821
