0.92328278
0.92298543
0.92268808
0.92239072
0.92209337
0.92179602
0.92149866
0.92120131
0.92090395
0.92060660
0.92001189
0.91971454
0.91941719
0.91911983
0.91882248
0.91852513
0.91822777
0.91793042
0.91763307
0.91733571
0.91703836
0.91674101
0.91644365
0.91614630
0.91584894
0.91555159
0.91525424
0.91495688
0.91465953
0.91436218
0.91406482
0.91376747
0.91347012
0.91317276
0.91287541
0.91257806
0.91228070
0.91198335
0.91168599
0.91138864
0.91109129
0.91079393
0.91049658
0.91019923
0.90990187
0.90960452
0.90930717
0.90900981
0.90871246
0.90841511
0.90811775
0.90782040
0.90752304
0.90722569
0.90692834
0.90663098
0.90633363
0.90603628
0.90573892
0.90544157
0.90514422
0.90454951
0.90425216
0.90395480
0.90365745
0.90336010
0.90306274
0.90276539
0.90246803
0.90217068
0.90187333
0.90157597
0.90098127
0.90038656
0.89949450
0.89919715
0.89860244
0.89830508
0.89800773
0.89771038
0.89741302
0.89711567
0.89652096
0.89562890
0.89533155
0.89503420
0.89473684
0.89443949
0.89414213
0.89384478
0.89354743
0.89295272
0.89265537
0.89235801
0.89206066
0.89146595
0.89116860
0.89057389
0.89027654
0.88997919
0.88968183
0.88938448
0.88908712
0.88878977
0.88849242
0.88789771
0.88730300
0.88700565
0.88522153
0.88492417
0.88432947
0.88403211
0.88373476
0.88343741
0.88314005
0.88284270
0.88195064
0.88076123
0.88046387
0.88016652
0.87986916
0.87927446
0.87897710
0.87867975
0.87838240
0.87778769
0.87749034
0.87719298
0.87689563
0.87659828
0.87600357
0.87570621
0.87540886
0.87511151
0.87481415
0.87451680
0.87421945
0.87392209
0.87362474
0.87332739
0.87303003
0.87273268
0.87243533
0.87213797
0.87184062
0.87154326
0.87094856
0.87065120
0.87035385
0.87005650
0.86975914
0.86946179
0.86916444
0.86886708
0.86827238
0.86797502
0.86767767
0.86738032
0.86708296
0.86678561
0.86648825
0.86589355
0.86559619
0.86529884
0.86500149
0.86470413
0.86440678
0.86410943
0.86381207
0.86351472
0.86321737
0.86292001
0.86262266
0.86232530
0.86202795
0.86173060
0.86143324
0.86054118
0.85994648
0.85964912
0.85935177
0.85905442
0.85845971
0.85756765
0.85727029
0.85697294
0.85608088
0.85578353
0.85548617
0.85518882
0.85489147
0.85459411
0.85429676
0.85399941
0.85370205
0.85310734
0.85251264
0.85221528
0.85162058
0.85072852
0.85043116
0.85013381
0.84983646
0.84953910
0.84894439
0.84864704
0.84834969
0.84775498
0.84745763
0.84716027
0.84686292
0.84656557
0.84597086
0.84418674
0.84359203
0.84329468
0.84240262
0.84210526
0.84180791
0.84091585
0.84061850
0.84032114
0.84002379
0.83972643
0.83942908
0.83883437
0.83853702
0.83823967
0.83734761
0.83705025
0.83645555
0.83615819
0.83586084
0.83556348
0.83526613
0.83496878
0.83467142
0.83437407
0.83407672
0.83377936
0.83348201
0.83318466
0.83288730
0.83258995
0.83229260
0.83199524
0.83169789
0.83140054
0.83110318
0.83080583
0.83050847
0.83021112
0.82991377
0.82961641
0.82931906
0.82872435
0.82842700
0.82812965
0.82783229
0.82753494
0.82723759
0.82694023
0.82664288
0.82634552
0.82604817
0.82575082
0.82545346
0.82515611
0.82456140
0.82426405
0.82396670
0.82366934
0.82337199
0.82307464
0.82247993
0.82218258
0.82129051
0.82099316
0.82069581
0.82039845
0.82010110
0.81980375
0.81950639
0.81920904
0.81891169
0.81861433
0.81831698
0.81772227
0.81712756
0.81683021
0.81653286
0.81623550
0.81593815
0.81564080
0.81504609
0.81474874
0.81445138
0.81415403
0.81385668
0.81355932
0.81326197
0.81296461
0.81266726
0.81236991
0.81207255
0.81177520
0.81147785
0.81118049
0.81088314
0.81058579
0.81028843
0.80999108
0.80969373
0.80939637
0.80909902
0.80880167
0.80820696
0.80790960
0.80731490
0.80701754
0.80672019
0.80642284
0.80612548
0.80523342
0.80493607
0.80463872
0.80434136
0.80404401
0.80374665
0.80344930
0.80315195
0.80285459
0.80255724
0.80225989
0.80166518
0.80136783
0.80107047
0.80077312
0.80047577
0.80017841
0.79988106
0.79958371
0.79928635
0.79898900
0.79869164
0.79839429
0.79809694
0.79779958
0.79750223
0.79720488
0.79690752
0.79661017
0.79631282
0.79601546
0.79571811
0.79542076
0.79452869
0.79423134
0.79393399
0.79363663
0.79333928
0.79304193
0.79274457
0.79244722
0.79214987
0.79066310
0.79036574
0.78917633
0.78887898
0.78858162
0.78828427
0.78798692
0.78768956
0.78739221
0.78709486
0.78679750
0.78650015
0.78620280
0.78590544
0.78501338
0.78471603
0.78441867
0.78412132
0.78382397
0.78352661
0.78322926
0.78293191
0.78263455
0.78233720
0.78203985
0.78174249
0.78144514
0.78114778
0.78085043
0.78055308
0.78025572
0.77995837
0.77966102
0.77936366
0.77906631
0.77876896
0.77847160
0.77757954
0.77728219
0.77698483
0.77668748
0.77639013
0.77609277
0.77579542
0.77549807
0.77520071
0.77371395
0.77311924
0.77282189
0.77222718
0.77192982
0.77163247
0.77133512
0.77103776
0.77074041
0.77044306
0.77014570
0.76984835
0.76955100
0.76925364
0.76895629
0.76865894
0.76836158
0.76806423
0.76776687
0.76419863
0.76300922
0.76241451
0.76092774
0.76003568
0.75795421
0.75765685
0.75557538
0.75408861
0.75289920
0.75111508
0.74962831
0.74784419
0.74606007
0.74457330
0.74308653
0.74278918
0.74041035
0.73922093
0.73803152
0.73684211
0.73624740
0.73565269
0.73416592
0.73119239
0.73000297
0.72881356
0.72643473
0.72524532
0.72494796
0.72465061
0.72286649
0.72078501
0.72019031
0.71870354
0.71632471
0.71573000
0.71543265
0.71424324
0.71305382
0.71216176
0.71067499
0.71008029
0.70859352
0.70829616
0.70740410
0.70561998
0.70264645
0.70175439
0.70086233
0.69967291
0.69759144
0.69699673
0.68777877
0.68302111
0.68242640
0.67975022
0.67945287
0.67142432
0.66934285
0.66874814
0.66458519
0.66399048
0.66280107
0.66131430
0.65923283
0.65774606
0.65685400
0.65536723
0.65358311
0.65090693
0.64942016
0.64823075
0.64674398
0.64614927
0.64555456
0.64525721
0.64287838
0.64228368
0.64079691
0.63722866
0.63722866
0.63098424
0.62860541
0.62771335
0.62682129
0.62592923
0.62473982
0.62384775
0.62325305
0.62265834
0.62146893
0.61998216
0.61849539
0.61492715
0.60927743
0.60868272
0.60838537
0.60749331
0.60719596
0.60630390
0.60600654
0.59768064
0.59589652
0.59351769
0.59292299
0.59173357
0.59084151
0.59024680
0.58965210
0.58935474
0.58846268
0.58786798
0.58667856
0.58519179
0.58370503
0.58281296
0.58251561
0.58102884
0.58073149
0.57924472
0.57865001
0.57805531
0.57746060
0.57567648
0.57478442
0.56943205
0.56883735
0.56853999
0.56467440
0.56378234
0.55872733
0.55664585
0.55634850
0.55545644
0.55486173
0.55307761
0.55218555
0.55099613
0.55069878
0.54802260
0.54772525
0.54683318
0.54594112
0.54534642
0.54445436
0.54296759
0.54267023
0.54177817
0.54088611
0.53969670
0.53880464
0.53761522
0.53642581
0.53612846
0.53523640
0.53226286
0.52869462
0.52809991
0.52691050
0.52363961
0.52245019
0.52096343
0.52036872
0.51739518
0.51650312
0.51620577
0.51501635
0.51352959
0.50996134
0.50906928
0.50877193
0.50431163
0.50371692
0.50133809
0.50044603
0.49955397
0.49895926
0.49687779
0.49182278
0.49003866
0.48914660
0.48795718
0.47873922
0.47814451
0.47754981
0.47219744
0.46862920
0.46565566
0.46506096
0.46416890
0.46119536
0.45970859
0.45257211
0.45168005
0.45078799
0.44246209
0.44097532
0.43948855
0.43710972
0.42581029
0.42432352
0.42313411
0.41867380
0.41153732
0.41005055
0.40826643
0.40588760
0.40469819
0.40172465
0.39964318
0.39845376
0.39785905
0.39666964
0.39577758
0.39518287
0.39131728
0.38983051
0.38953315
0.38804639
0.38655962
0.38655962
0.38507285
0.38447814
0.38358608
0.38269402
0.38061255
0.37853107
0.37615225
0.37496283
0.37258400
0.36366340
0.36306869
0.36187927
0.36187927
0.36068986
0.36068986
0.35950045
0.35950045
0.35712162
0.35712162
0.35712162
0.35652691
0.35593220
0.35533750
0.34106453
0.33422539
0.33333333
0.33273863
0.33184657
0.33065715
0.32946774
0.32679156
0.32500743
0.32322331
0.31876301
0.31876301
0.31727624
0.31578947
0.31519477
0.31460006
0.31460006
0.29824561
0.29438002
0.29110913
0.28873030
0.28635147
0.28367529
0.27386262
0.27088909
0.26999703
0.26940232
0.26732084
0.26642878
0.26553672
0.26167113
0.26107642
0.26018436
0.25958965
0.23401725
0.23401725
0.23253048
0.22955694
0.22807018
0.22688076
0.22688076
0.22390723
0.22271781
0.22271781
0.19922688
0.19744276
0.19744276
0.19684805
0.19446922
0.19179304
0.19119833
0.18971157
0.18852215
0.18079096
0.17692536
0.16919417
0.16770740
0.16770740
0.16770740
0.16622064
0.16205769
0.16086827
0.15700268
0.15373179
0.15373179
0.14064823
0.13797205
0.13232233
0.13053821
0.12875409
0.12786203
0.12161760
0.11388641
0.11091288
0.10942611
0.10615522
0.10466845
0.10228962
0.10110021
0.10110021
0.05292893
0.03538507
0.03389831
0.03389831
0.01308356
0.01308356
0.00802855
0.00802855
0.00446030
0.00446030
0.00446030
0.00446030
0.00446030
0.00416295
0.00416295
0.00416295
0.00327089
0.00327089
0.00327089
0.00327089
0.00327089
0.00327089
0.00327089
0.00327089
0.00327089
0.00327089
0.00327089
0.00327089
0.00327089
0.00327089
0.00327089
0.00327089
0.00327089
0.00327089
0.00327089
0.00327089
0.00327089
0.00327089
0.00237883
0.00237883
0.00237883
0.00237883
0.00237883
0.00208147
0.00208147
0.00208147
0.00208147
0.00208147
0.00208147
0.00208147
0.00208147
0.00178412
0.00178412
0.00178412
0.00178412
0.00178412
0.00178412
0.00178412
0.00178412
0.00178412
0.00178412
0.00178412
0.00178412
0.00178412
0.00178412
0.00178412
0.00178412
0.00178412
0.00178412
0.00178412
0.00178412
0.00178412
0.00178412
0.00178412
0.00178412
0.00178412
0.00178412
0.00178412
0.00178412
0.00178412
0.00178412
0.00178412
0.00148677
0.00148677
0.00148677
0.00148677
0.00148677
0.00148677
0.00148677
0.00148677
0.00148677
0.00148677
0.00148677
0.00148677
0.00148677
0.00148677
0.00148677
0.00148677
0.00148677
0.00148677
0.00148677
0.00118941
0.00118941
0.00118941
0.00118941
0.00118941
0.00118941
0.00118941
0.00118941
0.00118941
0.00118941
0.00118941
0.00118941
0.00118941
0.00118941
0.00118941
0.00118941
0.00118941
0.00118941
0.00118941
0.00118941
0.00118941
0.00118941
0.00118941
0.00118941
0.00118941
0.00118941
0.00118941
0.00118941
0.00118941
0.00118941
0.00118941
0.00118941
0.00118941
0.00118941
0.00118941
0.00118941
0.00118941
0.00118941
0.00118941
0.00118941
0.00118941
0.00118941
0.00118941
0.00118941
0.00118941
0.00118941
0.00118941
0.00118941
0.00118941
0.00118941
0.00118941
0.00118941
0.00118941
0.00118941
0.00118941
0.00118941
0.00118941
0.00118941
0.00118941
0.00118941
0.00118941
0.00118941
0.00118941
0.00118941
0.00118941
0.00089206
0.00089206
0.00089206
0.00089206
0.00089206
0.00089206
0.00089206
0.00089206
0.00089206
0.00089206
0.00089206
0.00089206
0.00089206
0.00089206
0.00089206
0.00089206
0.00089206
0.00089206
0.00089206
0.00089206
0.00089206
0.00089206
0.00089206
0.00089206
0.00089206
0.00089206
0.00089206
0.00089206
0.00089206
0.00089206
0.00089206
0.00089206
0.00089206
0.00089206
0.00089206
0.00089206
0.00089206
0.00089206
0.00089206
0.00089206
0.00089206
0.00089206
0.00089206
0.00089206
0.00089206
0.00089206
0.00089206
0.00089206
0.00089206
0.00089206
0.00089206
0.00089206
0.00089206
0.00089206
0.00089206
0.00089206
0.00089206
0.00089206
0.00089206
0.00089206
0.00089206
0.00089206
0.00089206
0.00089206
0.00089206
0.00089206
0.00089206
0.00089206
0.00089206
0.00089206
0.00089206
0.00089206
0.00089206
0.00089206
0.00089206
0.00089206
0.00089206
0.00089206
0.00089206
0.00089206
0.00089206
0.00089206
0.00089206
0.00089206
0.00089206
0.00089206
0.00089206
0.00089206
0.00089206
0.00089206
0.00089206
0.00089206
0.00089206
0.00089206
0.00089206
0.00089206
0.00089206
0.00089206
0.00089206
0.00089206
0.00089206
0.00089206
0.00089206
0.00089206
0.00089206
0.00089206
0.00089206
0.00089206
0.00089206
0.00089206
0.00089206
0.00089206
0.00089206
0.00089206
0.00089206
0.00089206
0.00089206
0.00089206
0.00089206
0.00089206
0.00089206
0.00089206
0.00089206
0.00089206
0.00089206
0.00089206
0.00089206
0.00089206
0.00089206
0.00089206
0.00089206
0.00089206
0.00089206
0.00089206
0.00089206
0.00089206
0.00089206
0.00089206
0.00089206
0.00089206
0.00089206
0.00089206
0.00089206
0.00089206
0.00089206
0.00089206
0.00089206
0.00089206
0.00089206
0.00089206
0.00089206
0.00089206
0.00089206
0.00089206
0.00089206
0.00089206
0.00089206
0.00089206
0.00089206
0.00089206
0.00089206
0.00089206
0.00089206
0.00089206
0.00089206
0.00089206
0.00089206
0.00089206
0.00089206
0.00089206
0.00089206
0.00089206
0.00089206
0.00089206
0.00089206
0.00089206
0.00089206
0.00089206
0.00089206
0.00089206
0.00089206
0.00089206
0.00089206
0.00089206
0.00089206
0.00089206
0.00089206
0.00089206
0.00089206
0.00089206
0.00089206
0.00089206
0.00089206
0.00089206
0.00089206
0.00089206
0.00089206
0.00089206
0.00089206
0.00089206
0.00089206
0.00089206
0.00089206
0.00089206
0.00089206
0.00089206
0.00089206
0.00089206
0.00089206
0.00089206
0.00089206
0.00089206
0.00089206
0.00089206
0.00089206
0.00089206
0.00089206
0.00089206
0.00089206
0.00089206
0.00089206
0.00089206
0.00089206
0.00089206
0.00089206
0.00089206
0.00089206
0.00089206
0.00089206
0.00089206
0.00089206
0.00089206
0.00089206
0.00089206
0.00089206
0.00089206
0.00089206
0.00089206
0.00089206
0.00089206
0.00089206
0.00089206
0.00089206
0.00089206
0.00089206
0.00089206
0.00089206
0.00089206
0.00089206
0.00089206
0.00089206
0.00089206
0.00089206
0.00089206
0.00089206
0.00089206
0.00089206
0.00089206
0.00089206
0.00089206
0.00089206
0.00089206
0.00089206
0.00089206
0.00089206
0.00089206
0.00089206
0.00089206
0.00089206
0.00089206
0.00089206
0.00089206
0.00089206
0.00089206
0.00089206
0.00089206
0.00089206
0.00089206
0.00089206
0.00089206
0.00089206
0.00089206
0.00089206
0.00089206
0.00089206
0.00089206
0.00089206
0.00089206
0.00089206
0.00089206
0.00089206
0.00089206
0.00089206
0.00089206
0.00089206
0.00089206
0.00089206
0.00089206
0.00089206
0.00089206
0.00089206
0.00089206
0.00089206
0.00089206
0.00089206
0.00089206
0.00089206
0.00089206
0.00089206
0.00089206
0.00089206
0.00089206
0.00089206
0.00089206
0.00089206
0.00089206
0.00089206
0.00089206
0.00089206
0.00089206
0.00089206
0.00089206
0.00089206
0.00089206
0.00089206
0.00089206
0.00089206
0.00089206
0.00089206
0.00089206
0.00089206
0.00089206
0.00089206
0.00089206
0.00089206
0.00089206
0.00089206
0.00089206
0.00089206
0.00089206
0.00089206
0.00089206
0.00089206
0.00089206
0.00089206
0.00089206
0.00089206
0.00089206
0.00089206
0.00089206
0.00089206
0.00089206
0.00089206
0.00089206
0.00089206
0.00089206
0.00089206
0.00089206
0.00089206
0.00089206
0.00089206
0.00089206
0.00089206
0.00089206
0.00089206
0.00089206
0.00089206
0.00089206
0.00089206
0.00089206
0.00089206
0.00089206
0.00089206
0.00089206
0.00089206
0.00089206
0.00089206
0.00089206
0.00089206
0.00089206
0.00089206
0.00089206
0.00089206
0.00089206
0.00089206
0.00089206
0.00089206
0.00089206
0.00089206
0.00089206
0.00089206
0.00089206
0.00089206
0.00089206
0.00089206
0.00089206
0.00089206
0.00089206
0.00089206
0.00089206
0.00089206
0.00089206
0.00089206
0.00089206
0.00089206
0.00089206
0.00089206
0.00089206
0.00089206
0.00089206
0.00089206
0.00089206
0.00089206
0.00089206
0.00089206
0.00089206
0.00089206
0.00089206
0.00089206
0.00089206
0.00089206
0.00089206
0.00089206
0.00089206
0.00089206
0.00089206
0.00089206
0.00089206
0.00089206
0.00089206
0.00089206
0.00089206
0.00089206
0.00089206
0.00089206
0.00089206
0.00089206
0.00089206
0.00089206
0.00089206
0.00089206
0.00089206
0.00089206
0.00089206
0.00089206
0.00089206
0.00089206
0.00089206
0.00089206
0.00089206
0.00089206
0.00089206
0.00089206
0.00089206
0.00089206
0.00089206
0.00089206
0.00089206
0.00089206
0.00089206
0.00089206
0.00089206
0.00089206
0.00089206
0.00089206
0.00089206
0.00089206
0.00089206
0.00089206
0.00089206
0.00089206
0.00089206
0.00089206
0.00029735
0.00029735
0.00029735
0.00029735
0.00029735
0.00029735
0.00029735
0.00029735
0.00029735
0.00029735
0.00029735
0.00029735
0.00029735
0.00029735
0.00029735
0.00029735
0.00029735
0.00029735
0.00029735
0.00029735
0.00029735
0.00029735
0.00029735
0.00029735
0.00029735
0.00029735
0.00029735
0.00029735
0.00029735
0.00029735
0.00029735
0.00029735
0.00029735
0.00029735
0.00029735
0.00029735
0.00029735
0.00029735
0.00029735
0.00029735
0.00029735
0.00029735
0.00029735
0.00029735
0.00029735
0.00029735
0.00029735
0.00029735
0.00029735
0.00029735
0.00029735
0.00029735
0.00029735
0.00029735
0.00029735
0.00029735
0.00029735
0.00029735
0.00029735
0.00029735
0.00029735
0.00029735
0.00029735
0.00029735
0.00029735
0.00029735
0.00029735
0.00029735
0.00029735
0.00029735
0.00029735
0.00029735
0.00029735
0.00029735
0.00029735
0.00029735
0.00029735
0.00029735
0.00029735
0.00029735
0.00029735
0.00029735
0.00029735
0.00029735
0.00029735
0.00029735
0.00029735
0.00029735
0.00029735
0.00029735
0.00029735
0.00029735
0.00029735
0.00029735
0.00029735
0.00029735
0.00029735
0.00029735
0.00029735
0.00029735
0.00029735
0.00029735
0.00029735
0.00029735
0.00029735
0.00029735
0.00029735
0.00029735
0.00029735
0.00029735
0.00029735
0.00029735
0.00029735
0.00029735
0.00029735
0.00029735
0.00029735
0.00029735
0.00029735
0.00029735
0.00029735
0.00029735
0.00029735
0.00029735
0.00029735
0.00029735
0.00029735
0.00029735
0.00029735
0.00029735
0.00029735
0.00029735
0.00029735
0.00029735
0.00029735
0.00029735
0.00029735
0.00029735
0.00029735
0.00029735
0.00029735
0.00029735
0.00029735
0.00029735
0.00029735
0.00029735
0.00029735
0.00029735
0.00029735
0.00029735
0.00029735
0.00029735
0.00029735
0.00029735
0.00029735
0.00029735
0.00029735
0.00029735
0.00029735
0.00029735
0.00029735
0.00029735
0.00029735
0.00029735
0.00029735
0.00029735
0.00029735
0.00029735
0.00029735
0.00029735
0.00029735
0.00029735
0.00029735
0.00029735
0.00029735
0.00029735
0.00029735
0.00029735
0.00029735
0.00029735
0.00029735
0.00029735
0.00029735
0.00029735
0.00029735
0.00029735
0.00029735
0.00029735
0.00029735
0.00029735
0.00029735
0.00029735
0.00029735
0.00029735
0.00029735
0.00029735
0.00029735
0.00029735
0.00029735
0.00029735
0.00029735
0.00029735
0.00029735
0.00029735
0.00029735
0.00029735
0.00029735
0.00029735
0.00029735
0.00029735
0.00029735
0.00029735
0.00029735
0.00029735
0.00029735
0.00029735
0.00029735
0.00029735
0.00029735
0.00029735
0.00029735
0.00029735
0.00029735
0.00029735
0.00029735
0.00029735
0.00029735
0.00029735
0.00029735
0.00029735
0.00029735
0.00029735
0.00029735
0.00029735
0.00029735
0.00029735
0.00029735
0.00029735
0.00029735
0.00029735
0.00029735
0.00029735
0.00029735
0.00029735
0.00029735
0.00029735
0.00029735
0.00029735
0.00029735
0.00029735
0.00029735
0.00029735
0.00029735
0.00029735
0.00029735
0.00029735
0.00029735
0.00029735
0.00029735
0.00029735
0.00029735
0.00029735
0.00029735
0.00029735
0.00029735
0.00029735
0.00029735
0.00029735
0.00029735
0.00029735
0.00029735
0.00029735
0.00029735
0.00029735
0.00029735
0.00029735
0.00029735
0.00029735
0.00029735
0.00029735
0.00029735
0.00029735
0.00029735
0.00029735
0.00029735
0.00029735
0.00029735
0.00029735
0.00029735
0.00029735
0.00029735
0.00029735
0.00029735
0.00029735
0.00029735
0.00029735
0.00029735
0.00029735
0.00029735
0.00029735
0.00029735
0.00029735
0.00029735
0.00029735
0.00029735
0.00029735
0.00029735
0.00029735
0.00029735
0.00029735
0.00029735
0.00029735
0.00029735
0.00029735
0.00029735
0.00029735
0.00029735
0.00029735
0.00029735
0.00029735
0.00029735
0.00029735
0.00029735
0.00029735
0.00029735
0.00029735
0.00029735
0.00029735
0.00029735
0.00029735
0.00029735
0.00029735
0.00029735
0.00029735
0.00029735
0.00029735
0.00029735
0.00029735
0.00029735
0.00029735
0.00029735
0.00029735
0.00029735
0.00029735
0.00029735
0.00029735
0.00029735
0.00029735
0.00029735
0.00029735
0.00029735
0.00029735
0.00029735
0.00029735
0.00029735
0.00029735
0.00029735
0.00029735
0.00029735
0.00029735
0.00029735
0.00029735
0.00029735
0.00029735
0.00029735
0.00029735
0.00029735
0.00029735
0.00029735
0.00029735
0.00029735
0.00029735
0.00029735
0.00029735
0.00029735
0.00029735
0.00029735
0.00029735
0.00029735
0.00029735
0.00029735
0.00029735
0.00029735
0.00029735
0.00029735
0.00029735
0.00029735
0.00029735
0.00029735
0.00029735
0.00029735
0.00029735
0.00029735
0.00029735
0.00029735
0.00029735
0.00029735
0.00029735
0.00029735
0.00029735
0.00029735
0.00029735
0.00029735
0.00029735
0.00029735
0.00029735
0.00029735
0.00029735
0.00029735
0.00029735
0.00029735
0.00029735
0.00029735
0.00029735
0.00029735
0.00029735
0.00029735
0.00029735
0.00029735
0.00029735
0.00029735
0.00029735
0.00029735
0.00029735
0.00029735
0.00029735
0.00029735
0.00029735
0.00029735
0.00029735
0.00029735
0.00029735
0.00029735
0.00029735
0.00029735
0.00029735
0.00029735
0.00029735
0.00029735
0.00029735
0.00029735
0.00029735
0.00029735
0.00029735
0.00029735
0.00029735
0.00029735
0.00029735
0.00029735
0.00029735
0.00029735
0.00029735
0.00029735
0.00029735
0.00029735
0.00029735
0.00029735
0.00029735
0.00029735
0.00029735
0.00029735
0.00029735
0.00029735
0.00029735
0.00029735
0.00029735
0.00029735
0.00029735
0.00029735
0.00029735
0.00029735
0.00029735
0.00029735
0.00029735
0.00029735
0.00029735
0.00029735
0.00029735
0.00029735
0.00029735
0.00029735
0.00029735
0.00029735
0.00029735
0.00029735
0.00029735
0.00029735
0.00029735
0.00029735
0.00029735
0.00029735
0.00029735
0.00029735
0.00029735
0.00029735
0.00029735
0.00029735
0.00029735
0.00029735
0.00029735
0.00029735
0.00029735
0.00029735
0.00029735
0.00029735
0.00029735
0.00029735
0.00029735
0.00029735
0.00029735
0.00029735
0.00029735
0.00029735
0.00029735
0.00029735
0.00029735
0.00029735
0.00029735
0.00029735
0.00029735
0.00029735
0.00029735
0.00029735
0.00029735
0.00029735
0.00029735
0.00029735
0.00029735
0.00029735
0.00029735
0.00029735
0.00029735
0.00029735
0.00029735
0.00029735
0.00029735
0.00029735
0.00029735
0.00029735
0.00029735
0.00029735
0.00029735
0.00029735
0.00029735
0.00029735
0.00029735
0.00029735
0.00029735
0.00029735
0.00029735
0.00029735
0.00029735
0.00029735
0.00029735
0.00029735
0.00029735
0.00029735
0.00029735
0.00029735
0.00029735
0.00029735
0.00029735
0.00029735
0.00029735
0.00029735
0.00029735
0.00029735
0.00029735
0.00029735
0.00029735
0.00029735
0.00029735
0.00029735
0.00029735
0.00029735
0.00029735
0.00029735
0.00029735
0.00029735
0.00029735
0.00029735
0.00029735
0.00029735
0.00029735
0.00029735
0.00029735
0.00029735
0.00029735
0.00029735
0.00029735
0.00029735
0.00029735
0.00029735
0.00029735
0.00029735
0.00029735
0.00029735
0.00029735
0.00029735
0.00029735
0.00029735
0.00029735
0.00029735
0.00029735
0.00029735
0.00029735
0.00029735
0.00029735
0.00029735
0.00029735
0.00029735
0.00029735
0.00029735
0.00029735
0.00029735
0.00029735
0.00029735
0.00029735
0.00029735
0.00029735
0.00029735
0.00029735
0.00029735
0.00029735
0.00029735
0.00029735
0.00029735
0.00029735
0.00029735
0.00029735
0.00029735
0.00029735
0.00029735
0.00029735
0.00029735
0.00029735
0.00029735
0.00029735
0.00029735
0.00029735
0.00029735
0.00029735
0.00029735
0.00029735
0.00029735
0.00029735
0.00029735
0.00029735
0.00029735
0.00029735
0.00029735
0.00029735
0.00029735
0.00029735
0.00029735
0.00029735
0.00029735
0.00029735
0.00029735
0.00029735
0.00029735
0.00029735
0.00029735
0.00029735
0.00029735
0.00029735
0.00029735
0.00029735
0.00029735
0.00029735
0.00029735
0.00029735
0.00029735
0.00029735
0.00029735
0.00029735
0.00029735
0.00029735
0.00029735
0.00029735
0.00029735
0.00029735
0.00029735
0.00029735
0.00029735
0.00029735
0.00029735
0.00029735
0.00029735
0.00029735
0.00029735
0.00029735
0.00029735
0.00029735
0.00029735
0.00029735
0.00029735
0.00029735
0.00029735
0.00029735
0.00029735
0.00029735
0.00029735
0.00029735
0.00029735
0.00029735
0.00029735
0.00029735
0.00029735
0.00029735
0.00029735
0.00029735
0.00029735
0.00029735
0.00029735
0.00029735
0.00029735
0.00029735
0.00029735
0.00029735
0.00029735
0.00029735
0.00029735
0.00029735
0.00029735
0.00029735
0.00029735
0.00029735
0.00029735
0.00029735
0.00029735
0.00029735
0.00029735
0.00029735
0.00029735
0.00029735
0.00029735
0.00029735
0.00029735
0.00029735
0.00029735
0.00029735
0.00029735
0.00029735
0.00029735
0.00029735
0.00029735
0.00029735
0.00029735
0.00029735
0.00029735
0.00029735
0.00029735
0.00029735
0.00029735
0.00029735
0.00029735
0.00029735
0.00029735
0.00029735
0.00029735
0.00029735
0.00029735
0.00029735
0.00029735
0.00029735
0.00029735
0.00029735
0.00029735
0.00029735
0.00029735
0.00029735
0.00029735
0.00029735
0.00029735
0.00029735
0.00029735
0.00029735
0.00029735
0.00029735
0.00029735
0.00029735
0.00029735
0.00029735
0.00029735
0.00029735
0.00029735
0.00029735
0.00029735
0.00029735
0.00029735
0.00029735
0.00029735
0.00029735
0.00029735
0.00029735
0.00029735
0.00029735
0.00029735
0.00029735
0.00029735
0.00029735
0.00029735
0.00029735
0.00029735
0.00029735
0.00029735
0.00029735
0.00029735
0.00029735
0.00029735
0.00029735
0.00029735
0.00029735
0.00029735
0.00029735
0.00029735
0.00029735
0.00029735
0.00029735
0.00029735
0.00029735
0.00029735
0.00029735
0.00029735
0.00029735
0.00029735
0.00029735
0.00029735
0.00029735
0.00029735
0.00029735
0.00029735
0.00029735
0.00029735
0.00029735
0.00029735
0.00029735
0.00029735
0.00029735
0.00029735
0.00029735
0.00029735
0.00029735
0.00029735
0.00029735
0.00029735
0.00029735
0.00029735
0.00029735
0.00029735
0.00029735
0.00029735
0.00029735
0.00029735
0.00029735
0.00029735
0.00029735
0.00029735
0.00029735
0.00029735
0.00029735
0.00029735
0.00029735
0.00029735
0.00029735
0.00029735
0.00029735
0.00029735
0.00029735
0.00029735
0.00029735
0.00029735
0.00029735
0.00029735
0.00029735
0.00029735
0.00029735
0.00029735
0.00029735
0.00029735
0.00029735
0.00029735
0.00029735
0.00029735
0.00029735
0.00029735
0.00029735
0.00029735
0.00029735
0.00029735
0.00029735
0.00029735
0.00029735
0.00029735
0.00029735
0.00029735
0.00029735
0.00029735
0.00029735
0.00029735
0.00029735
0.00029735
0.00029735
0.00029735
0.00029735
0.00029735
0.00029735
0.00029735
0.00029735
0.00029735
0.00029735
0.00029735
0.00029735
0.00029735
0.00029735
0.00029735
0.00029735
0.00029735
0.00029735
0.00029735
0.00029735
0.00029735
0.00029735
0.00029735
0.00029735
0.00029735
0.00029735
0.00029735
0.00029735
0.00029735
0.00029735
0.00029735
0.00029735
0.00029735
0.00029735
0.00029735
0.00029735
0.00029735
0.00029735
0.00029735
0.00029735
0.00029735
0.00029735
0.00029735
0.00029735
0.00029735
0.00029735
0.00029735
0.00029735
0.00029735
0.00029735
0.00029735
0.00029735
0.00029735
0.00029735
0.00029735
0.00029735
0.00029735
0.00029735
0.00029735
0.00029735
0.00029735
0.00029735
0.00029735
0.00029735
0.00029735
0.00029735
0.00029735
0.00029735
0.00029735
0.00029735
0.00029735
0.00029735
0.00029735
0.00029735
0.00029735
0.00029735
0.00029735
0.00029735
0.00029735
0.00029735
0.00029735
0.00029735
0.00029735
0.00029735
0.00029735
0.00029735
0.00029735
0.00029735
0.00029735
0.00029735
0.00029735
0.00029735
0.00029735
0.00029735
0.00029735
0.00029735
0.00029735
0.00029735
0.00029735
0.00029735
0.00029735
0.00029735
0.00029735
0.00029735
0.00029735
0.00029735
0.00029735
0.00029735
0.00029735
0.00029735
0.00029735
0.00029735
0.00029735
0.00029735
0.00029735
0.00029735
0.00029735
0.00029735
0.00029735
0.00029735
0.00029735
0.00029735
0.00029735
0.00029735
0.00029735
0.00029735
0.00029735
0.00029735
0.00029735
0.00029735
0.00029735
0.00029735
0.00029735
0.00029735
0.00029735
0.00029735
0.00029735
0.00029735
0.00029735
0.00029735
0.00029735
0.00029735
0.00029735
0.00029735
0.00029735
0.00029735
0.00029735
0.00029735
0.00029735
0.00029735
0.00029735
0.00029735
0.00029735
0.00029735
0.00029735
0.00029735
0.00029735
0.00029735
0.00029735
0.00029735
0.00029735
0.00029735
0.00029735
0.00029735
0.00029735
0.00029735
0.00029735
0.00029735
0.00029735
0.00029735
0.00029735
0.00029735
0.00029735
0.00029735
0.00029735
0.00029735
0.00029735
0.00029735
0.00029735
0.00029735
0.00029735
0.00029735
0.00029735
0.00029735
0.00029735
0.00029735
0.00029735
0.00029735
0.00029735
0.00029735
0.00029735
0.00029735
0.00029735
0.00029735
0.00029735
0.00029735
0.00029735
0.00029735
0.00029735
0.00029735
0.00029735
0.00029735
0.00029735
0.00029735
0.00029735
0.00029735
0.00029735
0.00029735
0.00029735
0.00029735
0.00029735
0.00029735
0.00029735
0.00029735
0.00029735
0.00029735
0.00029735
0.00029735
0.00029735
0.00029735
0.00029735
0.00029735
0.00029735
0.00029735
0.00029735
0.00029735
0.00029735
0.00029735
0.00029735
0.00029735
0.00029735
0.00029735
0.00029735
0.00029735
0.00029735
0.00029735
0.00029735
0.00029735
0.00029735
0.00029735
0.00029735
0.00029735
0.00029735
0.00029735
0.00029735
0.00029735
0.00029735
0.00029735
0.00029735
0.00029735
0.00029735
0.00029735
0.00029735
0.00029735
0.00029735
0.00029735
0.00029735
0.00029735
0.00029735
0.00029735
0.00029735
0.00029735
0.00029735
0.00029735
0.00029735
0.00029735
0.00029735
0.00029735
0.00029735
0.00029735
0.00029735
0.00029735
0.00029735
0.00029735
0.00029735
0.00029735
0.00029735
0.00029735
0.00029735
0.00029735
0.00029735
0.00029735
0.00029735
0.00029735
0.00029735
0.00029735
0.00029735
0.00029735
0.00029735
0.00029735
0.00029735
0.00029735
0.00029735
0.00029735
0.00029735
0.00029735
0.00029735
0.00029735
0.00029735
0.00029735
0.00029735
0.00029735
0.00029735
0.00029735
0.00029735
0.00029735
0.00029735
0.00029735
0.00029735
0.00029735
0.00029735
0.00029735
0.00029735
0.00029735
0.00029735
0.00029735
0.00029735
0.00029735
0.00029735
0.00029735
0.00029735
0.00029735
0.00029735
0.00029735
0.00029735
0.00029735
0.00029735
0.00029735
0.00029735
0.00029735
0.00029735
0.00029735
0.00029735
0.00029735
0.00029735
0.00029735
0.00029735
0.00029735
0.00029735
0.00029735
0.00029735
0.00029735
0.00029735
0.00029735
0.00029735
0.00029735
0.00029735
0.00029735
0.00029735
0.00029735
0.00029735
0.00029735
0.00029735
0.00029735
0.00029735
0.00029735
0.00029735
0.00029735
0.00029735
0.00029735
0.00029735
0.00029735
0.00029735
0.00029735
0.00029735
0.00029735
0.00029735
0.00029735
0.00029735
0.00029735
0.00029735
0.00029735
0.00029735
0.00029735
0.00029735
0.00029735
0.00029735
0.00029735
0.00029735
0.00029735
0.00029735
0.00029735
0.00029735
0.00029735
0.00029735
0.00029735
0.00029735
0.00029735
0.00029735
0.00029735
0.00029735
0.00029735
0.00029735
0.00029735
0.00029735
0.00029735
0.00029735
0.00029735
0.00029735
0.00029735
0.00029735
0.00029735
0.00029735
0.00029735
0.00029735
0.00029735
0.00029735
0.00029735
0.00029735
0.00029735
0.00029735
0.00029735
0.00029735
0.00029735
0.00029735
0.00029735
0.00029735
0.00029735
0.00029735
0.00029735
0.00029735
0.00029735
0.00029735
0.00029735
0.00029735
0.00029735
0.00029735
0.00029735
0.00029735
0.00029735
0.00029735
0.00029735
0.00029735
0.00029735
0.00029735
0.00029735
0.00029735
0.00029735
0.00029735
0.00029735
0.00029735
0.00029735
0.00029735
0.00029735
0.00029735
0.00029735
0.00029735
0.00029735
0.00029735
0.00029735
0.00029735
0.00029735
0.00029735
0.00029735
0.00029735
0.00029735
0.00029735
0.00029735
0.00029735
0.00029735
0.00029735
0.00029735
0.00029735
0.00029735
0.00029735
0.00029735
0.00029735
0.00029735
0.00029735
0.00029735
0.00029735
0.00029735
0.00029735
0.00029735
0.00029735
0.00029735
0.00029735
0.00029735
0.00029735
0.00029735
0.00029735
0.00029735
0.00029735
0.00029735
0.00029735
0.00029735
0.00029735
0.00029735
0.00029735
0.00029735
0.00029735
0.00029735
0.00029735
0.00029735
0.00029735
0.00029735
0.00029735
0.00029735
0.00029735
0.00029735
0.00029735
0.00029735
0.00029735
0.00029735
0.00029735
0.00029735
0.00029735
0.00029735
0.00029735
0.00029735
0.00029735
0.00029735
0.00029735
0.00029735
0.00029735
0.00029735
0.00029735
0.00029735
0.00029735
0.00029735
0.00029735
0.00029735
0.00029735
0.00029735
0.00029735
0.00029735
0.00029735
0.00029735
0.00029735
0.00029735
0.00029735
0.00029735
0.00029735
0.00029735
0.00029735
0.00029735
0.00029735
0.00029735
0.00029735
0.00029735
0.00029735
0.00029735
0.00029735
0.00029735
0.00029735
0.00029735
0.00029735
0.00029735
0.00029735
0.00029735
0.00029735
0.00029735
0.00029735
0.00029735
0.00029735
0.00029735
0.00029735
0.00029735
0.00029735
0.00029735
0.00029735
0.00029735
0.00029735
0.00029735
0.00029735
0.00029735
0.00029735
0.00029735
0.00029735
0.00029735
0.00029735
0.00029735
0.00029735
0.00029735
0.00029735
0.00029735
0.00029735
0.00029735
0.00029735
0.00029735
0.00029735
0.00029735
0.00029735
0.00029735
0.00029735
0.00029735
0.00029735
0.00029735
0.00029735
0.00029735
0.00029735
0.00029735
0.00029735
0.00029735
0.00029735
0.00029735
0.00029735
0.00029735
0.00029735
0.00029735
0.00029735
0.00029735
0.00029735
0.00029735
0.00029735
0.00029735
0.00029735
0.00029735
0.00029735
0.00029735
0.00029735
0.00029735
0.00029735
0.00029735
0.00029735
0.00029735
0.00029735
0.00029735
0.00029735
0.00029735
0.00029735
0.00029735
0.00029735
0.00029735
0.00029735
0.00029735
0.00029735
0.00029735
0.00029735
0.00029735
0.00029735
0.00029735
0.00029735
0.00029735
0.00029735
0.00029735
0.00029735
0.00029735
0.00029735
0.00029735
0.00029735
0.00029735
0.00029735
0.00029735
0.00029735
0.00029735
0.00029735
0.00029735
0.00029735
0.00029735
0.00029735
0.00029735
0.00029735
0.00029735
0.00029735
0.00029735
0.00029735
0.00029735
0.00029735
0.00029735
0.00029735
0.00029735
0.00029735
0.00029735
0.00029735
0.00029735
0.00029735
0.00029735
0.00029735
0.00029735
0.00029735
0.00029735
0.00029735
0.00029735
0.00029735
0.00029735
0.00029735
0.00029735
0.00029735
0.00029735
0.00029735
0.00029735
0.00029735
0.00029735
0.00029735
0.00029735
0.00029735
0.00029735
0.00029735
0.00029735
0.00029735
0.00029735
0.00029735
0.00029735
0.00029735
0.00029735
0.00029735
0.00029735
0.00029735
0.00029735
0.00029735
0.00029735
0.00029735
0.00029735
0.00029735
0.00029735
0.00029735
0.00029735
0.00029735
0.00029735
0.00029735
0.00029735
0.00029735
0.00029735
0.00029735
0.00029735
0.00029735
0.00029735
0.00029735
0.00029735
0.00029735
0.00029735
0.00029735
0.00029735
0.00029735
0.00029735
0.00029735
0.00029735
0.00029735
0.00029735
0.00029735
0.00029735
0.00029735
0.00029735
0.00029735
0.00029735
0.00029735
0.00029735
0.00029735
0.00029735
0.00029735
0.00029735
0.00029735
0.00029735
0.00029735
0.00029735
0.00029735
0.00029735
0.00029735
0.00029735
0.00029735
0.00029735
0.00029735
0.00029735
0.00029735
0.00029735
0.00029735
0.00029735
0.00029735
0.00029735
0.00029735
0.00029735
0.00029735
0.00029735
0.00029735
0.00029735
0.00029735
0.00029735
0.00029735
0.00029735
0.00029735
0.00029735
0.00029735
0.00029735
0.00029735
0.00029735
0.00029735
0.00029735
0.00029735
0.00029735
0.00029735
0.00029735
0.00029735
0.00029735
0.00029735
0.00029735
0.00029735
0.00029735
0.00029735
0.00029735
0.00029735
0.00029735
0.00029735
0.00029735
0.00029735
0.00029735
0.00029735
0.00029735
0.00029735
0.00029735
0.00029735
0.00029735
0.00029735
0.00029735
0.00029735
0.00029735
0.00029735
0.00029735
0.00029735
0.00029735
0.00029735
0.00029735
0.00029735
0.00029735
0.00029735
0.00029735
0.00029735
0.00029735
0.00029735
0.00029735
0.00029735
0.00029735
0.00029735
0.00029735
0.00029735
0.00029735
0.00029735
0.00029735
0.00029735
0.00029735
0.00029735
0.00029735
0.00029735
0.00029735
0.00029735
0.00029735
0.00029735
0.00029735
0.00029735
0.00029735
0.00029735
0.00029735
0.00029735
0.00029735
0.00029735
0.00029735
0.00029735
0.00029735
0.00029735
0.00029735
0.00029735
0.00029735
0.00029735
0.00029735
0.00029735
0.00029735
0.00029735
0.00029735
0.00029735
0.00029735
0.00029735
0.00029735
0.00029735
0.00029735
0.00029735
0.00029735
0.00029735
0.00029735
0.00029735
0.00029735
0.00029735
0.00029735
0.00029735
0.00029735
0.00029735
0.00029735
0.00029735
0.00029735
0.00029735
0.00029735
0.00029735
0.00029735
0.00029735
0.00029735
0.00029735
0.00029735
0.00029735
0.00029735
0.00029735
0.00029735
0.00029735
0.00029735
0.00029735
0.00029735
0.00029735
0.00029735
0.00029735
0.00029735
0.00029735
0.00029735
0.00029735
0.00029735
0.00029735
0.00029735
0.00029735
0.00029735
0.00029735
0.00029735
0.00029735
0.00029735
0.00029735
0.00029735
0.00029735
0.00029735
0.00029735
0.00029735
0.00029735
0.00029735
0.00029735
0.00029735
0.00029735
0.00029735
0.00029735
0.00029735
0.00029735
0.00029735
0.00029735
0.00029735
0.00029735
0.00029735
0.00029735
0.00029735
0.00029735
0.00029735
0.00029735
0.00029735
0.00029735
0.00029735
0.00029735
0.00029735
0.00029735
0.00029735
0.00029735
0.00029735
0.00029735
0.00029735
0.00029735
0.00029735
0.00029735
0.00029735
0.00029735
0.00029735
0.00029735
0.00029735
0.00029735
0.00029735
0.00029735
0.00029735
0.00029735
0.00029735
0.00029735
0.00029735
0.00029735
0.00029735
0.00029735
0.00029735
0.00029735
0.00029735
0.00029735
0.00029735
0.00029735
0.00029735
0.00029735
0.00029735
0.00029735
0.00029735
0.00029735
0.00029735
0.00029735
0.00029735
0.00029735
0.00029735
0.00029735
0.00029735
0.00029735
0.00029735
0.00029735
0.00029735
0.00029735
0.00029735
0.00029735
0.00029735
0.00029735
0.00029735
0.00029735
0.00029735
0.00029735
0.00029735
0.00029735
0.00029735
0.00029735
0.00029735
0.00029735
0.00029735
0.00029735
0.00029735
0.00029735
0.00029735
0.00029735
0.00029735
0.00029735
0.00029735
0.00029735
0.00029735
0.00029735
0.00029735
0.00029735
0.00029735
0.00029735
0.00029735
0.00029735
0.00029735
0.00029735
0.00029735
0.00029735
0.00029735
0.00029735
0.00029735
0.00029735
0.00029735
0.00029735
0.00029735
0.00029735
0.00029735
0.00029735
0.00029735
0.00029735
0.00029735
0.00029735
0.00029735
0.00029735
0.00029735
0.00029735
0.00029735
0.00029735
0.00029735
0.00029735
0.00029735
0.00029735
0.00029735
0.00029735
0.00029735
0.00029735
0.00029735
0.00029735
0.00029735
0.00029735
0.00029735
0.00029735
0.00029735
0.00029735
0.00029735
0.00029735
0.00029735
0.00029735
0.00029735
0.00029735
