0.98835658
0.98823529
0.98811401
0.98799272
0.98787144
0.98775015
0.98762887
0.98750758
0.98738629
0.98726501
0.98714372
0.98702244
0.98690115
0.98677987
0.98665858
0.98653730
0.98641601
0.98629472
0.98617344
0.98605215
0.98593087
0.98580958
0.98568830
0.98556701
0.98544572
0.98532444
0.98520315
0.98508187
0.98496058
0.98483930
0.98471801
0.98459673
0.98447544
0.98435415
0.98423287
0.98411158
0.98399030
0.98386901
0.98374773
0.98362644
0.98350515
0.98338387
0.98326258
0.98314130
0.98302001
0.98289873
0.98277744
0.98265616
0.98253487
0.98241358
0.98229230
0.98217101
0.98204973
0.98192844
0.98180716
0.98168587
0.98156458
0.98144330
0.98132201
0.98120073
0.98107944
0.98095816
0.98083687
0.98071559
0.98059430
0.98047301
0.98035173
0.98023044
0.98010916
0.97998787
0.97986659
0.97974530
0.97962401
0.97950273
0.97938144
0.97926016
0.97913887
0.97901759
0.97889630
0.97877502
0.97865373
0.97853244
0.97841116
0.97828987
0.97816859
0.97804730
0.97792602
0.97780473
0.97768344
0.97756216
0.97744087
0.97731959
0.97719830
0.97707702
0.97695573
0.97683445
0.97671316
0.97659187
0.97647059
0.97634930
0.97622802
0.97610673
0.97598545
0.97586416
0.97574287
0.97550030
0.97537902
0.97525773
0.97513645
0.97501516
0.97477259
0.97465130
0.97453002
0.97440873
0.97428745
0.97416616
0.97404488
0.97392359
0.97380230
0.97368102
0.97343845
0.97331716
0.97307459
0.97295331
0.97283202
0.97271073
0.97258945
0.97246816
0.97234688
0.97222559
0.97210431
0.97186173
0.97174045
0.97161916
0.97149788
0.97137659
0.97125531
0.97113402
0.97101273
0.97089145
0.97077016
0.97064888
0.97052759
0.97040631
0.97016374
0.97004245
0.96992116
0.96979988
0.96955731
0.96943602
0.96931474
0.96919345
0.96907216
0.96895088
0.96882959
0.96858702
0.96846574
0.96834445
0.96822317
0.96810188
0.96798059
0.96785931
0.96773802
0.96761674
0.96737417
0.96725288
0.96713159
0.96701031
0.96688902
0.96676774
0.96664645
0.96652517
0.96640388
0.96616131
0.96604002
0.96591874
0.96579745
0.96567617
0.96555488
0.96543360
0.96531231
0.96519102
0.96506974
0.96494845
0.96482717
0.96470588
0.96458460
0.96446331
0.96434203
0.96422074
0.96409945
0.96397817
0.96385688
0.96373560
0.96361431
0.96349303
0.96337174
0.96325045
0.96312917
0.96300788
0.96288660
0.96276531
0.96264403
0.96252274
0.96215888
0.96203760
0.96191631
0.96179503
0.96167374
0.96155246
0.96143117
0.96130988
0.96118860
0.96094603
0.96082474
0.96070346
0.96046089
0.96033960
0.96021831
0.96009703
0.95997574
0.95973317
0.95961189
0.95949060
0.95924803
0.95912674
0.95900546
0.95888417
0.95839903
0.95827774
0.95815646
0.95803517
0.95791389
0.95767132
0.95755003
0.95742874
0.95730746
0.95718617
0.95706489
0.95694360
0.95657975
0.95645846
0.95633717
0.95621589
0.95609460
0.95597332
0.95585203
0.95573075
0.95560946
0.95548817
0.95536689
0.95524560
0.95512432
0.95500303
0.95488175
0.95476046
0.95463918
0.95451789
0.95439660
0.95427532
0.95415403
0.95403275
0.95391146
0.95379018
0.95366889
0.95354760
0.95342632
0.95330503
0.95318375
0.95294118
0.95281989
0.95269861
0.95245603
0.95209218
0.95197089
0.95184961
0.95172832
0.95160703
0.95148575
0.95136446
0.95124318
0.95112189
0.95100061
0.95087932
0.95063675
0.95039418
0.95027289
0.95015161
0.95003032
0.94990904
0.94966646
0.94942389
0.94930261
0.94893875
0.94881747
0.94869618
0.94857489
0.94845361
0.94833232
0.94821104
0.94808975
0.94796847
0.94784718
0.94772589
0.94760461
0.94748332
0.94736204
0.94724075
0.94711947
0.94699818
0.94687690
0.94675561
0.94663432
0.94651304
0.94627047
0.94614918
0.94602790
0.94590661
0.94578532
0.94566404
0.94542147
0.94517890
0.94505761
0.94493633
0.94481504
0.94469375
0.94445118
0.94432990
0.94420861
0.94408733
0.94396604
0.94384475
0.94372347
0.94360218
0.94348090
0.94335961
0.94323833
0.94311704
0.94299576
0.94287447
0.94275318
0.94263190
0.94251061
0.94238933
0.94214676
0.94202547
0.94190418
0.94166161
0.94154033
0.94141904
0.94129776
0.94117647
0.94105518
0.94057004
0.94044876
0.94032747
0.94020619
0.93996361
0.93984233
0.93972104
0.93959976
0.93947847
0.93935719
0.93923590
0.93911461
0.93899333
0.93887204
0.93875076
0.93862947
0.93850819
0.93838690
0.93826562
0.93802304
0.93790176
0.93778047
0.93753790
0.93729533
0.93717404
0.93705276
0.93681019
0.93668890
0.93656762
0.93644633
0.93632505
0.93608247
0.93583990
0.93571862
0.93559733
0.93547605
0.93523347
0.93511219
0.93499090
0.93486962
0.93474833
0.93462705
0.93450576
0.93438448
0.93426319
0.93402062
0.93377805
0.93365676
0.93353548
0.93341419
0.93329290
0.93317162
0.93305033
0.93292905
0.93268648
0.93256519
0.93244391
0.93232262
0.93208005
0.93195876
0.93183748
0.93171619
0.93159491
0.93147362
0.93135233
0.93123105
0.93110976
0.93098848
0.93074591
0.93062462
0.93050334
0.93038205
0.93026076
0.93013948
0.93001819
0.92977562
0.92965434
0.92953305
0.92941176
0.92929048
0.92904791
0.92892662
0.92880534
0.92868405
0.92856277
0.92844148
0.92832019
0.92819891
0.92807762
0.92795634
0.92783505
0.92771377
0.92759248
0.92734991
0.92686477
0.92674348
0.92662220
0.92650091
0.92637962
0.92625834
0.92613705
0.92589448
0.92577320
0.92565191
0.92553062
0.92540934
0.92516677
0.92504548
0.92492420
0.92480291
0.92468163
0.92456034
0.92443905
0.92431777
0.92407520
0.92395391
0.92383263
0.92359005
0.92346877
0.92334748
0.92322620
0.92298363
0.92286234
0.92274106
0.92261977
0.92249848
0.92237720
0.92225591
0.92213463
0.92189206
0.92177077
0.92164948
0.92152820
0.92140691
0.92128563
0.92116434
0.92104306
0.92080049
0.92067920
0.92055791
0.92043663
0.92031534
0.92019406
0.92007277
0.91983020
0.91970891
0.91958763
0.91946634
0.91934506
0.91910249
0.91898120
0.91885992
0.91873863
0.91861734
0.91849606
0.91837477
0.91776834
0.91764706
0.91728320
0.91716192
0.91704063
0.91691935
0.91679806
0.91655549
0.91643420
0.91631292
0.91607035
0.91570649
0.91558520
0.91546392
0.91534263
0.91510006
0.91497878
0.91485749
0.91473620
0.91425106
0.91412978
0.91400849
0.91388720
0.91376592
0.91364463
0.91352335
0.91340206
0.91328078
0.91315949
0.91303820
0.91291692
0.91279563
0.91267435
0.91255306
0.91243178
0.91231049
0.91218921
0.91182535
0.91170406
0.91158278
0.91146149
0.91134021
0.91121892
0.91109763
0.91097635
0.91085506
0.91073378
0.91061249
0.91049121
0.91036992
0.91024864
0.91000606
0.90988478
0.90976349
0.90927835
0.90915706
0.90891449
0.90867192
0.90830807
0.90818678
0.90806549
0.90770164
0.90758035
0.90745907
0.90733778
0.90697392
0.90685264
0.90673135
0.90661007
0.90648878
0.90636750
0.90624621
0.90612492
0.90600364
0.90588235
0.90576107
0.90563978
0.90551850
0.90539721
0.90527592
0.90503335
0.90491207
0.90479078
0.90466950
0.90442693
0.90430564
0.90418435
0.90406307
0.90394178
0.90382050
0.90369921
0.90357793
0.90345664
0.90333535
0.90321407
0.90309278
0.90297150
0.90285021
0.90272893
0.90260764
0.90248636
0.90236507
0.90224378
0.90212250
0.90200121
0.90187993
0.90175864
0.90163736
0.90151607
0.90139478
0.90127350
0.90090964
0.90078836
0.90066707
0.90054579
0.90042450
0.90030321
0.90018193
0.90006064
0.89993936
0.89981807
0.89969679
0.89921164
0.89909036
0.89896907
0.89884779
0.89872650
0.89848393
0.89836264
0.89824136
0.89812007
0.89799879
0.89787750
0.89763493
0.89751364
0.89739236
0.89727107
0.89714979
0.89702850
0.89690722
0.89678593
0.89666465
0.89654336
0.89642207
0.89630079
0.89617950
0.89605822
0.89593693
0.89581565
0.89569436
0.89557307
0.89545179
0.89533050
0.89520922
0.89496665
0.89484536
0.89472408
0.89460279
0.89448150
0.89436022
0.89423893
0.89411765
0.89399636
0.89387508
0.89363250
0.89351122
0.89338993
0.89326865
0.89314736
0.89302608
0.89290479
0.89278351
0.89266222
0.89254093
0.89241965
0.89229836
0.89217708
0.89205579
0.89193451
0.89157065
0.89144936
0.89132808
0.89120679
0.89108551
0.89096422
0.89072165
0.89035779
0.89023651
0.89011522
0.88999394
0.88987265
0.88975136
0.88963008
0.88926622
0.88890237
0.88878108
0.88865979
0.88841722
0.88817465
0.88781079
0.88768951
0.88756822
0.88744694
0.88732565
0.88720437
0.88708308
0.88696180
0.88684051
0.88671922
0.88659794
0.88647665
0.88635537
0.88611280
0.88599151
0.88587022
0.88550637
0.88526380
0.88489994
0.88465737
0.88453608
0.88441480
0.88417223
0.88392965
0.88380837
0.88368708
0.88356580
0.88344451
0.88308065
0.88295937
0.88283808
0.88271680
0.88247423
0.88235294
0.88223166
0.88211037
0.88198908
0.88186780
0.88174651
0.88162523
0.88150394
0.88126137
0.88114008
0.88101880
0.88089751
0.88077623
0.88065494
0.88053366
0.88029109
0.88016980
0.88004851
0.87992723
0.87980594
0.87968466
0.87944209
0.87919951
0.87907823
0.87895694
0.87871437
0.87859309
0.87847180
0.87835052
0.87822923
0.87810794
0.87798666
0.87774409
0.87762280
0.87738023
0.87725894
0.87713766
0.87689509
0.87677380
0.87665252
0.87653123
0.87640995
0.87628866
0.87616737
0.87604609
0.87592480
0.87580352
0.87568223
0.87556095
0.87543966
0.87531837
0.87507580
0.87495452
0.87483323
0.87446938
0.87422680
0.87410552
0.87374166
0.87362038
0.87349909
0.87337780
0.87325652
0.87313523
0.87301395
0.87289266
0.87265009
0.87252881
0.87240752
0.87228623
0.87216495
0.87204366
0.87192238
0.87180109
0.87167981
0.87119466
0.87107338
0.87095209
0.87083081
0.87058824
0.87046695
0.87034566
0.87022438
0.87010309
0.86998181
0.86986052
0.86961795
0.86925409
0.86913281
0.86901152
0.86889024
0.86876895
0.86864767
0.86852638
0.86840509
0.86816252
0.86804124
0.86791995
0.86779867
0.86767738
0.86755609
0.86743481
0.86731352
0.86707095
0.86694967
0.86682838
0.86634324
0.86622195
0.86585810
0.86573681
0.86561552
0.86549424
0.86537295
0.86525167
0.86513038
0.86500910
0.86488781
0.86476653
0.86464524
0.86452395
0.86440267
0.86428138
0.86379624
0.86367495
0.86355367
0.86343238
0.86331110
0.86306853
0.86294724
0.86282596
0.86270467
0.86258338
0.86246210
0.86234081
0.86221953
0.86209824
0.86185567
0.86173438
0.86161310
0.86149181
0.86137053
0.86124924
0.86088539
0.86076410
0.86064281
0.86052153
0.86040024
0.86027896
0.86015767
0.86003639
0.85991510
0.85967253
0.85955124
0.85942996
0.85930867
0.85918739
0.85906610
0.85894482
0.85882353
0.85870224
0.85858096
0.85833839
0.85821710
0.85797453
0.85785324
0.85773196
0.85761067
0.85748939
0.85736810
0.85724682
0.85712553
0.85700424
0.85688296
0.85676167
0.85664039
0.85651910
0.85627653
0.85615525
0.85579139
0.85567010
0.85554882
0.85542753
0.85530625
0.85506367
0.85494239
0.85482110
0.85445725
0.85433596
0.85421468
0.85409339
0.85397210
0.85385082
0.85372953
0.85348696
0.85336568
0.85324439
0.85312310
0.85300182
0.85288053
0.85275925
0.85263796
0.85251668
0.85239539
0.85227411
0.85215282
0.85203153
0.85191025
0.85154639
0.85142511
0.85130382
0.85118253
0.85106125
0.85093996
0.85081868
0.85069739
0.85057611
0.85009096
0.84996968
0.84972711
0.84936325
0.84924196
0.84912068
0.84887811
0.84875682
0.84863554
0.84851425
0.84839297
0.84827168
0.84815039
0.84802911
0.84778654
0.84766525
0.84754397
0.84742268
0.84730139
0.84718011
0.84693754
0.84669497
0.84657368
0.84645240
0.84633111
0.84608854
0.84584597
0.84572468
0.84560340
0.84548211
0.84536082
0.84511825
0.84487568
0.84439054
0.84426925
0.84414797
0.84402668
0.84390540
0.84366283
0.84354154
0.84342025
0.84329897
0.84317768
0.84305640
0.84293511
0.84281383
0.84269254
0.84257126
0.84244997
0.84232868
0.84220740
0.84196483
0.84172226
0.84160097
0.84147968
0.84135840
0.84123711
0.84099454
0.84087326
0.84075197
0.84063069
0.84050940
0.84026683
0.84014554
0.84002426
0.83990297
0.83978169
0.83966040
0.83893269
0.83881140
0.83869012
0.83856883
0.83808369
0.83796240
0.83759854
0.83747726
0.83687083
0.83674955
0.83662826
0.83650697
0.83638569
0.83590055
0.83577926
0.83565797
0.83553669
0.83541540
0.83529412
0.83505155
0.83480898
0.83456640
0.83444512
0.83432383
0.83420255
0.83408126
0.83395998
0.83383869
0.83371740
0.83359612
0.83311098
0.83298969
0.83286841
0.83274712
0.83250455
0.83177683
0.83165555
0.83141298
0.83104912
0.83092784
0.83007884
0.82995755
0.82983626
0.82971498
0.82947241
0.82935112
0.82910855
0.82898727
0.82886598
0.82874469
0.82862341
0.82850212
0.82838084
0.82825955
0.82813827
0.82801698
0.82789569
0.82765312
0.82728927
0.82716798
0.82704669
0.82680412
0.82668284
0.82644027
0.82631898
0.82607641
0.82595512
0.82546998
0.82534870
0.82522741
0.82498484
0.82486355
0.82462098
0.82449970
0.82425713
0.82413584
0.82401455
0.82377198
0.82365070
0.82352941
0.82340813
0.82328684
0.82328684
0.82316555
0.82304427
0.82292298
0.82280170
0.82268041
0.82255913
0.82243784
0.82231656
0.82219527
0.82207398
0.82195270
0.82183141
0.82171013
0.82146756
0.82122498
0.82110370
0.82098241
0.82086113
0.82073984
0.82049727
0.82037599
0.82001213
0.81989084
0.81976956
0.81964827
0.81952699
0.81940570
0.81928441
0.81916313
0.81904184
0.81892056
0.81831413
0.81807156
0.81795027
0.81770770
0.81746513
0.81734384
0.81722256
0.81697999
0.81685870
0.81673742
0.81637356
0.81625227
0.81613099
0.81600970
0.81576713
0.81540327
0.81528199
0.81516070
0.81479685
0.81467556
0.81443299
0.81431170
0.81419042
0.81406913
0.81394785
0.81382656
0.81334142
0.81322013
0.81309885
0.81297756
0.81285628
0.81273499
0.81261371
0.81249242
0.81212856
0.81200728
0.81188599
0.81176471
0.81164342
0.81152213
0.81140085
0.81115828
0.81067314
0.81043056
0.81018799
0.81006671
0.80994542
0.80982414
0.80970285
0.80958156
0.80946028
0.80921771
0.80909642
0.80897514
0.80885385
0.80873257
0.80861128
0.80848999
0.80824742
0.80764099
0.80739842
0.80727714
0.80703457
0.80691328
0.80667071
0.80654942
0.80642814
0.80630685
0.80606428
0.80582171
0.80570042
0.80557914
0.80545785
0.80533657
0.80509400
0.80497271
0.80485143
0.80473014
0.80460885
0.80448757
0.80424500
0.80412371
0.80388114
0.80375985
0.80363857
0.80351728
0.80339600
0.80315343
0.80303214
0.80291086
0.80278957
0.80266828
0.80254700
0.80242571
0.80206186
0.80169800
0.80157671
0.80145543
0.80133414
0.80121286
0.80109157
0.80097029
0.80084900
0.80072771
0.80060643
0.80048514
0.80036386
0.80024257
0.80012129
0.80000000
0.79987871
0.79963614
0.79927229
0.79915100
0.79902971
0.79890843
0.79866586
0.79854457
0.79830200
0.79818072
0.79805943
0.79781686
0.79769557
0.79745300
0.79721043
0.79696786
0.79684657
0.79672529
0.79660400
0.79636143
0.79624015
0.79611886
0.79599757
0.79587629
0.79575500
0.79563372
0.79551243
0.79539115
0.79526986
0.79514857
0.79454215
0.79442086
0.79429958
0.79405700
0.79369315
0.79357186
0.79345058
0.79332929
0.79308672
0.79296543
0.79284415
0.79272286
0.79248029
0.79235901
0.79211643
0.79199515
0.79187386
0.79175258
0.79163129
0.79151001
0.79138872
0.79126743
0.79114615
0.79102486
0.79090358
0.79078229
0.79066101
0.79005458
0.78993329
0.78944815
0.78932686
0.78920558
0.78896301
0.78859915
0.78847787
0.78835658
0.78823529
0.78811401
0.78799272
0.78787144
0.78775015
0.78762887
0.78726501
0.78714372
0.78702244
0.78665858
0.78653730
0.78641601
0.78605215
0.78593087
0.78580958
0.78556701
0.78532444
0.78520315
0.78508187
0.78459673
0.78447544
0.78435415
0.78423287
0.78399030
0.78386901
0.78374773
0.78362644
0.78350515
0.78338387
0.78326258
0.78314130
0.78302001
0.78289873
0.78277744
0.78265616
0.78253487
0.78241358
0.78229230
0.78217101
0.78156458
0.78144330
0.78132201
0.78120073
0.78107944
0.78095816
0.78083687
0.78071559
0.78047301
0.78035173
0.78023044
0.77986659
0.77974530
0.77950273
0.77938144
0.77926016
0.77913887
0.77901759
0.77889630
0.77877502
0.77865373
0.77853244
0.77841116
0.77828987
0.77792602
0.77780473
0.77707702
0.77695573
0.77683445
0.77671316
0.77659187
0.77647059
0.77634930
0.77622802
0.77610673
0.77586416
0.77574287
0.77562159
0.77550030
0.77537902
0.77525773
0.77513645
0.77501516
0.77489388
0.77477259
0.77465130
0.77453002
0.77440873
0.77428745
0.77416616
0.77404488
0.77392359
0.77380230
0.77368102
0.77355973
0.77343845
0.77331716
0.77319588
0.77307459
0.77295331
0.77283202
0.77271073
0.77258945
0.77246816
0.77234688
0.77222559
0.77210431
0.77198302
0.77186173
0.77174045
0.77161916
0.77149788
0.77137659
0.77125531
0.77113402
0.77101273
0.77089145
0.77077016
0.77064888
0.77052759
0.77040631
0.77028502
0.77016374
0.77004245
0.76992116
0.76979988
0.76967859
0.76955731
0.76943602
0.76931474
0.76882959
0.76870831
0.76858702
0.76846574
0.76834445
0.76798059
0.76773802
0.76749545
0.76737417
0.76725288
0.76713159
0.76701031
0.76688902
0.76664645
0.76652517
0.76616131
0.76604002
0.76591874
0.76579745
0.76567617
0.76555488
0.76543360
0.76531231
0.76519102
0.76506974
0.76494845
0.76470588
0.76446331
0.76434203
0.76422074
0.76397817
0.76385688
0.76373560
0.76361431
0.76349303
0.76337174
0.76325045
0.76288660
0.76252274
0.76240146
0.76228017
0.76215888
0.76203760
0.76191631
0.76155246
0.76130988
0.76118860
0.76106731
0.76094603
0.76046089
0.76033960
0.76021831
0.75973317
0.75961189
0.75936931
0.75924803
0.75912674
0.75900546
0.75888417
0.75876289
0.75864160
0.75852032
0.75839903
0.75827774
0.75815646
0.75803517
0.75791389
0.75779260
0.75730746
0.75718617
0.75706489
0.75694360
0.75682232
0.75670103
0.75657975
0.75645846
0.75633717
0.75621589
0.75609460
0.75597332
0.75585203
0.75573075
0.75560946
0.75536689
0.75524560
0.75512432
0.75500303
0.75488175
0.75476046
0.75451789
0.75415403
0.75403275
0.75391146
0.75379018
0.75366889
0.75354760
0.75342632
0.75330503
0.75318375
0.75306246
0.75294118
0.75281989
0.75269861
0.75257732
0.75245603
0.75233475
0.75221346
0.75209218
0.75197089
0.75184961
0.75172832
0.75160703
0.75148575
0.75124318
0.75112189
0.75100061
0.75087932
0.75075804
0.75063675
0.75051546
0.75039418
0.75027289
0.75015161
0.75003032
0.74990904
0.74978775
0.74893875
0.74881747
0.74869618
0.74857489
0.74845361
0.74833232
0.74821104
0.74808975
0.74796847
0.74784718
0.74772589
0.74760461
0.74748332
0.74724075
0.74711947
0.74699818
0.74687690
0.74675561
0.74663432
0.74651304
0.74639175
0.74627047
0.74614918
0.74602790
0.74590661
0.74578532
0.74566404
0.74554275
0.74542147
0.74530018
0.74517890
0.74505761
0.74493633
0.74481504
0.74469375
0.74457247
0.74420861
0.74408733
0.74396604
0.74384475
0.74372347
0.74335961
0.74323833
0.74311704
0.74299576
0.74287447
0.74275318
0.74263190
0.74251061
0.74238933
0.74226804
0.74178290
0.74166161
0.74154033
0.74141904
0.74129776
0.74117647
0.74032747
0.73996361
0.73984233
0.73972104
0.73959976
0.73947847
0.73935719
0.73923590
0.73911461
0.73899333
0.73887204
0.73875076
0.73862947
0.73850819
0.73838690
0.73826562
0.73814433
0.73802304
0.73790176
0.73778047
0.73765919
0.73729533
0.73717404
0.73705276
0.73693147
0.73681019
0.73668890
0.73656762
0.73644633
0.73632505
0.73559733
0.73547605
0.73535476
0.73523347
0.73474833
0.73462705
0.73450576
0.73438448
0.73426319
0.73414190
0.73402062
0.73389933
0.73377805
0.73365676
0.73353548
0.73341419
0.73329290
0.73317162
0.73305033
0.73292905
0.73280776
0.73220133
0.73208005
0.73195876
0.73183748
0.73171619
0.73159491
0.73147362
0.73135233
0.73123105
0.73074591
0.73050334
0.73038205
0.73026076
0.73013948
0.73001819
0.72989691
0.72977562
0.72965434
0.72953305
0.72941176
0.72929048
0.72916919
0.72904791
0.72892662
0.72880534
0.72868405
0.72856277
0.72844148
0.72832019
0.72819891
0.72807762
0.72795634
0.72783505
0.72771377
0.72759248
0.72747119
0.72710734
0.72698605
0.72686477
0.72674348
0.72662220
0.72650091
0.72637962
0.72625834
0.72613705
0.72601577
0.72589448
0.72577320
0.72565191
0.72553062
0.72540934
0.72528805
0.72516677
0.72504548
0.72492420
0.72480291
0.72468163
0.72431777
0.72419648
0.72407520
0.72395391
0.72383263
0.72371134
0.72346877
0.72334748
0.72322620
0.72310491
0.72274106
0.72261977
0.72249848
0.72237720
0.72225591
0.72213463
0.72201334
0.72189206
0.72177077
0.72164948
0.72152820
0.72140691
0.72128563
0.72116434
0.72104306
0.72092177
0.72080049
0.72067920
0.72055791
0.72043663
0.72031534
0.72019406
0.72007277
0.71983020
0.71970891
0.71958763
0.71946634
0.71934506
0.71922377
0.71910249
0.71898120
0.71885992
0.71873863
0.71861734
0.71849606
0.71837477
0.71825349
0.71813220
0.71801092
0.71788963
0.71776834
0.71764706
0.71752577
0.71740449
0.71728320
0.71716192
0.71704063
0.71691935
0.71679806
0.71667677
0.71655549
0.71643420
0.71631292
0.71619163
0.71594906
0.71582777
0.71570649
0.71558520
0.71546392
0.71534263
0.71522135
0.71510006
0.71497878
0.71485749
0.71473620
0.71461492
0.71449363
0.71437235
0.71400849
0.71388720
0.71376592
0.71364463
0.71352335
0.71340206
0.71328078
0.71315949
0.71303820
0.71291692
0.71279563
0.71243178
0.71231049
0.71206792
0.71194663
0.71182535
0.71170406
0.71158278
0.71146149
0.71134021
0.71121892
0.71109763
0.71097635
0.71085506
0.71073378
0.71061249
0.71049121
0.71036992
0.71024864
0.71012735
0.71000606
0.70976349
0.70964221
0.70952092
0.70939964
0.70927835
0.70915706
0.70903578
0.70891449
0.70879321
0.70867192
0.70855064
0.70842935
0.70830807
0.70818678
0.70806549
0.70794421
0.70782292
0.70770164
0.70758035
0.70745907
0.70733778
0.70721649
0.70709521
0.70697392
0.70685264
0.70576107
0.70551850
0.70539721
0.70527592
0.70515464
0.70503335
0.70491207
0.70479078
0.70466950
0.70454821
0.70442693
0.70430564
0.70406307
0.70394178
0.70382050
0.70369921
0.70357793
0.70345664
0.70321407
0.70260764
0.70248636
0.70236507
0.70224378
0.70212250
0.70200121
0.70187993
0.70175864
0.70163736
0.70151607
0.70139478
0.70127350
0.70090964
0.70078836
0.70066707
0.70054579
0.70042450
0.70030321
0.70018193
0.70006064
0.69993936
0.69981807
0.69969679
0.69957550
0.69945421
0.69933293
0.69921164
0.69909036
0.69896907
0.69884779
0.69872650
0.69860522
0.69848393
0.69824136
0.69812007
0.69799879
0.69787750
0.69775622
0.69763493
0.69751364
0.69739236
0.69727107
0.69714979
0.69702850
0.69690722
0.69678593
0.69666465
0.69654336
0.69642207
0.69630079
0.69617950
0.69605822
0.69593693
0.69448150
0.69436022
0.69423893
0.69411765
0.69363250
0.69351122
0.69314736
0.69302608
0.69290479
0.69278351
0.69266222
0.69254093
0.69241965
0.69229836
0.69217708
0.69205579
0.69193451
0.69181322
0.69169193
0.69157065
0.69144936
0.69132808
0.69120679
0.69108551
0.69096422
0.69060036
0.69047908
0.69035779
0.69023651
0.69011522
0.68999394
0.68987265
0.68975136
0.68963008
0.68926622
0.68914494
0.68902365
0.68890237
0.68878108
0.68865979
0.68853851
0.68841722
0.68829594
0.68817465
0.68805337
0.68793208
0.68781079
0.68768951
0.68756822
0.68720437
0.68696180
0.68684051
0.68659794
0.68647665
0.68635537
0.68623408
0.68550637
0.68538508
0.68526380
0.68514251
0.68502122
0.68489994
0.68477865
0.68453608
0.68417223
0.68405094
0.68392965
0.68356580
0.68344451
0.68332323
0.68320194
0.68308065
0.68295937
0.68283808
0.68271680
0.68259551
0.68247423
0.68235294
0.68223166
0.68211037
0.68198908
0.68186780
0.68174651
0.68150394
0.68138266
0.68126137
0.68114008
0.68101880
0.68089751
0.68077623
0.68065494
0.68053366
0.68041237
0.68029109
0.68016980
0.68004851
0.67992723
0.67980594
0.67968466
0.67956337
0.67944209
0.67932080
0.67919951
0.67907823
0.67895694
0.67883566
0.67871437
0.67859309
0.67847180
0.67835052
0.67822923
0.67810794
0.67774409
0.67689509
0.67677380
0.67665252
0.67653123
0.67640995
0.67628866
0.67616737
0.67604609
0.67592480
0.67580352
0.67568223
0.67556095
0.67543966
0.67531837
0.67519709
0.67507580
0.67495452
0.67483323
0.67471195
0.67459066
0.67446938
0.67434809
0.67422680
0.67410552
0.67398423
0.67386295
0.67374166
0.67362038
0.67349909
0.67301395
0.67289266
0.67277138
0.67265009
0.67228623
0.67216495
0.67192238
0.67180109
0.67155852
0.67143723
0.67131595
0.67119466
0.67107338
0.67095209
0.67083081
0.67010309
0.66998181
0.66986052
0.66973924
0.66961795
0.66949666
0.66937538
0.66925409
0.66913281
0.66864767
0.66852638
0.66840509
0.66816252
0.66779867
0.66767738
0.66755609
0.66743481
0.66731352
0.66719224
0.66707095
0.66682838
0.66670710
0.66658581
0.66646452
0.66634324
0.66622195
0.66597938
0.66585810
0.66573681
0.66549424
0.66537295
0.66525167
0.66513038
0.66500910
0.66476653
0.66464524
0.66452395
0.66416010
0.66391753
0.66379624
0.66367495
0.66355367
0.66343238
0.66331110
0.66318981
0.66306853
0.66294724
0.66282596
0.66270467
0.66258338
0.66246210
0.66234081
0.66221953
0.66209824
0.66197696
0.66185567
0.66173438
0.66161310
0.66149181
0.66137053
0.66124924
0.66112796
0.66100667
0.66088539
0.66076410
0.66052153
0.66040024
0.66027896
0.66015767
0.65991510
0.65967253
0.65955124
0.65930867
0.65918739
0.65906610
0.65894482
0.65882353
0.65870224
0.65858096
0.65845967
0.65833839
0.65821710
0.65809582
0.65797453
0.65773196
0.65761067
0.65748939
0.65736810
0.65712553
0.65700424
0.65688296
0.65639782
0.65627653
0.65615525
0.65603396
0.65591267
0.65579139
0.65567010
0.65554882
0.65542753
0.65530625
0.65506367
0.65494239
0.65482110
0.65469982
0.65457853
0.65445725
0.65421468
0.65409339
0.65397210
0.65372953
0.65360825
0.65348696
0.65336568
0.65324439
0.65312310
0.65300182
0.65288053
0.65275925
0.65263796
0.65251668
0.65239539
0.65227411
0.65215282
0.65203153
0.65191025
0.65178896
0.65166768
0.65154639
0.65142511
0.65130382
0.65106125
0.65093996
0.65081868
0.65069739
0.65045482
0.65033354
0.65021225
0.65009096
0.64996968
0.64984839
0.64972711
0.64972711
0.64960582
0.64948454
0.64936325
0.64924196
0.64912068
0.64899939
0.64887811
0.64790782
0.64778654
0.64742268
0.64730139
0.64718011
0.64705882
0.64669497
0.64657368
0.64645240
0.64633111
0.64620982
0.64608854
0.64596725
0.64584597
0.64572468
0.64560340
0.64548211
0.64536082
0.64523954
0.64499697
0.64487568
0.64463311
0.64426925
0.64414797
0.64390540
0.64378411
0.64329897
0.64317768
0.64305640
0.64293511
0.64281383
0.64269254
0.64257126
0.64257126
0.64257126
0.64244997
0.64232868
0.64220740
0.64208611
0.64196483
0.64184354
0.64172226
0.64160097
0.64147968
0.64135840
0.64123711
0.64099454
0.64087326
0.64075197
0.64063069
0.64050940
0.64014554
0.64002426
0.63990297
0.63978169
0.63966040
0.63941783
0.63929654
0.63917526
0.63905397
0.63893269
0.63856883
0.63844754
0.63832626
0.63820497
0.63808369
0.63796240
0.63784112
0.63771983
0.63759854
0.63747726
0.63735597
0.63723469
0.63711340
0.63699212
0.63687083
0.63662826
0.63626440
0.63614312
0.63590055
0.63577926
0.63565797
0.63553669
0.63541540
0.63529412
0.63517283
0.63505155
0.63493026
0.63480898
0.63468769
0.63456640
0.63420255
0.63408126
0.63395998
0.63383869
0.63371740
0.63359612
0.63347483
0.63323226
0.63311098
0.63298969
0.63262583
0.63165555
0.63153426
0.63141298
0.63129169
0.63117041
0.63104912
0.63044269
0.63007884
0.62995755
0.62983626
0.62971498
0.62959369
0.62947241
0.62935112
0.62922984
0.62910855
0.62886598
0.62874469
0.62862341
0.62850212
0.62838084
0.62825955
0.62813827
0.62801698
0.62789569
0.62777441
0.62765312
0.62741055
0.62728927
0.62716798
0.62704669
0.62692541
0.62680412
0.62668284
0.62656155
0.62583384
0.62559127
0.62546998
0.62534870
0.62522741
0.62510612
0.62498484
0.62486355
0.62474227
0.62413584
0.62389327
0.62377198
0.62352941
0.62340813
0.62328684
0.62316555
0.62304427
0.62292298
0.62280170
0.62268041
0.62255913
0.62243784
0.62231656
0.62219527
0.62207398
0.62195270
0.62183141
0.62171013
0.62158884
0.62146756
0.62134627
0.62122498
0.62110370
0.62098241
0.62086113
0.62073984
0.62061856
0.62049727
0.62037599
0.62025470
0.61989084
0.61976956
0.61964827
0.61952699
0.61916313
0.61904184
0.61867799
0.61843542
0.61831413
0.61819284
0.61807156
0.61795027
0.61782899
0.61770770
0.61758642
0.61746513
0.61734384
0.61722256
0.61710127
0.61685870
0.61673742
0.61661613
0.61649485
0.61637356
0.61625227
0.61613099
0.61600970
0.61588842
0.61576713
0.61564585
0.61552456
0.61358399
0.61322013
0.61309885
0.61297756
0.61285628
0.61273499
0.61261371
0.61188599
0.61176471
0.61164342
0.61152213
0.61140085
0.61127956
0.61115828
0.61079442
0.61067314
0.61055185
0.61043056
0.60994542
0.60982414
0.60970285
0.60958156
0.60946028
0.60933899
0.60921771
0.60885385
0.60873257
0.60861128
0.60848999
0.60836871
0.60824742
0.60812614
0.60800485
0.60788357
0.60776228
0.60654942
0.60642814
0.60630685
0.60618557
0.60606428
0.60594300
0.60582171
0.60570042
0.60545785
0.60533657
0.60497271
0.60473014
0.60448757
0.60436628
0.60388114
0.60375985
0.60303214
0.60291086
0.60278957
0.60254700
0.60242571
0.60230443
0.60218314
0.60194057
0.60181928
0.60169800
0.60157671
0.60145543
0.60133414
0.60121286
0.60109157
0.60097029
0.60084900
0.60072771
0.60060643
0.60048514
0.60036386
0.60024257
0.60012129
0.60000000
0.59987871
0.59975743
0.59963614
0.59951486
0.59939357
0.59927229
0.59915100
0.59902971
0.59890843
0.59878714
0.59866586
0.59854457
0.59842329
0.59781686
0.59781686
0.59781686
0.59648272
0.59611886
0.59599757
0.59587629
0.59575500
0.59563372
0.59551243
0.59539115
0.59526986
0.59514857
0.59502729
0.59442086
0.59429958
0.59417829
0.59405700
0.59393572
0.59381443
0.59369315
0.59357186
0.59345058
0.59332929
0.59320800
0.59308672
0.59296543
0.59284415
0.59272286
0.59260158
0.59248029
0.59235901
0.59211643
0.59199515
0.59187386
0.59175258
0.59163129
0.59151001
0.59102486
0.59090358
0.59078229
0.59066101
0.59053972
0.59041844
0.59029715
0.59017586
0.59005458
0.58993329
0.58969072
0.58956944
0.58944815
0.58920558
0.58908429
0.58896301
0.58884172
0.58872044
0.58859915
0.58847787
0.58835658
0.58823529
0.58811401
0.58799272
0.58787144
0.58775015
0.58762887
0.58750758
0.58738629
0.58726501
0.58714372
0.58702244
0.58690115
0.58677987
0.58665858
0.58653730
0.58641601
0.58629472
0.58617344
0.58605215
0.58593087
0.58568830
0.58544572
0.58520315
0.58508187
0.58496058
0.58483930
0.58471801
0.58459673
0.58447544
0.58435415
0.58423287
0.58411158
0.58399030
0.58386901
0.58374773
0.58362644
0.58350515
0.58338387
0.58326258
0.58314130
0.58302001
0.58289873
0.58253487
0.58229230
0.58217101
0.58204973
0.58192844
0.58180716
0.58144330
0.58132201
0.58107944
0.58095816
0.58059430
0.58047301
0.58035173
0.58023044
0.58010916
0.57986659
0.57962401
0.57950273
0.57938144
0.57926016
0.57913887
0.57901759
0.57889630
0.57877502
0.57865373
0.57853244
0.57841116
0.57828987
0.57816859
0.57780473
0.57768344
0.57756216
0.57744087
0.57731959
0.57719830
0.57707702
0.57695573
0.57683445
0.57671316
0.57659187
0.57647059
0.57634930
0.57622802
0.57598545
0.57586416
0.57574287
0.57562159
0.57550030
0.57537902
0.57525773
0.57513645
0.57501516
0.57489388
0.57477259
0.57368102
0.57355973
0.57343845
0.57331716
0.57319588
0.57307459
0.57283202
0.57271073
0.57258945
0.57222559
0.57161916
0.57137659
0.57113402
0.57077016
0.57004245
0.56967859
0.56895088
0.56846574
0.56773802
0.56737417
0.56725288
0.56701031
0.56652517
0.56604002
0.56567617
0.56555488
0.56543360
0.56446331
0.56409945
0.56349303
0.56337174
0.56288660
0.56191631
0.56155246
0.56130988
0.56106731
0.56058217
0.56046089
0.56021831
0.55900546
0.55876289
0.55791389
0.55682232
0.55609460
0.55609460
0.55609460
0.55548817
0.55512432
0.55427532
0.55330503
0.55306246
0.55269861
0.55197089
0.55075804
0.54990904
0.54930261
0.54893875
0.54869618
0.54833232
0.54821104
0.54784718
0.54760461
0.54736204
0.54663432
0.54590661
0.54554275
0.54542147
0.54469375
0.54457247
0.54420861
0.54396604
0.54348090
0.54323833
0.54299576
0.54287447
0.54226804
0.54178290
0.54105518
0.54081261
0.53972104
0.53935719
0.53850819
0.53826562
0.53778047
0.53753790
0.53729533
0.53681019
0.53656762
0.53608247
0.53535476
0.53402062
0.53292905
0.53280776
0.53256519
0.53244391
0.53123105
0.53074591
0.53050334
0.52989691
0.52965434
0.52941176
0.52916919
0.52868405
0.52795634
0.52710734
0.52686477
0.52662220
0.52637962
0.52613705
0.52504548
0.52456034
0.52371134
0.52346877
0.52298363
0.52261977
0.52237720
0.52213463
0.52189206
0.52116434
0.52055791
0.51995149
0.51970891
0.51958763
0.51946634
0.51910249
0.51740449
0.51619163
0.51473620
0.51437235
0.51255306
0.51231049
0.51194663
0.51158278
0.51121892
0.50915706
0.50818678
0.50806549
0.50697392
0.50612492
0.50588235
0.50563978
0.50539721
0.50418435
0.50382050
0.50369921
0.50333535
0.50297150
0.50285021
0.50260764
0.50175864
0.50139478
0.50115221
0.50103093
0.50066707
0.50042450
0.49993936
0.49981807
0.49860522
0.49799879
0.49702850
0.49533050
0.49375379
0.49351122
0.49338993
0.49266222
0.49193451
0.49132808
0.49035779
0.48950879
0.48926622
0.48793208
0.48793208
0.48793208
0.48647665
0.48587022
0.48526380
0.48502122
0.48441480
0.48356580
0.48295937
0.48259551
0.48247423
0.48211037
0.48126137
0.48089751
0.48016980
0.47992723
0.47932080
0.47932080
0.47932080
0.47895694
0.47835052
0.47798666
0.47762280
0.47738023
0.47628866
0.47604609
0.47483323
0.47434809
0.47398423
0.47265009
0.47216495
0.47204366
0.47192238
0.47180109
0.47155852
0.47107338
0.47070952
0.47010309
0.46973924
0.46901152
0.46840509
0.46767738
0.46694967
0.46549424
0.46513038
0.46476653
0.46452395
0.46440267
0.46209824
0.45906610
0.45845967
0.45761067
0.45736810
0.45712553
0.45664039
0.45579139
0.45482110
0.45469982
0.45457853
0.45457853
0.45433596
0.45300182
0.45275925
0.44730139
0.44718011
0.44620982
0.44608854
0.44572468
0.44548211
0.44402668
0.44354154
0.44317768
0.44293511
0.44269254
0.44269254
0.44244997
0.44208611
0.44123711
0.44063069
0.44038811
0.43893269
0.43832626
0.43820497
0.43784112
0.43771983
0.43614312
0.43505155
0.43298969
0.43189812
0.43165555
0.43129169
0.43056398
0.42959369
0.42789569
0.42765312
0.42704669
0.42255913
0.42195270
0.42158884
0.42134627
0.42073984
0.42061856
0.41916313
0.41819284
0.41734384
0.41649485
0.41600970
0.41540327
0.41479685
0.41406913
0.41382656
0.41261371
0.41212856
0.41164342
0.40970285
0.40946028
0.40933899
0.40582171
0.40412371
0.40375985
0.40169800
0.40157671
0.40084900
0.39963614
0.39842329
0.39769557
0.39696786
0.39611886
0.39454215
0.39393572
0.39369315
0.39332929
0.39260158
0.39187386
0.38956944
0.38944815
0.38799272
0.38762887
0.38653730
0.38568830
0.38556701
0.38265616
0.38204973
0.38120073
0.38047301
0.37671316
0.37537902
0.37501516
0.37465130
0.37440873
0.37440873
0.37331716
0.37307459
0.37283202
0.37246816
0.37198302
0.37077016
0.37040631
0.36992116
0.36955731
0.36870831
0.36640388
0.36422074
0.36373560
0.36058217
0.36033960
0.36009703
0.35961189
0.35779260
0.35767132
0.35742874
0.35597332
0.35476046
0.35451789
0.35257732
0.35245603
0.35160703
0.35003032
0.34966646
0.34893875
0.34335961
0.34275318
0.34275318
0.33280776
0.33135233
0.33135233
0.33110976
0.33038205
0.32977562
0.32953305
0.32832019
0.32371134
0.32237720
0.32189206
0.32177077
0.32140691
0.32104306
0.31910249
0.31910249
0.31837477
0.31437235
0.31364463
0.31315949
0.31291692
0.31255306
0.31218921
0.31134021
0.26622195
0.26610067
0.26464524
0.26464524
0.26355367
0.26318981
0.26246210
0.26234081
0.25773196
0.25688296
0.25664039
0.25639782
0.25494239
0.25433596
0.25421468
0.25397210
0.25397210
0.25397210
0.25360825
0.25300182
0.25251668
0.25251668
0.25191025
0.25045482
0.25045482
0.24960582
0.24924196
0.24887811
0.24851425
0.24851425
0.24815039
0.24742268
0.24669497
0.24329897
0.24329897
0.23917526
0.23869012
0.23784112
0.23711340
0.23638569
0.23577926
0.23274712
0.22704669
0.22692541
0.22571255
0.22389327
0.22304427
0.22183141
0.22049727
0.22001213
0.22001213
0.21843542
0.21807156
0.21710127
0.21685870
0.21516070
0.21516070
0.21467556
0.21394785
0.21358399
0.21358399
0.21212856
0.20994542
0.20933899
0.20933899
0.20897514
0.20824742
0.20800485
0.20703457
0.20606428
0.20606428
0.20606428
0.20521528
0.20485143
0.20412371
0.20388114
0.20388114
0.20048514
0.19975743
0.19769557
0.19769557
0.19769557
0.19708914
0.19708914
0.19611886
0.19502729
0.19502729
0.19442086
0.19405700
0.19405700
0.19381443
0.19308672
0.19308672
0.19308672
0.19284415
0.19260158
0.18399030
0.18289873
0.18192844
0.17998787
0.17998787
0.17428745
0.17355973
0.17355973
0.17355973
0.17319588
0.17222559
0.17161916
0.17161916
0.16798059
0.16713159
0.16713159
0.16713159
0.16591874
0.16591874
0.16519102
0.16494845
0.16494845
0.16494845
0.16494845
0.16458460
0.16397817
0.16397817
0.16264403
0.16155246
0.16082474
0.16046089
0.15985446
0.15985446
0.15961189
0.15936931
0.15936931
0.15815646
0.15815646
0.15755003
0.15755003
0.15718617
0.15718617
0.15657975
0.15585203
0.15524560
0.15524560
0.15524560
0.15451789
0.15439660
0.15439660
0.15415403
0.15354760
0.15354760
0.15294118
0.15233475
0.15172832
0.12104306
0.12104306
0.12080049
0.11534263
0.11485749
0.11412978
0.11412978
0.11364463
0.11364463
0.11364463
0.11267435
0.11267435
0.11267435
0.11206792
0.11206792
0.09884779
0.05421468
0.05421468
0.05421468
0.05421468
0.05348696
0.05336568
0.05336568
0.05336568
0.05288053
0.05239539
0.05239539
0.05239539
0.05203153
0.05203153
0.05203153
0.05203153
0.05203153
0.05142511
0.05069739
0.05069739
0.05069739
0.05009096
0.05009096
0.05009096
0.05009096
0.05009096
0.04984839
0.04984839
0.04984839
0.04984839
0.04984839
0.04984839
0.04936325
0.04936325
0.04936325
0.04936325
0.04936325
0.04936325
0.01309885
0.01309885
0.00194057
0.00194057
0.00194057
0.00194057
0.00194057
0.00194057
0.00194057
0.00145543
0.00145543
0.00145543
0.00145543
0.00145543
0.00145543
0.00145543
0.00145543
0.00145543
0.00145543
0.00145543
0.00145543
0.00145543
0.00145543
0.00145543
0.00145543
0.00145543
0.00145543
0.00145543
0.00145543
0.00145543
0.00145543
0.00145543
0.00145543
0.00145543
0.00145543
0.00145543
0.00145543
0.00145543
0.00145543
0.00145543
0.00145543
0.00145543
0.00145543
0.00097029
0.00097029
0.00097029
0.00097029
0.00097029
0.00097029
0.00097029
0.00097029
0.00097029
0.00097029
0.00097029
0.00097029
0.00097029
0.00097029
0.00097029
0.00097029
0.00097029
0.00097029
0.00097029
0.00097029
0.00097029
0.00097029
0.00097029
0.00097029
0.00097029
0.00097029
0.00097029
0.00097029
0.00084900
0.00084900
0.00084900
0.00084900
0.00084900
0.00084900
0.00084900
0.00084900
0.00084900
0.00084900
0.00084900
0.00084900
0.00084900
0.00084900
0.00072771
0.00072771
0.00072771
0.00072771
0.00072771
0.00072771
0.00072771
0.00072771
0.00072771
0.00072771
0.00072771
0.00072771
0.00072771
0.00072771
0.00072771
0.00072771
0.00072771
0.00072771
0.00072771
0.00072771
0.00072771
0.00072771
0.00072771
0.00072771
0.00072771
0.00072771
0.00072771
0.00072771
0.00072771
0.00072771
0.00072771
0.00072771
0.00072771
0.00072771
0.00072771
0.00072771
0.00072771
0.00072771
0.00072771
0.00072771
0.00072771
0.00072771
0.00072771
0.00072771
0.00072771
0.00072771
0.00072771
0.00072771
0.00072771
0.00072771
0.00072771
0.00072771
0.00072771
0.00072771
0.00072771
0.00072771
0.00072771
0.00072771
0.00072771
0.00072771
0.00072771
0.00072771
0.00072771
0.00072771
0.00072771
0.00072771
0.00072771
0.00072771
0.00072771
0.00072771
0.00072771
0.00072771
0.00072771
0.00060643
0.00060643
0.00060643
0.00060643
0.00060643
0.00060643
0.00060643
0.00060643
0.00060643
0.00060643
0.00060643
0.00060643
0.00060643
0.00060643
0.00060643
0.00060643
0.00060643
0.00060643
0.00060643
0.00060643
0.00060643
0.00060643
0.00060643
0.00060643
0.00060643
0.00060643
0.00060643
0.00060643
0.00060643
0.00060643
0.00060643
0.00060643
0.00060643
0.00060643
0.00060643
0.00060643
0.00060643
0.00060643
0.00060643
0.00060643
0.00060643
0.00060643
0.00060643
0.00060643
0.00060643
0.00060643
0.00060643
0.00048514
0.00048514
0.00048514
0.00048514
0.00048514
0.00048514
0.00048514
0.00048514
0.00048514
0.00048514
0.00048514
0.00048514
0.00048514
0.00048514
0.00048514
0.00048514
0.00048514
0.00048514
0.00048514
0.00048514
0.00048514
0.00048514
0.00048514
0.00048514
0.00048514
0.00048514
0.00048514
0.00048514
0.00048514
0.00048514
0.00048514
0.00048514
0.00048514
0.00048514
0.00048514
0.00048514
0.00048514
0.00048514
0.00048514
0.00048514
0.00048514
0.00048514
0.00048514
0.00048514
0.00048514
0.00048514
0.00048514
0.00048514
0.00048514
0.00048514
0.00048514
0.00048514
0.00048514
0.00048514
0.00048514
0.00048514
0.00048514
0.00048514
0.00048514
0.00048514
0.00048514
0.00048514
0.00048514
0.00048514
0.00048514
0.00048514
0.00048514
0.00048514
0.00048514
0.00048514
0.00048514
0.00048514
0.00048514
0.00048514
0.00048514
0.00048514
0.00048514
0.00048514
0.00048514
0.00048514
0.00048514
0.00048514
0.00048514
0.00048514
0.00048514
0.00048514
0.00048514
0.00048514
0.00048514
0.00048514
0.00048514
0.00048514
0.00048514
0.00048514
0.00048514
0.00048514
0.00048514
0.00048514
0.00048514
0.00048514
0.00048514
0.00048514
0.00048514
0.00048514
0.00048514
0.00048514
0.00048514
0.00048514
0.00048514
0.00048514
0.00048514
0.00048514
0.00048514
0.00048514
0.00048514
0.00048514
0.00048514
0.00048514
0.00048514
0.00048514
0.00048514
0.00048514
0.00048514
0.00048514
0.00048514
0.00048514
0.00048514
0.00048514
0.00048514
0.00048514
0.00048514
0.00048514
0.00048514
0.00048514
0.00048514
0.00048514
0.00048514
0.00048514
0.00048514
0.00048514
0.00048514
0.00048514
0.00048514
0.00048514
0.00048514
0.00048514
0.00048514
0.00048514
0.00048514
0.00048514
0.00048514
0.00048514
0.00048514
0.00048514
0.00048514
0.00048514
0.00048514
0.00048514
0.00048514
0.00048514
0.00048514
0.00048514
0.00048514
0.00036386
0.00036386
0.00036386
0.00036386
0.00036386
0.00036386
0.00036386
0.00036386
0.00036386
0.00036386
0.00036386
0.00036386
0.00036386
0.00036386
0.00036386
0.00036386
0.00036386
0.00036386
0.00036386
0.00036386
0.00036386
0.00036386
0.00036386
0.00036386
0.00036386
0.00036386
0.00036386
0.00036386
0.00036386
0.00036386
0.00036386
0.00036386
0.00036386
0.00036386
0.00036386
0.00036386
0.00036386
0.00036386
0.00036386
0.00036386
0.00036386
0.00036386
0.00036386
0.00036386
0.00036386
0.00036386
0.00036386
0.00036386
0.00036386
0.00036386
0.00036386
0.00036386
0.00036386
0.00036386
0.00036386
0.00036386
0.00036386
0.00036386
0.00036386
0.00036386
0.00036386
0.00036386
0.00036386
0.00036386
0.00036386
0.00036386
0.00036386
0.00036386
0.00036386
0.00036386
0.00036386
0.00036386
0.00036386
0.00036386
0.00036386
0.00036386
0.00036386
0.00036386
0.00036386
0.00036386
0.00036386
0.00036386
0.00036386
0.00036386
0.00036386
0.00036386
0.00036386
0.00036386
0.00036386
0.00036386
0.00036386
0.00036386
0.00036386
0.00036386
0.00036386
0.00036386
0.00036386
0.00036386
0.00036386
0.00036386
0.00036386
0.00036386
0.00036386
0.00036386
0.00036386
0.00036386
0.00036386
0.00036386
0.00036386
0.00036386
0.00036386
0.00036386
0.00036386
0.00036386
0.00036386
0.00036386
0.00036386
0.00036386
0.00036386
0.00036386
0.00036386
0.00036386
0.00036386
0.00036386
0.00036386
0.00036386
0.00036386
0.00036386
0.00036386
0.00036386
0.00036386
0.00036386
0.00036386
0.00036386
0.00036386
0.00036386
0.00036386
0.00036386
0.00036386
0.00036386
0.00036386
0.00036386
0.00036386
0.00036386
0.00036386
0.00036386
0.00036386
0.00036386
0.00036386
0.00036386
0.00036386
0.00036386
0.00036386
0.00036386
0.00036386
0.00036386
0.00036386
0.00036386
0.00036386
0.00036386
0.00036386
0.00036386
0.00036386
0.00036386
0.00036386
0.00036386
0.00036386
0.00036386
0.00036386
0.00036386
0.00036386
0.00036386
0.00036386
0.00036386
0.00036386
0.00036386
0.00036386
0.00036386
0.00036386
0.00036386
0.00036386
0.00036386
0.00036386
0.00036386
0.00036386
0.00036386
0.00036386
0.00036386
0.00036386
0.00036386
0.00036386
0.00036386
0.00036386
0.00036386
0.00036386
0.00036386
0.00036386
0.00036386
0.00036386
0.00036386
0.00036386
0.00036386
0.00036386
0.00036386
0.00036386
0.00036386
0.00036386
0.00036386
0.00036386
0.00036386
0.00036386
0.00036386
0.00036386
0.00036386
0.00036386
0.00036386
0.00036386
0.00036386
0.00036386
0.00036386
0.00036386
0.00036386
0.00036386
0.00036386
0.00036386
0.00036386
0.00036386
0.00036386
0.00036386
0.00036386
0.00036386
0.00036386
0.00036386
0.00036386
0.00036386
0.00036386
0.00036386
0.00036386
0.00036386
0.00036386
0.00036386
0.00036386
0.00036386
0.00036386
0.00036386
0.00036386
0.00036386
0.00036386
0.00036386
0.00036386
0.00036386
0.00036386
0.00036386
0.00036386
0.00036386
0.00036386
0.00036386
0.00036386
0.00036386
0.00036386
0.00036386
0.00036386
0.00036386
0.00036386
0.00036386
0.00036386
0.00036386
0.00036386
0.00036386
0.00036386
0.00036386
0.00036386
0.00036386
0.00036386
0.00036386
0.00036386
0.00036386
0.00036386
0.00036386
0.00036386
0.00036386
0.00036386
0.00036386
0.00036386
0.00036386
0.00036386
0.00036386
0.00036386
0.00036386
0.00036386
0.00036386
0.00036386
0.00036386
0.00036386
0.00036386
0.00036386
0.00036386
0.00036386
0.00036386
0.00036386
0.00036386
0.00036386
0.00036386
0.00036386
0.00036386
0.00036386
0.00036386
0.00036386
0.00036386
0.00036386
0.00036386
0.00036386
0.00036386
0.00036386
0.00036386
0.00036386
0.00036386
0.00036386
0.00036386
0.00036386
0.00036386
0.00036386
0.00036386
0.00036386
0.00036386
0.00036386
0.00036386
0.00036386
0.00036386
0.00036386
0.00036386
0.00036386
0.00036386
0.00036386
0.00036386
0.00036386
0.00036386
0.00036386
0.00036386
0.00036386
0.00036386
0.00036386
0.00036386
0.00036386
0.00036386
0.00036386
0.00036386
0.00036386
0.00036386
0.00036386
0.00036386
0.00036386
0.00036386
0.00036386
0.00036386
0.00036386
0.00036386
0.00036386
0.00036386
0.00036386
0.00036386
0.00036386
0.00036386
0.00036386
0.00036386
0.00036386
0.00036386
0.00036386
0.00036386
0.00036386
0.00036386
0.00036386
0.00036386
0.00036386
0.00036386
0.00036386
0.00036386
0.00036386
0.00036386
0.00036386
0.00036386
0.00036386
0.00036386
0.00036386
0.00036386
0.00036386
0.00036386
0.00036386
0.00036386
0.00036386
0.00036386
0.00036386
0.00036386
0.00036386
0.00036386
0.00036386
0.00036386
0.00036386
0.00036386
0.00036386
0.00036386
0.00036386
0.00036386
0.00036386
0.00036386
0.00036386
0.00036386
0.00036386
0.00036386
0.00036386
0.00036386
0.00036386
0.00036386
0.00036386
0.00036386
0.00036386
0.00036386
0.00036386
0.00036386
0.00036386
0.00036386
0.00036386
0.00036386
0.00036386
0.00036386
0.00036386
0.00036386
0.00036386
0.00036386
0.00036386
0.00036386
0.00036386
0.00036386
0.00036386
0.00036386
0.00036386
0.00036386
0.00036386
0.00036386
0.00036386
0.00036386
0.00036386
0.00036386
0.00036386
0.00036386
0.00036386
0.00036386
0.00036386
0.00036386
0.00036386
0.00036386
0.00036386
0.00036386
0.00036386
0.00036386
0.00036386
0.00036386
0.00036386
0.00036386
0.00036386
0.00036386
0.00036386
0.00036386
0.00036386
0.00036386
0.00036386
0.00036386
0.00036386
0.00036386
0.00036386
0.00036386
0.00036386
0.00036386
0.00036386
0.00036386
0.00036386
0.00036386
0.00036386
0.00036386
0.00036386
0.00036386
0.00036386
0.00036386
0.00036386
0.00036386
0.00036386
0.00036386
0.00036386
0.00036386
0.00036386
0.00036386
0.00036386
0.00036386
0.00036386
0.00036386
0.00036386
0.00036386
0.00036386
0.00036386
0.00036386
0.00036386
0.00036386
0.00036386
0.00036386
0.00036386
0.00036386
0.00036386
0.00036386
0.00036386
0.00036386
0.00036386
0.00036386
0.00036386
0.00036386
0.00036386
0.00036386
0.00036386
0.00036386
0.00036386
0.00036386
0.00036386
0.00036386
0.00036386
0.00036386
0.00036386
0.00036386
0.00036386
0.00036386
0.00036386
0.00036386
0.00036386
0.00036386
0.00036386
0.00036386
0.00036386
0.00036386
0.00036386
0.00036386
0.00036386
0.00036386
0.00036386
0.00036386
0.00036386
0.00036386
0.00036386
0.00036386
0.00036386
0.00036386
0.00036386
0.00036386
0.00036386
0.00036386
0.00036386
0.00036386
0.00036386
0.00036386
0.00036386
0.00036386
0.00036386
0.00036386
0.00036386
0.00036386
0.00036386
0.00036386
0.00036386
0.00036386
0.00036386
0.00036386
0.00036386
0.00036386
0.00036386
0.00036386
0.00036386
0.00036386
0.00036386
0.00036386
0.00036386
0.00036386
0.00036386
0.00036386
0.00036386
0.00036386
0.00036386
0.00036386
0.00036386
0.00036386
0.00036386
0.00036386
0.00036386
0.00036386
0.00036386
0.00036386
0.00036386
0.00036386
0.00036386
0.00036386
0.00036386
0.00036386
0.00036386
0.00036386
0.00036386
0.00036386
0.00036386
0.00036386
0.00036386
0.00036386
0.00036386
0.00036386
0.00036386
0.00036386
0.00036386
0.00036386
0.00036386
0.00036386
0.00036386
0.00036386
0.00036386
0.00036386
0.00036386
0.00036386
0.00036386
0.00036386
0.00036386
0.00036386
0.00036386
0.00036386
0.00036386
0.00036386
0.00036386
0.00036386
0.00036386
0.00036386
0.00036386
0.00036386
0.00036386
0.00036386
0.00036386
0.00036386
0.00036386
0.00036386
0.00036386
0.00036386
0.00036386
0.00036386
0.00036386
0.00036386
0.00036386
0.00036386
0.00036386
0.00036386
0.00036386
0.00036386
0.00036386
0.00036386
0.00036386
0.00036386
0.00036386
0.00036386
0.00036386
0.00036386
0.00036386
0.00036386
0.00036386
0.00036386
0.00036386
0.00036386
0.00036386
0.00036386
0.00036386
0.00036386
0.00036386
0.00036386
0.00036386
0.00036386
0.00036386
0.00036386
0.00036386
0.00036386
0.00036386
0.00036386
0.00036386
0.00036386
0.00036386
0.00036386
0.00036386
0.00036386
0.00036386
0.00036386
0.00036386
0.00036386
0.00036386
0.00036386
0.00036386
0.00036386
0.00036386
0.00036386
0.00036386
0.00036386
0.00036386
0.00036386
0.00036386
0.00036386
0.00036386
0.00036386
0.00036386
0.00036386
0.00036386
0.00036386
0.00036386
0.00036386
0.00036386
0.00036386
0.00036386
0.00036386
0.00036386
0.00036386
0.00036386
0.00036386
0.00036386
0.00036386
0.00036386
0.00036386
0.00036386
0.00036386
0.00036386
0.00036386
0.00036386
0.00036386
0.00036386
0.00036386
0.00036386
0.00036386
0.00036386
0.00036386
0.00036386
0.00036386
0.00036386
0.00036386
0.00036386
0.00036386
0.00036386
0.00036386
0.00036386
0.00012129
0.00012129
0.00012129
0.00012129
0.00012129
0.00012129
0.00012129
0.00012129
0.00012129
0.00012129
0.00012129
0.00012129
0.00012129
0.00012129
0.00012129
0.00012129
0.00012129
0.00012129
0.00012129
0.00012129
0.00012129
0.00012129
0.00012129
0.00012129
0.00012129
0.00012129
0.00012129
0.00012129
0.00012129
0.00012129
0.00012129
0.00012129
0.00012129
0.00012129
0.00012129
0.00012129
0.00012129
0.00012129
0.00012129
0.00012129
0.00012129
0.00012129
0.00012129
0.00012129
0.00012129
0.00012129
0.00012129
0.00012129
0.00012129
0.00012129
0.00012129
0.00012129
0.00012129
0.00012129
0.00012129
0.00012129
0.00012129
0.00012129
0.00012129
0.00012129
0.00012129
0.00012129
0.00012129
0.00012129
0.00012129
0.00012129
0.00012129
0.00012129
0.00012129
0.00012129
0.00012129
0.00012129
0.00012129
0.00012129
0.00012129
0.00012129
0.00012129
0.00012129
0.00012129
0.00012129
0.00012129
0.00012129
0.00012129
0.00012129
0.00012129
0.00012129
0.00012129
0.00012129
0.00012129
0.00012129
0.00012129
0.00012129
0.00012129
0.00012129
0.00012129
0.00012129
0.00012129
0.00012129
0.00012129
0.00012129
0.00012129
0.00012129
0.00012129
0.00012129
0.00012129
0.00012129
0.00012129
0.00012129
0.00012129
0.00012129
0.00012129
0.00012129
0.00012129
0.00012129
0.00012129
0.00012129
0.00012129
0.00012129
0.00012129
0.00012129
0.00012129
0.00012129
0.00012129
0.00012129
0.00012129
0.00012129
0.00012129
0.00012129
0.00012129
0.00012129
0.00012129
0.00012129
0.00012129
0.00012129
0.00012129
0.00012129
0.00012129
0.00012129
0.00012129
0.00012129
0.00012129
0.00012129
0.00012129
0.00012129
0.00012129
0.00012129
0.00012129
0.00012129
0.00012129
0.00012129
0.00012129
0.00012129
0.00012129
0.00012129
0.00012129
0.00012129
0.00012129
0.00012129
0.00012129
0.00012129
0.00012129
0.00012129
0.00012129
0.00012129
0.00012129
0.00012129
0.00012129
0.00012129
0.00012129
0.00012129
0.00012129
0.00012129
0.00012129
0.00012129
0.00012129
0.00012129
0.00012129
0.00012129
0.00012129
0.00012129
0.00012129
0.00012129
0.00012129
0.00012129
0.00012129
0.00012129
0.00012129
0.00012129
0.00012129
0.00012129
0.00012129
0.00012129
0.00012129
0.00012129
0.00012129
0.00012129
0.00012129
0.00012129
0.00012129
0.00012129
0.00012129
0.00012129
0.00012129
0.00012129
0.00012129
0.00012129
0.00012129
0.00012129
0.00012129
0.00012129
0.00012129
0.00012129
0.00012129
0.00012129
0.00012129
0.00012129
0.00012129
0.00012129
0.00012129
0.00012129
0.00012129
0.00012129
0.00012129
0.00012129
0.00012129
0.00012129
0.00012129
0.00012129
0.00012129
0.00012129
0.00012129
0.00012129
0.00012129
0.00012129
0.00012129
0.00012129
0.00012129
0.00012129
0.00012129
0.00012129
0.00012129
0.00012129
0.00012129
0.00012129
0.00012129
0.00012129
0.00012129
0.00012129
0.00012129
0.00012129
0.00012129
0.00012129
0.00012129
0.00012129
0.00012129
0.00012129
0.00012129
0.00012129
0.00012129
0.00012129
0.00012129
0.00012129
0.00012129
0.00012129
0.00012129
0.00012129
0.00012129
0.00012129
0.00012129
0.00012129
0.00012129
0.00012129
0.00012129
0.00012129
0.00012129
0.00012129
0.00012129
0.00012129
0.00012129
0.00012129
0.00012129
0.00012129
0.00012129
0.00012129
0.00012129
0.00012129
0.00012129
0.00012129
0.00012129
0.00012129
0.00012129
0.00012129
0.00012129
0.00012129
0.00012129
0.00012129
0.00012129
0.00012129
0.00012129
0.00012129
0.00012129
0.00012129
0.00012129
0.00012129
0.00012129
0.00012129
0.00012129
0.00012129
0.00012129
0.00012129
0.00012129
0.00012129
0.00012129
0.00012129
0.00012129
0.00012129
0.00012129
0.00012129
0.00012129
0.00012129
0.00012129
0.00012129
0.00012129
0.00012129
0.00012129
0.00012129
0.00012129
0.00012129
0.00012129
0.00012129
0.00012129
0.00012129
0.00012129
0.00012129
0.00012129
0.00012129
0.00012129
0.00012129
0.00012129
0.00012129
0.00012129
0.00012129
0.00012129
0.00012129
0.00012129
0.00012129
0.00012129
0.00012129
0.00012129
0.00012129
0.00012129
0.00012129
0.00012129
0.00012129
0.00012129
0.00012129
0.00012129
0.00012129
0.00012129
0.00012129
0.00012129
0.00012129
0.00012129
0.00012129
0.00012129
0.00012129
0.00012129
0.00012129
0.00012129
0.00012129
0.00012129
0.00012129
0.00012129
0.00012129
0.00012129
0.00012129
0.00012129
0.00012129
0.00012129
0.00012129
0.00012129
0.00012129
0.00012129
0.00012129
0.00012129
0.00012129
0.00012129
0.00012129
0.00012129
0.00012129
0.00012129
0.00012129
0.00012129
0.00012129
0.00012129
0.00012129
0.00012129
0.00012129
0.00012129
0.00012129
0.00012129
0.00012129
0.00012129
0.00012129
0.00012129
0.00012129
0.00012129
0.00012129
0.00012129
0.00012129
0.00012129
0.00012129
0.00012129
0.00012129
0.00012129
0.00012129
0.00012129
0.00012129
0.00012129
0.00012129
0.00012129
0.00012129
0.00012129
0.00012129
0.00012129
0.00012129
0.00012129
0.00012129
0.00012129
0.00012129
0.00012129
0.00012129
0.00012129
0.00012129
0.00012129
0.00012129
0.00012129
0.00012129
0.00012129
0.00012129
0.00012129
0.00012129
0.00012129
0.00012129
0.00012129
0.00012129
0.00012129
0.00012129
0.00012129
0.00012129
0.00012129
0.00012129
0.00012129
0.00012129
0.00012129
0.00012129
0.00012129
0.00012129
0.00012129
0.00012129
0.00012129
0.00012129
0.00012129
0.00012129
0.00012129
0.00012129
0.00012129
0.00012129
0.00012129
0.00012129
0.00012129
0.00012129
0.00012129
0.00012129
0.00012129
0.00012129
0.00012129
0.00012129
0.00012129
0.00012129
0.00012129
0.00012129
0.00012129
0.00012129
0.00012129
0.00012129
0.00012129
0.00012129
0.00012129
0.00012129
0.00012129
0.00012129
0.00012129
0.00012129
0.00012129
0.00012129
0.00012129
0.00012129
0.00012129
0.00012129
0.00012129
0.00012129
0.00012129
0.00012129
0.00012129
0.00012129
0.00012129
0.00012129
0.00012129
0.00012129
0.00012129
0.00012129
0.00012129
0.00012129
0.00012129
0.00012129
0.00012129
0.00012129
0.00012129
0.00012129
0.00012129
0.00012129
0.00012129
0.00012129
0.00012129
0.00012129
0.00012129
0.00012129
0.00012129
0.00012129
0.00012129
0.00012129
0.00012129
0.00012129
0.00012129
0.00012129
0.00012129
0.00012129
0.00012129
0.00012129
0.00012129
0.00012129
0.00012129
0.00012129
0.00012129
0.00012129
0.00012129
0.00012129
0.00012129
0.00012129
0.00012129
0.00012129
0.00012129
0.00012129
0.00012129
0.00012129
0.00012129
0.00012129
0.00012129
0.00012129
0.00012129
0.00012129
0.00012129
0.00012129
0.00012129
0.00012129
0.00012129
0.00012129
0.00012129
0.00012129
0.00012129
0.00012129
0.00012129
0.00012129
0.00012129
0.00012129
0.00012129
0.00012129
0.00012129
0.00012129
0.00012129
0.00012129
0.00012129
0.00012129
0.00012129
0.00012129
0.00012129
0.00012129
0.00012129
0.00012129
0.00012129
0.00012129
0.00012129
0.00012129
0.00012129
0.00012129
0.00012129
0.00012129
0.00012129
0.00012129
0.00012129
0.00012129
0.00012129
0.00012129
0.00012129
0.00012129
0.00012129
0.00012129
0.00012129
0.00012129
0.00012129
0.00012129
0.00012129
0.00012129
0.00012129
0.00012129
0.00012129
0.00012129
0.00012129
0.00012129
0.00012129
0.00012129
0.00012129
0.00012129
0.00012129
0.00012129
0.00012129
0.00012129
0.00012129
0.00012129
0.00012129
0.00012129
0.00012129
0.00012129
0.00012129
0.00012129
0.00012129
0.00012129
0.00012129
0.00012129
0.00012129
0.00012129
0.00012129
0.00012129
0.00012129
0.00012129
0.00012129
0.00012129
0.00012129
0.00012129
0.00012129
0.00012129
0.00012129
0.00012129
0.00012129
0.00012129
0.00012129
0.00012129
0.00012129
0.00012129
0.00012129
0.00012129
0.00012129
0.00012129
0.00012129
0.00012129
0.00012129
0.00012129
0.00012129
0.00012129
0.00012129
0.00012129
0.00012129
0.00012129
0.00012129
0.00012129
0.00012129
0.00012129
0.00012129
0.00012129
0.00012129
0.00012129
0.00012129
0.00012129
0.00012129
0.00012129
0.00012129
0.00012129
0.00012129
0.00012129
0.00012129
0.00012129
0.00012129
0.00012129
0.00012129
0.00012129
0.00012129
0.00012129
0.00012129
0.00012129
0.00012129
0.00012129
0.00012129
0.00012129
0.00012129
0.00012129
0.00012129
0.00012129
0.00012129
0.00012129
0.00012129
0.00012129
0.00012129
0.00012129
0.00012129
0.00012129
0.00012129
0.00012129
0.00012129
0.00012129
0.00012129
0.00012129
0.00012129
0.00012129
0.00012129
0.00012129
0.00012129
0.00012129
0.00012129
0.00012129
0.00012129
0.00012129
0.00012129
0.00012129
0.00012129
0.00012129
0.00012129
0.00012129
0.00012129
0.00012129
0.00012129
0.00012129
0.00012129
0.00012129
0.00012129
0.00012129
0.00012129
0.00012129
0.00012129
0.00012129
0.00012129
0.00012129
0.00012129
0.00012129
0.00012129
0.00012129
0.00012129
0.00012129
0.00012129
0.00012129
0.00012129
0.00012129
0.00012129
0.00012129
0.00012129
0.00012129
0.00012129
0.00012129
0.00012129
0.00012129
0.00012129
0.00012129
0.00012129
0.00012129
0.00012129
0.00012129
0.00012129
0.00012129
0.00012129
0.00012129
0.00012129
0.00012129
0.00012129
0.00012129
0.00012129
0.00012129
0.00012129
0.00012129
0.00012129
0.00012129
0.00012129
0.00012129
0.00012129
0.00012129
0.00012129
0.00012129
0.00012129
0.00012129
0.00012129
0.00012129
0.00012129
0.00012129
0.00012129
0.00012129
0.00012129
0.00012129
0.00012129
0.00012129
0.00012129
0.00012129
0.00012129
0.00012129
0.00012129
0.00012129
0.00012129
0.00012129
0.00012129
0.00012129
0.00012129
0.00012129
0.00012129
0.00012129
0.00012129
0.00012129
0.00012129
0.00012129
0.00012129
0.00012129
0.00012129
0.00012129
0.00012129
0.00012129
0.00012129
0.00012129
0.00012129
0.00012129
0.00012129
0.00012129
0.00012129
0.00012129
0.00012129
0.00012129
0.00012129
0.00012129
0.00012129
0.00012129
0.00012129
0.00012129
0.00012129
0.00012129
0.00012129
0.00012129
0.00012129
0.00012129
0.00012129
0.00012129
0.00012129
0.00012129
0.00012129
0.00012129
0.00012129
0.00012129
0.00012129
0.00012129
0.00012129
0.00012129
0.00012129
0.00012129
0.00012129
0.00012129
0.00012129
0.00012129
0.00012129
0.00012129
0.00012129
0.00012129
0.00012129
0.00012129
0.00012129
0.00012129
0.00012129
0.00012129
0.00012129
0.00012129
0.00012129
0.00012129
0.00012129
0.00012129
0.00012129
0.00012129
0.00012129
0.00012129
0.00012129
0.00012129
0.00012129
0.00012129
0.00012129
0.00012129
0.00012129
0.00012129
0.00012129
0.00012129
0.00012129
0.00012129
0.00012129
0.00012129
0.00012129
0.00012129
0.00012129
0.00012129
0.00012129
0.00012129
0.00012129
0.00012129
0.00012129
0.00012129
0.00012129
0.00012129
0.00012129
0.00012129
0.00012129
0.00012129
0.00012129
0.00012129
0.00012129
0.00012129
0.00012129
0.00012129
0.00012129
0.00012129
0.00012129
0.00012129
0.00012129
0.00012129
0.00012129
0.00012129
0.00012129
0.00012129
0.00012129
0.00012129
0.00012129
0.00012129
0.00012129
0.00012129
0.00012129
0.00012129
0.00012129
0.00012129
0.00012129
0.00012129
0.00012129
0.00012129
0.00012129
0.00012129
0.00012129
0.00012129
0.00012129
0.00012129
0.00012129
0.00012129
0.00012129
0.00012129
0.00012129
0.00012129
0.00012129
0.00012129
0.00012129
0.00012129
0.00012129
0.00012129
0.00012129
0.00012129
0.00012129
0.00012129
0.00012129
0.00012129
0.00012129
0.00012129
0.00012129
0.00012129
0.00012129
0.00012129
0.00012129
0.00012129
0.00012129
0.00012129
0.00012129
0.00012129
0.00012129
0.00012129
0.00012129
0.00012129
0.00012129
0.00012129
0.00012129
0.00012129
0.00012129
0.00012129
0.00012129
0.00012129
0.00012129
0.00012129
0.00012129
0.00012129
0.00012129
0.00012129
0.00012129
0.00012129
0.00012129
0.00012129
0.00012129
0.00012129
0.00012129
0.00012129
0.00012129
0.00012129
0.00012129
0.00012129
0.00012129
0.00012129
0.00012129
0.00012129
0.00012129
0.00012129
0.00012129
0.00012129
0.00012129
0.00012129
0.00012129
0.00012129
0.00012129
0.00012129
0.00012129
0.00012129
0.00012129
0.00012129
0.00012129
0.00012129
0.00012129
0.00012129
0.00012129
0.00012129
0.00012129
0.00012129
0.00012129
0.00012129
0.00012129
0.00012129
0.00012129
0.00012129
0.00012129
0.00012129
0.00012129
0.00012129
0.00012129
0.00012129
0.00012129
0.00012129
0.00012129
0.00012129
0.00012129
0.00012129
0.00012129
0.00012129
0.00012129
0.00012129
0.00012129
0.00012129
0.00012129
0.00012129
0.00012129
0.00012129
0.00012129
0.00012129
0.00012129
0.00012129
0.00012129
0.00012129
0.00012129
0.00012129
0.00012129
0.00012129
0.00012129
0.00012129
0.00012129
0.00012129
0.00012129
0.00012129
0.00012129
0.00012129
0.00012129
0.00012129
0.00012129
0.00012129
0.00012129
0.00012129
0.00012129
0.00012129
0.00012129
0.00012129
0.00012129
0.00012129
0.00012129
0.00012129
0.00012129
0.00012129
0.00012129
0.00012129
0.00012129
0.00012129
0.00012129
0.00012129
0.00012129
0.00012129
0.00012129
0.00012129
0.00012129
0.00012129
0.00012129
0.00012129
0.00012129
0.00012129
0.00012129
0.00012129
0.00012129
0.00012129
0.00012129
0.00012129
0.00012129
0.00012129
0.00012129
0.00012129
0.00012129
0.00012129
0.00012129
0.00012129
0.00012129
0.00012129
0.00012129
0.00012129
0.00012129
0.00012129
0.00012129
0.00012129
0.00012129
0.00012129
0.00012129
0.00012129
0.00012129
0.00012129
0.00012129
0.00012129
0.00012129
0.00012129
0.00012129
0.00012129
0.00012129
0.00012129
0.00012129
0.00012129
0.00012129
0.00012129
0.00012129
0.00012129
0.00012129
0.00012129
0.00012129
0.00012129
0.00012129
0.00012129
0.00012129
0.00012129
0.00012129
0.00012129
0.00012129
0.00012129
0.00012129
0.00012129
0.00012129
0.00012129
0.00012129
0.00012129
0.00012129
0.00012129
0.00012129
0.00012129
0.00012129
0.00012129
0.00012129
0.00012129
0.00012129
0.00012129
0.00012129
0.00012129
0.00012129
0.00012129
0.00012129
0.00012129
0.00012129
0.00012129
0.00012129
0.00012129
0.00012129
0.00012129
0.00012129
0.00012129
0.00012129
0.00012129
0.00012129
0.00012129
0.00012129
0.00012129
0.00012129
0.00012129
0.00012129
0.00012129
0.00012129
0.00012129
0.00012129
0.00012129
0.00012129
0.00012129
0.00012129
0.00012129
0.00012129
0.00012129
0.00012129
0.00012129
0.00012129
0.00012129
0.00012129
0.00012129
0.00012129
0.00012129
0.00012129
0.00012129
0.00012129
0.00012129
0.00012129
0.00012129
0.00012129
0.00012129
0.00012129
0.00012129
0.00012129
0.00012129
0.00012129
0.00012129
0.00012129
0.00012129
0.00012129
0.00012129
0.00012129
0.00012129
0.00012129
0.00012129
0.00012129
0.00012129
0.00012129
0.00012129
0.00012129
0.00012129
0.00012129
0.00012129
0.00012129
0.00012129
0.00012129
0.00012129
0.00012129
0.00012129
0.00012129
0.00012129
0.00012129
0.00012129
0.00012129
0.00012129
0.00012129
0.00012129
0.00012129
0.00012129
0.00012129
0.00012129
0.00012129
0.00012129
0.00012129
0.00012129
0.00012129
0.00012129
0.00012129
0.00012129
0.00012129
0.00012129
0.00012129
0.00012129
0.00012129
0.00012129
0.00012129
0.00012129
0.00012129
0.00012129
0.00012129
0.00012129
0.00012129
0.00012129
0.00012129
0.00012129
0.00012129
0.00012129
0.00012129
0.00012129
0.00012129
0.00012129
0.00012129
0.00012129
0.00012129
0.00012129
0.00012129
0.00012129
0.00012129
0.00012129
0.00012129
0.00012129
0.00012129
0.00012129
0.00012129
0.00012129
0.00012129
0.00012129
0.00012129
0.00012129
0.00012129
0.00012129
0.00012129
0.00012129
0.00012129
0.00012129
0.00012129
0.00012129
0.00012129
0.00012129
0.00012129
0.00012129
0.00012129
0.00012129
0.00012129
0.00012129
0.00012129
0.00012129
0.00012129
0.00012129
0.00012129
0.00012129
0.00012129
0.00012129
0.00012129
0.00012129
0.00012129
0.00012129
0.00012129
0.00012129
0.00012129
0.00012129
0.00012129
0.00012129
0.00012129
0.00012129
0.00012129
0.00012129
0.00012129
0.00012129
0.00012129
0.00012129
0.00012129
0.00012129
0.00012129
0.00012129
0.00012129
0.00012129
0.00012129
0.00012129
0.00012129
0.00012129
0.00012129
0.00012129
0.00012129
0.00012129
0.00012129
0.00012129
0.00012129
0.00012129
0.00012129
0.00012129
0.00012129
0.00012129
0.00012129
0.00012129
0.00012129
0.00012129
0.00012129
0.00012129
0.00012129
0.00012129
0.00012129
0.00012129
0.00012129
0.00012129
0.00012129
0.00012129
0.00012129
0.00012129
0.00012129
0.00012129
0.00012129
0.00012129
0.00012129
0.00012129
0.00012129
0.00012129
0.00012129
0.00012129
0.00012129
0.00012129
0.00012129
0.00012129
0.00012129
0.00012129
0.00012129
0.00012129
0.00012129
0.00012129
0.00012129
0.00012129
0.00012129
0.00012129
0.00012129
0.00012129
0.00012129
0.00012129
0.00012129
0.00012129
0.00012129
0.00012129
0.00012129
0.00012129
0.00012129
0.00012129
0.00012129
0.00012129
0.00012129
0.00012129
0.00012129
0.00012129
0.00012129
0.00012129
0.00012129
0.00012129
0.00012129
0.00012129
0.00012129
0.00012129
0.00012129
0.00012129
0.00012129
0.00012129
0.00012129
0.00012129
0.00012129
0.00012129
0.00012129
0.00012129
0.00012129
0.00012129
0.00012129
0.00012129
0.00012129
0.00012129
0.00012129
0.00012129
0.00012129
0.00012129
0.00012129
0.00012129
0.00012129
0.00012129
0.00012129
0.00012129
0.00012129
0.00012129
0.00012129
0.00012129
0.00012129
0.00012129
0.00012129
0.00012129
0.00012129
0.00012129
0.00012129
0.00012129
0.00012129
0.00012129
0.00012129
0.00012129
0.00012129
0.00012129
0.00012129
0.00012129
0.00012129
0.00012129
0.00012129
0.00012129
0.00012129
0.00012129
0.00012129
0.00012129
0.00012129
0.00012129
0.00012129
0.00012129
0.00012129
0.00012129
0.00012129
0.00012129
0.00012129
0.00012129
0.00012129
0.00012129
0.00012129
0.00012129
0.00012129
0.00012129
0.00012129
0.00012129
0.00012129
0.00012129
0.00012129
0.00012129
0.00012129
0.00012129
0.00012129
0.00012129
0.00012129
0.00012129
0.00012129
0.00012129
0.00012129
0.00012129
0.00012129
0.00012129
0.00012129
0.00012129
0.00012129
0.00012129
0.00012129
0.00012129
0.00012129
0.00012129
0.00012129
0.00012129
0.00012129
0.00012129
0.00012129
0.00012129
0.00012129
0.00012129
0.00012129
0.00012129
0.00012129
0.00012129
0.00012129
0.00012129
0.00012129
0.00012129
0.00012129
0.00012129
0.00012129
0.00012129
0.00012129
0.00012129
0.00012129
0.00012129
0.00012129
0.00012129
0.00012129
0.00012129
0.00012129
0.00012129
0.00012129
0.00012129
0.00012129
0.00012129
0.00012129
0.00012129
0.00012129
0.00012129
0.00012129
0.00012129
0.00012129
0.00012129
0.00012129
0.00012129
0.00012129
0.00012129
0.00012129
0.00012129
0.00012129
0.00012129
0.00012129
0.00012129
0.00012129
0.00012129
0.00012129
0.00012129
0.00012129
0.00012129
0.00012129
0.00012129
0.00012129
0.00012129
0.00012129
0.00012129
0.00012129
0.00012129
0.00012129
0.00012129
0.00012129
0.00012129
0.00012129
0.00012129
0.00012129
0.00012129
0.00012129
0.00012129
0.00012129
0.00012129
0.00012129
0.00012129
0.00012129
0.00012129
0.00012129
0.00012129
0.00012129
0.00012129
0.00012129
0.00012129
0.00012129
0.00012129
0.00012129
0.00012129
0.00012129
0.00012129
0.00012129
0.00012129
0.00012129
0.00012129
0.00012129
0.00012129
0.00012129
0.00012129
0.00012129
0.00012129
0.00012129
0.00012129
0.00012129
0.00012129
0.00012129
0.00012129
0.00012129
0.00012129
0.00012129
0.00012129
0.00012129
0.00012129
0.00012129
0.00012129
0.00012129
0.00012129
0.00012129
0.00012129
0.00012129
0.00012129
0.00012129
0.00012129
0.00012129
0.00012129
0.00012129
0.00012129
0.00012129
0.00012129
0.00012129
0.00012129
0.00012129
0.00012129
0.00012129
0.00012129
0.00012129
0.00012129
0.00012129
0.00012129
0.00012129
0.00012129
0.00012129
0.00012129
0.00012129
0.00012129
0.00012129
0.00012129
0.00012129
0.00012129
0.00012129
0.00012129
0.00012129
0.00012129
0.00012129
0.00012129
0.00012129
0.00012129
0.00012129
0.00012129
0.00012129
0.00012129
0.00012129
0.00012129
0.00012129
0.00012129
0.00012129
0.00012129
0.00012129
0.00012129
0.00012129
0.00012129
0.00012129
0.00012129
0.00012129
0.00012129
0.00012129
0.00012129
0.00012129
0.00012129
0.00012129
0.00012129
0.00012129
0.00012129
0.00012129
0.00012129
0.00012129
0.00012129
0.00012129
0.00012129
0.00012129
0.00012129
0.00012129
0.00012129
0.00012129
0.00012129
0.00012129
0.00012129
0.00012129
0.00012129
0.00012129
0.00012129
0.00012129
0.00012129
0.00012129
0.00012129
0.00012129
0.00012129
0.00012129
0.00012129
0.00012129
0.00012129
0.00012129
0.00012129
0.00012129
0.00012129
0.00012129
0.00012129
0.00012129
0.00012129
0.00012129
0.00012129
0.00012129
0.00012129
0.00012129
0.00012129
0.00012129
0.00012129
0.00012129
0.00012129
0.00012129
0.00012129
0.00012129
0.00012129
0.00012129
0.00012129
0.00012129
0.00012129
0.00012129
0.00012129
0.00012129
0.00012129
0.00012129
0.00012129
0.00012129
0.00012129
0.00012129
0.00012129
0.00012129
0.00012129
0.00012129
0.00012129
0.00012129
0.00012129
0.00012129
0.00012129
0.00012129
0.00012129
0.00012129
0.00012129
0.00012129
0.00012129
0.00012129
0.00012129
0.00012129
0.00012129
0.00012129
0.00012129
0.00012129
0.00012129
0.00012129
0.00012129
0.00012129
0.00012129
0.00012129
0.00012129
0.00012129
0.00012129
0.00012129
0.00012129
0.00012129
0.00012129
0.00012129
0.00012129
0.00012129
0.00012129
0.00012129
0.00012129
0.00012129
0.00012129
0.00012129
0.00012129
0.00012129
0.00012129
0.00012129
0.00012129
0.00012129
0.00012129
0.00012129
0.00012129
0.00012129
0.00012129
0.00012129
0.00012129
0.00012129
0.00012129
0.00012129
0.00012129
0.00012129
0.00012129
0.00012129
0.00012129
0.00012129
0.00012129
0.00012129
0.00012129
0.00012129
0.00012129
0.00012129
0.00012129
0.00012129
0.00012129
0.00012129
0.00012129
0.00012129
0.00012129
0.00012129
0.00012129
0.00012129
0.00012129
0.00012129
0.00012129
0.00012129
0.00012129
0.00012129
0.00012129
0.00012129
0.00012129
0.00012129
0.00012129
0.00012129
0.00012129
0.00012129
0.00012129
0.00012129
0.00012129
0.00012129
0.00012129
0.00012129
0.00012129
0.00012129
0.00012129
0.00012129
0.00012129
0.00012129
0.00012129
0.00012129
0.00012129
0.00012129
0.00012129
0.00012129
0.00012129
0.00012129
0.00012129
0.00012129
0.00012129
0.00012129
0.00012129
0.00012129
0.00012129
0.00012129
0.00012129
0.00012129
0.00012129
0.00012129
0.00012129
0.00012129
0.00012129
0.00012129
0.00012129
0.00012129
0.00012129
0.00012129
0.00012129
0.00012129
0.00012129
0.00012129
0.00012129
0.00012129
0.00012129
0.00012129
0.00012129
0.00012129
0.00012129
0.00012129
0.00012129
0.00012129
0.00012129
0.00012129
0.00012129
0.00012129
0.00012129
0.00012129
0.00012129
0.00012129
0.00012129
0.00012129
0.00012129
0.00012129
0.00012129
0.00012129
0.00012129
0.00012129
0.00012129
0.00012129
0.00012129
0.00012129
0.00012129
0.00012129
0.00012129
0.00012129
0.00012129
0.00012129
0.00012129
0.00012129
0.00012129
0.00012129
0.00012129
0.00012129
0.00012129
0.00012129
0.00012129
0.00012129
0.00012129
0.00012129
0.00012129
0.00012129
0.00012129
0.00012129
0.00012129
0.00012129
0.00012129
0.00012129
0.00012129
0.00012129
0.00012129
0.00012129
0.00012129
0.00012129
0.00012129
0.00012129
0.00012129
0.00012129
0.00012129
0.00012129
0.00012129
0.00012129
0.00012129
0.00012129
0.00012129
0.00012129
0.00012129
0.00012129
0.00012129
0.00012129
0.00012129
0.00012129
0.00012129
0.00012129
0.00012129
0.00012129
0.00012129
0.00012129
0.00012129
0.00012129
0.00012129
0.00012129
0.00012129
0.00012129
0.00012129
0.00012129
0.00012129
0.00012129
0.00012129
0.00012129
0.00012129
0.00012129
0.00012129
0.00012129
0.00012129
0.00012129
0.00012129
0.00012129
0.00012129
0.00012129
0.00012129
0.00012129
0.00012129
0.00012129
0.00012129
0.00012129
0.00012129
0.00012129
0.00012129
0.00012129
0.00012129
0.00012129
0.00012129
0.00012129
0.00012129
0.00012129
0.00012129
0.00012129
0.00012129
0.00012129
0.00012129
0.00012129
0.00012129
0.00012129
0.00012129
0.00012129
0.00012129
0.00012129
0.00012129
0.00012129
0.00012129
0.00012129
0.00012129
0.00012129
0.00012129
0.00012129
0.00012129
0.00012129
0.00012129
0.00012129
0.00012129
0.00012129
0.00012129
0.00012129
0.00012129
0.00012129
0.00012129
0.00012129
0.00012129
0.00012129
0.00012129
0.00012129
0.00012129
0.00012129
0.00012129
0.00012129
0.00012129
0.00012129
0.00012129
0.00012129
0.00012129
0.00012129
0.00012129
0.00012129
0.00012129
0.00012129
0.00012129
0.00012129
0.00012129
0.00012129
0.00012129
0.00012129
0.00012129
0.00012129
0.00012129
0.00012129
0.00012129
0.00012129
0.00012129
0.00012129
0.00012129
0.00012129
0.00012129
0.00012129
0.00012129
0.00012129
0.00012129
0.00012129
0.00012129
0.00012129
0.00012129
0.00012129
0.00012129
0.00012129
0.00012129
0.00012129
0.00012129
0.00012129
0.00012129
0.00012129
0.00012129
0.00012129
0.00012129
0.00012129
0.00012129
0.00012129
0.00012129
0.00012129
0.00012129
0.00012129
0.00012129
0.00012129
0.00012129
0.00012129
0.00012129
0.00012129
0.00012129
0.00012129
0.00012129
0.00012129
0.00012129
0.00012129
0.00012129
0.00012129
0.00012129
0.00012129
0.00012129
0.00012129
0.00012129
0.00012129
0.00012129
0.00012129
0.00012129
0.00012129
0.00012129
0.00012129
0.00012129
0.00012129
0.00012129
0.00012129
0.00012129
0.00012129
0.00012129
0.00012129
0.00012129
0.00012129
0.00012129
0.00012129
0.00012129
0.00012129
0.00012129
0.00012129
0.00012129
0.00012129
0.00012129
0.00012129
0.00012129
0.00012129
0.00012129
0.00012129
0.00012129
0.00012129
0.00012129
0.00012129
0.00012129
0.00012129
0.00012129
0.00012129
0.00012129
0.00012129
0.00012129
0.00012129
0.00012129
0.00012129
0.00012129
0.00012129
0.00012129
0.00012129
0.00012129
0.00012129
0.00012129
0.00012129
0.00012129
0.00012129
0.00012129
0.00012129
0.00012129
0.00012129
0.00012129
0.00012129
0.00012129
0.00012129
0.00012129
0.00012129
0.00012129
0.00012129
0.00012129
0.00012129
0.00012129
0.00012129
0.00012129
0.00012129
0.00012129
0.00012129
0.00012129
0.00012129
0.00012129
0.00012129
0.00012129
0.00012129
0.00012129
0.00012129
0.00012129
0.00012129
0.00012129
0.00012129
0.00012129
0.00012129
0.00012129
0.00012129
0.00012129
0.00012129
0.00012129
0.00012129
0.00012129
0.00012129
0.00012129
0.00012129
0.00012129
0.00012129
0.00012129
0.00012129
0.00012129
0.00012129
0.00012129
0.00012129
0.00012129
0.00012129
0.00012129
0.00012129
0.00012129
0.00012129
0.00012129
0.00012129
0.00012129
0.00012129
0.00012129
0.00012129
0.00012129
0.00012129
0.00012129
0.00012129
0.00012129
0.00012129
0.00012129
0.00012129
0.00012129
0.00012129
0.00012129
0.00012129
0.00012129
0.00012129
0.00012129
0.00012129
0.00012129
0.00012129
0.00012129
0.00012129
0.00012129
0.00012129
0.00012129
0.00012129
0.00012129
0.00012129
0.00012129
0.00012129
0.00012129
0.00012129
0.00012129
0.00012129
0.00012129
0.00012129
0.00012129
0.00012129
0.00012129
0.00012129
0.00012129
0.00012129
0.00012129
0.00012129
0.00012129
0.00012129
0.00012129
0.00012129
0.00012129
0.00012129
0.00012129
0.00012129
0.00012129
0.00012129
0.00012129
0.00012129
0.00012129
0.00012129
0.00012129
0.00012129
0.00012129
0.00012129
0.00012129
0.00012129
0.00012129
0.00012129
0.00012129
0.00012129
0.00012129
0.00012129
0.00012129
0.00012129
0.00012129
0.00012129
0.00012129
0.00012129
0.00012129
0.00012129
0.00012129
0.00012129
0.00012129
0.00012129
0.00012129
0.00012129
0.00012129
0.00012129
0.00012129
0.00012129
0.00012129
0.00012129
0.00012129
0.00012129
0.00012129
0.00012129
0.00012129
0.00012129
0.00012129
0.00012129
0.00012129
0.00012129
0.00012129
0.00012129
0.00012129
0.00012129
0.00012129
0.00012129
0.00012129
0.00012129
0.00012129
0.00012129
0.00012129
0.00012129
0.00012129
0.00012129
0.00012129
0.00012129
0.00012129
0.00012129
0.00012129
0.00012129
0.00012129
0.00012129
0.00012129
0.00012129
0.00012129
0.00012129
0.00012129
0.00012129
0.00012129
0.00012129
0.00012129
0.00012129
0.00012129
0.00012129
0.00012129
0.00012129
0.00012129
0.00012129
0.00012129
0.00012129
0.00012129
0.00012129
0.00012129
0.00012129
0.00012129
0.00012129
0.00012129
0.00012129
0.00012129
0.00012129
0.00012129
0.00012129
0.00012129
0.00012129
0.00012129
0.00012129
0.00012129
0.00012129
0.00012129
0.00012129
0.00012129
0.00012129
0.00012129
0.00012129
0.00012129
0.00012129
0.00012129
0.00012129
0.00012129
0.00012129
0.00012129
0.00012129
0.00012129
0.00012129
0.00012129
0.00012129
0.00012129
0.00012129
0.00012129
0.00012129
0.00012129
0.00012129
0.00012129
0.00012129
0.00012129
0.00012129
0.00012129
0.00012129
0.00012129
0.00012129
0.00012129
0.00012129
0.00012129
0.00012129
0.00012129
0.00012129
0.00012129
0.00012129
0.00012129
0.00012129
0.00012129
0.00012129
0.00012129
0.00012129
0.00012129
0.00012129
0.00012129
0.00012129
0.00012129
0.00012129
0.00012129
0.00012129
0.00012129
0.00012129
0.00012129
0.00012129
0.00012129
0.00012129
0.00012129
0.00012129
0.00012129
0.00012129
0.00012129
0.00012129
0.00012129
0.00012129
0.00012129
0.00012129
0.00012129
0.00012129
0.00012129
0.00012129
0.00012129
0.00012129
0.00012129
0.00012129
0.00012129
0.00012129
0.00012129
0.00012129
0.00012129
0.00012129
0.00012129
0.00012129
0.00012129
0.00012129
0.00012129
0.00012129
0.00012129
0.00012129
0.00012129
0.00012129
0.00012129
0.00012129
0.00012129
0.00012129
0.00012129
0.00012129
0.00012129
0.00012129
0.00012129
0.00012129
0.00012129
0.00012129
0.00012129
0.00012129
0.00012129
0.00012129
0.00012129
0.00012129
0.00012129
0.00012129
0.00012129
0.00012129
0.00012129
0.00012129
0.00012129
0.00012129
0.00012129
0.00012129
0.00012129
0.00012129
0.00012129
0.00012129
0.00012129
0.00012129
0.00012129
0.00012129
0.00012129
0.00012129
0.00012129
0.00012129
0.00012129
0.00012129
0.00012129
0.00012129
0.00012129
0.00012129
0.00012129
0.00012129
0.00012129
0.00012129
0.00012129
0.00012129
0.00012129
0.00012129
0.00012129
0.00012129
0.00012129
0.00012129
0.00012129
0.00012129
0.00012129
0.00012129
0.00012129
0.00012129
0.00012129
0.00012129
0.00012129
0.00012129
0.00012129
0.00012129
0.00012129
0.00012129
0.00012129
0.00012129
0.00012129
0.00012129
0.00012129
0.00012129
0.00012129
0.00012129
0.00012129
0.00012129
0.00012129
0.00012129
0.00012129
0.00012129
0.00012129
0.00012129
0.00012129
0.00012129
0.00012129
0.00012129
0.00012129
0.00012129
0.00012129
0.00012129
0.00012129
0.00012129
0.00012129
0.00012129
0.00012129
0.00012129
0.00012129
0.00012129
0.00012129
0.00012129
0.00012129
0.00012129
0.00012129
0.00012129
0.00012129
0.00012129
0.00012129
0.00012129
0.00012129
0.00012129
0.00012129
0.00012129
0.00012129
0.00012129
0.00012129
0.00012129
0.00012129
0.00012129
0.00012129
0.00012129
0.00012129
0.00012129
0.00012129
0.00012129
0.00012129
0.00012129
0.00012129
0.00012129
0.00012129
0.00012129
0.00012129
0.00012129
0.00012129
0.00012129
0.00012129
0.00012129
0.00012129
0.00012129
0.00012129
0.00012129
0.00012129
0.00012129
0.00012129
0.00012129
0.00012129
0.00012129
0.00012129
0.00012129
0.00012129
0.00012129
0.00012129
0.00012129
0.00012129
0.00012129
0.00012129
0.00012129
0.00012129
0.00012129
0.00012129
0.00012129
0.00012129
0.00012129
0.00012129
0.00012129
0.00012129
0.00012129
0.00012129
0.00012129
0.00012129
0.00012129
0.00012129
0.00012129
0.00012129
0.00012129
0.00012129
0.00012129
0.00012129
0.00012129
0.00012129
0.00012129
0.00012129
0.00012129
0.00012129
0.00012129
0.00012129
0.00012129
0.00012129
0.00012129
0.00012129
0.00012129
0.00012129
0.00012129
0.00012129
0.00012129
0.00012129
0.00012129
0.00012129
0.00012129
0.00012129
0.00012129
0.00012129
0.00012129
0.00012129
0.00012129
0.00012129
0.00012129
0.00012129
0.00012129
0.00012129
0.00012129
0.00012129
0.00012129
0.00012129
0.00012129
0.00012129
0.00012129
0.00012129
0.00012129
0.00012129
0.00012129
0.00012129
0.00012129
0.00012129
0.00012129
0.00012129
0.00012129
0.00012129
0.00012129
0.00012129
0.00012129
0.00012129
0.00012129
0.00012129
0.00012129
0.00012129
0.00012129
0.00012129
0.00012129
0.00012129
0.00012129
0.00012129
0.00012129
0.00012129
0.00012129
0.00012129
0.00012129
0.00012129
0.00012129
0.00012129
0.00012129
0.00012129
0.00012129
0.00012129
0.00012129
0.00012129
0.00012129
0.00012129
0.00012129
0.00012129
0.00012129
0.00012129
0.00012129
0.00012129
0.00012129
0.00012129
0.00012129
0.00012129
0.00012129
0.00012129
0.00012129
0.00012129
0.00012129
0.00012129
0.00012129
0.00012129
0.00012129
0.00012129
0.00012129
0.00012129
0.00012129
0.00012129
0.00012129
0.00012129
0.00012129
0.00012129
0.00012129
0.00012129
0.00012129
0.00012129
0.00012129
0.00012129
0.00012129
0.00012129
0.00012129
0.00012129
0.00012129
0.00012129
0.00012129
0.00012129
0.00012129
0.00012129
0.00012129
0.00012129
0.00012129
0.00012129
0.00012129
0.00012129
0.00012129
0.00012129
0.00012129
0.00012129
0.00012129
0.00012129
0.00012129
0.00012129
0.00012129
0.00012129
0.00012129
0.00012129
0.00012129
0.00012129
0.00012129
0.00012129
0.00012129
0.00012129
0.00012129
0.00012129
0.00012129
0.00012129
0.00012129
0.00012129
0.00012129
0.00012129
0.00012129
0.00012129
0.00012129
0.00012129
0.00012129
0.00012129
0.00012129
0.00012129
0.00012129
0.00012129
0.00012129
0.00012129
0.00012129
0.00012129
0.00012129
0.00012129
0.00012129
0.00012129
0.00012129
0.00012129
0.00012129
0.00012129
0.00012129
0.00012129
0.00012129
0.00012129
0.00012129
0.00012129
0.00012129
0.00012129
0.00012129
0.00012129
0.00012129
0.00012129
0.00012129
0.00012129
0.00012129
0.00012129
0.00012129
0.00012129
0.00012129
0.00012129
0.00012129
0.00012129
0.00012129
0.00012129
0.00012129
0.00012129
0.00012129
0.00012129
0.00012129
0.00012129
0.00012129
0.00012129
0.00012129
0.00012129
0.00012129
0.00012129
0.00012129
0.00012129
0.00012129
0.00012129
0.00012129
0.00012129
0.00012129
0.00012129
0.00012129
0.00012129
0.00012129
0.00012129
0.00012129
0.00012129
0.00012129
0.00012129
0.00012129
0.00012129
0.00012129
0.00012129
0.00012129
0.00012129
0.00012129
0.00012129
0.00012129
0.00012129
0.00012129
0.00012129
0.00012129
0.00012129
0.00012129
0.00012129
0.00012129
0.00012129
0.00012129
0.00012129
0.00012129
0.00012129
0.00012129
0.00012129
0.00012129
0.00012129
0.00012129
0.00012129
0.00012129
0.00012129
0.00012129
0.00012129
0.00012129
0.00012129
0.00012129
0.00012129
0.00012129
0.00012129
0.00012129
0.00012129
0.00012129
0.00012129
0.00012129
0.00012129
0.00012129
0.00012129
0.00012129
0.00012129
0.00012129
0.00012129
0.00012129
0.00012129
0.00012129
0.00012129
0.00012129
0.00012129
0.00012129
0.00012129
0.00012129
0.00012129
0.00012129
0.00012129
0.00012129
0.00012129
0.00012129
0.00012129
0.00012129
0.00012129
0.00012129
0.00012129
0.00012129
0.00012129
0.00012129
0.00012129
0.00012129
0.00012129
0.00012129
0.00012129
0.00012129
0.00012129
0.00012129
0.00012129
0.00012129
0.00012129
0.00012129
0.00012129
0.00012129
0.00012129
0.00012129
0.00012129
0.00012129
0.00012129
0.00012129
0.00012129
0.00012129
0.00012129
0.00012129
0.00012129
0.00012129
0.00012129
0.00012129
0.00012129
0.00012129
0.00012129
0.00012129
0.00012129
0.00012129
0.00012129
0.00012129
0.00012129
0.00012129
0.00012129
0.00012129
0.00012129
0.00012129
0.00012129
0.00012129
0.00012129
0.00012129
0.00012129
0.00012129
0.00012129
0.00012129
0.00012129
0.00012129
0.00012129
0.00012129
0.00012129
0.00012129
0.00012129
0.00012129
0.00012129
0.00012129
0.00012129
0.00012129
0.00012129
0.00012129
0.00012129
0.00012129
0.00012129
0.00012129
0.00012129
0.00012129
0.00012129
0.00012129
0.00012129
0.00012129
0.00012129
0.00012129
0.00012129
0.00012129
0.00012129
0.00012129
0.00012129
0.00012129
0.00012129
0.00012129
0.00012129
0.00012129
0.00012129
0.00012129
0.00012129
0.00012129
0.00012129
0.00012129
0.00012129
0.00012129
0.00012129
0.00012129
0.00012129
0.00012129
0.00012129
0.00012129
0.00012129
0.00012129
0.00012129
0.00012129
0.00012129
0.00012129
0.00012129
0.00012129
0.00012129
0.00012129
0.00012129
0.00012129
0.00012129
0.00012129
0.00012129
0.00012129
0.00012129
0.00012129
0.00012129
0.00012129
0.00012129
0.00012129
0.00012129
0.00012129
0.00012129
0.00012129
0.00012129
0.00012129
0.00012129
0.00012129
0.00012129
0.00012129
0.00012129
0.00012129
0.00012129
0.00012129
0.00012129
0.00012129
0.00012129
0.00012129
0.00012129
0.00012129
0.00012129
0.00012129
0.00012129
0.00012129
0.00012129
0.00012129
0.00012129
0.00012129
0.00012129
0.00012129
0.00012129
0.00012129
0.00012129
0.00012129
0.00012129
0.00012129
0.00012129
0.00012129
0.00012129
0.00012129
0.00012129
0.00012129
0.00012129
0.00012129
0.00012129
0.00012129
0.00012129
0.00012129
0.00012129
0.00012129
0.00012129
0.00012129
0.00012129
0.00012129
0.00012129
0.00012129
0.00012129
0.00012129
0.00012129
0.00012129
0.00012129
0.00012129
0.00012129
0.00012129
0.00012129
0.00012129
0.00012129
0.00012129
0.00012129
0.00012129
0.00012129
0.00012129
0.00012129
0.00012129
0.00012129
0.00012129
0.00012129
0.00012129
0.00012129
0.00012129
0.00012129
0.00012129
0.00012129
0.00012129
0.00012129
0.00012129
0.00012129
0.00012129
0.00012129
0.00012129
0.00012129
0.00012129
0.00012129
0.00012129
0.00012129
0.00012129
0.00012129
0.00012129
0.00012129
0.00012129
0.00012129
0.00012129
0.00012129
0.00012129
0.00012129
0.00012129
0.00012129
0.00012129
0.00012129
0.00012129
0.00012129
0.00012129
0.00012129
0.00012129
0.00012129
0.00012129
0.00012129
0.00012129
0.00012129
0.00012129
0.00012129
0.00012129
0.00012129
0.00012129
0.00012129
0.00012129
0.00012129
0.00012129
0.00012129
0.00012129
0.00012129
0.00012129
0.00012129
0.00012129
0.00012129
0.00012129
0.00012129
0.00012129
0.00012129
0.00012129
0.00012129
0.00012129
0.00012129
0.00012129
0.00012129
0.00012129
0.00012129
0.00012129
0.00012129
0.00012129
0.00012129
0.00012129
0.00012129
0.00012129
0.00012129
0.00012129
0.00012129
0.00012129
0.00012129
0.00012129
0.00012129
0.00012129
0.00012129
0.00012129
0.00012129
0.00012129
0.00012129
0.00012129
0.00012129
0.00012129
0.00012129
0.00012129
0.00012129
0.00012129
0.00012129
0.00012129
0.00012129
0.00012129
0.00012129
0.00012129
0.00012129
0.00012129
0.00012129
0.00012129
0.00012129
0.00012129
0.00012129
0.00012129
0.00012129
0.00012129
0.00012129
0.00012129
0.00012129
0.00012129
0.00012129
0.00012129
0.00012129
0.00012129
0.00012129
0.00012129
0.00012129
0.00012129
0.00012129
0.00012129
0.00012129
0.00012129
0.00012129
0.00012129
0.00012129
0.00012129
0.00012129
0.00012129
0.00012129
0.00012129
0.00012129
0.00012129
0.00012129
0.00012129
0.00012129
0.00012129
0.00012129
0.00012129
0.00012129
0.00012129
0.00012129
0.00012129
0.00012129
0.00012129
0.00012129
0.00012129
0.00012129
0.00012129
0.00012129
0.00012129
0.00012129
0.00012129
0.00012129
0.00012129
0.00012129
0.00012129
0.00012129
0.00012129
0.00012129
0.00012129
0.00012129
0.00012129
0.00012129
0.00012129
0.00012129
0.00012129
0.00012129
0.00012129
0.00012129
0.00012129
0.00012129
0.00012129
0.00012129
0.00012129
0.00012129
0.00012129
0.00012129
0.00012129
0.00012129
0.00012129
0.00012129
0.00012129
0.00012129
0.00012129
0.00012129
0.00012129
0.00012129
0.00012129
0.00012129
0.00012129
0.00012129
0.00012129
0.00012129
0.00012129
0.00012129
0.00012129
0.00012129
0.00012129
0.00012129
0.00012129
0.00012129
0.00012129
0.00012129
0.00012129
0.00012129
0.00012129
0.00012129
0.00012129
0.00012129
0.00012129
0.00012129
0.00012129
0.00012129
0.00012129
0.00012129
0.00012129
0.00012129
0.00012129
0.00012129
0.00012129
0.00012129
0.00012129
0.00012129
0.00012129
0.00012129
0.00012129
0.00012129
0.00012129
0.00012129
0.00012129
0.00012129
0.00012129
0.00012129
0.00012129
0.00012129
0.00012129
0.00012129
0.00012129
0.00012129
0.00012129
0.00012129
0.00012129
0.00012129
0.00012129
0.00012129
0.00012129
0.00012129
0.00012129
0.00012129
0.00012129
0.00012129
0.00012129
0.00012129
0.00012129
0.00012129
0.00012129
0.00012129
0.00012129
0.00012129
0.00012129
0.00012129
0.00012129
0.00012129
0.00012129
0.00012129
0.00012129
0.00012129
0.00012129
0.00012129
0.00012129
0.00012129
0.00012129
0.00012129
0.00012129
0.00012129
0.00012129
0.00012129
0.00012129
0.00012129
0.00012129
0.00012129
0.00012129
0.00012129
0.00012129
0.00012129
0.00012129
0.00012129
0.00012129
0.00012129
0.00012129
0.00012129
0.00012129
0.00012129
0.00012129
0.00012129
0.00012129
0.00012129
0.00012129
0.00012129
0.00012129
0.00012129
0.00012129
0.00012129
0.00012129
0.00012129
0.00012129
0.00012129
0.00012129
0.00012129
0.00012129
0.00012129
0.00012129
0.00012129
0.00012129
0.00012129
0.00012129
0.00012129
0.00012129
0.00012129
0.00012129
0.00012129
0.00012129
0.00012129
0.00012129
0.00012129
0.00012129
0.00012129
0.00012129
0.00012129
0.00012129
0.00012129
0.00012129
0.00012129
0.00012129
0.00012129
0.00012129
0.00012129
0.00012129
0.00012129
0.00012129
0.00012129
0.00012129
0.00012129
0.00012129
0.00012129
0.00012129
0.00012129
0.00012129
0.00012129
0.00012129
0.00012129
0.00012129
0.00012129
0.00012129
0.00012129
0.00012129
0.00012129
0.00012129
0.00012129
0.00012129
0.00012129
0.00012129
0.00012129
0.00012129
0.00012129
0.00012129
0.00012129
0.00012129
0.00012129
0.00012129
0.00012129
0.00012129
0.00012129
0.00012129
0.00012129
0.00012129
0.00012129
0.00012129
0.00012129
0.00012129
0.00012129
0.00012129
0.00012129
0.00012129
0.00012129
0.00012129
0.00012129
0.00012129
0.00012129
0.00012129
0.00012129
0.00012129
0.00012129
0.00012129
0.00012129
0.00012129
0.00012129
0.00012129
0.00012129
0.00012129
0.00012129
0.00012129
0.00012129
0.00012129
0.00012129
0.00012129
0.00012129
0.00012129
0.00012129
0.00012129
0.00012129
0.00012129
0.00012129
0.00012129
0.00012129
0.00012129
0.00012129
0.00012129
0.00012129
0.00012129
0.00012129
0.00012129
0.00012129
0.00012129
0.00012129
0.00012129
0.00012129
0.00012129
0.00012129
0.00012129
0.00012129
0.00012129
0.00012129
0.00012129
0.00012129
0.00012129
0.00012129
0.00012129
0.00012129
0.00012129
0.00012129
0.00012129
0.00012129
0.00012129
0.00012129
0.00012129
0.00012129
0.00012129
0.00012129
0.00012129
0.00012129
0.00012129
0.00012129
0.00012129
0.00012129
0.00012129
0.00012129
0.00012129
0.00012129
0.00012129
0.00012129
0.00012129
0.00012129
0.00012129
0.00012129
0.00012129
0.00012129
0.00012129
0.00012129
0.00012129
0.00012129
0.00012129
0.00012129
0.00012129
0.00012129
0.00012129
0.00012129
0.00012129
0.00012129
0.00012129
0.00012129
0.00012129
0.00012129
0.00012129
0.00012129
0.00012129
0.00012129
0.00012129
0.00012129
0.00012129
0.00012129
0.00012129
0.00012129
0.00012129
0.00012129
0.00012129
0.00012129
0.00012129
0.00012129
0.00012129
0.00012129
0.00012129
0.00012129
0.00012129
0.00012129
0.00012129
0.00012129
0.00012129
0.00012129
0.00012129
0.00012129
0.00012129
0.00012129
0.00012129
0.00012129
0.00012129
0.00012129
0.00012129
0.00012129
0.00012129
0.00012129
0.00012129
0.00012129
0.00012129
0.00012129
0.00012129
0.00012129
0.00012129
0.00012129
0.00012129
0.00012129
0.00012129
0.00012129
0.00012129
0.00012129
0.00012129
0.00012129
0.00012129
0.00012129
0.00012129
0.00012129
0.00012129
0.00012129
0.00012129
0.00012129
0.00012129
0.00012129
0.00012129
0.00012129
0.00012129
0.00012129
0.00012129
0.00012129
0.00012129
0.00012129
0.00012129
0.00012129
0.00012129
0.00012129
0.00012129
0.00012129
0.00012129
0.00012129
0.00012129
0.00012129
0.00012129
0.00012129
0.00012129
0.00012129
0.00012129
0.00012129
0.00012129
0.00012129
0.00012129
0.00012129
0.00012129
0.00012129
0.00012129
0.00012129
0.00012129
0.00012129
0.00012129
0.00012129
0.00012129
0.00012129
0.00012129
0.00012129
0.00012129
0.00012129
0.00012129
0.00012129
0.00012129
0.00012129
0.00012129
0.00012129
0.00012129
0.00012129
0.00012129
0.00012129
0.00012129
0.00012129
0.00012129
0.00012129
0.00012129
0.00012129
0.00012129
0.00012129
0.00012129
0.00012129
