0.93720618
0.93703828
0.93687038
0.93670248
0.93653459
0.93636669
0.93619879
0.93603089
0.93586300
0.93569510
0.93552720
0.93535930
0.93519140
0.93502351
0.93485561
0.93468771
0.93451981
0.93435191
0.93418402
0.93401612
0.93384822
0.93368032
0.93351242
0.93334453
0.93317663
0.93300873
0.93284083
0.93267293
0.93250504
0.93233714
0.93216924
0.93200134
0.93183345
0.93166555
0.93149765
0.93132975
0.93116185
0.93099396
0.93082606
0.93065816
0.93049026
0.93032236
0.93015447
0.92998657
0.92981867
0.92830759
0.92813969
0.92797179
0.92763600
0.92746810
0.92746810
0.92730020
0.92696441
0.92629281
0.92595702
0.92578912
0.92562122
0.92545332
0.92528543
0.92511753
0.92494963
0.92478173
0.92461383
0.92444594
0.92427804
0.92411014
0.92394224
0.92377435
0.92360645
0.92343855
0.92310275
0.92276696
0.92259906
0.92243116
0.92226326
0.92209537
0.92192747
0.92175957
0.92159167
0.92142377
0.92125588
0.92108798
0.92092008
0.92075218
0.92058428
0.92041639
0.92024849
0.92008059
0.91991269
0.91974480
0.91957690
0.91940900
0.91924110
0.91907320
0.91890531
0.91873741
0.91856951
0.91840161
0.91823371
0.91806582
0.91789792
0.91773002
0.91756212
0.91739422
0.91638684
0.91621894
0.91605104
0.91588314
0.91571525
0.91554735
0.91537945
0.91521155
0.91504365
0.91470786
0.91453996
0.91437206
0.91420416
0.91386837
0.91370047
0.91353257
0.91302888
0.91286098
0.91269308
0.91252518
0.91235729
0.91218939
0.91202149
0.91168570
0.91151780
0.91134990
0.91118200
0.91101410
0.91084621
0.91067831
0.91051041
0.91034251
0.91017461
0.91000672
0.90983882
0.90967092
0.90950302
0.90933512
0.90899933
0.90883143
0.90866353
0.90849563
0.90832774
0.90799194
0.90782404
0.90765615
0.90748825
0.90732035
0.90715245
0.90698455
0.90681666
0.90664876
0.90648086
0.90614506
0.90597717
0.90580927
0.90564137
0.90496978
0.90480188
0.90463398
0.90446608
0.90429819
0.90413029
0.90396239
0.90379449
0.90362660
0.90345870
0.90329080
0.90312290
0.90295500
0.90261921
0.90245131
0.90228341
0.90194762
0.90177972
0.90161182
0.90144392
0.90127602
0.90110813
0.90077233
0.90043653
0.90026864
0.90010074
0.89993284
0.89976494
0.89959704
0.89942915
0.89926125
0.89909335
0.89892545
0.89875756
0.89858966
0.89842176
0.89825386
0.89808596
0.89741437
0.89724647
0.89707858
0.89691068
0.89674278
0.89657488
0.89640698
0.89623909
0.89607119
0.89590329
0.89573539
0.89556749
0.89539960
0.89523170
0.89506380
0.89489590
0.89456011
0.89439221
0.89422431
0.89405641
0.89388852
0.89372062
0.89355272
0.89338482
0.89321692
0.89304903
0.89288113
0.89271323
0.89254533
0.89237743
0.89220954
0.89187374
0.89170584
0.89153794
0.89137005
0.89120215
0.89103425
0.89086635
0.89069846
0.89053056
0.89036266
0.89019476
0.89002686
0.88985897
0.88969107
0.88952317
0.88935527
0.88918737
0.88901948
0.88885158
0.88868368
0.88851578
0.88834788
0.88801209
0.88784419
0.88767629
0.88750839
0.88734050
0.88717260
0.88700470
0.88683680
0.88666891
0.88650101
0.88633311
0.88616521
0.88599731
0.88582942
0.88566152
0.88549362
0.88532572
0.88515782
0.88498993
0.88482203
0.88465413
0.88448623
0.88431833
0.88415044
0.88398254
0.88381464
0.88364674
0.88347884
0.88331095
0.88314305
0.88297515
0.88280725
0.88263936
0.88247146
0.88230356
0.88213566
0.88196776
0.88179987
0.88163197
0.88146407
0.88129617
0.88112827
0.88096038
0.88062458
0.88045668
0.87995299
0.87978509
0.87961719
0.87944929
0.87928140
0.87894560
0.87877770
0.87860981
0.87844191
0.87827401
0.87810611
0.87793821
0.87760242
0.87743452
0.87726662
0.87709872
0.87693083
0.87676293
0.87642713
0.87625923
0.87609134
0.87592344
0.87575554
0.87558764
0.87541974
0.87525185
0.87491605
0.87474815
0.87458026
0.87441236
0.87390866
0.87374077
0.87357287
0.87340497
0.87323707
0.87306917
0.87290128
0.87273338
0.87256548
0.87239758
0.87222968
0.87206179
0.87189389
0.87155809
0.87139019
0.87122230
0.87105440
0.87088650
0.87071860
0.87055071
0.87038281
0.87021491
0.87004701
0.86987911
0.86971122
0.86954332
0.86920752
0.86903962
0.86887173
0.86870383
0.86853593
0.86820013
0.86803224
0.86786434
0.86769644
0.86752854
0.86736064
0.86719275
0.86702485
0.86685695
0.86668905
0.86652116
0.86635326
0.86618536
0.86601746
0.86584956
0.86568167
0.86551377
0.86534587
0.86517797
0.86501007
0.86484218
0.86467428
0.86450638
0.86417058
0.86400269
0.86383479
0.86366689
0.86349899
0.86333109
0.86316320
0.86299530
0.86282740
0.86265950
0.86249161
0.86232371
0.86215581
0.86198791
0.86182001
0.86165212
0.86148422
0.86131632
0.86114842
0.86098052
0.86081263
0.86047683
0.86030893
0.86014103
0.85997314
0.85980524
0.85963734
0.85946944
0.85930154
0.85913365
0.85896575
0.85879785
0.85862995
0.85846206
0.85829416
0.85812626
0.85762257
0.85745467
0.85728677
0.85711887
0.85695097
0.85678308
0.85661518
0.85644728
0.85627938
0.85611148
0.85594359
0.85577569
0.85560779
0.85543989
0.85527199
0.85510410
0.85493620
0.85476830
0.85443251
0.85426461
0.85409671
0.85392881
0.85376091
0.85359302
0.85342512
0.85325722
0.85308932
0.85292142
0.85275353
0.85258563
0.85241773
0.85224983
0.85208193
0.85191404
0.85174614
0.85157824
0.85141034
0.85124244
0.85107455
0.85073875
0.85057085
0.85023506
0.85006716
0.84989926
0.84973136
0.84939557
0.84922767
0.84905977
0.84889187
0.84872398
0.84838818
0.84822028
0.84805238
0.84788449
0.84771659
0.84754869
0.84620551
0.84570181
0.84536602
0.84519812
0.84419073
0.84351914
0.84335124
0.84267965
0.84234385
0.84184016
0.84066488
0.84016118
0.83881800
0.83814641
0.83781061
0.83764271
0.83747482
0.83629953
0.83546004
0.83512424
0.83462055
0.83428475
0.83411686
0.83394896
0.83378106
0.83310947
0.83193418
0.83092680
0.83042310
0.82958361
0.82891202
0.82874412
0.82807253
0.82706514
0.82689725
0.82639355
0.82622565
0.82588986
0.82588986
0.82572196
0.82538617
0.82454668
0.82303559
0.82253190
0.82219610
0.82186031
0.82135662
0.82118872
0.82051713
0.82018133
0.81967764
0.81934184
0.81900604
0.81833445
0.81766286
0.81699127
0.81615178
0.81598388
0.81480860
0.81464070
0.81447280
0.81430490
0.81363331
0.81279382
0.81262592
0.81245803
0.81229013
0.81212223
0.81178643
0.81161854
0.81145064
0.81128274
0.81111484
0.81094694
0.81077905
0.81061115
0.81044325
0.81027535
0.81010745
0.80993956
0.80977166
0.80943586
0.80926797
0.80910007
0.80893217
0.80876427
0.80859637
0.80842848
0.80826058
0.80809268
0.80792478
0.80775688
0.80758899
0.80742109
0.80725319
0.80708529
0.80691739
0.80674950
0.80658160
0.80641370
0.80624580
0.80607790
0.80591001
0.80557421
0.80540631
0.80523842
0.80507052
0.80490262
0.80473472
0.80456682
0.80439893
0.80423103
0.80372733
0.80355944
0.80322364
0.80305574
0.80288784
0.80238415
0.80188046
0.80137676
0.80104097
0.80087307
0.80003358
0.79986568
0.79902619
0.79835460
0.79801880
0.79701142
0.79667562
0.79617193
0.79583613
0.79533244
0.79348556
0.79298187
0.79197448
0.79163868
0.79130289
0.79063130
0.78962391
0.78912021
0.78844862
0.78828073
0.78794493
0.78760913
0.78744124
0.78727334
0.78660175
0.78643385
0.78593015
0.78559436
0.78525856
0.78492277
0.78341169
0.78307589
0.78274009
0.78257220
0.78206850
0.78156481
0.78122901
0.78089322
0.78038952
0.77971793
0.77955003
0.77854265
0.77719946
0.77619208
0.77535259
0.77400940
0.77367361
0.77316991
0.77249832
0.77199463
0.77149093
0.77132304
0.77081934
0.77065144
0.76964406
0.76897246
0.76846877
0.76830087
0.76762928
0.76729349
0.76645400
0.76611820
0.76544661
0.76511081
0.76460712
0.76343183
0.76326394
0.76292814
0.76276024
0.76242445
0.76225655
0.76192075
0.76158496
0.76124916
0.76074547
0.75973808
0.75940228
0.75889859
0.75755541
0.75705171
0.75654802
0.75486904
0.75470114
0.75436535
0.75352586
0.75285426
0.75251847
0.75218267
0.74932841
0.74899261
0.74865682
0.74798522
0.74781733
0.74748153
0.74697784
0.74680994
0.74613835
0.74546676
0.74479516
0.74479516
0.74479516
0.74429147
0.74378778
0.74328408
0.74261249
0.74244459
0.74210880
0.74177300
0.74126931
0.74042982
0.73925453
0.73925453
0.73891874
0.73841504
0.73740766
0.73556078
0.73539288
0.73472129
0.73404970
0.73388180
0.73354600
0.73237072
0.73203492
0.73069174
0.73018805
0.72951645
0.72918066
0.72850907
0.72766958
0.72733378
0.72716588
0.72683009
0.72666219
0.72548690
0.72481531
0.72447952
0.72431162
0.72414372
0.72397582
0.72246474
0.72196105
0.71910678
0.71877099
0.71776360
0.71759570
0.71675621
0.71558093
0.71524513
0.71406985
0.71373405
0.71306246
0.71289456
0.71155138
0.71138348
0.71104768
0.71071189
0.71054399
0.71004030
0.70903291
0.70752183
0.70718603
0.70500336
0.70466756
0.70433177
0.70416387
0.70399597
0.70382807
0.70366017
0.70332438
0.70315648
0.70298858
0.70248489
0.70231699
0.70214909
0.70198120
0.70164540
0.70080591
0.70047011
0.70047011
0.70047011
0.70047011
0.69828744
0.69728005
0.69593687
0.69459369
0.69442579
0.69325050
0.69308261
0.69257891
0.69224312
0.69224312
0.69207522
0.69056414
0.69022834
0.68955675
0.68871726
0.68485561
0.68435191
0.68351242
0.68334453
0.68250504
0.68200134
0.68166555
0.68132975
0.68082606
0.68032236
0.67948287
0.67897918
0.67830759
0.67780390
0.67763600
0.67679651
0.67578912
0.67461383
0.67360645
0.67226326
0.67209537
0.67159167
0.67142377
0.67092008
0.67041639
0.66991269
0.66907320
0.66856951
0.66756212
0.66588314
0.66571525
0.66487576
0.66386837
0.66336467
0.66302888
0.66286098
0.66118200
0.66101410
0.66084621
0.66067831
0.66034251
0.66000672
0.65950302
0.65933512
0.65883143
0.65732035
0.65715245
0.65664876
0.65597717
0.65513768
0.65480188
0.65463398
0.65396239
0.65362660
0.65329080
0.65261921
0.65228341
0.65177972
0.65127602
0.65077233
0.64993284
0.64942915
0.64909335
0.64791807
0.64741437
0.64707858
0.64657488
0.64573539
0.64472801
0.64405641
0.64304903
0.64271323
0.64103425
0.64086635
0.64053056
0.63851578
0.63767629
0.63717260
0.63717260
0.63683680
0.63549362
0.63482203
0.63415044
0.63364674
0.63263936
0.63213566
0.63179987
0.63096038
0.63012089
0.63012089
0.62911350
0.62844191
0.62793821
0.62709872
0.62676293
0.62659503
0.62558764
0.62424446
0.62390866
0.62088650
0.62004701
0.61920752
0.61887173
0.61870383
0.61820013
0.61803224
0.61769644
0.61719275
0.61685695
0.61652116
0.61635326
0.61601746
0.61551377
0.61417058
0.61383479
0.61148422
0.61081263
0.61030893
0.60963734
0.60913365
0.60879785
0.60476830
0.60443251
0.60376091
0.60308932
0.60275353
0.60275353
0.60241773
0.60124244
0.60107455
0.59889187
0.59822028
0.59771659
0.59603761
0.59267965
0.59167226
0.59150437
0.59133647
0.59116857
0.59049698
0.58932169
0.58848220
0.58797851
0.58713902
0.58663533
0.58663533
0.58629953
0.58562794
0.58529214
0.58495635
0.58445265
0.58411686
0.58378106
0.58344527
0.58210208
0.57941572
0.57924782
0.57857623
0.57790463
0.57740094
0.57689725
0.57488247
0.57337139
0.57303559
0.57253190
0.57186031
0.57135662
0.57068502
0.56883815
0.56682337
0.56648758
0.56430490
0.56396911
0.56380121
0.56279382
0.56111484
0.56044325
0.55876427
0.55859637
0.55322364
0.55271995
0.55188046
0.54147079
0.54046340
0.53979181
0.53945601
0.53895232
0.53861652
0.53844862
0.53794493
0.53777703
0.53744124
0.53693754
0.53609805
0.53525856
0.53458697
0.53156481
0.53156481
0.53072532
0.53005373
0.52938214
0.52854265
0.52820685
0.52719946
0.52719946
0.52602418
0.52568838
0.52451310
0.52417730
0.52400940
0.52182673
0.52115514
0.52065144
0.52048355
0.52014775
0.51997985
0.51846877
0.51813298
0.51746138
0.51561451
0.51527871
0.51494291
0.51343183
0.51158496
0.51141706
0.51124916
0.51124916
0.51108126
0.51091336
0.51074547
0.51057757
0.50973808
0.50822700
0.50772330
0.50755541
0.50688381
0.50621222
0.50134318
0.50100739
0.50083949
0.50033580
0.49966420
0.49882471
0.49848892
0.49781733
0.49714574
0.49613835
0.49597045
0.49597045
0.49580255
0.49563465
0.49445937
0.49445937
0.49110141
0.49110141
0.49042982
0.49009402
0.48875084
0.48841504
0.48807925
0.48690396
0.48371390
0.48371390
0.48321021
0.48253862
0.47985225
0.47364003
0.47364003
0.47313633
0.44509738
0.44492948
0.44106783
0.44089993
0.43838146
0.43821357
0.43586300
0.43451981
0.43368032
0.43284083
0.42897918
0.42813969
0.42763600
0.42662861
0.42545332
0.37575554
0.37458026
0.37441236
0.37323707
0.36920752
0.36903962
0.36870383
0.36618536
0.36484218
0.36417058
0.36316320
0.36232371
0.35980524
0.35930154
0.35661518
0.34838818
0.34805238
0.34452653
0.34284755
0.34150437
0.34133647
0.34116857
0.34083277
0.34083277
0.34066488
0.33898590
0.33898590
0.33814641
0.33781061
0.33613163
0.33562794
0.29382136
0.29130289
0.29029550
0.28878442
0.28861652
0.28727334
0.28710544
0.28593015
0.28593015
0.28593015
0.28593015
0.28492277
0.28307589
0.28307589
0.28307589
0.26779718
0.26460712
0.26443922
0.26359973
0.26242445
0.25990598
0.25772330
0.25638012
0.25570853
0.24815312
0.24748153
0.24513096
0.24412357
0.24361988
0.24160510
0.24160510
0.24160510
0.24093351
0.24076561
0.23807925
0.23404970
0.23388180
0.23304231
0.23153123
0.22733378
0.22649429
0.22599060
0.22464741
0.22464741
0.22196105
0.22196105
0.21994627
0.21910678
0.21877099
0.21423774
0.21155138
0.21020819
0.20987240
0.20987240
0.20987240
0.20936870
0.20903291
0.20903291
0.20685024
0.19811954
0.19660846
0.19560107
0.19560107
0.18200134
0.18200134
0.18032236
0.17780390
0.17780390
0.17746810
0.16789792
0.16789792
0.16789792
0.16789792
0.16789792
0.16789792
0.15144392
0.14976494
0.14808596
0.14674278
0.14590329
0.14422431
0.14321692
0.14153794
0.09586971
0.09452653
0.09452653
0.08143049
0.08143049
0.08042310
0.07907992
0.07740094
0.07740094
0.06766286
0.06766286
0.06682337
0.06682337
0.06682337
0.06682337
0.06682337
0.06564809
0.06564809
0.06480860
0.06480860
0.06480860
0.06480860
0.06480860
0.06480860
0.06480860
0.06380121
0.04684352
0.04550034
0.04550034
0.04550034
0.04550034
0.04550034
0.04550034
0.04550034
0.04550034
0.04550034
0.02921424
0.02921424
0.02921424
0.02921424
0.02753526
0.02753526
0.02753526
0.02753526
0.02753526
0.02753526
0.02736736
0.02736736
0.02736736
0.02736736
0.02736736
0.02669577
0.02568838
0.01511081
0.00822700
0.00822700
0.00822700
0.00822700
0.00822700
0.00822700
0.00822700
0.00822700
0.00822700
0.00822700
0.00822700
0.00201478
0.00201478
0.00201478
0.00201478
0.00201478
0.00201478
0.00201478
0.00201478
0.00201478
0.00201478
0.00201478
0.00201478
0.00201478
0.00167898
0.00167898
0.00167898
0.00167898
0.00167898
0.00167898
0.00167898
0.00167898
0.00167898
0.00167898
0.00167898
0.00167898
0.00151108
0.00151108
0.00151108
0.00151108
0.00151108
0.00151108
0.00151108
0.00151108
0.00151108
0.00151108
0.00151108
0.00151108
0.00151108
0.00151108
0.00151108
0.00151108
0.00151108
0.00151108
0.00151108
0.00151108
0.00151108
0.00151108
0.00151108
0.00151108
0.00151108
0.00151108
0.00151108
0.00151108
0.00151108
0.00151108
0.00151108
0.00151108
0.00151108
0.00151108
0.00151108
0.00151108
0.00151108
0.00151108
0.00151108
0.00151108
0.00151108
0.00151108
0.00151108
0.00151108
0.00117529
0.00100739
0.00100739
0.00100739
0.00100739
0.00100739
0.00100739
0.00100739
0.00100739
0.00100739
0.00100739
0.00100739
0.00100739
0.00100739
0.00100739
0.00100739
0.00100739
0.00100739
0.00100739
0.00100739
0.00100739
0.00100739
0.00100739
0.00100739
0.00100739
0.00100739
0.00100739
0.00100739
0.00100739
0.00100739
0.00100739
0.00100739
0.00100739
0.00100739
0.00100739
0.00100739
0.00100739
0.00100739
0.00100739
0.00100739
0.00100739
0.00100739
0.00100739
0.00100739
0.00100739
0.00100739
0.00100739
0.00100739
0.00100739
0.00100739
0.00100739
0.00100739
0.00100739
0.00100739
0.00100739
0.00100739
0.00100739
0.00100739
0.00100739
0.00100739
0.00100739
0.00100739
0.00100739
0.00100739
0.00100739
0.00100739
0.00100739
0.00100739
0.00100739
0.00100739
0.00100739
0.00100739
0.00100739
0.00100739
0.00100739
0.00100739
0.00100739
0.00100739
0.00100739
0.00100739
0.00100739
0.00100739
0.00100739
0.00100739
0.00100739
0.00100739
0.00100739
0.00100739
0.00100739
0.00100739
0.00100739
0.00100739
0.00100739
0.00100739
0.00100739
0.00100739
0.00100739
0.00100739
0.00100739
0.00100739
0.00100739
0.00100739
0.00100739
0.00100739
0.00100739
0.00100739
0.00100739
0.00100739
0.00100739
0.00100739
0.00100739
0.00083949
0.00083949
0.00083949
0.00083949
0.00083949
0.00083949
0.00083949
0.00083949
0.00083949
0.00083949
0.00083949
0.00083949
0.00083949
0.00083949
0.00083949
0.00083949
0.00083949
0.00083949
0.00083949
0.00083949
0.00083949
0.00083949
0.00083949
0.00083949
0.00083949
0.00083949
0.00083949
0.00083949
0.00083949
0.00083949
0.00083949
0.00083949
0.00083949
0.00083949
0.00083949
0.00083949
0.00083949
0.00083949
0.00083949
0.00083949
0.00083949
0.00083949
0.00083949
0.00083949
0.00083949
0.00083949
0.00083949
0.00083949
0.00083949
0.00083949
0.00083949
0.00083949
0.00083949
0.00083949
0.00083949
0.00083949
0.00067159
0.00067159
0.00067159
0.00067159
0.00067159
0.00067159
0.00067159
0.00067159
0.00067159
0.00067159
0.00067159
0.00067159
0.00067159
0.00067159
0.00067159
0.00067159
0.00067159
0.00067159
0.00067159
0.00067159
0.00067159
0.00067159
0.00067159
0.00067159
0.00067159
0.00067159
0.00067159
0.00067159
0.00067159
0.00067159
0.00067159
0.00067159
0.00067159
0.00067159
0.00067159
0.00067159
0.00067159
0.00067159
0.00067159
0.00067159
0.00067159
0.00067159
0.00067159
0.00067159
0.00067159
0.00067159
0.00067159
0.00067159
0.00067159
0.00067159
0.00067159
0.00067159
0.00067159
0.00067159
0.00067159
0.00067159
0.00067159
0.00067159
0.00067159
0.00067159
0.00067159
0.00067159
0.00067159
0.00067159
0.00067159
0.00067159
0.00067159
0.00067159
0.00067159
0.00067159
0.00067159
0.00067159
0.00067159
0.00067159
0.00067159
0.00067159
0.00067159
0.00067159
0.00067159
0.00067159
0.00067159
0.00067159
0.00067159
0.00067159
0.00067159
0.00067159
0.00067159
0.00067159
0.00067159
0.00067159
0.00067159
0.00067159
0.00067159
0.00067159
0.00067159
0.00067159
0.00067159
0.00067159
0.00067159
0.00067159
0.00067159
0.00067159
0.00067159
0.00067159
0.00067159
0.00067159
0.00067159
0.00067159
0.00067159
0.00067159
0.00067159
0.00067159
0.00067159
0.00067159
0.00067159
0.00067159
0.00067159
0.00067159
0.00067159
0.00067159
0.00067159
0.00067159
0.00067159
0.00067159
0.00067159
0.00067159
0.00067159
0.00067159
0.00067159
0.00067159
0.00067159
0.00067159
0.00067159
0.00067159
0.00067159
0.00067159
0.00067159
0.00067159
0.00067159
0.00067159
0.00067159
0.00067159
0.00067159
0.00067159
0.00067159
0.00067159
0.00067159
0.00067159
0.00067159
0.00067159
0.00050369
0.00050369
0.00050369
0.00050369
0.00050369
0.00050369
0.00050369
0.00050369
0.00050369
0.00050369
0.00050369
0.00050369
0.00050369
0.00050369
0.00050369
0.00050369
0.00050369
0.00050369
0.00050369
0.00050369
0.00050369
0.00050369
0.00050369
0.00050369
0.00050369
0.00050369
0.00050369
0.00050369
0.00050369
0.00050369
0.00050369
0.00050369
0.00050369
0.00050369
0.00050369
0.00050369
0.00050369
0.00050369
0.00050369
0.00050369
0.00050369
0.00050369
0.00050369
0.00050369
0.00050369
0.00050369
0.00050369
0.00050369
0.00050369
0.00050369
0.00050369
0.00050369
0.00050369
0.00050369
0.00050369
0.00050369
0.00050369
0.00050369
0.00050369
0.00050369
0.00050369
0.00050369
0.00050369
0.00050369
0.00050369
0.00050369
0.00050369
0.00050369
0.00050369
0.00050369
0.00050369
0.00050369
0.00050369
0.00050369
0.00050369
0.00050369
0.00050369
0.00050369
0.00050369
0.00050369
0.00050369
0.00050369
0.00050369
0.00050369
0.00050369
0.00050369
0.00050369
0.00050369
0.00050369
0.00050369
0.00050369
0.00050369
0.00050369
0.00050369
0.00050369
0.00050369
0.00050369
0.00050369
0.00050369
0.00050369
0.00050369
0.00050369
0.00050369
0.00050369
0.00050369
0.00050369
0.00050369
0.00050369
0.00050369
0.00050369
0.00050369
0.00050369
0.00050369
0.00050369
0.00050369
0.00050369
0.00050369
0.00050369
0.00050369
0.00050369
0.00050369
0.00050369
0.00050369
0.00050369
0.00050369
0.00050369
0.00050369
0.00050369
0.00050369
0.00050369
0.00050369
0.00050369
0.00050369
0.00050369
0.00050369
0.00050369
0.00050369
0.00050369
0.00050369
0.00050369
0.00050369
0.00050369
0.00050369
0.00050369
0.00050369
0.00050369
0.00050369
0.00050369
0.00050369
0.00050369
0.00050369
0.00050369
0.00050369
0.00050369
0.00050369
0.00050369
0.00050369
0.00050369
0.00050369
0.00050369
0.00050369
0.00050369
0.00050369
0.00050369
0.00050369
0.00050369
0.00050369
0.00050369
0.00050369
0.00050369
0.00050369
0.00050369
0.00050369
0.00050369
0.00050369
0.00050369
0.00050369
0.00050369
0.00050369
0.00050369
0.00050369
0.00050369
0.00050369
0.00050369
0.00050369
0.00050369
0.00050369
0.00050369
0.00050369
0.00050369
0.00050369
0.00050369
0.00050369
0.00050369
0.00050369
0.00050369
0.00050369
0.00050369
0.00050369
0.00050369
0.00050369
0.00050369
0.00050369
0.00050369
0.00050369
0.00050369
0.00050369
0.00050369
0.00050369
0.00050369
0.00050369
0.00050369
0.00050369
0.00050369
0.00050369
0.00050369
0.00050369
0.00050369
0.00050369
0.00050369
0.00050369
0.00050369
0.00050369
0.00050369
0.00050369
0.00050369
0.00050369
0.00050369
0.00050369
0.00050369
0.00050369
0.00050369
0.00050369
0.00050369
0.00050369
0.00050369
0.00050369
0.00050369
0.00050369
0.00050369
0.00050369
0.00050369
0.00050369
0.00050369
0.00050369
0.00050369
0.00050369
0.00050369
0.00050369
0.00050369
0.00050369
0.00050369
0.00050369
0.00050369
0.00050369
0.00050369
0.00050369
0.00050369
0.00050369
0.00050369
0.00050369
0.00050369
0.00050369
0.00050369
0.00050369
0.00050369
0.00050369
0.00050369
0.00050369
0.00050369
0.00050369
0.00050369
0.00050369
0.00050369
0.00050369
0.00050369
0.00050369
0.00050369
0.00050369
0.00050369
0.00050369
0.00050369
0.00050369
0.00050369
0.00050369
0.00050369
0.00050369
0.00050369
0.00050369
0.00050369
0.00050369
0.00050369
0.00050369
0.00050369
0.00050369
0.00050369
0.00050369
0.00050369
0.00050369
0.00050369
0.00050369
0.00050369
0.00050369
0.00050369
0.00050369
0.00050369
0.00050369
0.00050369
0.00050369
0.00050369
0.00050369
0.00050369
0.00050369
0.00050369
0.00050369
0.00050369
0.00050369
0.00050369
0.00050369
0.00050369
0.00050369
0.00050369
0.00050369
0.00050369
0.00050369
0.00050369
0.00050369
0.00050369
0.00050369
0.00050369
0.00050369
0.00050369
0.00050369
0.00050369
0.00050369
0.00050369
0.00050369
0.00050369
0.00050369
0.00050369
0.00050369
0.00050369
0.00050369
0.00050369
0.00050369
0.00050369
0.00050369
0.00050369
0.00050369
0.00050369
0.00050369
0.00050369
0.00050369
0.00050369
0.00050369
0.00050369
0.00050369
0.00050369
0.00050369
0.00050369
0.00050369
0.00050369
0.00050369
0.00050369
0.00050369
0.00050369
0.00050369
0.00050369
0.00050369
0.00050369
0.00050369
0.00050369
0.00050369
0.00050369
0.00050369
0.00050369
0.00050369
0.00050369
0.00050369
0.00050369
0.00050369
0.00050369
0.00050369
0.00050369
0.00050369
0.00050369
0.00050369
0.00050369
0.00050369
0.00050369
0.00050369
0.00050369
0.00050369
0.00050369
0.00050369
0.00050369
0.00050369
0.00050369
0.00050369
0.00050369
0.00050369
0.00050369
0.00050369
0.00050369
0.00050369
0.00050369
0.00050369
0.00050369
0.00050369
0.00050369
0.00050369
0.00050369
0.00050369
0.00050369
0.00050369
0.00050369
0.00050369
0.00050369
0.00050369
0.00050369
0.00050369
0.00050369
0.00050369
0.00050369
0.00050369
0.00050369
0.00050369
0.00050369
0.00050369
0.00050369
0.00050369
0.00050369
0.00050369
0.00050369
0.00050369
0.00050369
0.00050369
0.00050369
0.00050369
0.00050369
0.00050369
0.00050369
0.00050369
0.00050369
0.00050369
0.00050369
0.00050369
0.00050369
0.00050369
0.00050369
0.00050369
0.00050369
0.00050369
0.00050369
0.00050369
0.00050369
0.00050369
0.00050369
0.00050369
0.00050369
0.00050369
0.00050369
0.00050369
0.00050369
0.00050369
0.00050369
0.00050369
0.00050369
0.00050369
0.00050369
0.00050369
0.00050369
0.00050369
0.00050369
0.00050369
0.00050369
0.00050369
0.00050369
0.00050369
0.00050369
0.00050369
0.00050369
0.00050369
0.00050369
0.00050369
0.00050369
0.00050369
0.00050369
0.00050369
0.00050369
0.00050369
0.00050369
0.00050369
0.00050369
0.00050369
0.00050369
0.00050369
0.00050369
0.00050369
0.00050369
0.00050369
0.00050369
0.00050369
0.00050369
0.00050369
0.00050369
0.00050369
0.00050369
0.00050369
0.00050369
0.00050369
0.00050369
0.00050369
0.00050369
0.00050369
0.00050369
0.00050369
0.00050369
0.00050369
0.00050369
0.00050369
0.00050369
0.00050369
0.00050369
0.00050369
0.00050369
0.00050369
0.00050369
0.00050369
0.00050369
0.00050369
0.00050369
0.00050369
0.00050369
0.00050369
0.00050369
0.00050369
0.00050369
0.00050369
0.00050369
0.00050369
0.00050369
0.00050369
0.00050369
0.00050369
0.00050369
0.00050369
0.00050369
0.00050369
0.00050369
0.00050369
0.00050369
0.00050369
0.00050369
0.00050369
0.00050369
0.00050369
0.00050369
0.00050369
0.00050369
0.00050369
0.00050369
0.00050369
0.00050369
0.00050369
0.00050369
0.00050369
0.00050369
0.00050369
0.00050369
0.00050369
0.00050369
0.00050369
0.00050369
0.00050369
0.00050369
0.00050369
0.00050369
0.00050369
0.00050369
0.00050369
0.00050369
0.00050369
0.00050369
0.00050369
0.00050369
0.00050369
0.00050369
0.00050369
0.00050369
0.00050369
0.00050369
0.00050369
0.00050369
0.00050369
0.00050369
0.00050369
0.00050369
0.00050369
0.00050369
0.00050369
0.00050369
0.00050369
0.00050369
0.00050369
0.00050369
0.00050369
0.00050369
0.00050369
0.00050369
0.00050369
0.00050369
0.00050369
0.00050369
0.00050369
0.00050369
0.00050369
0.00050369
0.00050369
0.00050369
0.00050369
0.00050369
0.00050369
0.00050369
0.00050369
0.00050369
0.00050369
0.00050369
0.00050369
0.00050369
0.00050369
0.00050369
0.00050369
0.00050369
0.00050369
0.00050369
0.00050369
0.00050369
0.00050369
0.00050369
0.00050369
0.00050369
0.00050369
0.00050369
0.00050369
0.00050369
0.00050369
0.00050369
0.00050369
0.00050369
0.00050369
0.00050369
0.00050369
0.00050369
0.00050369
0.00050369
0.00050369
0.00050369
0.00050369
0.00050369
0.00050369
0.00050369
0.00050369
0.00050369
0.00050369
0.00050369
0.00050369
0.00050369
0.00050369
0.00050369
0.00050369
0.00050369
0.00050369
0.00050369
0.00050369
0.00050369
0.00050369
0.00050369
0.00050369
0.00050369
0.00050369
0.00050369
0.00050369
0.00050369
0.00050369
0.00050369
0.00050369
0.00050369
0.00050369
0.00050369
0.00050369
0.00050369
0.00050369
0.00050369
0.00050369
0.00050369
0.00050369
0.00050369
0.00050369
0.00050369
0.00050369
0.00050369
0.00050369
0.00050369
0.00050369
0.00050369
0.00050369
0.00050369
0.00050369
0.00050369
0.00050369
0.00050369
0.00050369
0.00050369
0.00050369
0.00050369
0.00050369
0.00050369
0.00050369
0.00050369
0.00050369
0.00050369
0.00050369
0.00050369
0.00050369
0.00050369
0.00050369
0.00050369
0.00050369
0.00050369
0.00050369
0.00050369
0.00050369
0.00050369
0.00050369
0.00050369
0.00050369
0.00050369
0.00050369
0.00050369
0.00050369
0.00050369
0.00050369
0.00050369
0.00050369
0.00050369
0.00050369
0.00050369
0.00050369
0.00050369
0.00050369
0.00050369
0.00050369
0.00050369
0.00050369
0.00050369
0.00050369
0.00050369
0.00050369
0.00050369
0.00050369
0.00050369
0.00050369
0.00050369
0.00050369
0.00050369
0.00050369
0.00050369
0.00050369
0.00050369
0.00050369
0.00050369
0.00050369
0.00050369
0.00050369
0.00050369
0.00050369
0.00050369
0.00050369
0.00050369
0.00050369
0.00050369
0.00050369
0.00050369
0.00050369
0.00050369
0.00050369
0.00050369
0.00050369
0.00050369
0.00050369
0.00050369
0.00050369
0.00050369
0.00050369
0.00050369
0.00050369
0.00050369
0.00050369
0.00050369
0.00050369
0.00050369
0.00050369
0.00050369
0.00050369
0.00050369
0.00050369
0.00050369
0.00050369
0.00050369
0.00050369
0.00050369
0.00050369
0.00050369
0.00050369
0.00050369
0.00050369
0.00050369
0.00050369
0.00050369
0.00050369
0.00050369
0.00050369
0.00050369
0.00050369
0.00050369
0.00050369
0.00050369
0.00050369
0.00050369
0.00050369
0.00050369
0.00050369
0.00050369
0.00050369
0.00050369
0.00016790
0.00016790
0.00016790
0.00016790
0.00016790
0.00016790
0.00016790
0.00016790
0.00016790
0.00016790
0.00016790
0.00016790
0.00016790
0.00016790
0.00016790
0.00016790
0.00016790
0.00016790
0.00016790
0.00016790
0.00016790
0.00016790
0.00016790
0.00016790
0.00016790
0.00016790
0.00016790
0.00016790
0.00016790
0.00016790
0.00016790
0.00016790
0.00016790
0.00016790
0.00016790
0.00016790
0.00016790
0.00016790
0.00016790
0.00016790
0.00016790
0.00016790
0.00016790
0.00016790
0.00016790
0.00016790
0.00016790
0.00016790
0.00016790
0.00016790
0.00016790
0.00016790
0.00016790
0.00016790
0.00016790
0.00016790
0.00016790
0.00016790
0.00016790
0.00016790
0.00016790
0.00016790
0.00016790
0.00016790
0.00016790
0.00016790
0.00016790
0.00016790
0.00016790
0.00016790
0.00016790
0.00016790
0.00016790
0.00016790
0.00016790
0.00016790
0.00016790
0.00016790
0.00016790
0.00016790
0.00016790
0.00016790
0.00016790
0.00016790
0.00016790
0.00016790
0.00016790
0.00016790
0.00016790
0.00016790
0.00016790
0.00016790
0.00016790
0.00016790
0.00016790
0.00016790
0.00016790
0.00016790
0.00016790
0.00016790
0.00016790
0.00016790
0.00016790
0.00016790
0.00016790
0.00016790
0.00016790
0.00016790
0.00016790
0.00016790
0.00016790
0.00016790
0.00016790
0.00016790
0.00016790
0.00016790
0.00016790
0.00016790
0.00016790
0.00016790
0.00016790
0.00016790
0.00016790
0.00016790
0.00016790
0.00016790
0.00016790
0.00016790
0.00016790
0.00016790
0.00016790
0.00016790
0.00016790
0.00016790
0.00016790
0.00016790
0.00016790
0.00016790
0.00016790
0.00016790
0.00016790
0.00016790
0.00016790
0.00016790
0.00016790
0.00016790
0.00016790
0.00016790
0.00016790
0.00016790
0.00016790
0.00016790
0.00016790
0.00016790
0.00016790
0.00016790
0.00016790
0.00016790
0.00016790
0.00016790
0.00016790
0.00016790
0.00016790
0.00016790
0.00016790
0.00016790
0.00016790
0.00016790
0.00016790
0.00016790
0.00016790
0.00016790
0.00016790
0.00016790
0.00016790
0.00016790
0.00016790
0.00016790
0.00016790
0.00016790
0.00016790
0.00016790
0.00016790
0.00016790
0.00016790
0.00016790
0.00016790
0.00016790
0.00016790
0.00016790
0.00016790
0.00016790
0.00016790
0.00016790
0.00016790
0.00016790
0.00016790
0.00016790
0.00016790
0.00016790
0.00016790
0.00016790
0.00016790
0.00016790
0.00016790
0.00016790
0.00016790
0.00016790
0.00016790
0.00016790
0.00016790
0.00016790
0.00016790
0.00016790
0.00016790
0.00016790
0.00016790
0.00016790
0.00016790
0.00016790
0.00016790
0.00016790
0.00016790
0.00016790
0.00016790
0.00016790
0.00016790
0.00016790
0.00016790
0.00016790
0.00016790
0.00016790
0.00016790
0.00016790
0.00016790
0.00016790
0.00016790
0.00016790
0.00016790
0.00016790
0.00016790
0.00016790
0.00016790
0.00016790
0.00016790
0.00016790
0.00016790
0.00016790
0.00016790
0.00016790
0.00016790
0.00016790
0.00016790
0.00016790
0.00016790
0.00016790
0.00016790
0.00016790
0.00016790
0.00016790
0.00016790
0.00016790
0.00016790
0.00016790
0.00016790
0.00016790
0.00016790
0.00016790
0.00016790
0.00016790
0.00016790
0.00016790
0.00016790
0.00016790
0.00016790
0.00016790
0.00016790
0.00016790
0.00016790
0.00016790
0.00016790
0.00016790
0.00016790
0.00016790
0.00016790
0.00016790
0.00016790
0.00016790
0.00016790
0.00016790
0.00016790
0.00016790
0.00016790
0.00016790
0.00016790
0.00016790
0.00016790
0.00016790
0.00016790
0.00016790
0.00016790
0.00016790
0.00016790
0.00016790
0.00016790
0.00016790
0.00016790
0.00016790
0.00016790
0.00016790
0.00016790
0.00016790
0.00016790
0.00016790
0.00016790
0.00016790
0.00016790
0.00016790
0.00016790
0.00016790
0.00016790
0.00016790
0.00016790
0.00016790
0.00016790
0.00016790
0.00016790
0.00016790
0.00016790
0.00016790
0.00016790
0.00016790
0.00016790
0.00016790
0.00016790
0.00016790
0.00016790
0.00016790
0.00016790
0.00016790
0.00016790
0.00016790
0.00016790
0.00016790
0.00016790
0.00016790
0.00016790
0.00016790
0.00016790
0.00016790
0.00016790
0.00016790
0.00016790
0.00016790
0.00016790
0.00016790
0.00016790
0.00016790
0.00016790
0.00016790
0.00016790
0.00016790
0.00016790
0.00016790
0.00016790
0.00016790
0.00016790
0.00016790
0.00016790
0.00016790
0.00016790
0.00016790
0.00016790
0.00016790
0.00016790
0.00016790
0.00016790
0.00016790
0.00016790
0.00016790
0.00016790
0.00016790
0.00016790
0.00016790
0.00016790
0.00016790
0.00016790
0.00016790
0.00016790
0.00016790
0.00016790
0.00016790
0.00016790
0.00016790
0.00016790
0.00016790
0.00016790
0.00016790
0.00016790
0.00016790
0.00016790
0.00016790
0.00016790
0.00016790
0.00016790
0.00016790
0.00016790
0.00016790
0.00016790
0.00016790
0.00016790
0.00016790
0.00016790
0.00016790
0.00016790
0.00016790
0.00016790
0.00016790
0.00016790
0.00016790
0.00016790
0.00016790
0.00016790
0.00016790
0.00016790
0.00016790
0.00016790
0.00016790
0.00016790
0.00016790
0.00016790
0.00016790
0.00016790
0.00016790
0.00016790
0.00016790
0.00016790
0.00016790
0.00016790
0.00016790
0.00016790
0.00016790
0.00016790
0.00016790
0.00016790
0.00016790
0.00016790
0.00016790
0.00016790
0.00016790
0.00016790
0.00016790
0.00016790
0.00016790
0.00016790
0.00016790
0.00016790
0.00016790
0.00016790
0.00016790
0.00016790
0.00016790
0.00016790
0.00016790
0.00016790
0.00016790
0.00016790
0.00016790
0.00016790
0.00016790
0.00016790
0.00016790
0.00016790
0.00016790
0.00016790
0.00016790
0.00016790
0.00016790
0.00016790
0.00016790
0.00016790
0.00016790
0.00016790
0.00016790
0.00016790
0.00016790
0.00016790
0.00016790
0.00016790
0.00016790
0.00016790
0.00016790
0.00016790
0.00016790
0.00016790
0.00016790
0.00016790
0.00016790
0.00016790
0.00016790
0.00016790
0.00016790
0.00016790
0.00016790
0.00016790
0.00016790
0.00016790
0.00016790
0.00016790
0.00016790
0.00016790
0.00016790
0.00016790
0.00016790
0.00016790
0.00016790
0.00016790
0.00016790
0.00016790
0.00016790
0.00016790
0.00016790
0.00016790
0.00016790
0.00016790
0.00016790
0.00016790
0.00016790
0.00016790
0.00016790
0.00016790
0.00016790
0.00016790
0.00016790
0.00016790
0.00016790
0.00016790
0.00016790
0.00016790
0.00016790
0.00016790
0.00016790
0.00016790
0.00016790
0.00016790
0.00016790
0.00016790
0.00016790
0.00016790
0.00016790
0.00016790
0.00016790
0.00016790
0.00016790
0.00016790
0.00016790
0.00016790
0.00016790
0.00016790
0.00016790
0.00016790
0.00016790
0.00016790
0.00016790
0.00016790
0.00016790
0.00016790
0.00016790
0.00016790
0.00016790
0.00016790
0.00016790
0.00016790
0.00016790
0.00016790
0.00016790
0.00016790
0.00016790
0.00016790
0.00016790
0.00016790
0.00016790
0.00016790
0.00016790
0.00016790
0.00016790
0.00016790
0.00016790
0.00016790
0.00016790
0.00016790
0.00016790
0.00016790
0.00016790
0.00016790
0.00016790
0.00016790
0.00016790
0.00016790
0.00016790
0.00016790
0.00016790
0.00016790
0.00016790
0.00016790
0.00016790
0.00016790
0.00016790
0.00016790
0.00016790
0.00016790
0.00016790
0.00016790
0.00016790
0.00016790
0.00016790
0.00016790
0.00016790
0.00016790
0.00016790
0.00016790
0.00016790
0.00016790
0.00016790
0.00016790
0.00016790
0.00016790
0.00016790
0.00016790
0.00016790
0.00016790
0.00016790
0.00016790
0.00016790
0.00016790
0.00016790
0.00016790
0.00016790
0.00016790
0.00016790
0.00016790
0.00016790
0.00016790
0.00016790
0.00016790
0.00016790
0.00016790
0.00016790
0.00016790
0.00016790
0.00016790
0.00016790
0.00016790
0.00016790
0.00016790
0.00016790
0.00016790
0.00016790
0.00016790
0.00016790
0.00016790
0.00016790
0.00016790
0.00016790
0.00016790
0.00016790
0.00016790
0.00016790
0.00016790
0.00016790
0.00016790
0.00016790
0.00016790
0.00016790
0.00016790
0.00016790
0.00016790
0.00016790
0.00016790
0.00016790
0.00016790
0.00016790
0.00016790
0.00016790
0.00016790
0.00016790
0.00016790
0.00016790
0.00016790
0.00016790
0.00016790
0.00016790
0.00016790
0.00016790
0.00016790
0.00016790
0.00016790
0.00016790
0.00016790
0.00016790
0.00016790
0.00016790
0.00016790
0.00016790
0.00016790
0.00016790
0.00016790
0.00016790
0.00016790
0.00016790
0.00016790
0.00016790
0.00016790
0.00016790
0.00016790
0.00016790
0.00016790
0.00016790
0.00016790
0.00016790
0.00016790
0.00016790
0.00016790
0.00016790
0.00016790
0.00016790
0.00016790
0.00016790
0.00016790
0.00016790
0.00016790
0.00016790
0.00016790
0.00016790
0.00016790
0.00016790
0.00016790
0.00016790
0.00016790
0.00016790
0.00016790
0.00016790
0.00016790
0.00016790
0.00016790
0.00016790
0.00016790
0.00016790
0.00016790
0.00016790
0.00016790
0.00016790
0.00016790
0.00016790
0.00016790
0.00016790
0.00016790
0.00016790
0.00016790
0.00016790
0.00016790
0.00016790
0.00016790
0.00016790
0.00016790
0.00016790
0.00016790
0.00016790
0.00016790
0.00016790
0.00016790
0.00016790
0.00016790
0.00016790
0.00016790
0.00016790
0.00016790
0.00016790
0.00016790
0.00016790
0.00016790
0.00016790
0.00016790
0.00016790
0.00016790
0.00016790
0.00016790
0.00016790
0.00016790
0.00016790
0.00016790
0.00016790
0.00016790
0.00016790
0.00016790
0.00016790
0.00016790
0.00016790
0.00016790
0.00016790
0.00016790
0.00016790
0.00016790
0.00016790
0.00016790
0.00016790
0.00016790
0.00016790
0.00016790
0.00016790
0.00016790
0.00016790
0.00016790
0.00016790
0.00016790
0.00016790
0.00016790
0.00016790
0.00016790
0.00016790
0.00016790
0.00016790
0.00016790
0.00016790
0.00016790
0.00016790
0.00016790
0.00016790
0.00016790
0.00016790
0.00016790
0.00016790
0.00016790
0.00016790
0.00016790
0.00016790
0.00016790
0.00016790
0.00016790
0.00016790
0.00016790
0.00016790
0.00016790
0.00016790
0.00016790
0.00016790
0.00016790
0.00016790
0.00016790
0.00016790
0.00016790
0.00016790
0.00016790
0.00016790
0.00016790
0.00016790
0.00016790
0.00016790
0.00016790
0.00016790
0.00016790
0.00016790
0.00016790
0.00016790
0.00016790
0.00016790
0.00016790
0.00016790
0.00016790
0.00016790
0.00016790
0.00016790
0.00016790
0.00016790
0.00016790
0.00016790
0.00016790
0.00016790
0.00016790
0.00016790
0.00016790
0.00016790
0.00016790
0.00016790
0.00016790
0.00016790
0.00016790
0.00016790
0.00016790
0.00016790
0.00016790
0.00016790
0.00016790
0.00016790
0.00016790
0.00016790
0.00016790
0.00016790
0.00016790
0.00016790
0.00016790
0.00016790
0.00016790
0.00016790
0.00016790
0.00016790
0.00016790
0.00016790
0.00016790
0.00016790
0.00016790
0.00016790
0.00016790
0.00016790
0.00016790
0.00016790
0.00016790
0.00016790
0.00016790
0.00016790
0.00016790
0.00016790
0.00016790
0.00016790
0.00016790
0.00016790
0.00016790
0.00016790
0.00016790
0.00016790
0.00016790
0.00016790
0.00016790
0.00016790
0.00016790
0.00016790
0.00016790
0.00016790
0.00016790
0.00016790
0.00016790
0.00016790
0.00016790
0.00016790
0.00016790
0.00016790
0.00016790
0.00016790
0.00016790
0.00016790
0.00016790
0.00016790
0.00016790
0.00016790
0.00016790
0.00016790
0.00016790
0.00016790
0.00016790
0.00016790
0.00016790
0.00016790
0.00016790
0.00016790
0.00016790
0.00016790
0.00016790
0.00016790
0.00016790
0.00016790
0.00016790
0.00016790
0.00016790
0.00016790
0.00016790
0.00016790
0.00016790
0.00016790
0.00016790
0.00016790
0.00016790
0.00016790
0.00016790
0.00016790
0.00016790
0.00016790
0.00016790
0.00016790
0.00016790
0.00016790
0.00016790
0.00016790
0.00016790
0.00016790
0.00016790
0.00016790
0.00016790
0.00016790
0.00016790
0.00016790
0.00016790
0.00016790
0.00016790
0.00016790
0.00016790
0.00016790
0.00016790
0.00016790
0.00016790
0.00016790
0.00016790
0.00016790
0.00016790
0.00016790
0.00016790
0.00016790
0.00016790
0.00016790
0.00016790
0.00016790
0.00016790
0.00016790
0.00016790
0.00016790
0.00016790
0.00016790
0.00016790
0.00016790
0.00016790
0.00016790
0.00016790
0.00016790
0.00016790
0.00016790
0.00016790
0.00016790
0.00016790
0.00016790
0.00016790
0.00016790
0.00016790
0.00016790
0.00016790
0.00016790
0.00016790
0.00016790
0.00016790
0.00016790
0.00016790
0.00016790
0.00016790
0.00016790
0.00016790
0.00016790
0.00016790
0.00016790
0.00016790
0.00016790
0.00016790
0.00016790
0.00016790
0.00016790
0.00016790
0.00016790
0.00016790
0.00016790
0.00016790
0.00016790
0.00016790
0.00016790
0.00016790
0.00016790
0.00016790
0.00016790
0.00016790
0.00016790
0.00016790
0.00016790
0.00016790
0.00016790
0.00016790
0.00016790
0.00016790
0.00016790
0.00016790
0.00016790
0.00016790
0.00016790
0.00016790
0.00016790
0.00016790
0.00016790
0.00016790
0.00016790
0.00016790
0.00016790
0.00016790
0.00016790
0.00016790
0.00016790
0.00016790
0.00016790
0.00016790
0.00016790
0.00016790
0.00016790
0.00016790
0.00016790
0.00016790
0.00016790
0.00016790
0.00016790
0.00016790
0.00016790
0.00016790
0.00016790
0.00016790
0.00016790
0.00016790
0.00016790
0.00016790
0.00016790
0.00016790
0.00016790
0.00016790
0.00016790
0.00016790
0.00016790
0.00016790
0.00016790
0.00016790
0.00016790
0.00016790
0.00016790
0.00016790
0.00016790
0.00016790
0.00016790
0.00016790
0.00016790
0.00016790
0.00016790
0.00016790
0.00016790
0.00016790
0.00016790
0.00016790
0.00016790
0.00016790
0.00016790
0.00016790
0.00016790
0.00016790
0.00016790
0.00016790
0.00016790
0.00016790
0.00016790
0.00016790
0.00016790
0.00016790
0.00016790
0.00016790
0.00016790
0.00016790
0.00016790
0.00016790
0.00016790
0.00016790
0.00016790
0.00016790
0.00016790
0.00016790
0.00016790
0.00016790
0.00016790
0.00016790
0.00016790
0.00016790
0.00016790
0.00016790
0.00016790
0.00016790
0.00016790
0.00016790
0.00016790
0.00016790
0.00016790
0.00016790
0.00016790
0.00016790
0.00016790
0.00016790
0.00016790
0.00016790
0.00016790
0.00016790
0.00016790
0.00016790
0.00016790
0.00016790
0.00016790
0.00016790
0.00016790
0.00016790
0.00016790
0.00016790
0.00016790
0.00016790
0.00016790
0.00016790
0.00016790
0.00016790
0.00016790
0.00016790
0.00016790
0.00016790
0.00016790
0.00016790
0.00016790
0.00016790
0.00016790
0.00016790
0.00016790
0.00016790
0.00016790
0.00016790
0.00016790
0.00016790
0.00016790
0.00016790
0.00016790
0.00016790
0.00016790
0.00016790
0.00016790
0.00016790
0.00016790
0.00016790
0.00016790
0.00016790
0.00016790
0.00016790
0.00016790
0.00016790
0.00016790
0.00016790
0.00016790
0.00016790
0.00016790
0.00016790
0.00016790
0.00016790
0.00016790
0.00016790
0.00016790
0.00016790
0.00016790
0.00016790
0.00016790
0.00016790
0.00016790
0.00016790
0.00016790
0.00016790
0.00016790
0.00016790
0.00016790
0.00016790
0.00016790
0.00016790
0.00016790
0.00016790
0.00016790
0.00016790
0.00016790
0.00016790
0.00016790
0.00016790
0.00016790
0.00016790
0.00016790
0.00016790
0.00016790
0.00016790
0.00016790
0.00016790
0.00016790
0.00016790
0.00016790
0.00016790
0.00016790
0.00016790
0.00016790
0.00016790
0.00016790
0.00016790
0.00016790
0.00016790
0.00016790
0.00016790
0.00016790
0.00016790
0.00016790
0.00016790
0.00016790
0.00016790
0.00016790
0.00016790
0.00016790
0.00016790
0.00016790
0.00016790
0.00016790
0.00016790
0.00016790
0.00016790
0.00016790
0.00016790
0.00016790
0.00016790
0.00016790
0.00016790
0.00016790
0.00016790
0.00016790
0.00016790
0.00016790
0.00016790
0.00016790
0.00016790
0.00016790
0.00016790
0.00016790
0.00016790
0.00016790
0.00016790
0.00016790
0.00016790
0.00016790
0.00016790
0.00016790
0.00016790
0.00016790
0.00016790
0.00016790
0.00016790
0.00016790
0.00016790
0.00016790
0.00016790
0.00016790
0.00016790
0.00016790
0.00016790
0.00016790
0.00016790
0.00016790
0.00016790
0.00016790
0.00016790
0.00016790
0.00016790
0.00016790
0.00016790
0.00016790
0.00016790
0.00016790
0.00016790
0.00016790
0.00016790
0.00016790
0.00016790
0.00016790
0.00016790
0.00016790
0.00016790
0.00016790
0.00016790
0.00016790
0.00016790
0.00016790
0.00016790
0.00016790
0.00016790
0.00016790
0.00016790
0.00016790
0.00016790
0.00016790
0.00016790
0.00016790
0.00016790
0.00016790
0.00016790
0.00016790
0.00016790
0.00016790
0.00016790
0.00016790
0.00016790
0.00016790
0.00016790
0.00016790
0.00016790
0.00016790
0.00016790
0.00016790
0.00016790
0.00016790
0.00016790
0.00016790
0.00016790
0.00016790
0.00016790
0.00016790
0.00016790
0.00016790
0.00016790
0.00016790
0.00016790
0.00016790
0.00016790
0.00016790
0.00016790
0.00016790
0.00016790
0.00016790
0.00016790
0.00016790
0.00016790
0.00016790
0.00016790
0.00016790
0.00016790
0.00016790
0.00016790
0.00016790
0.00016790
0.00016790
0.00016790
0.00016790
0.00016790
0.00016790
0.00016790
0.00016790
0.00016790
0.00016790
0.00016790
0.00016790
0.00016790
0.00016790
0.00016790
0.00016790
0.00016790
0.00016790
0.00016790
0.00016790
0.00016790
0.00016790
0.00016790
0.00016790
0.00016790
0.00016790
0.00016790
0.00016790
0.00016790
0.00016790
0.00016790
0.00016790
0.00016790
0.00016790
0.00016790
0.00016790
0.00016790
0.00016790
0.00016790
0.00016790
0.00016790
0.00016790
0.00016790
0.00016790
0.00016790
0.00016790
0.00016790
0.00016790
0.00016790
0.00016790
0.00016790
0.00016790
0.00016790
0.00016790
0.00016790
0.00016790
0.00016790
0.00016790
0.00016790
0.00016790
0.00016790
0.00016790
0.00016790
0.00016790
0.00016790
0.00016790
0.00016790
0.00016790
0.00016790
0.00016790
0.00016790
0.00016790
0.00016790
0.00016790
0.00016790
0.00016790
0.00016790
0.00016790
0.00016790
0.00016790
0.00016790
0.00016790
0.00016790
0.00016790
0.00016790
0.00016790
0.00016790
0.00016790
0.00016790
0.00016790
0.00016790
0.00016790
0.00016790
0.00016790
0.00016790
0.00016790
0.00016790
0.00016790
0.00016790
0.00016790
0.00016790
0.00016790
0.00016790
0.00016790
0.00016790
0.00016790
0.00016790
0.00016790
0.00016790
0.00016790
0.00016790
0.00016790
0.00016790
0.00016790
0.00016790
0.00016790
0.00016790
0.00016790
0.00016790
0.00016790
0.00016790
0.00016790
0.00016790
0.00016790
0.00016790
0.00016790
0.00016790
0.00016790
0.00016790
0.00016790
0.00016790
0.00016790
0.00016790
0.00016790
0.00016790
0.00016790
0.00016790
0.00016790
0.00016790
0.00016790
0.00016790
0.00016790
0.00016790
0.00016790
0.00016790
0.00016790
0.00016790
0.00016790
0.00016790
0.00016790
0.00016790
0.00016790
0.00016790
0.00016790
0.00016790
0.00016790
0.00016790
0.00016790
0.00016790
0.00016790
0.00016790
0.00016790
0.00016790
0.00016790
0.00016790
0.00016790
0.00016790
0.00016790
0.00016790
0.00016790
0.00016790
0.00016790
0.00016790
0.00016790
0.00016790
0.00016790
0.00016790
0.00016790
0.00016790
0.00016790
0.00016790
0.00016790
0.00016790
0.00016790
0.00016790
0.00016790
0.00016790
0.00016790
0.00016790
0.00016790
0.00016790
0.00016790
0.00016790
0.00016790
0.00016790
0.00016790
0.00016790
0.00016790
0.00016790
0.00016790
0.00016790
0.00016790
0.00016790
0.00016790
0.00016790
0.00016790
0.00016790
0.00016790
0.00016790
0.00016790
0.00016790
0.00016790
0.00016790
0.00016790
0.00016790
0.00016790
0.00016790
0.00016790
0.00016790
0.00016790
0.00016790
0.00016790
0.00016790
0.00016790
0.00016790
0.00016790
0.00016790
0.00016790
0.00016790
0.00016790
0.00016790
0.00016790
0.00016790
0.00016790
0.00016790
0.00016790
0.00016790
0.00016790
0.00016790
0.00016790
0.00016790
0.00016790
0.00016790
0.00016790
0.00016790
0.00016790
0.00016790
0.00016790
0.00016790
0.00016790
0.00016790
0.00016790
0.00016790
0.00016790
0.00016790
0.00016790
0.00016790
0.00016790
0.00016790
0.00016790
0.00016790
0.00016790
0.00016790
0.00016790
0.00016790
0.00016790
0.00016790
0.00016790
0.00016790
0.00016790
0.00016790
0.00016790
0.00016790
0.00016790
0.00016790
0.00016790
0.00016790
0.00016790
0.00016790
0.00016790
0.00016790
0.00016790
0.00016790
0.00016790
0.00016790
0.00016790
0.00016790
0.00016790
0.00016790
0.00016790
0.00016790
0.00016790
0.00016790
0.00016790
0.00016790
0.00016790
0.00016790
0.00016790
0.00016790
0.00016790
0.00016790
0.00016790
0.00016790
0.00016790
0.00016790
0.00016790
0.00016790
0.00016790
0.00016790
0.00016790
0.00016790
0.00016790
0.00016790
0.00016790
0.00016790
0.00016790
0.00016790
0.00016790
0.00016790
0.00016790
0.00016790
0.00016790
0.00016790
0.00016790
0.00016790
0.00016790
0.00016790
0.00016790
0.00016790
0.00016790
0.00016790
0.00016790
0.00016790
0.00016790
0.00016790
0.00016790
0.00016790
0.00016790
0.00016790
0.00016790
0.00016790
0.00016790
0.00016790
0.00016790
0.00016790
0.00016790
0.00016790
0.00016790
0.00016790
0.00016790
0.00016790
0.00016790
0.00016790
0.00016790
0.00016790
0.00016790
0.00016790
0.00016790
0.00016790
0.00016790
0.00016790
0.00016790
0.00016790
0.00016790
0.00016790
0.00016790
0.00016790
0.00016790
0.00016790
0.00016790
0.00016790
0.00016790
0.00016790
0.00016790
0.00016790
0.00016790
0.00016790
0.00016790
0.00016790
0.00016790
0.00016790
0.00016790
0.00016790
0.00016790
0.00016790
0.00016790
0.00016790
0.00016790
0.00016790
0.00016790
0.00016790
0.00016790
0.00016790
0.00016790
0.00016790
0.00016790
0.00016790
0.00016790
0.00016790
0.00016790
0.00016790
0.00016790
0.00016790
0.00016790
0.00016790
0.00016790
0.00016790
0.00016790
0.00016790
0.00016790
0.00016790
0.00016790
0.00016790
0.00016790
0.00016790
0.00016790
0.00016790
0.00016790
0.00016790
0.00016790
0.00016790
0.00016790
0.00016790
0.00016790
0.00016790
0.00016790
0.00016790
0.00016790
0.00016790
0.00016790
0.00016790
0.00016790
0.00016790
0.00016790
0.00016790
0.00016790
0.00016790
0.00016790
0.00016790
0.00016790
0.00016790
0.00016790
0.00016790
0.00016790
0.00016790
0.00016790
0.00016790
0.00016790
0.00016790
0.00016790
0.00016790
0.00016790
0.00016790
0.00016790
0.00016790
0.00016790
0.00016790
0.00016790
0.00016790
0.00016790
0.00016790
0.00016790
0.00016790
0.00016790
0.00016790
0.00016790
0.00016790
0.00016790
0.00016790
0.00016790
0.00016790
0.00016790
0.00016790
0.00016790
0.00016790
0.00016790
0.00016790
0.00016790
0.00016790
0.00016790
0.00016790
0.00016790
0.00016790
0.00016790
0.00016790
0.00016790
0.00016790
0.00016790
0.00016790
0.00016790
0.00016790
0.00016790
0.00016790
0.00016790
0.00016790
0.00016790
0.00016790
0.00016790
0.00016790
0.00016790
0.00016790
0.00016790
0.00016790
0.00016790
0.00016790
0.00016790
0.00016790
0.00016790
0.00016790
0.00016790
0.00016790
0.00016790
0.00016790
0.00016790
0.00016790
0.00016790
0.00016790
0.00016790
0.00016790
0.00016790
0.00016790
0.00016790
0.00016790
0.00016790
0.00016790
0.00016790
0.00016790
0.00016790
0.00016790
0.00016790
0.00016790
0.00016790
0.00016790
0.00016790
0.00016790
0.00016790
0.00016790
0.00016790
0.00016790
0.00016790
0.00016790
0.00016790
0.00016790
0.00016790
0.00016790
0.00016790
0.00016790
0.00016790
0.00016790
0.00016790
0.00016790
0.00016790
0.00016790
0.00016790
0.00016790
0.00016790
0.00016790
0.00016790
0.00016790
0.00016790
0.00016790
0.00016790
0.00016790
0.00016790
0.00016790
0.00016790
0.00016790
0.00016790
0.00016790
0.00016790
0.00016790
0.00016790
0.00016790
0.00016790
0.00016790
0.00016790
0.00016790
0.00016790
0.00016790
0.00016790
0.00016790
0.00016790
0.00016790
0.00016790
0.00016790
0.00016790
0.00016790
0.00016790
0.00016790
0.00016790
0.00016790
0.00016790
0.00016790
0.00016790
0.00016790
0.00016790
0.00016790
0.00016790
0.00016790
0.00016790
0.00016790
0.00016790
0.00016790
0.00016790
0.00016790
0.00016790
0.00016790
0.00016790
0.00016790
0.00016790
0.00016790
0.00016790
0.00016790
0.00016790
0.00016790
0.00016790
0.00016790
0.00016790
0.00016790
0.00016790
0.00016790
0.00016790
0.00016790
0.00016790
0.00016790
0.00016790
0.00016790
0.00016790
0.00016790
0.00016790
0.00016790
0.00016790
0.00016790
0.00016790
0.00016790
0.00016790
0.00016790
0.00016790
0.00016790
0.00016790
0.00016790
0.00016790
0.00016790
0.00016790
0.00016790
0.00016790
0.00016790
0.00016790
0.00016790
0.00016790
0.00016790
0.00016790
0.00016790
0.00016790
0.00016790
0.00016790
0.00016790
0.00016790
0.00016790
0.00016790
0.00016790
0.00016790
0.00016790
0.00016790
0.00016790
0.00016790
0.00016790
0.00016790
0.00016790
0.00016790
0.00016790
0.00016790
0.00016790
0.00016790
0.00016790
0.00016790
0.00016790
0.00016790
0.00016790
0.00016790
0.00016790
0.00016790
0.00016790
0.00016790
0.00016790
0.00016790
0.00016790
0.00016790
0.00016790
0.00016790
0.00016790
0.00016790
0.00016790
0.00016790
0.00016790
0.00016790
0.00016790
0.00016790
0.00016790
0.00016790
0.00016790
0.00016790
0.00016790
0.00016790
0.00016790
0.00016790
0.00016790
0.00016790
0.00016790
0.00016790
0.00016790
0.00016790
0.00016790
0.00016790
0.00016790
0.00016790
0.00016790
0.00016790
0.00016790
0.00016790
0.00016790
0.00016790
0.00016790
0.00016790
0.00016790
0.00016790
0.00016790
0.00016790
0.00016790
0.00016790
0.00016790
0.00016790
0.00016790
0.00016790
0.00016790
0.00016790
0.00016790
0.00016790
0.00016790
0.00016790
0.00016790
0.00016790
0.00016790
0.00016790
0.00016790
0.00016790
0.00016790
0.00016790
0.00016790
0.00016790
0.00016790
0.00016790
0.00016790
0.00016790
0.00016790
0.00016790
0.00016790
0.00016790
0.00016790
0.00016790
0.00016790
0.00016790
0.00016790
0.00016790
0.00016790
0.00016790
0.00016790
0.00016790
0.00016790
0.00016790
0.00016790
0.00016790
0.00016790
0.00016790
0.00016790
0.00016790
0.00016790
0.00016790
0.00016790
0.00016790
0.00016790
0.00016790
0.00016790
0.00016790
0.00016790
0.00016790
0.00016790
0.00016790
0.00016790
0.00016790
0.00016790
0.00016790
0.00016790
0.00016790
0.00016790
0.00016790
0.00016790
0.00016790
0.00016790
0.00016790
0.00016790
0.00016790
0.00016790
0.00016790
0.00016790
0.00016790
0.00016790
0.00016790
0.00016790
0.00016790
0.00016790
0.00016790
0.00016790
0.00016790
0.00016790
0.00016790
0.00016790
0.00016790
0.00016790
0.00016790
0.00016790
0.00016790
0.00016790
0.00016790
0.00016790
0.00016790
0.00016790
0.00016790
0.00016790
0.00016790
0.00016790
0.00016790
0.00016790
0.00016790
0.00016790
0.00016790
0.00016790
0.00016790
0.00016790
0.00016790
0.00016790
0.00016790
0.00016790
0.00016790
0.00016790
0.00016790
0.00016790
0.00016790
0.00016790
0.00016790
0.00016790
0.00016790
0.00016790
0.00016790
0.00016790
0.00016790
0.00016790
0.00016790
0.00016790
0.00016790
0.00016790
0.00016790
0.00016790
0.00016790
0.00016790
0.00016790
0.00016790
0.00016790
0.00016790
0.00016790
0.00016790
0.00016790
0.00016790
0.00016790
0.00016790
0.00016790
0.00016790
0.00016790
0.00016790
0.00016790
0.00016790
0.00016790
0.00016790
0.00016790
0.00016790
0.00016790
0.00016790
0.00016790
0.00016790
0.00016790
0.00016790
0.00016790
0.00016790
0.00016790
0.00016790
0.00016790
0.00016790
0.00016790
0.00016790
0.00016790
0.00016790
0.00016790
0.00016790
0.00016790
0.00016790
0.00016790
0.00016790
0.00016790
0.00016790
0.00016790
0.00016790
0.00016790
0.00016790
0.00016790
0.00016790
0.00016790
0.00016790
0.00016790
0.00016790
0.00016790
0.00016790
0.00016790
0.00016790
0.00016790
0.00016790
0.00016790
0.00016790
0.00016790
0.00016790
0.00016790
0.00016790
0.00016790
0.00016790
0.00016790
0.00016790
0.00016790
0.00016790
0.00016790
0.00016790
0.00016790
0.00016790
0.00016790
0.00016790
0.00016790
0.00016790
0.00016790
0.00016790
0.00016790
0.00016790
0.00016790
0.00016790
0.00016790
0.00016790
0.00016790
0.00016790
0.00016790
0.00016790
0.00016790
0.00016790
0.00016790
0.00016790
0.00016790
0.00016790
0.00016790
0.00016790
0.00016790
0.00016790
0.00016790
0.00016790
0.00016790
0.00016790
0.00016790
0.00016790
0.00016790
0.00016790
0.00016790
0.00016790
0.00016790
0.00016790
0.00016790
0.00016790
0.00016790
0.00016790
0.00016790
0.00016790
0.00016790
0.00016790
0.00016790
0.00016790
0.00016790
0.00016790
0.00016790
0.00016790
0.00016790
0.00016790
0.00016790
0.00016790
0.00016790
0.00016790
0.00016790
0.00016790
0.00016790
0.00016790
0.00016790
0.00016790
0.00016790
0.00016790
0.00016790
0.00016790
0.00016790
0.00016790
0.00016790
0.00016790
0.00016790
0.00016790
0.00016790
0.00016790
0.00016790
0.00016790
0.00016790
0.00016790
0.00016790
0.00016790
0.00016790
0.00016790
0.00016790
0.00016790
0.00016790
0.00016790
0.00016790
0.00016790
0.00016790
0.00016790
0.00016790
0.00016790
0.00016790
0.00016790
0.00016790
0.00016790
0.00016790
0.00016790
0.00016790
0.00016790
0.00016790
0.00016790
0.00016790
0.00016790
0.00016790
0.00016790
0.00016790
0.00016790
0.00016790
0.00016790
0.00016790
0.00016790
0.00016790
0.00016790
0.00016790
0.00016790
0.00016790
0.00016790
0.00016790
0.00016790
0.00016790
0.00016790
0.00016790
0.00016790
0.00016790
0.00016790
0.00016790
0.00016790
0.00016790
0.00016790
0.00016790
0.00016790
0.00016790
0.00016790
0.00016790
0.00016790
0.00016790
0.00016790
0.00016790
0.00016790
0.00016790
0.00016790
0.00016790
0.00016790
0.00016790
0.00016790
0.00016790
0.00016790
0.00016790
0.00016790
0.00016790
0.00016790
0.00016790
0.00016790
0.00016790
0.00016790
0.00016790
0.00016790
0.00016790
0.00016790
0.00016790
0.00016790
0.00016790
0.00016790
0.00016790
0.00016790
0.00016790
0.00016790
0.00016790
0.00016790
0.00016790
0.00016790
0.00016790
0.00016790
0.00016790
0.00016790
0.00016790
0.00016790
0.00016790
0.00016790
0.00016790
0.00016790
0.00016790
0.00016790
0.00016790
0.00016790
0.00016790
0.00016790
0.00016790
0.00016790
0.00016790
0.00016790
0.00016790
0.00016790
0.00016790
0.00016790
0.00016790
0.00016790
0.00016790
0.00016790
0.00016790
0.00016790
0.00016790
0.00016790
0.00016790
0.00016790
0.00016790
0.00016790
0.00016790
0.00016790
0.00016790
0.00016790
0.00016790
0.00016790
0.00016790
0.00016790
0.00016790
0.00016790
0.00016790
0.00016790
0.00016790
0.00016790
0.00016790
0.00016790
0.00016790
0.00016790
0.00016790
0.00016790
0.00016790
0.00016790
0.00016790
0.00016790
0.00016790
0.00016790
0.00016790
0.00016790
0.00016790
0.00016790
0.00016790
0.00016790
0.00016790
0.00016790
0.00016790
0.00016790
0.00016790
0.00016790
0.00016790
0.00016790
0.00016790
0.00016790
0.00016790
0.00016790
0.00016790
0.00016790
0.00016790
0.00016790
0.00016790
0.00016790
0.00016790
0.00016790
0.00016790
0.00016790
0.00016790
0.00016790
0.00016790
0.00016790
0.00016790
0.00016790
0.00016790
0.00016790
0.00016790
0.00016790
0.00016790
0.00016790
0.00016790
0.00016790
0.00016790
0.00016790
0.00016790
0.00016790
0.00016790
0.00016790
0.00016790
0.00016790
0.00016790
0.00016790
0.00016790
0.00016790
0.00016790
0.00016790
0.00016790
0.00016790
0.00016790
0.00016790
0.00016790
0.00016790
0.00016790
0.00016790
0.00016790
0.00016790
0.00016790
0.00016790
0.00016790
0.00016790
0.00016790
0.00016790
0.00016790
0.00016790
0.00016790
0.00016790
0.00016790
0.00016790
0.00016790
0.00016790
0.00016790
0.00016790
0.00016790
0.00016790
0.00016790
0.00016790
0.00016790
0.00016790
0.00016790
0.00016790
0.00016790
0.00016790
0.00016790
0.00016790
0.00016790
0.00016790
0.00016790
0.00016790
0.00016790
0.00016790
0.00016790
0.00016790
0.00016790
0.00016790
0.00016790
0.00016790
0.00016790
0.00016790
0.00016790
0.00016790
0.00016790
0.00016790
0.00016790
0.00016790
0.00016790
0.00016790
0.00016790
0.00016790
0.00016790
0.00016790
0.00016790
0.00016790
0.00016790
0.00016790
0.00016790
0.00016790
0.00016790
0.00016790
0.00016790
0.00016790
0.00016790
0.00016790
0.00016790
0.00016790
0.00016790
0.00016790
0.00016790
0.00016790
0.00016790
0.00016790
0.00016790
0.00016790
0.00016790
0.00016790
0.00016790
0.00016790
0.00016790
0.00016790
0.00016790
0.00016790
0.00016790
0.00016790
0.00016790
0.00016790
0.00016790
0.00016790
0.00016790
0.00016790
0.00016790
0.00016790
0.00016790
0.00016790
0.00016790
0.00016790
0.00016790
0.00016790
0.00016790
0.00016790
0.00016790
0.00016790
0.00016790
0.00016790
0.00016790
0.00016790
0.00016790
0.00016790
0.00016790
0.00016790
0.00016790
0.00016790
0.00016790
0.00016790
0.00016790
0.00016790
0.00016790
0.00016790
0.00016790
0.00016790
0.00016790
0.00016790
0.00016790
0.00016790
0.00016790
0.00016790
0.00016790
0.00016790
0.00016790
0.00016790
0.00016790
0.00016790
0.00016790
0.00016790
0.00016790
0.00016790
0.00016790
0.00016790
0.00016790
0.00016790
0.00016790
0.00016790
0.00016790
0.00016790
0.00016790
0.00016790
0.00016790
0.00016790
0.00016790
0.00016790
0.00016790
0.00016790
0.00016790
0.00016790
0.00016790
0.00016790
0.00016790
0.00016790
0.00016790
0.00016790
0.00016790
0.00016790
0.00016790
0.00016790
0.00016790
0.00016790
0.00016790
0.00016790
0.00016790
0.00016790
0.00016790
0.00016790
0.00016790
0.00016790
0.00016790
0.00016790
0.00016790
0.00016790
0.00016790
0.00016790
0.00016790
0.00016790
0.00016790
0.00016790
0.00016790
0.00016790
0.00016790
0.00016790
0.00016790
0.00016790
0.00016790
0.00016790
0.00016790
0.00016790
0.00016790
0.00016790
0.00016790
0.00016790
0.00016790
0.00016790
0.00016790
0.00016790
0.00016790
0.00016790
0.00016790
0.00016790
0.00016790
0.00016790
0.00016790
0.00016790
0.00016790
0.00016790
0.00016790
0.00016790
0.00016790
0.00016790
0.00016790
0.00016790
0.00016790
0.00016790
0.00016790
0.00016790
0.00016790
0.00016790
0.00016790
0.00016790
0.00016790
0.00016790
0.00016790
0.00016790
0.00016790
0.00016790
0.00016790
0.00016790
0.00016790
0.00016790
0.00016790
0.00016790
0.00016790
0.00016790
0.00016790
0.00016790
0.00016790
0.00016790
0.00016790
0.00016790
0.00016790
0.00016790
0.00016790
0.00016790
0.00016790
0.00016790
0.00016790
0.00016790
0.00016790
0.00016790
0.00016790
0.00016790
0.00016790
0.00016790
0.00016790
0.00016790
0.00016790
0.00016790
0.00016790
0.00016790
0.00016790
0.00016790
0.00016790
0.00016790
0.00016790
0.00016790
0.00016790
0.00016790
0.00016790
0.00016790
0.00016790
0.00016790
0.00016790
0.00016790
0.00016790
0.00016790
0.00016790
0.00016790
0.00016790
0.00016790
0.00016790
0.00016790
0.00016790
0.00016790
0.00016790
0.00016790
0.00016790
0.00016790
0.00016790
0.00016790
0.00016790
0.00016790
0.00016790
0.00016790
0.00016790
0.00016790
0.00016790
0.00016790
0.00016790
0.00016790
0.00016790
0.00016790
0.00016790
0.00016790
0.00016790
0.00016790
0.00016790
0.00016790
0.00016790
0.00016790
0.00016790
0.00016790
0.00016790
0.00016790
0.00016790
0.00016790
0.00016790
0.00016790
0.00016790
0.00016790
0.00016790
0.00016790
0.00016790
0.00016790
0.00016790
0.00016790
0.00016790
0.00016790
0.00016790
0.00016790
0.00016790
0.00016790
0.00016790
0.00016790
0.00016790
0.00016790
0.00016790
0.00016790
0.00016790
0.00016790
0.00016790
0.00016790
0.00016790
0.00016790
0.00016790
0.00016790
0.00016790
0.00016790
0.00016790
0.00016790
0.00016790
0.00016790
0.00016790
0.00016790
0.00016790
0.00016790
0.00016790
0.00016790
0.00016790
0.00016790
0.00016790
0.00016790
0.00016790
0.00016790
0.00016790
0.00016790
0.00016790
0.00016790
0.00016790
0.00016790
0.00016790
0.00016790
0.00016790
0.00016790
0.00016790
0.00016790
0.00016790
0.00016790
0.00016790
0.00016790
0.00016790
0.00016790
0.00016790
0.00016790
0.00016790
0.00016790
0.00016790
0.00016790
0.00016790
0.00016790
0.00016790
0.00016790
0.00016790
0.00016790
0.00016790
0.00016790
0.00016790
0.00016790
0.00016790
0.00016790
0.00016790
0.00016790
0.00016790
0.00016790
0.00016790
0.00016790
0.00016790
0.00016790
0.00016790
0.00016790
0.00016790
0.00016790
0.00016790
0.00016790
0.00016790
0.00016790
0.00016790
0.00016790
0.00016790
0.00016790
0.00016790
0.00016790
0.00016790
0.00016790
0.00016790
0.00016790
0.00016790
0.00016790
0.00016790
0.00016790
0.00016790
0.00016790
0.00016790
0.00016790
0.00016790
0.00016790
0.00016790
0.00016790
0.00016790
0.00016790
0.00016790
0.00016790
0.00016790
0.00016790
0.00016790
0.00016790
0.00016790
0.00016790
0.00016790
0.00016790
0.00016790
0.00016790
0.00016790
0.00016790
0.00016790
0.00016790
0.00016790
0.00016790
0.00016790
0.00016790
0.00016790
0.00016790
0.00016790
0.00016790
0.00016790
0.00016790
0.00016790
0.00016790
0.00016790
0.00016790
0.00016790
0.00016790
0.00016790
0.00016790
0.00016790
0.00016790
0.00016790
0.00016790
0.00016790
0.00016790
0.00016790
0.00016790
0.00016790
0.00016790
0.00016790
0.00016790
0.00016790
0.00016790
0.00016790
0.00016790
0.00016790
0.00016790
0.00016790
0.00016790
0.00016790
0.00016790
0.00016790
0.00016790
0.00016790
0.00016790
0.00016790
0.00016790
0.00016790
0.00016790
0.00016790
0.00016790
0.00016790
0.00016790
0.00016790
0.00016790
0.00016790
0.00016790
0.00016790
0.00016790
0.00016790
0.00016790
0.00016790
0.00016790
0.00016790
0.00016790
0.00016790
0.00016790
0.00016790
0.00016790
0.00016790
0.00016790
0.00016790
0.00016790
0.00016790
0.00016790
0.00016790
0.00016790
0.00016790
0.00016790
0.00016790
0.00016790
0.00016790
0.00016790
0.00016790
0.00016790
0.00016790
0.00016790
0.00016790
0.00016790
0.00016790
0.00016790
0.00016790
0.00016790
0.00016790
0.00016790
0.00016790
0.00016790
0.00016790
0.00016790
0.00016790
0.00016790
0.00016790
0.00016790
0.00016790
0.00016790
0.00016790
0.00016790
0.00016790
0.00016790
0.00016790
0.00016790
0.00016790
0.00016790
0.00016790
0.00016790
0.00016790
0.00016790
0.00016790
0.00016790
0.00016790
0.00016790
0.00016790
0.00016790
0.00016790
0.00016790
0.00016790
0.00016790
0.00016790
0.00016790
0.00016790
0.00016790
0.00016790
0.00016790
0.00016790
0.00016790
0.00016790
0.00016790
0.00016790
0.00016790
0.00016790
0.00016790
0.00016790
0.00016790
0.00016790
0.00016790
0.00016790
0.00016790
0.00016790
0.00016790
0.00016790
0.00016790
0.00016790
0.00016790
0.00016790
0.00016790
0.00016790
0.00016790
0.00016790
0.00016790
0.00016790
0.00016790
0.00016790
0.00016790
0.00016790
0.00016790
0.00016790
0.00016790
0.00016790
0.00016790
0.00016790
0.00016790
0.00016790
0.00016790
0.00016790
0.00016790
0.00016790
0.00016790
0.00016790
0.00016790
0.00016790
0.00016790
0.00016790
0.00016790
0.00016790
0.00016790
0.00016790
0.00016790
0.00016790
0.00016790
0.00016790
0.00016790
0.00016790
0.00016790
0.00016790
0.00016790
0.00016790
0.00016790
0.00016790
0.00016790
0.00016790
0.00016790
0.00016790
0.00016790
0.00016790
0.00016790
0.00016790
0.00016790
0.00016790
0.00016790
0.00016790
0.00016790
0.00016790
0.00016790
0.00016790
0.00016790
0.00016790
0.00016790
0.00016790
0.00016790
0.00016790
0.00016790
0.00016790
0.00016790
0.00016790
0.00016790
0.00016790
0.00016790
0.00016790
0.00016790
0.00016790
0.00016790
0.00016790
0.00016790
0.00016790
0.00016790
0.00016790
0.00016790
0.00016790
0.00016790
0.00016790
0.00016790
0.00016790
0.00016790
0.00016790
0.00016790
0.00016790
0.00016790
0.00016790
0.00016790
0.00016790
0.00016790
0.00016790
0.00016790
0.00016790
0.00016790
0.00016790
0.00016790
0.00016790
0.00016790
0.00016790
0.00016790
0.00016790
0.00016790
0.00016790
0.00016790
0.00016790
0.00016790
0.00016790
0.00016790
0.00016790
0.00016790
0.00016790
0.00016790
0.00016790
0.00016790
0.00016790
0.00016790
0.00016790
0.00016790
0.00016790
0.00016790
0.00016790
0.00016790
0.00016790
0.00016790
0.00016790
0.00016790
0.00016790
0.00016790
0.00016790
0.00016790
0.00016790
0.00016790
0.00016790
0.00016790
0.00016790
0.00016790
0.00016790
0.00016790
0.00016790
0.00016790
0.00016790
0.00016790
0.00016790
0.00016790
0.00016790
0.00016790
0.00016790
0.00016790
0.00016790
0.00016790
0.00016790
0.00016790
0.00016790
0.00016790
0.00016790
0.00016790
0.00016790
0.00016790
0.00016790
0.00016790
0.00016790
0.00016790
0.00016790
0.00016790
0.00016790
0.00016790
0.00016790
0.00016790
0.00016790
0.00016790
0.00016790
0.00016790
0.00016790
0.00016790
0.00016790
