1.00000000
0.94000000
0.90000000
0.84000000
0.78000000
0.72000000
0.66000000
0.52000000
0.50000000
0.38000000
0.28000000
0.16000000
0.10000000
0.08000000
0.08000000
0.06000000
0.06000000
0.06000000
0.06000000
0.02000000
0.02000000
0.02000000
0.02000000
0.02000000
0.02000000
0.02000000
0.02000000
0.02000000
0.02000000
0.02000000
0.02000000
0.02000000
0.02000000
0.02000000
0.02000000
0.02000000
0.02000000
0.02000000
0.02000000
0.02000000
0.02000000
0.02000000
0.02000000
0.02000000
0.02000000
0.02000000
0.02000000
0.02000000
0.02000000
0.02000000
