0.85172872
0.85039894
0.84973404
0.84906915
0.84707447
0.84640957
0.84507979
0.84441489
0.84242021
0.84175532
0.84109043
0.84042553
0.83976064
0.83909574
0.83710106
0.83643617
0.83577128
0.83444149
0.83377660
0.83311170
0.83244681
0.83178191
0.83111702
0.83045213
0.82978723
0.82912234
0.82845745
0.82646277
0.82579787
0.82513298
0.82446809
0.82313830
0.82247340
0.82180851
0.82047872
0.81981383
0.81715426
0.81648936
0.81582447
0.81515957
0.81449468
0.81382979
0.81316489
0.81250000
0.81183511
0.81117021
0.81050532
0.80984043
0.80917553
0.80851064
0.80784574
0.80718085
0.80651596
0.80585106
0.80518617
0.80319149
0.80119681
0.80053191
0.79986702
0.79920213
0.79853723
0.79853723
0.79853723
0.79720745
0.79454787
0.79188830
0.79055851
0.78457447
0.78191489
0.77792553
0.77526596
0.77393617
0.77327128
0.77194149
0.76861702
0.76396277
0.76329787
0.76263298
0.76196809
0.76130319
0.76063830
0.75997340
0.75930851
0.75864362
0.75797872
0.75066489
0.75000000
0.74933511
0.74867021
0.74601064
0.74534574
0.74401596
0.73869681
0.73670213
0.73470745
0.73404255
0.73138298
0.72739362
0.72473404
0.72406915
0.71609043
0.71609043
0.71542553
0.71143617
0.70944149
0.70678191
0.70611702
0.70545213
0.70478723
0.70412234
0.70345745
0.70279255
0.70146277
0.70079787
0.69813830
0.69747340
0.69547872
0.69481383
0.69414894
0.69348404
0.69082447
0.68949468
0.68683511
0.68284574
0.68151596
0.67686170
0.67420213
0.67220745
0.67154255
0.67021277
0.66688830
0.66090426
0.66023936
0.64893617
0.64893617
0.64694149
0.64295213
0.64029255
0.63829787
0.63563830
0.62699468
0.62632979
0.62566489
0.62101064
0.61768617
0.61170213
0.60837766
0.60305851
0.55917553
0.55784574
0.55053191
0.54787234
0.54654255
0.53856383
0.53523936
0.53457447
0.53324468
0.53058511
0.52859043
0.52526596
0.52194149
0.52061170
0.51728723
0.51595745
0.50531915
0.50132979
0.49667553
0.48936170
0.48736702
0.48470745
0.47672872
0.47539894
0.47273936
0.47007979
0.47007979
0.46210106
0.46143617
0.46077128
0.45611702
0.45345745
0.44547872
0.43949468
0.42021277
0.41821809
0.35904255
0.35305851
0.34308511
0.34109043
0.33976064
0.33710106
0.33244681
0.32646277
0.29720745
0.29454787
0.29255319
0.26861702
0.25531915
0.24601064
0.24069149
0.23537234
0.22938830
0.22739362
0.22074468
0.22074468
0.22074468
0.21742021
0.18484043
0.18151596
0.14162234
0.13829787
0.13098404
0.12699468
0.11436170
0.11236702
0.11236702
0.10970745
0.03324468
0.03324468
0.03324468
0.03324468
0.03324468
0.03324468
0.03324468
0.03058511
0.03058511
0.03058511
0.00465426
0.00465426
0.00465426
0.00465426
0.00465426
0.00465426
0.00465426
0.00465426
0.00398936
0.00398936
0.00398936
0.00398936
0.00398936
0.00398936
0.00398936
0.00398936
0.00398936
0.00398936
0.00332447
0.00332447
0.00332447
0.00332447
0.00332447
0.00332447
0.00332447
0.00265957
0.00265957
0.00265957
0.00265957
0.00265957
0.00265957
0.00265957
0.00265957
0.00265957
0.00265957
0.00265957
0.00265957
0.00265957
0.00265957
0.00265957
0.00265957
0.00265957
0.00265957
0.00265957
0.00265957
0.00265957
0.00265957
0.00265957
0.00265957
0.00265957
0.00265957
0.00265957
0.00265957
0.00265957
0.00265957
0.00265957
0.00265957
0.00265957
0.00265957
0.00265957
0.00199468
0.00199468
0.00199468
0.00199468
0.00199468
0.00199468
0.00199468
0.00199468
0.00199468
0.00199468
0.00199468
0.00199468
0.00199468
0.00199468
0.00199468
0.00199468
0.00199468
0.00199468
0.00199468
0.00199468
0.00199468
0.00199468
0.00199468
0.00199468
0.00199468
0.00199468
0.00199468
0.00199468
0.00199468
0.00199468
0.00199468
0.00199468
0.00199468
0.00199468
0.00199468
0.00199468
0.00199468
0.00199468
0.00199468
0.00199468
0.00199468
0.00199468
0.00199468
0.00199468
0.00199468
0.00199468
0.00199468
0.00199468
0.00199468
0.00199468
0.00199468
0.00199468
0.00199468
0.00199468
0.00199468
0.00199468
0.00199468
0.00199468
0.00199468
0.00199468
0.00199468
0.00199468
0.00199468
0.00199468
0.00199468
0.00199468
0.00199468
0.00199468
0.00199468
0.00199468
0.00199468
0.00199468
0.00199468
0.00199468
0.00199468
0.00199468
0.00199468
0.00199468
0.00199468
0.00199468
0.00199468
0.00199468
0.00199468
0.00199468
0.00199468
0.00199468
0.00199468
0.00199468
0.00199468
0.00199468
0.00199468
0.00199468
0.00199468
0.00199468
0.00199468
0.00199468
0.00199468
0.00199468
0.00199468
0.00199468
0.00199468
0.00199468
0.00199468
0.00199468
0.00199468
0.00199468
0.00199468
0.00199468
0.00199468
0.00199468
0.00199468
0.00199468
0.00199468
0.00199468
0.00199468
0.00199468
0.00199468
0.00199468
0.00199468
0.00199468
0.00199468
0.00199468
0.00199468
0.00199468
0.00199468
0.00199468
0.00199468
0.00199468
0.00199468
0.00199468
0.00199468
0.00199468
0.00199468
0.00199468
0.00199468
0.00199468
0.00199468
0.00199468
0.00199468
0.00199468
0.00199468
0.00199468
0.00199468
0.00199468
0.00199468
0.00199468
0.00199468
0.00199468
0.00199468
0.00199468
0.00199468
0.00199468
0.00199468
0.00199468
0.00199468
0.00199468
0.00199468
0.00199468
0.00199468
0.00199468
0.00199468
0.00199468
0.00199468
0.00199468
0.00199468
0.00199468
0.00199468
0.00199468
0.00199468
0.00199468
0.00199468
0.00199468
0.00199468
0.00199468
0.00199468
0.00199468
0.00199468
0.00199468
0.00199468
0.00199468
0.00199468
0.00199468
0.00199468
0.00199468
0.00199468
0.00199468
0.00199468
0.00199468
0.00199468
0.00199468
0.00199468
0.00199468
0.00199468
0.00199468
0.00199468
0.00199468
0.00199468
0.00199468
0.00199468
0.00199468
0.00199468
0.00199468
0.00199468
0.00199468
0.00199468
0.00199468
0.00199468
0.00199468
0.00199468
0.00199468
0.00199468
0.00199468
0.00199468
0.00199468
0.00199468
0.00199468
0.00199468
0.00199468
0.00199468
0.00199468
0.00199468
0.00199468
0.00199468
0.00199468
0.00199468
0.00199468
0.00199468
0.00199468
0.00199468
0.00199468
0.00199468
0.00199468
0.00199468
0.00199468
0.00199468
0.00199468
0.00199468
0.00199468
0.00199468
0.00199468
0.00199468
0.00199468
0.00199468
0.00199468
0.00199468
0.00199468
0.00199468
0.00199468
0.00199468
0.00199468
0.00199468
0.00066489
0.00066489
0.00066489
0.00066489
0.00066489
0.00066489
0.00066489
0.00066489
0.00066489
0.00066489
0.00066489
0.00066489
0.00066489
0.00066489
0.00066489
0.00066489
0.00066489
0.00066489
0.00066489
0.00066489
0.00066489
0.00066489
0.00066489
0.00066489
0.00066489
0.00066489
0.00066489
0.00066489
0.00066489
0.00066489
0.00066489
0.00066489
0.00066489
0.00066489
0.00066489
0.00066489
0.00066489
0.00066489
0.00066489
0.00066489
0.00066489
0.00066489
0.00066489
0.00066489
0.00066489
0.00066489
0.00066489
0.00066489
0.00066489
0.00066489
0.00066489
0.00066489
0.00066489
0.00066489
0.00066489
0.00066489
0.00066489
0.00066489
0.00066489
0.00066489
0.00066489
0.00066489
0.00066489
0.00066489
0.00066489
0.00066489
0.00066489
0.00066489
0.00066489
0.00066489
0.00066489
0.00066489
0.00066489
0.00066489
0.00066489
0.00066489
0.00066489
0.00066489
0.00066489
0.00066489
0.00066489
0.00066489
0.00066489
0.00066489
0.00066489
0.00066489
0.00066489
0.00066489
0.00066489
0.00066489
0.00066489
0.00066489
0.00066489
0.00066489
0.00066489
0.00066489
0.00066489
0.00066489
0.00066489
0.00066489
0.00066489
0.00066489
0.00066489
0.00066489
0.00066489
0.00066489
0.00066489
0.00066489
0.00066489
0.00066489
0.00066489
0.00066489
0.00066489
0.00066489
0.00066489
0.00066489
0.00066489
0.00066489
0.00066489
0.00066489
0.00066489
0.00066489
0.00066489
0.00066489
0.00066489
0.00066489
0.00066489
0.00066489
0.00066489
0.00066489
0.00066489
0.00066489
0.00066489
0.00066489
0.00066489
0.00066489
0.00066489
0.00066489
0.00066489
0.00066489
0.00066489
0.00066489
0.00066489
0.00066489
0.00066489
0.00066489
0.00066489
0.00066489
0.00066489
0.00066489
0.00066489
0.00066489
0.00066489
0.00066489
0.00066489
0.00066489
0.00066489
0.00066489
0.00066489
0.00066489
0.00066489
0.00066489
0.00066489
0.00066489
0.00066489
0.00066489
0.00066489
0.00066489
0.00066489
0.00066489
0.00066489
0.00066489
0.00066489
0.00066489
0.00066489
0.00066489
0.00066489
0.00066489
0.00066489
0.00066489
0.00066489
0.00066489
0.00066489
0.00066489
0.00066489
0.00066489
0.00066489
0.00066489
0.00066489
0.00066489
0.00066489
0.00066489
0.00066489
0.00066489
0.00066489
0.00066489
0.00066489
0.00066489
0.00066489
0.00066489
0.00066489
0.00066489
0.00066489
0.00066489
0.00066489
0.00066489
0.00066489
0.00066489
0.00066489
0.00066489
0.00066489
0.00066489
0.00066489
0.00066489
0.00066489
0.00066489
0.00066489
0.00066489
0.00066489
0.00066489
0.00066489
0.00066489
0.00066489
0.00066489
0.00066489
0.00066489
0.00066489
0.00066489
0.00066489
0.00066489
0.00066489
0.00066489
0.00066489
0.00066489
0.00066489
0.00066489
0.00066489
0.00066489
0.00066489
0.00066489
0.00066489
0.00066489
0.00066489
0.00066489
0.00066489
0.00066489
0.00066489
0.00066489
0.00066489
0.00066489
0.00066489
0.00066489
0.00066489
0.00066489
0.00066489
0.00066489
0.00066489
0.00066489
0.00066489
0.00066489
0.00066489
0.00066489
0.00066489
0.00066489
0.00066489
0.00066489
0.00066489
0.00066489
0.00066489
0.00066489
0.00066489
0.00066489
0.00066489
0.00066489
0.00066489
0.00066489
0.00066489
0.00066489
0.00066489
0.00066489
0.00066489
0.00066489
0.00066489
0.00066489
0.00066489
0.00066489
0.00066489
0.00066489
0.00066489
0.00066489
0.00066489
0.00066489
0.00066489
0.00066489
0.00066489
0.00066489
0.00066489
0.00066489
0.00066489
0.00066489
0.00066489
0.00066489
0.00066489
0.00066489
0.00066489
0.00066489
0.00066489
0.00066489
0.00066489
0.00066489
0.00066489
0.00066489
0.00066489
0.00066489
0.00066489
0.00066489
0.00066489
0.00066489
0.00066489
0.00066489
0.00066489
0.00066489
0.00066489
0.00066489
0.00066489
0.00066489
0.00066489
0.00066489
0.00066489
0.00066489
0.00066489
0.00066489
0.00066489
0.00066489
0.00066489
0.00066489
0.00066489
0.00066489
0.00066489
0.00066489
0.00066489
0.00066489
0.00066489
0.00066489
0.00066489
0.00066489
0.00066489
0.00066489
0.00066489
0.00066489
0.00066489
0.00066489
0.00066489
0.00066489
0.00066489
0.00066489
0.00066489
0.00066489
0.00066489
0.00066489
0.00066489
0.00066489
0.00066489
0.00066489
0.00066489
0.00066489
0.00066489
0.00066489
0.00066489
0.00066489
0.00066489
0.00066489
0.00066489
0.00066489
0.00066489
0.00066489
0.00066489
0.00066489
0.00066489
0.00066489
0.00066489
0.00066489
0.00066489
0.00066489
0.00066489
0.00066489
0.00066489
0.00066489
0.00066489
0.00066489
0.00066489
0.00066489
0.00066489
0.00066489
0.00066489
0.00066489
0.00066489
0.00066489
0.00066489
0.00066489
0.00066489
0.00066489
0.00066489
0.00066489
0.00066489
0.00066489
0.00066489
0.00066489
0.00066489
0.00066489
0.00066489
0.00066489
0.00066489
0.00066489
0.00066489
0.00066489
0.00066489
0.00066489
0.00066489
0.00066489
0.00066489
0.00066489
0.00066489
0.00066489
0.00066489
0.00066489
0.00066489
0.00066489
0.00066489
0.00066489
0.00066489
0.00066489
0.00066489
0.00066489
0.00066489
0.00066489
0.00066489
0.00066489
0.00066489
0.00066489
0.00066489
0.00066489
0.00066489
0.00066489
0.00066489
0.00066489
0.00066489
0.00066489
0.00066489
0.00066489
0.00066489
0.00066489
0.00066489
0.00066489
0.00066489
0.00066489
0.00066489
0.00066489
0.00066489
0.00066489
0.00066489
0.00066489
0.00066489
0.00066489
0.00066489
0.00066489
0.00066489
0.00066489
0.00066489
0.00066489
0.00066489
0.00066489
0.00066489
0.00066489
0.00066489
0.00066489
0.00066489
0.00066489
0.00066489
0.00066489
0.00066489
0.00066489
0.00066489
0.00066489
0.00066489
0.00066489
0.00066489
0.00066489
0.00066489
0.00066489
0.00066489
0.00066489
0.00066489
0.00066489
0.00066489
0.00066489
0.00066489
0.00066489
0.00066489
0.00066489
0.00066489
0.00066489
0.00066489
0.00066489
0.00066489
0.00066489
0.00066489
0.00066489
0.00066489
0.00066489
0.00066489
0.00066489
0.00066489
0.00066489
0.00066489
0.00066489
0.00066489
0.00066489
0.00066489
0.00066489
0.00066489
0.00066489
0.00066489
0.00066489
0.00066489
0.00066489
0.00066489
0.00066489
0.00066489
0.00066489
0.00066489
0.00066489
0.00066489
0.00066489
0.00066489
0.00066489
0.00066489
0.00066489
0.00066489
0.00066489
0.00066489
0.00066489
0.00066489
0.00066489
0.00066489
0.00066489
0.00066489
0.00066489
0.00066489
0.00066489
0.00066489
0.00066489
0.00066489
0.00066489
0.00066489
0.00066489
0.00066489
0.00066489
0.00066489
0.00066489
0.00066489
0.00066489
0.00066489
0.00066489
0.00066489
0.00066489
0.00066489
0.00066489
0.00066489
0.00066489
0.00066489
0.00066489
0.00066489
0.00066489
0.00066489
0.00066489
0.00066489
0.00066489
0.00066489
0.00066489
0.00066489
0.00066489
0.00066489
0.00066489
0.00066489
0.00066489
0.00066489
0.00066489
0.00066489
0.00066489
0.00066489
0.00066489
0.00066489
0.00066489
0.00066489
0.00066489
0.00066489
0.00066489
0.00066489
0.00066489
0.00066489
0.00066489
0.00066489
0.00066489
0.00066489
0.00066489
0.00066489
0.00066489
0.00066489
0.00066489
0.00066489
0.00066489
0.00066489
0.00066489
0.00066489
0.00066489
0.00066489
0.00066489
0.00066489
0.00066489
0.00066489
0.00066489
0.00066489
0.00066489
0.00066489
0.00066489
0.00066489
0.00066489
0.00066489
0.00066489
0.00066489
0.00066489
0.00066489
0.00066489
0.00066489
0.00066489
0.00066489
0.00066489
0.00066489
0.00066489
0.00066489
0.00066489
0.00066489
0.00066489
0.00066489
0.00066489
0.00066489
0.00066489
0.00066489
0.00066489
0.00066489
0.00066489
0.00066489
0.00066489
0.00066489
0.00066489
0.00066489
0.00066489
0.00066489
0.00066489
0.00066489
0.00066489
0.00066489
0.00066489
0.00066489
0.00066489
0.00066489
0.00066489
0.00066489
0.00066489
0.00066489
0.00066489
0.00066489
0.00066489
0.00066489
0.00066489
0.00066489
0.00066489
0.00066489
0.00066489
0.00066489
0.00066489
0.00066489
0.00066489
0.00066489
0.00066489
0.00066489
0.00066489
0.00066489
0.00066489
0.00066489
0.00066489
0.00066489
0.00066489
0.00066489
0.00066489
0.00066489
0.00066489
0.00066489
0.00066489
0.00066489
0.00066489
0.00066489
0.00066489
0.00066489
0.00066489
0.00066489
0.00066489
0.00066489
0.00066489
0.00066489
0.00066489
0.00066489
0.00066489
0.00066489
0.00066489
0.00066489
0.00066489
0.00066489
0.00066489
0.00066489
0.00066489
0.00066489
0.00066489
0.00066489
0.00066489
0.00066489
0.00066489
0.00066489
0.00066489
0.00066489
0.00066489
0.00066489
0.00066489
0.00066489
0.00066489
0.00066489
0.00066489
0.00066489
0.00066489
0.00066489
0.00066489
0.00066489
0.00066489
0.00066489
0.00066489
0.00066489
0.00066489
0.00066489
0.00066489
0.00066489
0.00066489
0.00066489
0.00066489
0.00066489
0.00066489
0.00066489
0.00066489
0.00066489
0.00066489
0.00066489
0.00066489
0.00066489
0.00066489
0.00066489
0.00066489
0.00066489
0.00066489
0.00066489
0.00066489
0.00066489
0.00066489
0.00066489
0.00066489
0.00066489
0.00066489
0.00066489
0.00066489
0.00066489
0.00066489
0.00066489
0.00066489
0.00066489
0.00066489
0.00066489
0.00066489
0.00066489
0.00066489
0.00066489
0.00066489
0.00066489
0.00066489
0.00066489
0.00066489
0.00066489
0.00066489
0.00066489
0.00066489
0.00066489
0.00066489
0.00066489
0.00066489
0.00066489
0.00066489
0.00066489
0.00066489
0.00066489
0.00066489
0.00066489
0.00066489
0.00066489
0.00066489
0.00066489
0.00066489
0.00066489
0.00066489
0.00066489
0.00066489
0.00066489
0.00066489
0.00066489
0.00066489
0.00066489
0.00066489
0.00066489
0.00066489
0.00066489
0.00066489
0.00066489
0.00066489
0.00066489
0.00066489
0.00066489
0.00066489
0.00066489
0.00066489
0.00066489
0.00066489
0.00066489
0.00066489
0.00066489
0.00066489
0.00066489
0.00066489
0.00066489
0.00066489
0.00066489
0.00066489
0.00066489
0.00066489
0.00066489
0.00066489
0.00066489
0.00066489
0.00066489
0.00066489
0.00066489
0.00066489
0.00066489
0.00066489
0.00066489
0.00066489
0.00066489
0.00066489
0.00066489
0.00066489
0.00066489
0.00066489
0.00066489
0.00066489
0.00066489
0.00066489
0.00066489
0.00066489
0.00066489
0.00066489
0.00066489
0.00066489
0.00066489
0.00066489
0.00066489
0.00066489
0.00066489
0.00066489
0.00066489
0.00066489
0.00066489
0.00066489
0.00066489
0.00066489
0.00066489
0.00066489
0.00066489
0.00066489
0.00066489
0.00066489
0.00066489
0.00066489
0.00066489
0.00066489
0.00066489
0.00066489
0.00066489
0.00066489
0.00066489
0.00066489
0.00066489
0.00066489
0.00066489
0.00066489
0.00066489
0.00066489
0.00066489
0.00066489
0.00066489
0.00066489
0.00066489
0.00066489
0.00066489
0.00066489
0.00066489
0.00066489
0.00066489
0.00066489
0.00066489
0.00066489
0.00066489
0.00066489
0.00066489
0.00066489
0.00066489
0.00066489
0.00066489
0.00066489
0.00066489
0.00066489
0.00066489
0.00066489
0.00066489
0.00066489
0.00066489
0.00066489
0.00066489
0.00066489
0.00066489
0.00066489
0.00066489
0.00066489
0.00066489
0.00066489
0.00066489
0.00066489
0.00066489
0.00066489
0.00066489
0.00066489
0.00066489
0.00066489
0.00066489
0.00066489
0.00066489
0.00066489
0.00066489
0.00066489
0.00066489
0.00066489
0.00066489
