0.99183223
0.99172185
0.99161148
0.99150110
0.99139073
0.99128035
0.99116998
0.99105960
0.99094923
0.99083885
0.99072848
0.99061810
0.99050773
0.99039735
0.99028698
0.99017660
0.99006623
0.98995585
0.98984547
0.98973510
0.98962472
0.98951435
0.98940397
0.98918322
0.98907285
0.98896247
0.98885210
0.98874172
0.98863135
0.98852097
0.98841060
0.98830022
0.98818985
0.98807947
0.98796909
0.98785872
0.98774834
0.98763797
0.98752759
0.98741722
0.98719647
0.98708609
0.98697572
0.98686534
0.98675497
0.98664459
0.98653422
0.98642384
0.98631347
0.98620309
0.98609272
0.98598234
0.98587196
0.98565121
0.98554084
0.98532009
0.98520971
0.98509934
0.98498896
0.98487859
0.98476821
0.98465784
0.98454746
0.98443709
0.98432671
0.98421634
0.98410596
0.98399558
0.98388521
0.98377483
0.98366446
0.98355408
0.98344371
0.98333333
0.98322296
0.98311258
0.98300221
0.98289183
0.98278146
0.98267108
0.98256071
0.98245033
0.98233996
0.98211921
0.98200883
0.98189845
0.98178808
0.98167770
0.98156733
0.98145695
0.98134658
0.98123620
0.98112583
0.98101545
0.98090508
0.98079470
0.98068433
0.98057395
0.98046358
0.98035320
0.98024283
0.98013245
0.98002208
0.97991170
0.97980132
0.97969095
0.97958057
0.97947020
0.97924945
0.97913907
0.97902870
0.97891832
0.97880795
0.97869757
0.97858720
0.97847682
0.97836645
0.97825607
0.97814570
0.97803532
0.97792494
0.97781457
0.97770419
0.97759382
0.97748344
0.97737307
0.97726269
0.97715232
0.97704194
0.97693157
0.97682119
0.97671082
0.97660044
0.97649007
0.97637969
0.97626932
0.97615894
0.97604857
0.97582781
0.97571744
0.97549669
0.97538631
0.97527594
0.97516556
0.97505519
0.97494481
0.97461369
0.97450331
0.97439294
0.97428256
0.97417219
0.97406181
0.97395143
0.97384106
0.97373068
0.97362031
0.97350993
0.97339956
0.97328918
0.97317881
0.97306843
0.97295806
0.97284768
0.97273731
0.97262693
0.97251656
0.97240618
0.97229581
0.97207506
0.97196468
0.97185430
0.97174393
0.97163355
0.97152318
0.97141280
0.97130243
0.97119205
0.97108168
0.97097130
0.97086093
0.97075055
0.97064018
0.97052980
0.97041943
0.97030905
0.97019868
0.97008830
0.96997792
0.96975717
0.96964680
0.96953642
0.96942605
0.96931567
0.96909492
0.96898455
0.96887417
0.96876380
0.96865342
0.96854305
0.96843267
0.96832230
0.96821192
0.96810155
0.96799117
0.96788079
0.96777042
0.96766004
0.96754967
0.96743929
0.96732892
0.96721854
0.96710817
0.96699779
0.96677704
0.96666667
0.96655629
0.96644592
0.96633554
0.96622517
0.96611479
0.96600442
0.96589404
0.96578366
0.96567329
0.96556291
0.96545254
0.96534216
0.96523179
0.96512141
0.96501104
0.96490066
0.96479029
0.96467991
0.96456954
0.96445916
0.96434879
0.96423841
0.96412804
0.96401766
0.96379691
0.96368653
0.96357616
0.96346578
0.96335541
0.96324503
0.96313466
0.96302428
0.96291391
0.96280353
0.96269316
0.96258278
0.96236203
0.96225166
0.96214128
0.96203091
0.96192053
0.96181015
0.96169978
0.96158940
0.96147903
0.96136865
0.96125828
0.96114790
0.96103753
0.96081678
0.96070640
0.96059603
0.96048565
0.96037528
0.96026490
0.96015453
0.96004415
0.95993377
0.95971302
0.95960265
0.95949227
0.95938190
0.95927152
0.95916115
0.95905077
0.95894040
0.95883002
0.95871965
0.95860927
0.95849890
0.95838852
0.95827815
0.95816777
0.95805740
0.95794702
0.95783664
0.95761589
0.95750552
0.95739514
0.95717439
0.95706402
0.95695364
0.95662252
0.95651214
0.95640177
0.95629139
0.95618102
0.95607064
0.95596026
0.95584989
0.95573951
0.95562914
0.95551876
0.95540839
0.95518764
0.95507726
0.95496689
0.95485651
0.95463576
0.95452539
0.95430464
0.95419426
0.95408389
0.95397351
0.95386313
0.95375276
0.95364238
0.95353201
0.95342163
0.95331126
0.95320088
0.95309051
0.95298013
0.95286976
0.95275938
0.95264901
0.95253863
0.95242826
0.95220751
0.95209713
0.95198675
0.95187638
0.95176600
0.95154525
0.95143488
0.95132450
0.95121413
0.95110375
0.95099338
0.95088300
0.95077263
0.95066225
0.95055188
0.95044150
0.95011038
0.95000000
0.94977925
0.94966887
0.94955850
0.94944812
0.94933775
0.94922737
0.94911700
0.94900662
0.94889625
0.94878587
0.94867550
0.94856512
0.94845475
0.94834437
0.94823400
0.94812362
0.94801325
0.94790287
0.94779249
0.94768212
0.94746137
0.94735099
0.94724062
0.94713024
0.94701987
0.94690949
0.94668874
0.94657837
0.94635762
0.94624724
0.94613687
0.94591611
0.94580574
0.94569536
0.94558499
0.94547461
0.94536424
0.94525386
0.94514349
0.94503311
0.94492274
0.94481236
0.94470199
0.94459161
0.94426049
0.94403974
0.94392936
0.94381898
0.94370861
0.94359823
0.94348786
0.94337748
0.94326711
0.94315673
0.94304636
0.94293598
0.94282561
0.94271523
0.94260486
0.94249448
0.94227373
0.94216336
0.94205298
0.94194260
0.94161148
0.94150110
0.94139073
0.94128035
0.94116998
0.94105960
0.94083885
0.94072848
0.94061810
0.94039735
0.94028698
0.94017660
0.93995585
0.93984547
0.93973510
0.93962472
0.93940397
0.93929360
0.93918322
0.93907285
0.93896247
0.93885210
0.93874172
0.93863135
0.93852097
0.93841060
0.93830022
0.93818985
0.93807947
0.93796909
0.93785872
0.93763797
0.93752759
0.93741722
0.93730684
0.93719647
0.93708609
0.93697572
0.93686534
0.93675497
0.93664459
0.93642384
0.93631347
0.93620309
0.93609272
0.93598234
0.93587196
0.93576159
0.93565121
0.93554084
0.93532009
0.93520971
0.93509934
0.93498896
0.93487859
0.93476821
0.93465784
0.93454746
0.93443709
0.93432671
0.93399558
0.93388521
0.93377483
0.93355408
0.93344371
0.93333333
0.93322296
0.93311258
0.93300221
0.93289183
0.93278146
0.93267108
0.93256071
0.93245033
0.93233996
0.93222958
0.93211921
0.93200883
0.93189845
0.93178808
0.93167770
0.93156733
0.93145695
0.93134658
0.93123620
0.93101545
0.93090508
0.93079470
0.93068433
0.93057395
0.93046358
0.93035320
0.93024283
0.93002208
0.92991170
0.92969095
0.92947020
0.92935982
0.92924945
0.92913907
0.92902870
0.92891832
0.92858720
0.92836645
0.92825607
0.92814570
0.92803532
0.92792494
0.92781457
0.92759382
0.92748344
0.92737307
0.92726269
0.92715232
0.92704194
0.92693157
0.92682119
0.92671082
0.92660044
0.92649007
0.92626932
0.92604857
0.92593819
0.92571744
0.92560706
0.92549669
0.92538631
0.92527594
0.92516556
0.92505519
0.92494481
0.92483444
0.92472406
0.92461369
0.92450331
0.92439294
0.92428256
0.92417219
0.92395143
0.92384106
0.92373068
0.92350993
0.92339956
0.92328918
0.92306843
0.92295806
0.92284768
0.92273731
0.92262693
0.92229581
0.92218543
0.92207506
0.92196468
0.92185430
0.92174393
0.92163355
0.92152318
0.92141280
0.92130243
0.92119205
0.92108168
0.92097130
0.92086093
0.92075055
0.92064018
0.92052980
0.92041943
0.91997792
0.91986755
0.91975717
0.91964680
0.91953642
0.91942605
0.91920530
0.91909492
0.91898455
0.91887417
0.91876380
0.91865342
0.91854305
0.91821192
0.91810155
0.91799117
0.91788079
0.91777042
0.91766004
0.91743929
0.91732892
0.91721854
0.91710817
0.91699779
0.91677704
0.91666667
0.91655629
0.91644592
0.91633554
0.91622517
0.91611479
0.91600442
0.91589404
0.91578366
0.91567329
0.91534216
0.91523179
0.91512141
0.91501104
0.91490066
0.91479029
0.91445916
0.91434879
0.91423841
0.91401766
0.91390728
0.91379691
0.91368653
0.91357616
0.91346578
0.91335541
0.91324503
0.91313466
0.91302428
0.91291391
0.91280353
0.91269316
0.91247241
0.91214128
0.91203091
0.91192053
0.91181015
0.91169978
0.91158940
0.91147903
0.91136865
0.91125828
0.91114790
0.91103753
0.91092715
0.91081678
0.91070640
0.91059603
0.91048565
0.91037528
0.91026490
0.91015453
0.91004415
0.90993377
0.90982340
0.90971302
0.90960265
0.90949227
0.90938190
0.90927152
0.90916115
0.90905077
0.90894040
0.90883002
0.90871965
0.90860927
0.90849890
0.90838852
0.90827815
0.90816777
0.90783664
0.90772627
0.90761589
0.90750552
0.90739514
0.90728477
0.90717439
0.90695364
0.90684327
0.90651214
0.90640177
0.90629139
0.90618102
0.90607064
0.90596026
0.90584989
0.90573951
0.90562914
0.90551876
0.90540839
0.90529801
0.90496689
0.90474614
0.90463576
0.90452539
0.90430464
0.90419426
0.90408389
0.90397351
0.90375276
0.90364238
0.90353201
0.90342163
0.90298013
0.90286976
0.90275938
0.90264901
0.90253863
0.90242826
0.90209713
0.90198675
0.90187638
0.90176600
0.90165563
0.90154525
0.90143488
0.90132450
0.90121413
0.90110375
0.90099338
0.90088300
0.90066225
0.90055188
0.90044150
0.90033113
0.90022075
0.90011038
0.90000000
0.89988962
0.89977925
0.89966887
0.89955850
0.89944812
0.89933775
0.89922737
0.89911700
0.89900662
0.89889625
0.89867550
0.89856512
0.89845475
0.89834437
0.89823400
0.89812362
0.89801325
0.89790287
0.89779249
0.89768212
0.89757174
0.89746137
0.89735099
0.89724062
0.89713024
0.89701987
0.89690949
0.89679912
0.89668874
0.89657837
0.89646799
0.89624724
0.89613687
0.89602649
0.89580574
0.89547461
0.89536424
0.89525386
0.89514349
0.89503311
0.89492274
0.89481236
0.89470199
0.89459161
0.89448124
0.89437086
0.89426049
0.89415011
0.89392936
0.89381898
0.89370861
0.89359823
0.89348786
0.89337748
0.89326711
0.89304636
0.89293598
0.89282561
0.89271523
0.89238411
0.89227373
0.89216336
0.89205298
0.89183223
0.89172185
0.89161148
0.89150110
0.89139073
0.89128035
0.89116998
0.89105960
0.89094923
0.89083885
0.89072848
0.89061810
0.89050773
0.89039735
0.89028698
0.89017660
0.88995585
0.88984547
0.88973510
0.88962472
0.88951435
0.88940397
0.88929360
0.88918322
0.88907285
0.88896247
0.88863135
0.88852097
0.88841060
0.88830022
0.88818985
0.88807947
0.88796909
0.88785872
0.88774834
0.88763797
0.88741722
0.88730684
0.88719647
0.88708609
0.88697572
0.88686534
0.88675497
0.88664459
0.88642384
0.88620309
0.88609272
0.88598234
0.88587196
0.88576159
0.88565121
0.88554084
0.88532009
0.88509934
0.88498896
0.88487859
0.88476821
0.88465784
0.88454746
0.88443709
0.88432671
0.88421634
0.88377483
0.88366446
0.88344371
0.88333333
0.88322296
0.88311258
0.88300221
0.88289183
0.88267108
0.88256071
0.88245033
0.88222958
0.88211921
0.88200883
0.88178808
0.88167770
0.88156733
0.88145695
0.88134658
0.88123620
0.88112583
0.88101545
0.88090508
0.88079470
0.88068433
0.88057395
0.88046358
0.88035320
0.88013245
0.88002208
0.87991170
0.87980132
0.87969095
0.87958057
0.87913907
0.87902870
0.87891832
0.87880795
0.87869757
0.87858720
0.87847682
0.87836645
0.87814570
0.87803532
0.87781457
0.87770419
0.87759382
0.87748344
0.87737307
0.87726269
0.87715232
0.87704194
0.87693157
0.87660044
0.87649007
0.87637969
0.87604857
0.87593819
0.87582781
0.87571744
0.87560706
0.87549669
0.87538631
0.87527594
0.87516556
0.87505519
0.87494481
0.87472406
0.87461369
0.87450331
0.87439294
0.87428256
0.87417219
0.87384106
0.87373068
0.87362031
0.87339956
0.87317881
0.87306843
0.87295806
0.87284768
0.87273731
0.87262693
0.87251656
0.87229581
0.87218543
0.87207506
0.87196468
0.87185430
0.87174393
0.87163355
0.87152318
0.87141280
0.87119205
0.87108168
0.87097130
0.87086093
0.87075055
0.87041943
0.87030905
0.87008830
0.86997792
0.86964680
0.86953642
0.86942605
0.86931567
0.86920530
0.86876380
0.86865342
0.86843267
0.86821192
0.86810155
0.86799117
0.86788079
0.86777042
0.86766004
0.86754967
0.86743929
0.86710817
0.86699779
0.86688742
0.86666667
0.86655629
0.86633554
0.86611479
0.86600442
0.86589404
0.86578366
0.86567329
0.86545254
0.86534216
0.86523179
0.86512141
0.86501104
0.86467991
0.86456954
0.86445916
0.86434879
0.86423841
0.86412804
0.86401766
0.86390728
0.86357616
0.86346578
0.86313466
0.86302428
0.86291391
0.86280353
0.86269316
0.86258278
0.86247241
0.86236203
0.86225166
0.86214128
0.86192053
0.86181015
0.86169978
0.86158940
0.86147903
0.86136865
0.86125828
0.86114790
0.86103753
0.86092715
0.86081678
0.86037528
0.86026490
0.86015453
0.86004415
0.85971302
0.85960265
0.85949227
0.85927152
0.85916115
0.85894040
0.85883002
0.85871965
0.85860927
0.85849890
0.85838852
0.85805740
0.85794702
0.85772627
0.85761589
0.85750552
0.85739514
0.85728477
0.85717439
0.85706402
0.85695364
0.85651214
0.85640177
0.85629139
0.85618102
0.85607064
0.85596026
0.85584989
0.85573951
0.85562914
0.85551876
0.85540839
0.85529801
0.85518764
0.85507726
0.85496689
0.85485651
0.85474614
0.85463576
0.85452539
0.85441501
0.85430464
0.85419426
0.85397351
0.85375276
0.85364238
0.85353201
0.85342163
0.85331126
0.85320088
0.85275938
0.85264901
0.85253863
0.85242826
0.85231788
0.85220751
0.85209713
0.85198675
0.85187638
0.85176600
0.85165563
0.85154525
0.85132450
0.85110375
0.85099338
0.85055188
0.85033113
0.85000000
0.84988962
0.84977925
0.84966887
0.84955850
0.84944812
0.84933775
0.84922737
0.84911700
0.84900662
0.84889625
0.84878587
0.84867550
0.84856512
0.84845475
0.84834437
0.84823400
0.84812362
0.84801325
0.84790287
0.84779249
0.84768212
0.84757174
0.84701987
0.84679912
0.84657837
0.84646799
0.84635762
0.84613687
0.84591611
0.84569536
0.84547461
0.84525386
0.84514349
0.84492274
0.84481236
0.84448124
0.84437086
0.84381898
0.84359823
0.84348786
0.84337748
0.84326711
0.84315673
0.84304636
0.84293598
0.84282561
0.84271523
0.84260486
0.84249448
0.84238411
0.84194260
0.84172185
0.84161148
0.84150110
0.84139073
0.84072848
0.84050773
0.84039735
0.84028698
0.84017660
0.84006623
0.83995585
0.83984547
0.83940397
0.83929360
0.83918322
0.83907285
0.83896247
0.83885210
0.83874172
0.83863135
0.83852097
0.83830022
0.83818985
0.83807947
0.83796909
0.83785872
0.83774834
0.83763797
0.83752759
0.83741722
0.83730684
0.83719647
0.83708609
0.83697572
0.83686534
0.83675497
0.83664459
0.83653422
0.83642384
0.83631347
0.83620309
0.83609272
0.83598234
0.83587196
0.83576159
0.83565121
0.83554084
0.83543046
0.83532009
0.83520971
0.83509934
0.83498896
0.83487859
0.83465784
0.83454746
0.83421634
0.83399558
0.83377483
0.83355408
0.83344371
0.83333333
0.83278146
0.83267108
0.83245033
0.83233996
0.83222958
0.83189845
0.83178808
0.83167770
0.83156733
0.83145695
0.83134658
0.83123620
0.83112583
0.83101545
0.83090508
0.83079470
0.83068433
0.83057395
0.83046358
0.83035320
0.83024283
0.83013245
0.83002208
0.82991170
0.82980132
0.82969095
0.82958057
0.82891832
0.82880795
0.82869757
0.82858720
0.82825607
0.82803532
0.82792494
0.82781457
0.82759382
0.82748344
0.82737307
0.82726269
0.82715232
0.82704194
0.82693157
0.82671082
0.82660044
0.82649007
0.82615894
0.82593819
0.82582781
0.82571744
0.82560706
0.82505519
0.82494481
0.82483444
0.82472406
0.82461369
0.82450331
0.82439294
0.82428256
0.82395143
0.82384106
0.82373068
0.82362031
0.82350993
0.82339956
0.82328918
0.82306843
0.82295806
0.82284768
0.82273731
0.82262693
0.82251656
0.82218543
0.82207506
0.82196468
0.82185430
0.82174393
0.82163355
0.82152318
0.82119205
0.82108168
0.82097130
0.82086093
0.82075055
0.82052980
0.82030905
0.82019868
0.82008830
0.81997792
0.81964680
0.81953642
0.81942605
0.81931567
0.81920530
0.81909492
0.81876380
0.81865342
0.81832230
0.81821192
0.81810155
0.81788079
0.81777042
0.81754967
0.81743929
0.81732892
0.81721854
0.81699779
0.81677704
0.81666667
0.81655629
0.81633554
0.81622517
0.81611479
0.81600442
0.81589404
0.81578366
0.81556291
0.81545254
0.81512141
0.81501104
0.81490066
0.81479029
0.81467991
0.81456954
0.81445916
0.81434879
0.81423841
0.81412804
0.81401766
0.81390728
0.81379691
0.81368653
0.81346578
0.81335541
0.81324503
0.81313466
0.81302428
0.81291391
0.81280353
0.81269316
0.81258278
0.81247241
0.81236203
0.81225166
0.81214128
0.81203091
0.81192053
0.81181015
0.81169978
0.81158940
0.81147903
0.81136865
0.81125828
0.81114790
0.81103753
0.81092715
0.81081678
0.81070640
0.81059603
0.81048565
0.81015453
0.81004415
0.80993377
0.80982340
0.80960265
0.80949227
0.80938190
0.80927152
0.80916115
0.80905077
0.80894040
0.80860927
0.80849890
0.80838852
0.80827815
0.80816777
0.80805740
0.80783664
0.80772627
0.80750552
0.80739514
0.80717439
0.80695364
0.80684327
0.80662252
0.80651214
0.80640177
0.80629139
0.80618102
0.80607064
0.80596026
0.80584989
0.80573951
0.80562914
0.80551876
0.80540839
0.80529801
0.80496689
0.80485651
0.80474614
0.80463576
0.80452539
0.80441501
0.80430464
0.80419426
0.80408389
0.80397351
0.80375276
0.80364238
0.80353201
0.80342163
0.80320088
0.80309051
0.80275938
0.80253863
0.80242826
0.80231788
0.80220751
0.80209713
0.80198675
0.80187638
0.80176600
0.80165563
0.80099338
0.80088300
0.80077263
0.80066225
0.80055188
0.80044150
0.80033113
0.80022075
0.80011038
0.79977925
0.79966887
0.79955850
0.79944812
0.79933775
0.79922737
0.79900662
0.79889625
0.79878587
0.79867550
0.79845475
0.79834437
0.79823400
0.79812362
0.79801325
0.79790287
0.79779249
0.79768212
0.79757174
0.79746137
0.79735099
0.79724062
0.79724062
0.79713024
0.79690949
0.79679912
0.79668874
0.79657837
0.79646799
0.79635762
0.79624724
0.79613687
0.79602649
0.79591611
0.79580574
0.79569536
0.79558499
0.79547461
0.79536424
0.79525386
0.79514349
0.79503311
0.79492274
0.79470199
0.79437086
0.79426049
0.79415011
0.79403974
0.79392936
0.79381898
0.79370861
0.79359823
0.79348786
0.79337748
0.79326711
0.79315673
0.79304636
0.79293598
0.79282561
0.79271523
0.79260486
0.79249448
0.79238411
0.79227373
0.79216336
0.79194260
0.79183223
0.79183223
0.79172185
0.79161148
0.79150110
0.79139073
0.79128035
0.79116998
0.79105960
0.79072848
0.79061810
0.79039735
0.79028698
0.79017660
0.79006623
0.78995585
0.78984547
0.78973510
0.78951435
0.78940397
0.78929360
0.78918322
0.78907285
0.78896247
0.78885210
0.78874172
0.78863135
0.78852097
0.78841060
0.78830022
0.78818985
0.78807947
0.78796909
0.78785872
0.78730684
0.78719647
0.78708609
0.78697572
0.78675497
0.78664459
0.78653422
0.78642384
0.78631347
0.78620309
0.78609272
0.78598234
0.78576159
0.78565121
0.78554084
0.78543046
0.78532009
0.78520971
0.78432671
0.78421634
0.78399558
0.78388521
0.78366446
0.78366446
0.78366446
0.78366446
0.78366446
0.78355408
0.78344371
0.78333333
0.78322296
0.78311258
0.78300221
0.78289183
0.78278146
0.78267108
0.78233996
0.78222958
0.78211921
0.77958057
0.77913907
0.77869757
0.77858720
0.77825607
0.77814570
0.77803532
0.77792494
0.77781457
0.77770419
0.77748344
0.77715232
0.77704194
0.77693157
0.77682119
0.77671082
0.77660044
0.77649007
0.77637969
0.77626932
0.77615894
0.77593819
0.77538631
0.77527594
0.77516556
0.77505519
0.77483444
0.77472406
0.77461369
0.77450331
0.77406181
0.77395143
0.77384106
0.77373068
0.77362031
0.77350993
0.77339956
0.77328918
0.77317881
0.77306843
0.77295806
0.77284768
0.77273731
0.77262693
0.77251656
0.77240618
0.77218543
0.77207506
0.77196468
0.77185430
0.77174393
0.77163355
0.77152318
0.77141280
0.77130243
0.77119205
0.77108168
0.77097130
0.77086093
0.77075055
0.77064018
0.77052980
0.77041943
0.77030905
0.77019868
0.77008830
0.76975717
0.76964680
0.76953642
0.76942605
0.76931567
0.76920530
0.76887417
0.76876380
0.76854305
0.76810155
0.76788079
0.76777042
0.76743929
0.76732892
0.76721854
0.76688742
0.76677704
0.76666667
0.76644592
0.76622517
0.76611479
0.76600442
0.76589404
0.76578366
0.76567329
0.76556291
0.76545254
0.76512141
0.76501104
0.76479029
0.76467991
0.76456954
0.76445916
0.76434879
0.76423841
0.76412804
0.76401766
0.76390728
0.76379691
0.76368653
0.76357616
0.76346578
0.76335541
0.76324503
0.76302428
0.76291391
0.76280353
0.76258278
0.76247241
0.76236203
0.76225166
0.76214128
0.76203091
0.76169978
0.76158940
0.76147903
0.76136865
0.76125828
0.76114790
0.76103753
0.76092715
0.76081678
0.76070640
0.76037528
0.76026490
0.76015453
0.75982340
0.75971302
0.75960265
0.75949227
0.75938190
0.75927152
0.75894040
0.75883002
0.75871965
0.75860927
0.75849890
0.75838852
0.75827815
0.75816777
0.75805740
0.75794702
0.75783664
0.75772627
0.75761589
0.75750552
0.75739514
0.75728477
0.75717439
0.75673289
0.75662252
0.75651214
0.75640177
0.75629139
0.75596026
0.75584989
0.75573951
0.75562914
0.75551876
0.75540839
0.75529801
0.75485651
0.75430464
0.75419426
0.75408389
0.75397351
0.75386313
0.75375276
0.75342163
0.75320088
0.75298013
0.75286976
0.75242826
0.75231788
0.75220751
0.75176600
0.75165563
0.75154525
0.75055188
0.75044150
0.75033113
0.75022075
0.75011038
0.75000000
0.74988962
0.74966887
0.74955850
0.74944812
0.74944812
0.74944812
0.74933775
0.74900662
0.74889625
0.74878587
0.74867550
0.74856512
0.74845475
0.74834437
0.74823400
0.74812362
0.74801325
0.74790287
0.74779249
0.74746137
0.74735099
0.74724062
0.74713024
0.74690949
0.74690949
0.74690949
0.74690949
0.74690949
0.74690949
0.74690949
0.74690949
0.74690949
0.74679912
0.74668874
0.74657837
0.74646799
0.74624724
0.74613687
0.74602649
0.74591611
0.74580574
0.74569536
0.74558499
0.74536424
0.74525386
0.74514349
0.74503311
0.74492274
0.74459161
0.74448124
0.74437086
0.74426049
0.74415011
0.74403974
0.74359823
0.74326711
0.74315673
0.74304636
0.74293598
0.74282561
0.74260486
0.74238411
0.74227373
0.74216336
0.74205298
0.74194260
0.74183223
0.74172185
0.74161148
0.74139073
0.74128035
0.74116998
0.74105960
0.74094923
0.74083885
0.74072848
0.74061810
0.74050773
0.74039735
0.74028698
0.74017660
0.74006623
0.73995585
0.73984547
0.73973510
0.73962472
0.73951435
0.73940397
0.73929360
0.73918322
0.73907285
0.73896247
0.73885210
0.73874172
0.73863135
0.73852097
0.73841060
0.73830022
0.73818985
0.73807947
0.73796909
0.73785872
0.73774834
0.73763797
0.73752759
0.73741722
0.73730684
0.73719647
0.73697572
0.73664459
0.73653422
0.73642384
0.73631347
0.73620309
0.73609272
0.73598234
0.73587196
0.73576159
0.73543046
0.73532009
0.73509934
0.73498896
0.73487859
0.73454746
0.73443709
0.73432671
0.73421634
0.73410596
0.73399558
0.73366446
0.73355408
0.73344371
0.73333333
0.73322296
0.73311258
0.73300221
0.73289183
0.73278146
0.73267108
0.73256071
0.73233996
0.73200883
0.73178808
0.73167770
0.73156733
0.73145695
0.73134658
0.73123620
0.73112583
0.73101545
0.73090508
0.73068433
0.73057395
0.73046358
0.73035320
0.73013245
0.73002208
0.72991170
0.72980132
0.72969095
0.72958057
0.72947020
0.72924945
0.72913907
0.72902870
0.72891832
0.72880795
0.72869757
0.72858720
0.72847682
0.72836645
0.72825607
0.72792494
0.72759382
0.72737307
0.72726269
0.72715232
0.72704194
0.72693157
0.72682119
0.72671082
0.72660044
0.72649007
0.72637969
0.72626932
0.72615894
0.72604857
0.72582781
0.72571744
0.72560706
0.72549669
0.72538631
0.72527594
0.72516556
0.72505519
0.72494481
0.72483444
0.72472406
0.72461369
0.72450331
0.72439294
0.72428256
0.72417219
0.72395143
0.72350993
0.72339956
0.72328918
0.72317881
0.72295806
0.72284768
0.72273731
0.72262693
0.72251656
0.72240618
0.72196468
0.72185430
0.72174393
0.72163355
0.72152318
0.72141280
0.72108168
0.72097130
0.72086093
0.72075055
0.72064018
0.72052980
0.72041943
0.72030905
0.72019868
0.72008830
0.71975717
0.71964680
0.71953642
0.71942605
0.71931567
0.71920530
0.71909492
0.71898455
0.71887417
0.71876380
0.71865342
0.71854305
0.71843267
0.71821192
0.71810155
0.71799117
0.71788079
0.71777042
0.71766004
0.71754967
0.71743929
0.71732892
0.71721854
0.71710817
0.71699779
0.71688742
0.71677704
0.71666667
0.71655629
0.71644592
0.71633554
0.71622517
0.71611479
0.71600442
0.71589404
0.71578366
0.71567329
0.71556291
0.71545254
0.71534216
0.71512141
0.71467991
0.71456954
0.71445916
0.71434879
0.71423841
0.71412804
0.71357616
0.71324503
0.71313466
0.71280353
0.71269316
0.71258278
0.71247241
0.71236203
0.71225166
0.71214128
0.71203091
0.71181015
0.71169978
0.71158940
0.71136865
0.71125828
0.71114790
0.71103753
0.71092715
0.71081678
0.71070640
0.71048565
0.71037528
0.71026490
0.71015453
0.71004415
0.70993377
0.70982340
0.70971302
0.70960265
0.70949227
0.70938190
0.70927152
0.70916115
0.70905077
0.70894040
0.70860927
0.70827815
0.70816777
0.70805740
0.70794702
0.70772627
0.70761589
0.70750552
0.70728477
0.70717439
0.70706402
0.70695364
0.70684327
0.70673289
0.70662252
0.70651214
0.70640177
0.70629139
0.70618102
0.70607064
0.70596026
0.70584989
0.70573951
0.70562914
0.70551876
0.70518764
0.70507726
0.70474614
0.70463576
0.70452539
0.70441501
0.70430464
0.70419426
0.70408389
0.70397351
0.70386313
0.70375276
0.70364238
0.70309051
0.70298013
0.70264901
0.70253863
0.70242826
0.70231788
0.70220751
0.70209713
0.70198675
0.70187638
0.70176600
0.70165563
0.70154525
0.70143488
0.70132450
0.70121413
0.70110375
0.70099338
0.70088300
0.70077263
0.70066225
0.70055188
0.70044150
0.69988962
0.69966887
0.69955850
0.69944812
0.69933775
0.69922737
0.69911700
0.69900662
0.69889625
0.69878587
0.69867550
0.69856512
0.69845475
0.69834437
0.69823400
0.69812362
0.69801325
0.69790287
0.69779249
0.69768212
0.69757174
0.69746137
0.69735099
0.69646799
0.69646799
0.69646799
0.69646799
0.69646799
0.69646799
0.69646799
0.69646799
0.69635762
0.69624724
0.69613687
0.69602649
0.69591611
0.69580574
0.69569536
0.69558499
0.69547461
0.69536424
0.69525386
0.69481236
0.69470199
0.69459161
0.69448124
0.69437086
0.69426049
0.69415011
0.69403974
0.69392936
0.69381898
0.69370861
0.69359823
0.69348786
0.69337748
0.69326711
0.69304636
0.69293598
0.69282561
0.69271523
0.69249448
0.69238411
0.69227373
0.69216336
0.69205298
0.69194260
0.69183223
0.69172185
0.69161148
0.69150110
0.69139073
0.69128035
0.69116998
0.69105960
0.69094923
0.69083885
0.69072848
0.69061810
0.69050773
0.69039735
0.69028698
0.69017660
0.69006623
0.68995585
0.68984547
0.68973510
0.68962472
0.68951435
0.68940397
0.68929360
0.68918322
0.68874172
0.68841060
0.68830022
0.68807947
0.68796909
0.68774834
0.68752759
0.68741722
0.68730684
0.68719647
0.68675497
0.68664459
0.68653422
0.68642384
0.68631347
0.68620309
0.68609272
0.68598234
0.68587196
0.68576159
0.68565121
0.68554084
0.68543046
0.68532009
0.68520971
0.68509934
0.68498896
0.68487859
0.68476821
0.68465784
0.68454746
0.68443709
0.68432671
0.68421634
0.68410596
0.68399558
0.68388521
0.68377483
0.68366446
0.68355408
0.68344371
0.68322296
0.68311258
0.68300221
0.68289183
0.68278146
0.68222958
0.68211921
0.68189845
0.68178808
0.68167770
0.68156733
0.68145695
0.68134658
0.68123620
0.68090508
0.68079470
0.68068433
0.68057395
0.68035320
0.68024283
0.67991170
0.67980132
0.67969095
0.67958057
0.67947020
0.67935982
0.67924945
0.67902870
0.67869757
0.67858720
0.67847682
0.67836645
0.67825607
0.67814570
0.67803532
0.67792494
0.67781457
0.67770419
0.67748344
0.67737307
0.67726269
0.67715232
0.67704194
0.67693157
0.67682119
0.67671082
0.67660044
0.67649007
0.67637969
0.67626932
0.67615894
0.67604857
0.67582781
0.67571744
0.67560706
0.67549669
0.67538631
0.67527594
0.67516556
0.67505519
0.67494481
0.67483444
0.67472406
0.67461369
0.67450331
0.67439294
0.67428256
0.67417219
0.67406181
0.67395143
0.67384106
0.67350993
0.67339956
0.67328918
0.67317881
0.67306843
0.67295806
0.67284768
0.67273731
0.67262693
0.67251656
0.67240618
0.67229581
0.67218543
0.67207506
0.67196468
0.67185430
0.67174393
0.67163355
0.67152318
0.67141280
0.67130243
0.67119205
0.67108168
0.67097130
0.66975717
0.66964680
0.66953642
0.66942605
0.66931567
0.66920530
0.66909492
0.66898455
0.66887417
0.66876380
0.66865342
0.66854305
0.66843267
0.66832230
0.66821192
0.66810155
0.66799117
0.66788079
0.66777042
0.66754967
0.66743929
0.66732892
0.66677704
0.66666667
0.66655629
0.66644592
0.66633554
0.66622517
0.66545254
0.66512141
0.66467991
0.66456954
0.66445916
0.66390728
0.66379691
0.66368653
0.66357616
0.66346578
0.66335541
0.66324503
0.66313466
0.66302428
0.66291391
0.66280353
0.66269316
0.66247241
0.66236203
0.66225166
0.66214128
0.66203091
0.66192053
0.66181015
0.66169978
0.66158940
0.66114790
0.66103753
0.66092715
0.66081678
0.66070640
0.66059603
0.66048565
0.65982340
0.65971302
0.65960265
0.65949227
0.65938190
0.65927152
0.65916115
0.65905077
0.65883002
0.65871965
0.65860927
0.65849890
0.65838852
0.65827815
0.65816777
0.65805740
0.65794702
0.65783664
0.65761589
0.65750552
0.65739514
0.65728477
0.65717439
0.65706402
0.65695364
0.65684327
0.65673289
0.65662252
0.65651214
0.65640177
0.65629139
0.65618102
0.65607064
0.65596026
0.65584989
0.65573951
0.65562914
0.65551876
0.65540839
0.65529801
0.65518764
0.65507726
0.65496689
0.65485651
0.65474614
0.65463576
0.65452539
0.65441501
0.65430464
0.65419426
0.65408389
0.65397351
0.65375276
0.65364238
0.65353201
0.65342163
0.65331126
0.65320088
0.65309051
0.65298013
0.65286976
0.65275938
0.65264901
0.65253863
0.65242826
0.65231788
0.65220751
0.65209713
0.65198675
0.65187638
0.65176600
0.65165563
0.65154525
0.65143488
0.65132450
0.65121413
0.65110375
0.65099338
0.65088300
0.65077263
0.65066225
0.65055188
0.65044150
0.65033113
0.65022075
0.65000000
0.64988962
0.64977925
0.64966887
0.64955850
0.64944812
0.64933775
0.64922737
0.64911700
0.64900662
0.64889625
0.64878587
0.64867550
0.64845475
0.64834437
0.64812362
0.64801325
0.64790287
0.64757174
0.64746137
0.64735099
0.64690949
0.64679912
0.64668874
0.64602649
0.64591611
0.64558499
0.64547461
0.64536424
0.64481236
0.64470199
0.64437086
0.64426049
0.64415011
0.64403974
0.64392936
0.64370861
0.64337748
0.64326711
0.64315673
0.64304636
0.64293598
0.64282561
0.64271523
0.64260486
0.64249448
0.64238411
0.64227373
0.64216336
0.64205298
0.64194260
0.64172185
0.64161148
0.64150110
0.64116998
0.64061810
0.64039735
0.64028698
0.64017660
0.64006623
0.63995585
0.63984547
0.63973510
0.63962472
0.63940397
0.63918322
0.63907285
0.63896247
0.63885210
0.63863135
0.63841060
0.63830022
0.63818985
0.63807947
0.63796909
0.63785872
0.63774834
0.63763797
0.63752759
0.63741722
0.63697572
0.63686534
0.63675497
0.63664459
0.63609272
0.63598234
0.63587196
0.63576159
0.63565121
0.63554084
0.63543046
0.63509934
0.63476821
0.63465784
0.63454746
0.63443709
0.63432671
0.63421634
0.63410596
0.63399558
0.63388521
0.63377483
0.63366446
0.63355408
0.63344371
0.63333333
0.63322296
0.63311258
0.63300221
0.63289183
0.63278146
0.63267108
0.63256071
0.63245033
0.63233996
0.63222958
0.63211921
0.63200883
0.63189845
0.63178808
0.63167770
0.63156733
0.63145695
0.63123620
0.63101545
0.63090508
0.63079470
0.63068433
0.63057395
0.63046358
0.63035320
0.63024283
0.63013245
0.63002208
0.62958057
0.62935982
0.62924945
0.62913907
0.62902870
0.62891832
0.62880795
0.62869757
0.62858720
0.62847682
0.62836645
0.62825607
0.62814570
0.62803532
0.62792494
0.62781457
0.62770419
0.62759382
0.62748344
0.62737307
0.62726269
0.62715232
0.62704194
0.62693157
0.62682119
0.62671082
0.62660044
0.62649007
0.62637969
0.62626932
0.62615894
0.62582781
0.62571744
0.62527594
0.62516556
0.62505519
0.62494481
0.62483444
0.62461369
0.62450331
0.62439294
0.62428256
0.62417219
0.62406181
0.62395143
0.62384106
0.62373068
0.62362031
0.62350993
0.62339956
0.62328918
0.62317881
0.62306843
0.62295806
0.62284768
0.62273731
0.62262693
0.62229581
0.62218543
0.62207506
0.62196468
0.62185430
0.62174393
0.62163355
0.62152318
0.62141280
0.62130243
0.62119205
0.62108168
0.62097130
0.61898455
0.61666667
0.61655629
0.61644592
0.61633554
0.61622517
0.61611479
0.61600442
0.61589404
0.61567329
0.61556291
0.61545254
0.61534216
0.61523179
0.61512141
0.61501104
0.61490066
0.61479029
0.61467991
0.61456954
0.61445916
0.61434879
0.61423841
0.61412804
0.61401766
0.61379691
0.61368653
0.61357616
0.61313466
0.61302428
0.61291391
0.61280353
0.61269316
0.61247241
0.61236203
0.61225166
0.61203091
0.61158940
0.61125828
0.61114790
0.61103753
0.61070640
0.61059603
0.61037528
0.60827815
0.60816777
0.60805740
0.60794702
0.60783664
0.60761589
0.60750552
0.60739514
0.60728477
0.60706402
0.60695364
0.60684327
0.60673289
0.60662252
0.60651214
0.60640177
0.60629139
0.60607064
0.60596026
0.60584989
0.60573951
0.60562914
0.60551876
0.60540839
0.60529801
0.60518764
0.60507726
0.60496689
0.60474614
0.60463576
0.60452539
0.60452539
0.60441501
0.60430464
0.60419426
0.60408389
0.60397351
0.60386313
0.60375276
0.60364238
0.60353201
0.60342163
0.60331126
0.60320088
0.60309051
0.60298013
0.60286976
0.60275938
0.60264901
0.60242826
0.60231788
0.60209713
0.60198675
0.60187638
0.60176600
0.60165563
0.60154525
0.60110375
0.60099338
0.60088300
0.60077263
0.60066225
0.60055188
0.60044150
0.60033113
0.60022075
0.60011038
0.60000000
0.59988962
0.59977925
0.59966887
0.59955850
0.59933775
0.59922737
0.59911700
0.59900662
0.59889625
0.59878587
0.59867550
0.59856512
0.59845475
0.59834437
0.59823400
0.59757174
0.59746137
0.59735099
0.59724062
0.59713024
0.59701987
0.59668874
0.59657837
0.59646799
0.59635762
0.59613687
0.59602649
0.59602649
0.59602649
0.59602649
0.59591611
0.59569536
0.59558499
0.59536424
0.59525386
0.59514349
0.59503311
0.59492274
0.59481236
0.59470199
0.59381898
0.59370861
0.59359823
0.59348786
0.59337748
0.59326711
0.59315673
0.59304636
0.59293598
0.59282561
0.59271523
0.59260486
0.59227373
0.59216336
0.59205298
0.59194260
0.59183223
0.59161148
0.59150110
0.59139073
0.59128035
0.59116998
0.59105960
0.59094923
0.59072848
0.59061810
0.59050773
0.59039735
0.59028698
0.59017660
0.59006623
0.58995585
0.58984547
0.58973510
0.58962472
0.58951435
0.58940397
0.58929360
0.58918322
0.58907285
0.58896247
0.58885210
0.58874172
0.58863135
0.58852097
0.58830022
0.58807947
0.58796909
0.58785872
0.58774834
0.58763797
0.58730684
0.58719647
0.58686534
0.58675497
0.58664459
0.58653422
0.58642384
0.58631347
0.58620309
0.58609272
0.58598234
0.58587196
0.58576159
0.58565121
0.58554084
0.58532009
0.58520971
0.58509934
0.58498896
0.58476821
0.58465784
0.58454746
0.58443709
0.58432671
0.58421634
0.58410596
0.58399558
0.58355408
0.58333333
0.58322296
0.58311258
0.58300221
0.58289183
0.58278146
0.58267108
0.58222958
0.58211921
0.58200883
0.58189845
0.58178808
0.58167770
0.58156733
0.58145695
0.58134658
0.58123620
0.58112583
0.58101545
0.58090508
0.58079470
0.58046358
0.58035320
0.58024283
0.58024283
0.58024283
0.58013245
0.58002208
0.57991170
0.57980132
0.57958057
0.57947020
0.57935982
0.57924945
0.57913907
0.57902870
0.57891832
0.57880795
0.57869757
0.57858720
0.57847682
0.57836645
0.57825607
0.57814570
0.57803532
0.57792494
0.57781457
0.57770419
0.57759382
0.57748344
0.57737307
0.57726269
0.57704194
0.57693157
0.57671082
0.57660044
0.57649007
0.57637969
0.57626932
0.57615894
0.57604857
0.57593819
0.57582781
0.57571744
0.57560706
0.57549669
0.57538631
0.57527594
0.57516556
0.57505519
0.57494481
0.57483444
0.57472406
0.57450331
0.57417219
0.57406181
0.57350993
0.57339956
0.57328918
0.57284768
0.57273731
0.57262693
0.57251656
0.57240618
0.57229581
0.57218543
0.57207506
0.57196468
0.57185430
0.57174393
0.57163355
0.57152318
0.57097130
0.57086093
0.57075055
0.57041943
0.57030905
0.57019868
0.57008830
0.56997792
0.56986755
0.56975717
0.56964680
0.56942605
0.56920530
0.56909492
0.56898455
0.56887417
0.56876380
0.56865342
0.56854305
0.56777042
0.56766004
0.56754967
0.56743929
0.56677704
0.56666667
0.56655629
0.56644592
0.56633554
0.56622517
0.56611479
0.56600442
0.56589404
0.56578366
0.56567329
0.56556291
0.56545254
0.56534216
0.56523179
0.56490066
0.56434879
0.56423841
0.56412804
0.56379691
0.56368653
0.56357616
0.56346578
0.56335541
0.56324503
0.56313466
0.56302428
0.56291391
0.56280353
0.56269316
0.56258278
0.56247241
0.56236203
0.56225166
0.56203091
0.56192053
0.56181015
0.56169978
0.56158940
0.56147903
0.56136865
0.56125828
0.56114790
0.56103753
0.56092715
0.56048565
0.56048565
0.56015453
0.55993377
0.55982340
0.55971302
0.55960265
0.55949227
0.55938190
0.55927152
0.55916115
0.55905077
0.55894040
0.55883002
0.55871965
0.55860927
0.55849890
0.55838852
0.55827815
0.55816777
0.55805740
0.55794702
0.55783664
0.55772627
0.55761589
0.55750552
0.55739514
0.55728477
0.55717439
0.55706402
0.55695364
0.55684327
0.55673289
0.55662252
0.55651214
0.55640177
0.55629139
0.55618102
0.55584989
0.55573951
0.55562914
0.55441501
0.55430464
0.55419426
0.55408389
0.55397351
0.55386313
0.55375276
0.55364238
0.55353201
0.55342163
0.55320088
0.55309051
0.55298013
0.55286976
0.55275938
0.55264901
0.55253863
0.55132450
0.55121413
0.55110375
0.55099338
0.55088300
0.55077263
0.55066225
0.55055188
0.55044150
0.55033113
0.55022075
0.55011038
0.55000000
0.54988962
0.54977925
0.54966887
0.54955850
0.54944812
0.54933775
0.54922737
0.54911700
0.54900662
0.54889625
0.54878587
0.54867550
0.54856512
0.54856512
0.54845475
0.54834437
0.54823400
0.54801325
0.54779249
0.54768212
0.54757174
0.54746137
0.54735099
0.54724062
0.54713024
0.54701987
0.54690949
0.54679912
0.54668874
0.54657837
0.54646799
0.54635762
0.54624724
0.54613687
0.54602649
0.54558499
0.54547461
0.54536424
0.54525386
0.54514349
0.54503311
0.54492274
0.54481236
0.54470199
0.54459161
0.54448124
0.54437086
0.54426049
0.54415011
0.54403974
0.54392936
0.54381898
0.54370861
0.54359823
0.54348786
0.54337748
0.54326711
0.54315673
0.54304636
0.54227373
0.54216336
0.54205298
0.54194260
0.54183223
0.54172185
0.54161148
0.54150110
0.54139073
0.54128035
0.54116998
0.54105960
0.54094923
0.54083885
0.54072848
0.54061810
0.54050773
0.54039735
0.54028698
0.54017660
0.54006623
0.53995585
0.53984547
0.53973510
0.53962472
0.53951435
0.53940397
0.53929360
0.53918322
0.53907285
0.53896247
0.53885210
0.53874172
0.53852097
0.53841060
0.53830022
0.53818985
0.53785872
0.53774834
0.53763797
0.53752759
0.53741722
0.53730684
0.53719647
0.53708609
0.53697572
0.53675497
0.53664459
0.53631347
0.53620309
0.53609272
0.53598234
0.53565121
0.53554084
0.53543046
0.53520971
0.53509934
0.53498896
0.53487859
0.53465784
0.53454746
0.53443709
0.53432671
0.53421634
0.53410596
0.53399558
0.53388521
0.53377483
0.53366446
0.53355408
0.53344371
0.53333333
0.53322296
0.53311258
0.53300221
0.53289183
0.53278146
0.53267108
0.53256071
0.53245033
0.53233996
0.53222958
0.53211921
0.53200883
0.53189845
0.53178808
0.53167770
0.53145695
0.53134658
0.53123620
0.53112583
0.53101545
0.53090508
0.53079470
0.53068433
0.53057395
0.53046358
0.53035320
0.53024283
0.53002208
0.52991170
0.52969095
0.52958057
0.52947020
0.52935982
0.52913907
0.52902870
0.52836645
0.52825607
0.52814570
0.52803532
0.52792494
0.52781457
0.52770419
0.52759382
0.52748344
0.52737307
0.52726269
0.52715232
0.52704194
0.52693157
0.52682119
0.52671082
0.52660044
0.52649007
0.52637969
0.52626932
0.52615894
0.52604857
0.52593819
0.52582781
0.52571744
0.52505519
0.52494481
0.52483444
0.52472406
0.52450331
0.52439294
0.52428256
0.52417219
0.52406181
0.52339956
0.52328918
0.52317881
0.52306843
0.52295806
0.52284768
0.52273731
0.52262693
0.52251656
0.52240618
0.52229581
0.52218543
0.52207506
0.52196468
0.52185430
0.52174393
0.52163355
0.52152318
0.52141280
0.52130243
0.52119205
0.52108168
0.52097130
0.52086093
0.52041943
0.52030905
0.52019868
0.52008830
0.51964680
0.51942605
0.51931567
0.51920530
0.51832230
0.51821192
0.51810155
0.51799117
0.51777042
0.51766004
0.51754967
0.51743929
0.51732892
0.51721854
0.51710817
0.51699779
0.51688742
0.51677704
0.51666667
0.51655629
0.51644592
0.51633554
0.51622517
0.51611479
0.51600442
0.51589404
0.51578366
0.51545254
0.51534216
0.51523179
0.51512141
0.51501104
0.51490066
0.51479029
0.51456954
0.51445916
0.51423841
0.51412804
0.51401766
0.51390728
0.51379691
0.51357616
0.51346578
0.51324503
0.51313466
0.51302428
0.51291391
0.51280353
0.51269316
0.51258278
0.51247241
0.51236203
0.51225166
0.51214128
0.51203091
0.51192053
0.51181015
0.51169978
0.51158940
0.51147903
0.51136865
0.51125828
0.51114790
0.51103753
0.51092715
0.51081678
0.51070640
0.51059603
0.51048565
0.51037528
0.51026490
0.51015453
0.51004415
0.50993377
0.50982340
0.50971302
0.50960265
0.50949227
0.50938190
0.50927152
0.50916115
0.50905077
0.50894040
0.50883002
0.50871965
0.50860927
0.50849890
0.50838852
0.50827815
0.50816777
0.50805740
0.50794702
0.50783664
0.50772627
0.50761589
0.50750552
0.50739514
0.50728477
0.50717439
0.50706402
0.50695364
0.50596026
0.50596026
0.50596026
0.50596026
0.50596026
0.50596026
0.50596026
0.50584989
0.50573951
0.50562914
0.50551876
0.50529801
0.50518764
0.50507726
0.50496689
0.50485651
0.50474614
0.50463576
0.50452539
0.50441501
0.50430464
0.50419426
0.50397351
0.50386313
0.50375276
0.50364238
0.50353201
0.50342163
0.50331126
0.50320088
0.50309051
0.50298013
0.50286976
0.50275938
0.50264901
0.50253863
0.50242826
0.50220751
0.50209713
0.50198675
0.50187638
0.50176600
0.50165563
0.50154525
0.50143488
0.50132450
0.50121413
0.50110375
0.50099338
0.50088300
0.50077263
0.50066225
0.50055188
0.50044150
0.50033113
0.50022075
0.50011038
0.50000000
0.49988962
0.49977925
0.49966887
0.49955850
0.49944812
0.49933775
0.49922737
0.49911700
0.49900662
0.49889625
0.49878587
0.49867550
0.49856512
0.49845475
0.49834437
0.49823400
0.49812362
0.49801325
0.49790287
0.49779249
0.49768212
0.49757174
0.49746137
0.49735099
0.49724062
0.49713024
0.49701987
0.49690949
0.49679912
0.49668874
0.49657837
0.49646799
0.49635762
0.49624724
0.49613687
0.49602649
0.49591611
0.49580574
0.49569536
0.49558499
0.49547461
0.49536424
0.49525386
0.49514349
0.49503311
0.49492274
0.49481236
0.49403974
0.49392936
0.49370861
0.49359823
0.49348786
0.49337748
0.49315673
0.49304636
0.49293598
0.49282561
0.49271523
0.49260486
0.49249448
0.49238411
0.49216336
0.49194260
0.49183223
0.49172185
0.49161148
0.49150110
0.49139073
0.49128035
0.49116998
0.49105960
0.49094923
0.49083885
0.49072848
0.49061810
0.49050773
0.49039735
0.49028698
0.49017660
0.49006623
0.48995585
0.48984547
0.48973510
0.48962472
0.48951435
0.48940397
0.48929360
0.48918322
0.48907285
0.48896247
0.48885210
0.48874172
0.48863135
0.48852097
0.48841060
0.48830022
0.48818985
0.48807947
0.48796909
0.48785872
0.48774834
0.48763797
0.48752759
0.48741722
0.48730684
0.48719647
0.48708609
0.48697572
0.48686534
0.48675497
0.48664459
0.48653422
0.48642384
0.48631347
0.48620309
0.48609272
0.48598234
0.48587196
0.48576159
0.48565121
0.48554084
0.48487859
0.48476821
0.48388521
0.48355408
0.48344371
0.48300221
0.48278146
0.48256071
0.48189845
0.48123620
0.48090508
0.48035320
0.48002208
0.47947020
0.47935982
0.47913907
0.47880795
0.47858720
0.47726269
0.47615894
0.47538631
0.47516556
0.47461369
0.47439294
0.47406181
0.47339956
0.47251656
0.47229581
0.47207506
0.47130243
0.47097130
0.47064018
0.46909492
0.46876380
0.46865342
0.46788079
0.46777042
0.46677704
0.46622517
0.46567329
0.46545254
0.46534216
0.46512141
0.46445916
0.46335541
0.46324503
0.46280353
0.46236203
0.46192053
0.46136865
0.46103753
0.46059603
0.45982340
0.45916115
0.45838852
0.45783664
0.45772627
0.45750552
0.45728477
0.45706402
0.45695364
0.45607064
0.45540839
0.45474614
0.45441501
0.45419426
0.45397351
0.45364238
0.45320088
0.45209713
0.45099338
0.45066225
0.45044150
0.45011038
0.44955850
0.44856512
0.44790287
0.44757174
0.44746137
0.44724062
0.44701987
0.44668874
0.44646799
0.44558499
0.44415011
0.44348786
0.44304636
0.44271523
0.44128035
0.44116998
0.44105960
0.44061810
0.44028698
0.43995585
0.43885210
0.43841060
0.43785872
0.43763797
0.43752759
0.43708609
0.43697572
0.43642384
0.43620309
0.43587196
0.43543046
0.43509934
0.43487859
0.43454746
0.43366446
0.43355408
0.43311258
0.43200883
0.43167770
0.43145695
0.43112583
0.43101545
0.43068433
0.43057395
0.43046358
0.43013245
0.42958057
0.42891832
0.42847682
0.42825607
0.42792494
0.42704194
0.42671082
0.42649007
0.42571744
0.42538631
0.42472406
0.42439294
0.42417219
0.42406181
0.42384106
0.42262693
0.42251656
0.42075055
0.42052980
0.41986755
0.41931567
0.41898455
0.41721854
0.41699779
0.41699779
0.41699779
0.41611479
0.41556291
0.41490066
0.41434879
0.41412804
0.41357616
0.41258278
0.41214128
0.41169978
0.40982340
0.40860927
0.40618102
0.40573951
0.40551876
0.40463576
0.40209713
0.40165563
0.40154525
0.40143488
0.40044150
0.39955850
0.39845475
0.39470199
0.39271523
0.39227373
0.38708609
0.38697572
0.38653422
0.38598234
0.38543046
0.38454746
0.38366446
0.38333333
0.38311258
0.38245033
0.38178808
0.38101545
0.38002208
0.37980132
0.37935982
0.37880795
0.37847682
0.37847682
0.37847682
0.37814570
0.37770419
0.37726269
0.37516556
0.37450331
0.37284768
0.37229581
0.37119205
0.37108168
0.36975717
0.36975717
0.36898455
0.36865342
0.36854305
0.36821192
0.36534216
0.36423841
0.36390728
0.36247241
0.36203091
0.36181015
0.36158940
0.36048565
0.35761589
0.35562914
0.35496689
0.35375276
0.35353201
0.35022075
0.34966887
0.34878587
0.34834437
0.34315673
0.34260486
0.34150110
0.34072848
0.34061810
0.34061810
0.34061810
0.33995585
0.33918322
0.33752759
0.33697572
0.33675497
0.33631347
0.33587196
0.33587196
0.33311258
0.33278146
0.33211921
0.33189845
0.33145695
0.33112583
0.33057395
0.32947020
0.32770419
0.32737307
0.32693157
0.32671082
0.31810155
0.31743929
0.31710817
0.31688742
0.31666667
0.31611479
0.31545254
0.31434879
0.31434879
0.31423841
0.31412804
0.31390728
0.31357616
0.31335541
0.31313466
0.31258278
0.31158940
0.31081678
0.30916115
0.30860927
0.30860927
0.30827815
0.30750552
0.30640177
0.30618102
0.30551876
0.30452539
0.30386313
0.30286976
0.30209713
0.30110375
0.30088300
0.30044150
0.30000000
0.29944812
0.29933775
0.29856512
0.29834437
0.29790287
0.29724062
0.29713024
0.29690949
0.29679912
0.29657837
0.29547461
0.29381898
0.29326711
0.29293598
0.29205298
0.28807947
0.28752759
0.28752759
0.28156733
0.28090508
0.28035320
0.27969095
0.27924945
0.27836645
0.27748344
0.27626932
0.27604857
0.27604857
0.27538631
0.27450331
0.27395143
0.26048565
0.26004415
0.25894040
0.25894040
0.25849890
0.25805740
0.25728477
0.25651214
0.25596026
0.25573951
0.25529801
0.25452539
0.25397351
0.25353201
0.25320088
0.25220751
0.25198675
0.25198675
0.25176600
0.25099338
0.25066225
0.24845475
0.24746137
0.24690949
0.24624724
0.24547461
0.24503311
0.24348786
0.24315673
0.24282561
0.24282561
0.24094923
0.24039735
0.24039735
0.24017660
0.18322296
0.18322296
0.18289183
0.18267108
0.18222958
0.18200883
0.17958057
0.17891832
0.17836645
0.17770419
0.17560706
0.17527594
0.16346578
0.16236203
0.16125828
0.16026490
0.15905077
0.15871965
0.15066225
0.15066225
0.15066225
0.15066225
0.14878587
0.14845475
0.14834437
0.14834437
0.14746137
0.14646799
0.13410596
0.13344371
0.13344371
0.13344371
0.11909492
0.11832230
0.11832230
0.11743929
0.11743929
0.10982340
0.10982340
0.10949227
0.10949227
0.10949227
0.10883002
0.10827815
0.10629139
0.09359823
0.09304636
0.09304636
0.09304636
0.09304636
0.09304636
0.09304636
0.09304636
0.09304636
0.08918322
0.08918322
0.08896247
0.08874172
0.08874172
0.08874172
0.08830022
0.08830022
0.08818985
0.08818985
0.08818985
0.08818985
0.08752759
0.08697572
0.08697572
0.08697572
0.08697572
0.08631347
0.08631347
0.08631347
0.08631347
0.08631347
0.08631347
0.08631347
0.08587196
0.08587196
0.08576159
0.08465784
0.08465784
0.08465784
0.08112583
0.07958057
0.07924945
0.07869757
0.07869757
0.07858720
0.07858720
0.07825607
0.07825607
0.07825607
0.07781457
0.07781457
0.07781457
0.07781457
0.07781457
0.07781457
0.07781457
0.07781457
0.07737307
0.07715232
0.07649007
0.07649007
0.07560706
0.05607064
0.05596026
0.05584989
0.05584989
0.02626932
0.02626932
0.02582781
0.02582781
0.02582781
0.02582781
0.02582781
0.02582781
0.02582781
0.02582781
0.02505519
0.02505519
0.02505519
0.02461369
0.02461369
0.02461369
0.02461369
0.02461369
0.02461369
0.02461369
0.02428256
0.02428256
0.02428256
0.02417219
0.02417219
0.02417219
0.02417219
0.02417219
0.02417219
0.02417219
0.02417219
0.02417219
0.02373068
0.02373068
0.02373068
0.01986755
0.00827815
0.00827815
0.00827815
0.00827815
0.00827815
0.00827815
0.00827815
0.00827815
0.00132450
0.00132450
0.00132450
0.00132450
0.00132450
0.00132450
0.00132450
0.00132450
0.00132450
0.00132450
0.00132450
0.00132450
0.00132450
0.00132450
0.00132450
0.00132450
0.00132450
0.00132450
0.00132450
0.00132450
0.00132450
0.00132450
0.00132450
0.00132450
0.00132450
0.00132450
0.00132450
0.00132450
0.00132450
0.00132450
0.00132450
0.00132450
0.00132450
0.00132450
0.00132450
0.00132450
0.00110375
0.00110375
0.00088300
0.00088300
0.00088300
0.00088300
0.00088300
0.00088300
0.00088300
0.00088300
0.00088300
0.00088300
0.00088300
0.00088300
0.00088300
0.00088300
0.00088300
0.00088300
0.00066225
0.00066225
0.00066225
0.00066225
0.00066225
0.00066225
0.00066225
0.00066225
0.00066225
0.00066225
0.00066225
0.00066225
0.00066225
0.00066225
0.00066225
0.00066225
0.00066225
0.00066225
0.00066225
0.00066225
0.00066225
0.00066225
0.00066225
0.00066225
0.00066225
0.00066225
0.00066225
0.00066225
0.00066225
0.00066225
0.00066225
0.00066225
0.00066225
0.00066225
0.00066225
0.00066225
0.00066225
0.00066225
0.00066225
0.00066225
0.00066225
0.00066225
0.00066225
0.00066225
0.00066225
0.00066225
0.00066225
0.00066225
0.00066225
0.00066225
0.00066225
0.00066225
0.00066225
0.00066225
0.00066225
0.00066225
0.00066225
0.00066225
0.00066225
0.00066225
0.00066225
0.00066225
0.00066225
0.00066225
0.00066225
0.00066225
0.00066225
0.00066225
0.00066225
0.00066225
0.00055188
0.00055188
0.00055188
0.00055188
0.00055188
0.00055188
0.00055188
0.00055188
0.00055188
0.00055188
0.00055188
0.00055188
0.00055188
0.00055188
0.00055188
0.00055188
0.00055188
0.00055188
0.00055188
0.00055188
0.00055188
0.00055188
0.00055188
0.00055188
0.00055188
0.00055188
0.00055188
0.00055188
0.00055188
0.00055188
0.00055188
0.00055188
0.00055188
0.00055188
0.00055188
0.00055188
0.00055188
0.00055188
0.00055188
0.00055188
0.00055188
0.00055188
0.00055188
0.00055188
0.00055188
0.00044150
0.00044150
0.00044150
0.00044150
0.00044150
0.00044150
0.00044150
0.00044150
0.00044150
0.00044150
0.00044150
0.00044150
0.00044150
0.00044150
0.00044150
0.00044150
0.00044150
0.00044150
0.00044150
0.00044150
0.00044150
0.00044150
0.00044150
0.00044150
0.00044150
0.00044150
0.00044150
0.00044150
0.00044150
0.00044150
0.00044150
0.00044150
0.00044150
0.00044150
0.00044150
0.00044150
0.00044150
0.00044150
0.00044150
0.00044150
0.00044150
0.00044150
0.00044150
0.00044150
0.00044150
0.00044150
0.00044150
0.00044150
0.00044150
0.00044150
0.00044150
0.00044150
0.00044150
0.00044150
0.00044150
0.00044150
0.00044150
0.00044150
0.00044150
0.00044150
0.00044150
0.00044150
0.00044150
0.00044150
0.00044150
0.00044150
0.00044150
0.00044150
0.00044150
0.00044150
0.00044150
0.00044150
0.00044150
0.00044150
0.00044150
0.00044150
0.00044150
0.00044150
0.00044150
0.00044150
0.00044150
0.00044150
0.00044150
0.00044150
0.00044150
0.00044150
0.00044150
0.00044150
0.00044150
0.00044150
0.00044150
0.00044150
0.00044150
0.00044150
0.00044150
0.00044150
0.00044150
0.00044150
0.00044150
0.00044150
0.00044150
0.00044150
0.00044150
0.00044150
0.00044150
0.00044150
0.00044150
0.00044150
0.00044150
0.00044150
0.00044150
0.00044150
0.00044150
0.00044150
0.00044150
0.00044150
0.00044150
0.00044150
0.00044150
0.00044150
0.00044150
0.00044150
0.00044150
0.00044150
0.00044150
0.00044150
0.00044150
0.00044150
0.00044150
0.00044150
0.00044150
0.00044150
0.00044150
0.00044150
0.00044150
0.00044150
0.00044150
0.00044150
0.00044150
0.00044150
0.00044150
0.00044150
0.00044150
0.00044150
0.00044150
0.00044150
0.00044150
0.00044150
0.00044150
0.00044150
0.00044150
0.00044150
0.00044150
0.00044150
0.00044150
0.00044150
0.00044150
0.00044150
0.00044150
0.00044150
0.00044150
0.00044150
0.00044150
0.00044150
0.00044150
0.00044150
0.00044150
0.00044150
0.00044150
0.00033113
0.00033113
0.00033113
0.00033113
0.00033113
0.00033113
0.00033113
0.00033113
0.00033113
0.00033113
0.00033113
0.00033113
0.00033113
0.00033113
0.00033113
0.00033113
0.00033113
0.00033113
0.00033113
0.00033113
0.00033113
0.00033113
0.00033113
0.00033113
0.00033113
0.00033113
0.00033113
0.00033113
0.00033113
0.00033113
0.00033113
0.00033113
0.00033113
0.00033113
0.00033113
0.00033113
0.00033113
0.00033113
0.00033113
0.00033113
0.00033113
0.00033113
0.00033113
0.00033113
0.00033113
0.00033113
0.00033113
0.00033113
0.00033113
0.00033113
0.00033113
0.00033113
0.00033113
0.00033113
0.00033113
0.00033113
0.00033113
0.00033113
0.00033113
0.00033113
0.00033113
0.00033113
0.00033113
0.00033113
0.00033113
0.00033113
0.00033113
0.00033113
0.00033113
0.00033113
0.00033113
0.00033113
0.00033113
0.00033113
0.00033113
0.00033113
0.00033113
0.00033113
0.00033113
0.00033113
0.00033113
0.00033113
0.00033113
0.00033113
0.00033113
0.00033113
0.00033113
0.00033113
0.00033113
0.00033113
0.00033113
0.00033113
0.00033113
0.00033113
0.00033113
0.00033113
0.00033113
0.00033113
0.00033113
0.00033113
0.00033113
0.00033113
0.00033113
0.00033113
0.00033113
0.00033113
0.00033113
0.00033113
0.00033113
0.00033113
0.00033113
0.00033113
0.00033113
0.00033113
0.00033113
0.00033113
0.00033113
0.00033113
0.00033113
0.00033113
0.00033113
0.00033113
0.00033113
0.00033113
0.00033113
0.00033113
0.00033113
0.00033113
0.00033113
0.00033113
0.00033113
0.00033113
0.00033113
0.00033113
0.00033113
0.00033113
0.00033113
0.00033113
0.00033113
0.00033113
0.00033113
0.00033113
0.00033113
0.00033113
0.00033113
0.00033113
0.00033113
0.00033113
0.00033113
0.00033113
0.00033113
0.00033113
0.00033113
0.00033113
0.00033113
0.00033113
0.00033113
0.00033113
0.00033113
0.00033113
0.00033113
0.00033113
0.00033113
0.00033113
0.00033113
0.00033113
0.00033113
0.00033113
0.00033113
0.00033113
0.00033113
0.00033113
0.00033113
0.00033113
0.00033113
0.00033113
0.00033113
0.00033113
0.00033113
0.00033113
0.00033113
0.00033113
0.00033113
0.00033113
0.00033113
0.00033113
0.00033113
0.00033113
0.00033113
0.00033113
0.00033113
0.00033113
0.00033113
0.00033113
0.00033113
0.00033113
0.00033113
0.00033113
0.00033113
0.00033113
0.00033113
0.00033113
0.00033113
0.00033113
0.00033113
0.00033113
0.00033113
0.00033113
0.00033113
0.00033113
0.00033113
0.00033113
0.00033113
0.00033113
0.00033113
0.00033113
0.00033113
0.00033113
0.00033113
0.00033113
0.00033113
0.00033113
0.00033113
0.00033113
0.00033113
0.00033113
0.00033113
0.00033113
0.00033113
0.00033113
0.00033113
0.00033113
0.00033113
0.00033113
0.00033113
0.00033113
0.00033113
0.00033113
0.00033113
0.00033113
0.00033113
0.00033113
0.00033113
0.00033113
0.00033113
0.00033113
0.00033113
0.00033113
0.00033113
0.00033113
0.00033113
0.00033113
0.00033113
0.00033113
0.00033113
0.00033113
0.00033113
0.00033113
0.00033113
0.00033113
0.00033113
0.00033113
0.00033113
0.00033113
0.00033113
0.00033113
0.00033113
0.00033113
0.00033113
0.00033113
0.00033113
0.00033113
0.00033113
0.00033113
0.00033113
0.00033113
0.00033113
0.00033113
0.00033113
0.00033113
0.00033113
0.00033113
0.00033113
0.00033113
0.00033113
0.00033113
0.00033113
0.00033113
0.00033113
0.00033113
0.00033113
0.00033113
0.00033113
0.00033113
0.00033113
0.00033113
0.00033113
0.00033113
0.00033113
0.00033113
0.00033113
0.00033113
0.00033113
0.00033113
0.00033113
0.00033113
0.00033113
0.00033113
0.00033113
0.00033113
0.00033113
0.00033113
0.00033113
0.00033113
0.00033113
0.00033113
0.00033113
0.00033113
0.00033113
0.00033113
0.00033113
0.00033113
0.00033113
0.00033113
0.00033113
0.00033113
0.00033113
0.00033113
0.00033113
0.00033113
0.00033113
0.00033113
0.00033113
0.00033113
0.00033113
0.00033113
0.00033113
0.00033113
0.00033113
0.00033113
0.00033113
0.00033113
0.00033113
0.00033113
0.00033113
0.00033113
0.00033113
0.00033113
0.00033113
0.00033113
0.00033113
0.00033113
0.00033113
0.00033113
0.00033113
0.00033113
0.00033113
0.00033113
0.00033113
0.00033113
0.00033113
0.00033113
0.00033113
0.00033113
0.00033113
0.00033113
0.00033113
0.00033113
0.00033113
0.00033113
0.00033113
0.00033113
0.00033113
0.00033113
0.00033113
0.00033113
0.00033113
0.00033113
0.00033113
0.00033113
0.00033113
0.00033113
0.00033113
0.00033113
0.00033113
0.00033113
0.00033113
0.00033113
0.00033113
0.00033113
0.00033113
0.00033113
0.00033113
0.00033113
0.00033113
0.00033113
0.00033113
0.00033113
0.00033113
0.00033113
0.00033113
0.00033113
0.00033113
0.00033113
0.00033113
0.00033113
0.00033113
0.00033113
0.00033113
0.00033113
0.00033113
0.00033113
0.00033113
0.00033113
0.00033113
0.00033113
0.00033113
0.00033113
0.00033113
0.00033113
0.00033113
0.00033113
0.00033113
0.00033113
0.00033113
0.00033113
0.00033113
0.00033113
0.00033113
0.00033113
0.00033113
0.00033113
0.00033113
0.00033113
0.00033113
0.00033113
0.00033113
0.00033113
0.00033113
0.00033113
0.00033113
0.00033113
0.00033113
0.00033113
0.00033113
0.00033113
0.00033113
0.00033113
0.00033113
0.00033113
0.00033113
0.00033113
0.00033113
0.00033113
0.00033113
0.00033113
0.00033113
0.00033113
0.00033113
0.00033113
0.00033113
0.00033113
0.00033113
0.00033113
0.00033113
0.00033113
0.00033113
0.00033113
0.00033113
0.00033113
0.00033113
0.00033113
0.00033113
0.00033113
0.00033113
0.00033113
0.00033113
0.00033113
0.00033113
0.00033113
0.00033113
0.00033113
0.00033113
0.00033113
0.00033113
0.00033113
0.00033113
0.00033113
0.00033113
0.00033113
0.00033113
0.00033113
0.00033113
0.00033113
0.00033113
0.00033113
0.00033113
0.00033113
0.00033113
0.00033113
0.00033113
0.00033113
0.00033113
0.00033113
0.00033113
0.00033113
0.00033113
0.00033113
0.00033113
0.00033113
0.00033113
0.00033113
0.00033113
0.00033113
0.00033113
0.00033113
0.00033113
0.00033113
0.00033113
0.00033113
0.00033113
0.00033113
0.00033113
0.00033113
0.00033113
0.00033113
0.00033113
0.00033113
0.00033113
0.00033113
0.00033113
0.00033113
0.00033113
0.00033113
0.00033113
0.00033113
0.00033113
0.00033113
0.00033113
0.00033113
0.00033113
0.00033113
0.00033113
0.00033113
0.00033113
0.00033113
0.00033113
0.00033113
0.00033113
0.00033113
0.00033113
0.00033113
0.00033113
0.00033113
0.00033113
0.00033113
0.00033113
0.00033113
0.00033113
0.00033113
0.00033113
0.00033113
0.00033113
0.00033113
0.00033113
0.00033113
0.00033113
0.00033113
0.00033113
0.00033113
0.00033113
0.00033113
0.00033113
0.00033113
0.00033113
0.00033113
0.00033113
0.00033113
0.00033113
0.00033113
0.00033113
0.00033113
0.00033113
0.00033113
0.00033113
0.00033113
0.00033113
0.00033113
0.00033113
0.00033113
0.00033113
0.00033113
0.00033113
0.00033113
0.00033113
0.00033113
0.00033113
0.00033113
0.00033113
0.00033113
0.00033113
0.00033113
0.00033113
0.00033113
0.00033113
0.00033113
0.00033113
0.00033113
0.00033113
0.00033113
0.00033113
0.00033113
0.00033113
0.00033113
0.00033113
0.00033113
0.00033113
0.00033113
0.00033113
0.00033113
0.00033113
0.00033113
0.00033113
0.00033113
0.00033113
0.00033113
0.00033113
0.00033113
0.00033113
0.00033113
0.00033113
0.00033113
0.00033113
0.00033113
0.00033113
0.00033113
0.00033113
0.00033113
0.00033113
0.00033113
0.00033113
0.00033113
0.00033113
0.00033113
0.00033113
0.00033113
0.00033113
0.00033113
0.00033113
0.00033113
0.00033113
0.00033113
0.00033113
0.00033113
0.00033113
0.00033113
0.00033113
0.00033113
0.00033113
0.00033113
0.00033113
0.00033113
0.00033113
0.00033113
0.00033113
0.00033113
0.00033113
0.00033113
0.00033113
0.00033113
0.00033113
0.00033113
0.00033113
0.00033113
0.00033113
0.00033113
0.00033113
0.00033113
0.00033113
0.00033113
0.00033113
0.00033113
0.00033113
0.00033113
0.00033113
0.00033113
0.00033113
0.00033113
0.00033113
0.00033113
0.00033113
0.00033113
0.00033113
0.00033113
0.00033113
0.00033113
0.00033113
0.00033113
0.00033113
0.00033113
0.00033113
0.00033113
0.00033113
0.00033113
0.00033113
0.00033113
0.00033113
0.00033113
0.00033113
0.00011038
0.00011038
0.00011038
0.00011038
0.00011038
0.00011038
0.00011038
0.00011038
0.00011038
0.00011038
0.00011038
0.00011038
0.00011038
0.00011038
0.00011038
0.00011038
0.00011038
0.00011038
0.00011038
0.00011038
0.00011038
0.00011038
0.00011038
0.00011038
0.00011038
0.00011038
0.00011038
0.00011038
0.00011038
0.00011038
0.00011038
0.00011038
0.00011038
0.00011038
0.00011038
0.00011038
0.00011038
0.00011038
0.00011038
0.00011038
0.00011038
0.00011038
0.00011038
0.00011038
0.00011038
0.00011038
0.00011038
0.00011038
0.00011038
0.00011038
0.00011038
0.00011038
0.00011038
0.00011038
0.00011038
0.00011038
0.00011038
0.00011038
0.00011038
0.00011038
0.00011038
0.00011038
0.00011038
0.00011038
0.00011038
0.00011038
0.00011038
0.00011038
0.00011038
0.00011038
0.00011038
0.00011038
0.00011038
0.00011038
0.00011038
0.00011038
0.00011038
0.00011038
0.00011038
0.00011038
0.00011038
0.00011038
0.00011038
0.00011038
0.00011038
0.00011038
0.00011038
0.00011038
0.00011038
0.00011038
0.00011038
0.00011038
0.00011038
0.00011038
0.00011038
0.00011038
0.00011038
0.00011038
0.00011038
0.00011038
0.00011038
0.00011038
0.00011038
0.00011038
0.00011038
0.00011038
0.00011038
0.00011038
0.00011038
0.00011038
0.00011038
0.00011038
0.00011038
0.00011038
0.00011038
0.00011038
0.00011038
0.00011038
0.00011038
0.00011038
0.00011038
0.00011038
0.00011038
0.00011038
0.00011038
0.00011038
0.00011038
0.00011038
0.00011038
0.00011038
0.00011038
0.00011038
0.00011038
0.00011038
0.00011038
0.00011038
0.00011038
0.00011038
0.00011038
0.00011038
0.00011038
0.00011038
0.00011038
0.00011038
0.00011038
0.00011038
0.00011038
0.00011038
0.00011038
0.00011038
0.00011038
0.00011038
0.00011038
0.00011038
0.00011038
0.00011038
0.00011038
0.00011038
0.00011038
0.00011038
0.00011038
0.00011038
0.00011038
0.00011038
0.00011038
0.00011038
0.00011038
0.00011038
0.00011038
0.00011038
0.00011038
0.00011038
0.00011038
0.00011038
0.00011038
0.00011038
0.00011038
0.00011038
0.00011038
0.00011038
0.00011038
0.00011038
0.00011038
0.00011038
0.00011038
0.00011038
0.00011038
0.00011038
0.00011038
0.00011038
0.00011038
0.00011038
0.00011038
0.00011038
0.00011038
0.00011038
0.00011038
0.00011038
0.00011038
0.00011038
0.00011038
0.00011038
0.00011038
0.00011038
0.00011038
0.00011038
0.00011038
0.00011038
0.00011038
0.00011038
0.00011038
0.00011038
0.00011038
0.00011038
0.00011038
0.00011038
0.00011038
0.00011038
0.00011038
0.00011038
0.00011038
0.00011038
0.00011038
0.00011038
0.00011038
0.00011038
0.00011038
0.00011038
0.00011038
0.00011038
0.00011038
0.00011038
0.00011038
0.00011038
0.00011038
0.00011038
0.00011038
0.00011038
0.00011038
0.00011038
0.00011038
0.00011038
0.00011038
0.00011038
0.00011038
0.00011038
0.00011038
0.00011038
0.00011038
0.00011038
0.00011038
0.00011038
0.00011038
0.00011038
0.00011038
0.00011038
0.00011038
0.00011038
0.00011038
0.00011038
0.00011038
0.00011038
0.00011038
0.00011038
0.00011038
0.00011038
0.00011038
0.00011038
0.00011038
0.00011038
0.00011038
0.00011038
0.00011038
0.00011038
0.00011038
0.00011038
0.00011038
0.00011038
0.00011038
0.00011038
0.00011038
0.00011038
0.00011038
0.00011038
0.00011038
0.00011038
0.00011038
0.00011038
0.00011038
0.00011038
0.00011038
0.00011038
0.00011038
0.00011038
0.00011038
0.00011038
0.00011038
0.00011038
0.00011038
0.00011038
0.00011038
0.00011038
0.00011038
0.00011038
0.00011038
0.00011038
0.00011038
0.00011038
0.00011038
0.00011038
0.00011038
0.00011038
0.00011038
0.00011038
0.00011038
0.00011038
0.00011038
0.00011038
0.00011038
0.00011038
0.00011038
0.00011038
0.00011038
0.00011038
0.00011038
0.00011038
0.00011038
0.00011038
0.00011038
0.00011038
0.00011038
0.00011038
0.00011038
0.00011038
0.00011038
0.00011038
0.00011038
0.00011038
0.00011038
0.00011038
0.00011038
0.00011038
0.00011038
0.00011038
0.00011038
0.00011038
0.00011038
0.00011038
0.00011038
0.00011038
0.00011038
0.00011038
0.00011038
0.00011038
0.00011038
0.00011038
0.00011038
0.00011038
0.00011038
0.00011038
0.00011038
0.00011038
0.00011038
0.00011038
0.00011038
0.00011038
0.00011038
0.00011038
0.00011038
0.00011038
0.00011038
0.00011038
0.00011038
0.00011038
0.00011038
0.00011038
0.00011038
0.00011038
0.00011038
0.00011038
0.00011038
0.00011038
0.00011038
0.00011038
0.00011038
0.00011038
0.00011038
0.00011038
0.00011038
0.00011038
0.00011038
0.00011038
0.00011038
0.00011038
0.00011038
0.00011038
0.00011038
0.00011038
0.00011038
0.00011038
0.00011038
0.00011038
0.00011038
0.00011038
0.00011038
0.00011038
0.00011038
0.00011038
0.00011038
0.00011038
0.00011038
0.00011038
0.00011038
0.00011038
0.00011038
0.00011038
0.00011038
0.00011038
0.00011038
0.00011038
0.00011038
0.00011038
0.00011038
0.00011038
0.00011038
0.00011038
0.00011038
0.00011038
0.00011038
0.00011038
0.00011038
0.00011038
0.00011038
0.00011038
0.00011038
0.00011038
0.00011038
0.00011038
0.00011038
0.00011038
0.00011038
0.00011038
0.00011038
0.00011038
0.00011038
0.00011038
0.00011038
0.00011038
0.00011038
0.00011038
0.00011038
0.00011038
0.00011038
0.00011038
0.00011038
0.00011038
0.00011038
0.00011038
0.00011038
0.00011038
0.00011038
0.00011038
0.00011038
0.00011038
0.00011038
0.00011038
0.00011038
0.00011038
0.00011038
0.00011038
0.00011038
0.00011038
0.00011038
0.00011038
0.00011038
0.00011038
0.00011038
0.00011038
0.00011038
0.00011038
0.00011038
0.00011038
0.00011038
0.00011038
0.00011038
0.00011038
0.00011038
0.00011038
0.00011038
0.00011038
0.00011038
0.00011038
0.00011038
0.00011038
0.00011038
0.00011038
0.00011038
0.00011038
0.00011038
0.00011038
0.00011038
0.00011038
0.00011038
0.00011038
0.00011038
0.00011038
0.00011038
0.00011038
0.00011038
0.00011038
0.00011038
0.00011038
0.00011038
0.00011038
0.00011038
0.00011038
0.00011038
0.00011038
0.00011038
0.00011038
0.00011038
0.00011038
0.00011038
0.00011038
0.00011038
0.00011038
0.00011038
0.00011038
0.00011038
0.00011038
0.00011038
0.00011038
0.00011038
0.00011038
0.00011038
0.00011038
0.00011038
0.00011038
0.00011038
0.00011038
0.00011038
0.00011038
0.00011038
0.00011038
0.00011038
0.00011038
0.00011038
0.00011038
0.00011038
0.00011038
0.00011038
0.00011038
0.00011038
0.00011038
0.00011038
0.00011038
0.00011038
0.00011038
0.00011038
0.00011038
0.00011038
0.00011038
0.00011038
0.00011038
0.00011038
0.00011038
0.00011038
0.00011038
0.00011038
0.00011038
0.00011038
0.00011038
0.00011038
0.00011038
0.00011038
0.00011038
0.00011038
0.00011038
0.00011038
0.00011038
0.00011038
0.00011038
0.00011038
0.00011038
0.00011038
0.00011038
0.00011038
0.00011038
0.00011038
0.00011038
0.00011038
0.00011038
0.00011038
0.00011038
0.00011038
0.00011038
0.00011038
0.00011038
0.00011038
0.00011038
0.00011038
0.00011038
0.00011038
0.00011038
0.00011038
0.00011038
0.00011038
0.00011038
0.00011038
0.00011038
0.00011038
0.00011038
0.00011038
0.00011038
0.00011038
0.00011038
0.00011038
0.00011038
0.00011038
0.00011038
0.00011038
0.00011038
0.00011038
0.00011038
0.00011038
0.00011038
0.00011038
0.00011038
0.00011038
0.00011038
0.00011038
0.00011038
0.00011038
0.00011038
0.00011038
0.00011038
0.00011038
0.00011038
0.00011038
0.00011038
0.00011038
0.00011038
0.00011038
0.00011038
0.00011038
0.00011038
0.00011038
0.00011038
0.00011038
0.00011038
0.00011038
0.00011038
0.00011038
0.00011038
0.00011038
0.00011038
0.00011038
0.00011038
0.00011038
0.00011038
0.00011038
0.00011038
0.00011038
0.00011038
0.00011038
0.00011038
0.00011038
0.00011038
0.00011038
0.00011038
0.00011038
0.00011038
0.00011038
0.00011038
0.00011038
0.00011038
0.00011038
0.00011038
0.00011038
0.00011038
0.00011038
0.00011038
0.00011038
0.00011038
0.00011038
0.00011038
0.00011038
0.00011038
0.00011038
0.00011038
0.00011038
0.00011038
0.00011038
0.00011038
0.00011038
0.00011038
0.00011038
0.00011038
0.00011038
0.00011038
0.00011038
0.00011038
0.00011038
0.00011038
0.00011038
0.00011038
0.00011038
0.00011038
0.00011038
0.00011038
0.00011038
0.00011038
0.00011038
0.00011038
0.00011038
0.00011038
0.00011038
0.00011038
0.00011038
0.00011038
0.00011038
0.00011038
0.00011038
0.00011038
0.00011038
0.00011038
0.00011038
0.00011038
0.00011038
0.00011038
0.00011038
0.00011038
0.00011038
0.00011038
0.00011038
0.00011038
0.00011038
0.00011038
0.00011038
0.00011038
0.00011038
0.00011038
0.00011038
0.00011038
0.00011038
0.00011038
0.00011038
0.00011038
0.00011038
0.00011038
0.00011038
0.00011038
0.00011038
0.00011038
0.00011038
0.00011038
0.00011038
0.00011038
0.00011038
0.00011038
0.00011038
0.00011038
0.00011038
0.00011038
0.00011038
0.00011038
0.00011038
0.00011038
0.00011038
0.00011038
0.00011038
0.00011038
0.00011038
0.00011038
0.00011038
0.00011038
0.00011038
0.00011038
0.00011038
0.00011038
0.00011038
0.00011038
0.00011038
0.00011038
0.00011038
0.00011038
0.00011038
0.00011038
0.00011038
0.00011038
0.00011038
0.00011038
0.00011038
0.00011038
0.00011038
0.00011038
0.00011038
0.00011038
0.00011038
0.00011038
0.00011038
0.00011038
0.00011038
0.00011038
0.00011038
0.00011038
0.00011038
0.00011038
0.00011038
0.00011038
0.00011038
0.00011038
0.00011038
0.00011038
0.00011038
0.00011038
0.00011038
0.00011038
0.00011038
0.00011038
0.00011038
0.00011038
0.00011038
0.00011038
0.00011038
0.00011038
0.00011038
0.00011038
0.00011038
0.00011038
0.00011038
0.00011038
0.00011038
0.00011038
0.00011038
0.00011038
0.00011038
0.00011038
0.00011038
0.00011038
0.00011038
0.00011038
0.00011038
0.00011038
0.00011038
0.00011038
0.00011038
0.00011038
0.00011038
0.00011038
0.00011038
0.00011038
0.00011038
0.00011038
0.00011038
0.00011038
0.00011038
0.00011038
0.00011038
0.00011038
0.00011038
0.00011038
0.00011038
0.00011038
0.00011038
0.00011038
0.00011038
0.00011038
0.00011038
0.00011038
0.00011038
0.00011038
0.00011038
0.00011038
0.00011038
0.00011038
0.00011038
0.00011038
0.00011038
0.00011038
0.00011038
0.00011038
0.00011038
0.00011038
0.00011038
0.00011038
0.00011038
0.00011038
0.00011038
0.00011038
0.00011038
0.00011038
0.00011038
0.00011038
0.00011038
0.00011038
0.00011038
0.00011038
0.00011038
0.00011038
0.00011038
0.00011038
0.00011038
0.00011038
0.00011038
0.00011038
0.00011038
0.00011038
0.00011038
0.00011038
0.00011038
0.00011038
0.00011038
0.00011038
0.00011038
0.00011038
0.00011038
0.00011038
0.00011038
0.00011038
0.00011038
0.00011038
0.00011038
0.00011038
0.00011038
0.00011038
0.00011038
0.00011038
0.00011038
0.00011038
0.00011038
0.00011038
0.00011038
0.00011038
0.00011038
0.00011038
0.00011038
0.00011038
0.00011038
0.00011038
0.00011038
0.00011038
0.00011038
0.00011038
0.00011038
0.00011038
0.00011038
0.00011038
0.00011038
0.00011038
0.00011038
0.00011038
0.00011038
0.00011038
0.00011038
0.00011038
0.00011038
0.00011038
0.00011038
0.00011038
0.00011038
0.00011038
0.00011038
0.00011038
0.00011038
0.00011038
0.00011038
0.00011038
0.00011038
0.00011038
0.00011038
0.00011038
0.00011038
0.00011038
0.00011038
0.00011038
0.00011038
0.00011038
0.00011038
0.00011038
0.00011038
0.00011038
0.00011038
0.00011038
0.00011038
0.00011038
0.00011038
0.00011038
0.00011038
0.00011038
0.00011038
0.00011038
0.00011038
0.00011038
0.00011038
0.00011038
0.00011038
0.00011038
0.00011038
0.00011038
0.00011038
0.00011038
0.00011038
0.00011038
0.00011038
0.00011038
0.00011038
0.00011038
0.00011038
0.00011038
0.00011038
0.00011038
0.00011038
0.00011038
0.00011038
0.00011038
0.00011038
0.00011038
0.00011038
0.00011038
0.00011038
0.00011038
0.00011038
0.00011038
0.00011038
0.00011038
0.00011038
0.00011038
0.00011038
0.00011038
0.00011038
0.00011038
0.00011038
0.00011038
0.00011038
0.00011038
0.00011038
0.00011038
0.00011038
0.00011038
0.00011038
0.00011038
0.00011038
0.00011038
0.00011038
0.00011038
0.00011038
0.00011038
0.00011038
0.00011038
0.00011038
0.00011038
0.00011038
0.00011038
0.00011038
0.00011038
0.00011038
0.00011038
0.00011038
0.00011038
0.00011038
0.00011038
0.00011038
0.00011038
0.00011038
0.00011038
0.00011038
0.00011038
0.00011038
0.00011038
0.00011038
0.00011038
0.00011038
0.00011038
0.00011038
0.00011038
0.00011038
0.00011038
0.00011038
0.00011038
0.00011038
0.00011038
0.00011038
0.00011038
0.00011038
0.00011038
0.00011038
0.00011038
0.00011038
0.00011038
0.00011038
0.00011038
0.00011038
0.00011038
0.00011038
0.00011038
0.00011038
0.00011038
0.00011038
0.00011038
0.00011038
0.00011038
0.00011038
0.00011038
0.00011038
0.00011038
0.00011038
0.00011038
0.00011038
0.00011038
0.00011038
0.00011038
0.00011038
0.00011038
0.00011038
0.00011038
0.00011038
0.00011038
0.00011038
0.00011038
0.00011038
0.00011038
0.00011038
0.00011038
0.00011038
0.00011038
0.00011038
0.00011038
0.00011038
0.00011038
0.00011038
0.00011038
0.00011038
0.00011038
0.00011038
0.00011038
0.00011038
0.00011038
0.00011038
0.00011038
0.00011038
0.00011038
0.00011038
0.00011038
0.00011038
0.00011038
0.00011038
0.00011038
0.00011038
0.00011038
0.00011038
0.00011038
0.00011038
0.00011038
0.00011038
0.00011038
0.00011038
0.00011038
0.00011038
0.00011038
0.00011038
0.00011038
0.00011038
0.00011038
0.00011038
0.00011038
0.00011038
0.00011038
0.00011038
0.00011038
0.00011038
0.00011038
0.00011038
0.00011038
0.00011038
0.00011038
0.00011038
0.00011038
0.00011038
0.00011038
0.00011038
0.00011038
0.00011038
0.00011038
0.00011038
0.00011038
0.00011038
0.00011038
0.00011038
0.00011038
0.00011038
0.00011038
0.00011038
0.00011038
0.00011038
0.00011038
0.00011038
0.00011038
0.00011038
0.00011038
0.00011038
0.00011038
0.00011038
0.00011038
0.00011038
0.00011038
0.00011038
0.00011038
0.00011038
0.00011038
0.00011038
0.00011038
0.00011038
0.00011038
0.00011038
0.00011038
0.00011038
0.00011038
0.00011038
0.00011038
0.00011038
0.00011038
0.00011038
0.00011038
0.00011038
0.00011038
0.00011038
0.00011038
0.00011038
0.00011038
0.00011038
0.00011038
0.00011038
0.00011038
0.00011038
0.00011038
0.00011038
0.00011038
0.00011038
0.00011038
0.00011038
0.00011038
0.00011038
0.00011038
0.00011038
0.00011038
0.00011038
0.00011038
0.00011038
0.00011038
0.00011038
0.00011038
0.00011038
0.00011038
0.00011038
0.00011038
0.00011038
0.00011038
0.00011038
0.00011038
0.00011038
0.00011038
0.00011038
0.00011038
0.00011038
0.00011038
0.00011038
0.00011038
0.00011038
0.00011038
0.00011038
0.00011038
0.00011038
0.00011038
0.00011038
0.00011038
0.00011038
0.00011038
0.00011038
0.00011038
0.00011038
0.00011038
0.00011038
0.00011038
0.00011038
0.00011038
0.00011038
0.00011038
0.00011038
0.00011038
0.00011038
0.00011038
0.00011038
0.00011038
0.00011038
0.00011038
0.00011038
0.00011038
0.00011038
0.00011038
0.00011038
0.00011038
0.00011038
0.00011038
0.00011038
0.00011038
0.00011038
0.00011038
0.00011038
0.00011038
0.00011038
0.00011038
0.00011038
0.00011038
0.00011038
0.00011038
0.00011038
0.00011038
0.00011038
0.00011038
0.00011038
0.00011038
0.00011038
0.00011038
0.00011038
0.00011038
0.00011038
0.00011038
0.00011038
0.00011038
0.00011038
0.00011038
0.00011038
0.00011038
0.00011038
0.00011038
0.00011038
0.00011038
0.00011038
0.00011038
0.00011038
0.00011038
0.00011038
0.00011038
0.00011038
0.00011038
0.00011038
0.00011038
0.00011038
0.00011038
0.00011038
0.00011038
0.00011038
0.00011038
0.00011038
0.00011038
0.00011038
0.00011038
0.00011038
0.00011038
0.00011038
0.00011038
0.00011038
0.00011038
0.00011038
0.00011038
0.00011038
0.00011038
0.00011038
0.00011038
0.00011038
0.00011038
0.00011038
0.00011038
0.00011038
0.00011038
0.00011038
0.00011038
0.00011038
0.00011038
0.00011038
0.00011038
0.00011038
0.00011038
0.00011038
0.00011038
0.00011038
0.00011038
0.00011038
0.00011038
0.00011038
0.00011038
0.00011038
0.00011038
0.00011038
0.00011038
0.00011038
0.00011038
0.00011038
0.00011038
0.00011038
0.00011038
0.00011038
0.00011038
0.00011038
0.00011038
0.00011038
0.00011038
0.00011038
0.00011038
0.00011038
0.00011038
0.00011038
0.00011038
0.00011038
0.00011038
0.00011038
0.00011038
0.00011038
0.00011038
0.00011038
0.00011038
0.00011038
0.00011038
0.00011038
0.00011038
0.00011038
0.00011038
0.00011038
0.00011038
0.00011038
0.00011038
0.00011038
0.00011038
0.00011038
0.00011038
0.00011038
0.00011038
0.00011038
0.00011038
0.00011038
0.00011038
0.00011038
0.00011038
0.00011038
0.00011038
0.00011038
0.00011038
0.00011038
0.00011038
0.00011038
0.00011038
0.00011038
0.00011038
0.00011038
0.00011038
0.00011038
0.00011038
0.00011038
0.00011038
0.00011038
0.00011038
0.00011038
0.00011038
0.00011038
0.00011038
0.00011038
0.00011038
0.00011038
0.00011038
0.00011038
0.00011038
0.00011038
0.00011038
0.00011038
0.00011038
0.00011038
0.00011038
0.00011038
0.00011038
0.00011038
0.00011038
0.00011038
0.00011038
0.00011038
0.00011038
0.00011038
0.00011038
0.00011038
0.00011038
0.00011038
0.00011038
0.00011038
0.00011038
0.00011038
0.00011038
0.00011038
0.00011038
0.00011038
0.00011038
0.00011038
0.00011038
0.00011038
0.00011038
0.00011038
0.00011038
0.00011038
0.00011038
0.00011038
0.00011038
0.00011038
0.00011038
0.00011038
0.00011038
0.00011038
0.00011038
0.00011038
0.00011038
0.00011038
0.00011038
0.00011038
0.00011038
0.00011038
0.00011038
0.00011038
0.00011038
0.00011038
0.00011038
0.00011038
0.00011038
0.00011038
0.00011038
0.00011038
0.00011038
0.00011038
0.00011038
0.00011038
0.00011038
0.00011038
0.00011038
0.00011038
0.00011038
0.00011038
0.00011038
0.00011038
0.00011038
0.00011038
0.00011038
0.00011038
0.00011038
0.00011038
0.00011038
0.00011038
0.00011038
0.00011038
0.00011038
0.00011038
0.00011038
0.00011038
0.00011038
0.00011038
0.00011038
0.00011038
0.00011038
0.00011038
0.00011038
0.00011038
0.00011038
0.00011038
0.00011038
0.00011038
0.00011038
0.00011038
0.00011038
0.00011038
0.00011038
0.00011038
0.00011038
0.00011038
0.00011038
0.00011038
0.00011038
0.00011038
0.00011038
0.00011038
0.00011038
0.00011038
0.00011038
0.00011038
0.00011038
0.00011038
0.00011038
0.00011038
0.00011038
0.00011038
0.00011038
0.00011038
0.00011038
0.00011038
0.00011038
0.00011038
0.00011038
0.00011038
0.00011038
0.00011038
0.00011038
0.00011038
0.00011038
0.00011038
0.00011038
0.00011038
0.00011038
0.00011038
0.00011038
0.00011038
0.00011038
0.00011038
0.00011038
0.00011038
0.00011038
0.00011038
0.00011038
0.00011038
0.00011038
0.00011038
0.00011038
0.00011038
0.00011038
0.00011038
0.00011038
0.00011038
0.00011038
0.00011038
0.00011038
0.00011038
0.00011038
0.00011038
0.00011038
0.00011038
0.00011038
0.00011038
0.00011038
0.00011038
0.00011038
0.00011038
0.00011038
0.00011038
0.00011038
0.00011038
0.00011038
0.00011038
0.00011038
0.00011038
0.00011038
0.00011038
0.00011038
0.00011038
0.00011038
0.00011038
0.00011038
0.00011038
0.00011038
0.00011038
0.00011038
0.00011038
0.00011038
0.00011038
0.00011038
0.00011038
0.00011038
0.00011038
0.00011038
0.00011038
0.00011038
0.00011038
0.00011038
0.00011038
0.00011038
0.00011038
0.00011038
0.00011038
0.00011038
0.00011038
0.00011038
0.00011038
0.00011038
0.00011038
0.00011038
0.00011038
0.00011038
0.00011038
0.00011038
0.00011038
0.00011038
0.00011038
0.00011038
0.00011038
0.00011038
0.00011038
0.00011038
0.00011038
0.00011038
0.00011038
0.00011038
0.00011038
0.00011038
0.00011038
0.00011038
0.00011038
0.00011038
0.00011038
0.00011038
0.00011038
0.00011038
0.00011038
0.00011038
0.00011038
0.00011038
0.00011038
0.00011038
0.00011038
0.00011038
0.00011038
0.00011038
0.00011038
0.00011038
0.00011038
0.00011038
0.00011038
0.00011038
0.00011038
0.00011038
0.00011038
0.00011038
0.00011038
0.00011038
0.00011038
0.00011038
0.00011038
0.00011038
0.00011038
0.00011038
0.00011038
0.00011038
0.00011038
0.00011038
0.00011038
0.00011038
0.00011038
0.00011038
0.00011038
0.00011038
0.00011038
0.00011038
0.00011038
0.00011038
0.00011038
0.00011038
0.00011038
0.00011038
0.00011038
0.00011038
0.00011038
0.00011038
0.00011038
0.00011038
0.00011038
0.00011038
0.00011038
0.00011038
0.00011038
0.00011038
0.00011038
0.00011038
0.00011038
0.00011038
0.00011038
0.00011038
0.00011038
0.00011038
0.00011038
0.00011038
0.00011038
0.00011038
0.00011038
0.00011038
0.00011038
0.00011038
0.00011038
0.00011038
0.00011038
0.00011038
0.00011038
0.00011038
0.00011038
0.00011038
0.00011038
0.00011038
0.00011038
0.00011038
0.00011038
0.00011038
0.00011038
0.00011038
0.00011038
0.00011038
0.00011038
0.00011038
0.00011038
0.00011038
0.00011038
0.00011038
0.00011038
0.00011038
0.00011038
0.00011038
0.00011038
0.00011038
0.00011038
0.00011038
0.00011038
0.00011038
0.00011038
0.00011038
0.00011038
0.00011038
0.00011038
0.00011038
0.00011038
0.00011038
0.00011038
0.00011038
0.00011038
0.00011038
0.00011038
0.00011038
0.00011038
0.00011038
0.00011038
0.00011038
0.00011038
0.00011038
0.00011038
0.00011038
0.00011038
0.00011038
0.00011038
0.00011038
0.00011038
0.00011038
0.00011038
0.00011038
0.00011038
0.00011038
0.00011038
0.00011038
0.00011038
0.00011038
0.00011038
0.00011038
0.00011038
0.00011038
0.00011038
0.00011038
0.00011038
0.00011038
0.00011038
0.00011038
0.00011038
0.00011038
0.00011038
0.00011038
0.00011038
0.00011038
0.00011038
0.00011038
0.00011038
0.00011038
0.00011038
0.00011038
0.00011038
0.00011038
0.00011038
0.00011038
0.00011038
0.00011038
0.00011038
0.00011038
0.00011038
0.00011038
0.00011038
0.00011038
0.00011038
0.00011038
0.00011038
0.00011038
0.00011038
0.00011038
0.00011038
0.00011038
0.00011038
0.00011038
0.00011038
0.00011038
0.00011038
0.00011038
0.00011038
0.00011038
0.00011038
0.00011038
0.00011038
0.00011038
0.00011038
0.00011038
0.00011038
0.00011038
0.00011038
0.00011038
0.00011038
0.00011038
0.00011038
0.00011038
0.00011038
0.00011038
0.00011038
0.00011038
0.00011038
0.00011038
0.00011038
0.00011038
0.00011038
0.00011038
0.00011038
0.00011038
0.00011038
0.00011038
0.00011038
0.00011038
0.00011038
0.00011038
0.00011038
0.00011038
0.00011038
0.00011038
0.00011038
0.00011038
0.00011038
0.00011038
0.00011038
0.00011038
0.00011038
0.00011038
0.00011038
0.00011038
0.00011038
0.00011038
0.00011038
0.00011038
0.00011038
0.00011038
0.00011038
0.00011038
0.00011038
0.00011038
0.00011038
0.00011038
0.00011038
0.00011038
0.00011038
0.00011038
0.00011038
0.00011038
0.00011038
0.00011038
0.00011038
0.00011038
0.00011038
0.00011038
0.00011038
0.00011038
0.00011038
0.00011038
0.00011038
0.00011038
0.00011038
0.00011038
0.00011038
0.00011038
0.00011038
0.00011038
0.00011038
0.00011038
0.00011038
0.00011038
0.00011038
0.00011038
0.00011038
0.00011038
0.00011038
0.00011038
0.00011038
0.00011038
0.00011038
0.00011038
0.00011038
0.00011038
0.00011038
0.00011038
0.00011038
0.00011038
0.00011038
0.00011038
0.00011038
0.00011038
0.00011038
0.00011038
0.00011038
0.00011038
0.00011038
0.00011038
0.00011038
0.00011038
0.00011038
0.00011038
0.00011038
0.00011038
0.00011038
0.00011038
0.00011038
0.00011038
0.00011038
0.00011038
0.00011038
0.00011038
0.00011038
0.00011038
0.00011038
0.00011038
0.00011038
0.00011038
0.00011038
0.00011038
0.00011038
0.00011038
0.00011038
0.00011038
0.00011038
0.00011038
0.00011038
0.00011038
0.00011038
0.00011038
0.00011038
0.00011038
0.00011038
0.00011038
0.00011038
0.00011038
0.00011038
0.00011038
0.00011038
0.00011038
0.00011038
0.00011038
0.00011038
0.00011038
0.00011038
0.00011038
0.00011038
0.00011038
0.00011038
0.00011038
0.00011038
0.00011038
0.00011038
0.00011038
0.00011038
0.00011038
0.00011038
0.00011038
0.00011038
0.00011038
0.00011038
0.00011038
0.00011038
0.00011038
0.00011038
0.00011038
0.00011038
0.00011038
0.00011038
0.00011038
0.00011038
0.00011038
0.00011038
0.00011038
0.00011038
0.00011038
0.00011038
0.00011038
0.00011038
0.00011038
0.00011038
0.00011038
0.00011038
0.00011038
0.00011038
0.00011038
0.00011038
0.00011038
0.00011038
0.00011038
0.00011038
0.00011038
0.00011038
0.00011038
0.00011038
0.00011038
0.00011038
0.00011038
0.00011038
0.00011038
0.00011038
0.00011038
0.00011038
0.00011038
0.00011038
0.00011038
0.00011038
0.00011038
0.00011038
0.00011038
0.00011038
0.00011038
0.00011038
0.00011038
0.00011038
0.00011038
0.00011038
0.00011038
0.00011038
0.00011038
0.00011038
0.00011038
0.00011038
0.00011038
0.00011038
0.00011038
0.00011038
0.00011038
0.00011038
0.00011038
0.00011038
0.00011038
0.00011038
0.00011038
0.00011038
0.00011038
0.00011038
0.00011038
0.00011038
0.00011038
0.00011038
0.00011038
0.00011038
0.00011038
0.00011038
0.00011038
0.00011038
0.00011038
0.00011038
0.00011038
0.00011038
0.00011038
0.00011038
0.00011038
0.00011038
0.00011038
0.00011038
0.00011038
0.00011038
0.00011038
0.00011038
0.00011038
0.00011038
0.00011038
0.00011038
0.00011038
0.00011038
0.00011038
0.00011038
0.00011038
0.00011038
0.00011038
0.00011038
0.00011038
0.00011038
0.00011038
0.00011038
0.00011038
0.00011038
0.00011038
0.00011038
0.00011038
0.00011038
0.00011038
0.00011038
0.00011038
0.00011038
0.00011038
0.00011038
0.00011038
0.00011038
0.00011038
0.00011038
0.00011038
0.00011038
0.00011038
0.00011038
0.00011038
0.00011038
0.00011038
0.00011038
0.00011038
0.00011038
0.00011038
0.00011038
0.00011038
0.00011038
0.00011038
0.00011038
0.00011038
0.00011038
0.00011038
0.00011038
0.00011038
0.00011038
0.00011038
0.00011038
0.00011038
0.00011038
0.00011038
0.00011038
0.00011038
0.00011038
0.00011038
0.00011038
0.00011038
0.00011038
0.00011038
0.00011038
0.00011038
0.00011038
0.00011038
0.00011038
0.00011038
0.00011038
0.00011038
0.00011038
0.00011038
0.00011038
0.00011038
0.00011038
0.00011038
0.00011038
0.00011038
0.00011038
0.00011038
0.00011038
0.00011038
0.00011038
0.00011038
0.00011038
0.00011038
0.00011038
0.00011038
0.00011038
0.00011038
0.00011038
0.00011038
0.00011038
0.00011038
0.00011038
0.00011038
0.00011038
0.00011038
0.00011038
0.00011038
0.00011038
0.00011038
0.00011038
0.00011038
0.00011038
0.00011038
0.00011038
0.00011038
0.00011038
0.00011038
0.00011038
0.00011038
0.00011038
0.00011038
0.00011038
0.00011038
0.00011038
0.00011038
0.00011038
0.00011038
0.00011038
0.00011038
0.00011038
0.00011038
0.00011038
0.00011038
0.00011038
0.00011038
0.00011038
0.00011038
0.00011038
0.00011038
0.00011038
0.00011038
0.00011038
0.00011038
0.00011038
0.00011038
0.00011038
0.00011038
0.00011038
0.00011038
0.00011038
0.00011038
0.00011038
0.00011038
0.00011038
0.00011038
0.00011038
0.00011038
0.00011038
0.00011038
0.00011038
0.00011038
0.00011038
0.00011038
0.00011038
0.00011038
0.00011038
0.00011038
0.00011038
0.00011038
0.00011038
0.00011038
0.00011038
0.00011038
0.00011038
0.00011038
0.00011038
0.00011038
0.00011038
0.00011038
0.00011038
0.00011038
0.00011038
0.00011038
0.00011038
0.00011038
0.00011038
0.00011038
0.00011038
0.00011038
0.00011038
0.00011038
0.00011038
0.00011038
0.00011038
0.00011038
0.00011038
0.00011038
0.00011038
0.00011038
0.00011038
0.00011038
0.00011038
0.00011038
0.00011038
0.00011038
0.00011038
0.00011038
0.00011038
0.00011038
0.00011038
0.00011038
0.00011038
0.00011038
0.00011038
0.00011038
0.00011038
0.00011038
0.00011038
0.00011038
0.00011038
0.00011038
0.00011038
0.00011038
0.00011038
0.00011038
0.00011038
0.00011038
0.00011038
0.00011038
0.00011038
0.00011038
0.00011038
0.00011038
0.00011038
0.00011038
0.00011038
0.00011038
0.00011038
0.00011038
0.00011038
0.00011038
0.00011038
0.00011038
0.00011038
0.00011038
0.00011038
0.00011038
0.00011038
0.00011038
0.00011038
0.00011038
0.00011038
0.00011038
0.00011038
0.00011038
0.00011038
0.00011038
0.00011038
0.00011038
0.00011038
0.00011038
0.00011038
0.00011038
0.00011038
0.00011038
0.00011038
0.00011038
0.00011038
0.00011038
0.00011038
0.00011038
0.00011038
0.00011038
0.00011038
0.00011038
0.00011038
0.00011038
0.00011038
0.00011038
0.00011038
0.00011038
0.00011038
0.00011038
0.00011038
0.00011038
0.00011038
0.00011038
0.00011038
0.00011038
0.00011038
0.00011038
0.00011038
0.00011038
0.00011038
0.00011038
0.00011038
0.00011038
0.00011038
0.00011038
0.00011038
0.00011038
0.00011038
0.00011038
0.00011038
0.00011038
0.00011038
0.00011038
0.00011038
0.00011038
0.00011038
0.00011038
0.00011038
0.00011038
0.00011038
0.00011038
0.00011038
0.00011038
0.00011038
0.00011038
0.00011038
0.00011038
0.00011038
0.00011038
0.00011038
0.00011038
0.00011038
0.00011038
0.00011038
0.00011038
0.00011038
0.00011038
0.00011038
0.00011038
0.00011038
0.00011038
0.00011038
0.00011038
0.00011038
0.00011038
0.00011038
0.00011038
0.00011038
0.00011038
0.00011038
0.00011038
0.00011038
0.00011038
0.00011038
0.00011038
0.00011038
0.00011038
0.00011038
0.00011038
0.00011038
0.00011038
0.00011038
0.00011038
0.00011038
0.00011038
0.00011038
0.00011038
0.00011038
0.00011038
0.00011038
0.00011038
0.00011038
0.00011038
0.00011038
0.00011038
0.00011038
0.00011038
0.00011038
0.00011038
0.00011038
0.00011038
0.00011038
0.00011038
0.00011038
0.00011038
0.00011038
0.00011038
0.00011038
0.00011038
0.00011038
0.00011038
0.00011038
0.00011038
0.00011038
0.00011038
0.00011038
0.00011038
0.00011038
0.00011038
0.00011038
0.00011038
0.00011038
0.00011038
0.00011038
0.00011038
0.00011038
0.00011038
0.00011038
0.00011038
0.00011038
0.00011038
0.00011038
0.00011038
0.00011038
0.00011038
0.00011038
0.00011038
0.00011038
0.00011038
0.00011038
0.00011038
0.00011038
0.00011038
0.00011038
0.00011038
0.00011038
0.00011038
0.00011038
0.00011038
0.00011038
0.00011038
0.00011038
0.00011038
0.00011038
0.00011038
0.00011038
0.00011038
0.00011038
0.00011038
0.00011038
0.00011038
0.00011038
0.00011038
0.00011038
0.00011038
0.00011038
0.00011038
0.00011038
0.00011038
0.00011038
0.00011038
0.00011038
0.00011038
0.00011038
0.00011038
0.00011038
0.00011038
0.00011038
0.00011038
0.00011038
0.00011038
0.00011038
0.00011038
0.00011038
0.00011038
0.00011038
0.00011038
0.00011038
0.00011038
0.00011038
0.00011038
0.00011038
0.00011038
0.00011038
0.00011038
0.00011038
0.00011038
0.00011038
0.00011038
0.00011038
0.00011038
0.00011038
0.00011038
0.00011038
0.00011038
0.00011038
0.00011038
0.00011038
0.00011038
0.00011038
0.00011038
0.00011038
0.00011038
0.00011038
0.00011038
0.00011038
0.00011038
0.00011038
0.00011038
0.00011038
0.00011038
0.00011038
0.00011038
0.00011038
0.00011038
0.00011038
0.00011038
0.00011038
0.00011038
0.00011038
0.00011038
0.00011038
0.00011038
0.00011038
0.00011038
0.00011038
0.00011038
0.00011038
0.00011038
0.00011038
0.00011038
0.00011038
0.00011038
0.00011038
0.00011038
0.00011038
0.00011038
0.00011038
0.00011038
0.00011038
0.00011038
0.00011038
0.00011038
0.00011038
0.00011038
0.00011038
0.00011038
0.00011038
0.00011038
0.00011038
0.00011038
0.00011038
0.00011038
0.00011038
0.00011038
0.00011038
0.00011038
0.00011038
0.00011038
0.00011038
0.00011038
0.00011038
0.00011038
0.00011038
0.00011038
0.00011038
0.00011038
0.00011038
0.00011038
0.00011038
0.00011038
0.00011038
0.00011038
0.00011038
0.00011038
0.00011038
0.00011038
0.00011038
0.00011038
0.00011038
0.00011038
0.00011038
0.00011038
0.00011038
0.00011038
0.00011038
0.00011038
0.00011038
0.00011038
0.00011038
0.00011038
0.00011038
0.00011038
0.00011038
0.00011038
0.00011038
0.00011038
0.00011038
0.00011038
0.00011038
0.00011038
0.00011038
0.00011038
0.00011038
0.00011038
0.00011038
0.00011038
0.00011038
0.00011038
0.00011038
0.00011038
0.00011038
0.00011038
0.00011038
0.00011038
0.00011038
0.00011038
0.00011038
0.00011038
0.00011038
0.00011038
0.00011038
0.00011038
0.00011038
0.00011038
0.00011038
0.00011038
0.00011038
0.00011038
0.00011038
0.00011038
0.00011038
0.00011038
0.00011038
0.00011038
0.00011038
0.00011038
0.00011038
0.00011038
0.00011038
0.00011038
0.00011038
0.00011038
0.00011038
0.00011038
0.00011038
0.00011038
0.00011038
0.00011038
0.00011038
0.00011038
0.00011038
0.00011038
0.00011038
0.00011038
0.00011038
0.00011038
0.00011038
0.00011038
0.00011038
0.00011038
0.00011038
0.00011038
0.00011038
0.00011038
0.00011038
0.00011038
0.00011038
0.00011038
0.00011038
0.00011038
0.00011038
0.00011038
0.00011038
0.00011038
0.00011038
0.00011038
0.00011038
0.00011038
0.00011038
0.00011038
0.00011038
0.00011038
0.00011038
0.00011038
0.00011038
0.00011038
0.00011038
0.00011038
0.00011038
0.00011038
0.00011038
0.00011038
0.00011038
0.00011038
0.00011038
0.00011038
0.00011038
0.00011038
0.00011038
0.00011038
0.00011038
0.00011038
0.00011038
0.00011038
0.00011038
0.00011038
0.00011038
0.00011038
0.00011038
0.00011038
0.00011038
0.00011038
0.00011038
0.00011038
0.00011038
0.00011038
0.00011038
0.00011038
0.00011038
0.00011038
0.00011038
0.00011038
0.00011038
0.00011038
0.00011038
0.00011038
0.00011038
0.00011038
0.00011038
0.00011038
0.00011038
0.00011038
0.00011038
0.00011038
0.00011038
0.00011038
0.00011038
0.00011038
0.00011038
0.00011038
0.00011038
0.00011038
0.00011038
0.00011038
0.00011038
0.00011038
0.00011038
0.00011038
0.00011038
0.00011038
0.00011038
0.00011038
0.00011038
0.00011038
0.00011038
0.00011038
0.00011038
0.00011038
0.00011038
0.00011038
0.00011038
0.00011038
0.00011038
0.00011038
0.00011038
0.00011038
0.00011038
0.00011038
0.00011038
0.00011038
0.00011038
0.00011038
0.00011038
0.00011038
0.00011038
0.00011038
0.00011038
0.00011038
0.00011038
0.00011038
0.00011038
0.00011038
0.00011038
0.00011038
0.00011038
0.00011038
0.00011038
0.00011038
0.00011038
0.00011038
0.00011038
0.00011038
0.00011038
0.00011038
0.00011038
0.00011038
0.00011038
0.00011038
0.00011038
0.00011038
0.00011038
0.00011038
0.00011038
0.00011038
0.00011038
0.00011038
0.00011038
0.00011038
0.00011038
0.00011038
0.00011038
0.00011038
0.00011038
0.00011038
0.00011038
0.00011038
0.00011038
0.00011038
0.00011038
0.00011038
0.00011038
0.00011038
0.00011038
0.00011038
0.00011038
0.00011038
0.00011038
0.00011038
0.00011038
0.00011038
0.00011038
0.00011038
0.00011038
0.00011038
0.00011038
0.00011038
0.00011038
0.00011038
0.00011038
0.00011038
0.00011038
0.00011038
0.00011038
0.00011038
0.00011038
0.00011038
0.00011038
0.00011038
0.00011038
0.00011038
0.00011038
0.00011038
0.00011038
0.00011038
0.00011038
0.00011038
0.00011038
0.00011038
0.00011038
0.00011038
0.00011038
0.00011038
0.00011038
0.00011038
0.00011038
0.00011038
0.00011038
0.00011038
0.00011038
0.00011038
0.00011038
0.00011038
0.00011038
0.00011038
0.00011038
0.00011038
0.00011038
0.00011038
0.00011038
0.00011038
0.00011038
0.00011038
0.00011038
0.00011038
0.00011038
0.00011038
0.00011038
0.00011038
0.00011038
0.00011038
0.00011038
0.00011038
0.00011038
0.00011038
0.00011038
0.00011038
0.00011038
0.00011038
0.00011038
0.00011038
0.00011038
0.00011038
0.00011038
0.00011038
0.00011038
0.00011038
0.00011038
0.00011038
0.00011038
0.00011038
0.00011038
0.00011038
0.00011038
0.00011038
0.00011038
0.00011038
0.00011038
0.00011038
0.00011038
0.00011038
0.00011038
0.00011038
0.00011038
0.00011038
0.00011038
0.00011038
0.00011038
0.00011038
0.00011038
0.00011038
0.00011038
0.00011038
0.00011038
0.00011038
0.00011038
0.00011038
0.00011038
0.00011038
0.00011038
0.00011038
0.00011038
0.00011038
0.00011038
0.00011038
0.00011038
0.00011038
0.00011038
0.00011038
0.00011038
0.00011038
0.00011038
0.00011038
0.00011038
0.00011038
0.00011038
0.00011038
0.00011038
0.00011038
0.00011038
0.00011038
0.00011038
0.00011038
0.00011038
0.00011038
0.00011038
0.00011038
0.00011038
0.00011038
0.00011038
0.00011038
0.00011038
0.00011038
0.00011038
0.00011038
0.00011038
0.00011038
0.00011038
0.00011038
0.00011038
0.00011038
0.00011038
0.00011038
0.00011038
0.00011038
0.00011038
0.00011038
0.00011038
0.00011038
0.00011038
0.00011038
0.00011038
0.00011038
0.00011038
0.00011038
0.00011038
0.00011038
0.00011038
0.00011038
0.00011038
0.00011038
0.00011038
0.00011038
0.00011038
0.00011038
0.00011038
0.00011038
0.00011038
0.00011038
0.00011038
0.00011038
0.00011038
0.00011038
0.00011038
0.00011038
0.00011038
0.00011038
0.00011038
0.00011038
0.00011038
0.00011038
0.00011038
0.00011038
0.00011038
0.00011038
0.00011038
0.00011038
0.00011038
0.00011038
0.00011038
0.00011038
0.00011038
0.00011038
0.00011038
0.00011038
0.00011038
0.00011038
0.00011038
0.00011038
0.00011038
0.00011038
0.00011038
0.00011038
0.00011038
0.00011038
0.00011038
0.00011038
0.00011038
0.00011038
0.00011038
0.00011038
0.00011038
0.00011038
0.00011038
0.00011038
0.00011038
0.00011038
0.00011038
0.00011038
0.00011038
0.00011038
0.00011038
0.00011038
0.00011038
0.00011038
0.00011038
0.00011038
0.00011038
0.00011038
0.00011038
0.00011038
0.00011038
0.00011038
0.00011038
0.00011038
0.00011038
0.00011038
0.00011038
0.00011038
0.00011038
0.00011038
0.00011038
0.00011038
0.00011038
0.00011038
0.00011038
0.00011038
0.00011038
0.00011038
0.00011038
0.00011038
0.00011038
0.00011038
0.00011038
0.00011038
0.00011038
0.00011038
0.00011038
0.00011038
0.00011038
0.00011038
0.00011038
0.00011038
0.00011038
0.00011038
0.00011038
0.00011038
0.00011038
0.00011038
0.00011038
0.00011038
0.00011038
0.00011038
0.00011038
0.00011038
0.00011038
0.00011038
0.00011038
0.00011038
0.00011038
0.00011038
0.00011038
0.00011038
0.00011038
0.00011038
0.00011038
0.00011038
0.00011038
0.00011038
0.00011038
0.00011038
0.00011038
0.00011038
0.00011038
0.00011038
0.00011038
0.00011038
0.00011038
0.00011038
0.00011038
0.00011038
0.00011038
0.00011038
0.00011038
0.00011038
0.00011038
0.00011038
0.00011038
0.00011038
0.00011038
0.00011038
0.00011038
0.00011038
0.00011038
0.00011038
0.00011038
0.00011038
0.00011038
0.00011038
0.00011038
0.00011038
0.00011038
0.00011038
0.00011038
0.00011038
0.00011038
0.00011038
0.00011038
0.00011038
0.00011038
0.00011038
0.00011038
0.00011038
0.00011038
0.00011038
0.00011038
0.00011038
0.00011038
0.00011038
0.00011038
0.00011038
0.00011038
0.00011038
0.00011038
0.00011038
0.00011038
0.00011038
0.00011038
0.00011038
0.00011038
0.00011038
0.00011038
0.00011038
0.00011038
0.00011038
0.00011038
0.00011038
0.00011038
0.00011038
0.00011038
0.00011038
0.00011038
0.00011038
0.00011038
0.00011038
0.00011038
0.00011038
0.00011038
0.00011038
0.00011038
0.00011038
0.00011038
0.00011038
0.00011038
0.00011038
0.00011038
0.00011038
0.00011038
0.00011038
0.00011038
0.00011038
0.00011038
0.00011038
0.00011038
0.00011038
0.00011038
0.00011038
0.00011038
0.00011038
0.00011038
0.00011038
0.00011038
0.00011038
0.00011038
0.00011038
0.00011038
0.00011038
0.00011038
0.00011038
0.00011038
0.00011038
0.00011038
0.00011038
0.00011038
0.00011038
0.00011038
0.00011038
0.00011038
0.00011038
0.00011038
0.00011038
0.00011038
0.00011038
0.00011038
0.00011038
0.00011038
0.00011038
0.00011038
0.00011038
0.00011038
0.00011038
0.00011038
0.00011038
0.00011038
0.00011038
0.00011038
0.00011038
0.00011038
0.00011038
0.00011038
0.00011038
0.00011038
0.00011038
0.00011038
0.00011038
0.00011038
0.00011038
0.00011038
0.00011038
0.00011038
0.00011038
0.00011038
0.00011038
0.00011038
0.00011038
0.00011038
0.00011038
0.00011038
0.00011038
0.00011038
0.00011038
0.00011038
0.00011038
0.00011038
0.00011038
0.00011038
0.00011038
0.00011038
0.00011038
0.00011038
0.00011038
0.00011038
0.00011038
0.00011038
0.00011038
0.00011038
0.00011038
0.00011038
0.00011038
0.00011038
0.00011038
0.00011038
0.00011038
0.00011038
0.00011038
0.00011038
0.00011038
0.00011038
0.00011038
0.00011038
0.00011038
0.00011038
0.00011038
0.00011038
0.00011038
0.00011038
0.00011038
0.00011038
0.00011038
0.00011038
0.00011038
0.00011038
0.00011038
0.00011038
0.00011038
0.00011038
0.00011038
0.00011038
0.00011038
0.00011038
0.00011038
0.00011038
0.00011038
0.00011038
0.00011038
0.00011038
0.00011038
0.00011038
0.00011038
0.00011038
0.00011038
0.00011038
0.00011038
0.00011038
0.00011038
0.00011038
0.00011038
0.00011038
0.00011038
0.00011038
0.00011038
0.00011038
0.00011038
0.00011038
0.00011038
0.00011038
0.00011038
0.00011038
0.00011038
0.00011038
0.00011038
0.00011038
0.00011038
0.00011038
0.00011038
0.00011038
0.00011038
0.00011038
0.00011038
0.00011038
0.00011038
0.00011038
0.00011038
0.00011038
0.00011038
0.00011038
0.00011038
0.00011038
0.00011038
0.00011038
0.00011038
0.00011038
0.00011038
0.00011038
0.00011038
0.00011038
0.00011038
0.00011038
0.00011038
0.00011038
0.00011038
0.00011038
0.00011038
0.00011038
0.00011038
0.00011038
0.00011038
0.00011038
0.00011038
0.00011038
0.00011038
0.00011038
0.00011038
0.00011038
0.00011038
0.00011038
0.00011038
0.00011038
0.00011038
0.00011038
0.00011038
0.00011038
0.00011038
0.00011038
0.00011038
0.00011038
0.00011038
0.00011038
0.00011038
0.00011038
0.00011038
0.00011038
0.00011038
0.00011038
0.00011038
0.00011038
0.00011038
0.00011038
0.00011038
0.00011038
0.00011038
0.00011038
0.00011038
0.00011038
0.00011038
0.00011038
0.00011038
0.00011038
0.00011038
0.00011038
0.00011038
0.00011038
0.00011038
0.00011038
0.00011038
0.00011038
0.00011038
0.00011038
0.00011038
0.00011038
0.00011038
0.00011038
0.00011038
0.00011038
0.00011038
0.00011038
0.00011038
0.00011038
0.00011038
0.00011038
0.00011038
0.00011038
0.00011038
0.00011038
0.00011038
0.00011038
0.00011038
0.00011038
0.00011038
0.00011038
0.00011038
0.00011038
0.00011038
0.00011038
0.00011038
0.00011038
0.00011038
0.00011038
0.00011038
0.00011038
0.00011038
0.00011038
0.00011038
0.00011038
0.00011038
0.00011038
0.00011038
0.00011038
0.00011038
0.00011038
0.00011038
0.00011038
0.00011038
0.00011038
0.00011038
0.00011038
0.00011038
0.00011038
0.00011038
0.00011038
0.00011038
0.00011038
0.00011038
0.00011038
0.00011038
0.00011038
0.00011038
0.00011038
0.00011038
0.00011038
0.00011038
0.00011038
0.00011038
0.00011038
0.00011038
0.00011038
0.00011038
0.00011038
0.00011038
0.00011038
0.00011038
0.00011038
0.00011038
0.00011038
0.00011038
0.00011038
0.00011038
0.00011038
0.00011038
0.00011038
0.00011038
0.00011038
0.00011038
0.00011038
0.00011038
0.00011038
0.00011038
0.00011038
0.00011038
0.00011038
0.00011038
0.00011038
0.00011038
0.00011038
0.00011038
0.00011038
0.00011038
0.00011038
0.00011038
0.00011038
0.00011038
0.00011038
0.00011038
0.00011038
0.00011038
0.00011038
0.00011038
0.00011038
0.00011038
0.00011038
0.00011038
0.00011038
0.00011038
0.00011038
0.00011038
0.00011038
0.00011038
0.00011038
0.00011038
0.00011038
0.00011038
0.00011038
0.00011038
0.00011038
0.00011038
0.00011038
0.00011038
0.00011038
0.00011038
0.00011038
0.00011038
0.00011038
0.00011038
0.00011038
0.00011038
0.00011038
0.00011038
0.00011038
0.00011038
0.00011038
0.00011038
0.00011038
0.00011038
0.00011038
0.00011038
0.00011038
0.00011038
0.00011038
0.00011038
0.00011038
0.00011038
0.00011038
0.00011038
0.00011038
0.00011038
0.00011038
0.00011038
0.00011038
0.00011038
0.00011038
0.00011038
0.00011038
0.00011038
0.00011038
0.00011038
0.00011038
0.00011038
0.00011038
0.00011038
0.00011038
0.00011038
0.00011038
0.00011038
0.00011038
0.00011038
0.00011038
0.00011038
0.00011038
0.00011038
0.00011038
0.00011038
0.00011038
0.00011038
0.00011038
0.00011038
0.00011038
0.00011038
0.00011038
0.00011038
0.00011038
0.00011038
0.00011038
0.00011038
