0.81872510
0.81474104
0.80478088
0.79282869
0.77689243
0.76494024
0.75896414
0.75896414
0.73505976
0.73306773
0.73107570
0.72908367
0.72509960
0.72310757
0.71912351
0.71713147
0.69521912
0.68924303
0.67330677
0.65737052
0.64143426
0.62151394
0.60956175
0.57768924
0.55577689
0.53585657
0.51992032
0.51593625
0.51195219
0.50199203
0.49203187
0.47808765
0.28087649
0.27290837
0.23705179
0.22709163
0.21713147
0.07171315
0.07171315
0.01992032
0.01992032
0.01992032
0.01992032
0.01593625
0.01593625
0.01593625
0.01593625
0.01593625
0.01593625
0.01593625
0.01195219
0.01195219
0.00996016
0.00996016
0.00996016
0.00996016
0.00996016
0.00996016
0.00796813
0.00796813
0.00796813
0.00796813
0.00796813
0.00796813
0.00796813
0.00796813
0.00796813
0.00796813
0.00796813
0.00796813
0.00597610
0.00597610
0.00597610
0.00597610
0.00597610
0.00597610
0.00597610
0.00597610
0.00597610
0.00597610
0.00597610
0.00597610
0.00597610
0.00597610
0.00597610
0.00597610
0.00597610
0.00597610
0.00597610
0.00597610
0.00597610
0.00597610
0.00597610
0.00597610
0.00597610
0.00597610
0.00597610
0.00597610
0.00597610
0.00597610
0.00597610
0.00597610
0.00597610
0.00597610
0.00597610
0.00597610
0.00597610
0.00597610
0.00597610
0.00597610
0.00597610
0.00597610
0.00597610
0.00597610
0.00597610
0.00597610
0.00597610
0.00597610
0.00597610
0.00597610
0.00597610
0.00597610
0.00597610
0.00597610
0.00597610
0.00597610
0.00597610
0.00597610
0.00597610
0.00597610
0.00597610
0.00597610
0.00597610
0.00597610
0.00597610
0.00597610
0.00597610
0.00597610
0.00597610
0.00597610
0.00597610
0.00597610
0.00597610
0.00199203
0.00199203
0.00199203
0.00199203
0.00199203
0.00199203
0.00199203
0.00199203
0.00199203
0.00199203
0.00199203
0.00199203
0.00199203
0.00199203
0.00199203
0.00199203
0.00199203
0.00199203
0.00199203
0.00199203
0.00199203
0.00199203
0.00199203
0.00199203
0.00199203
0.00199203
0.00199203
0.00199203
0.00199203
0.00199203
0.00199203
0.00199203
0.00199203
0.00199203
0.00199203
0.00199203
0.00199203
0.00199203
0.00199203
0.00199203
0.00199203
0.00199203
0.00199203
0.00199203
0.00199203
0.00199203
0.00199203
0.00199203
0.00199203
0.00199203
0.00199203
0.00199203
0.00199203
0.00199203
0.00199203
0.00199203
0.00199203
0.00199203
0.00199203
0.00199203
0.00199203
0.00199203
0.00199203
0.00199203
0.00199203
0.00199203
0.00199203
0.00199203
0.00199203
0.00199203
0.00199203
0.00199203
0.00199203
0.00199203
0.00199203
0.00199203
0.00199203
0.00199203
0.00199203
0.00199203
0.00199203
0.00199203
0.00199203
0.00199203
0.00199203
0.00199203
0.00199203
0.00199203
0.00199203
0.00199203
0.00199203
0.00199203
0.00199203
0.00199203
0.00199203
0.00199203
0.00199203
0.00199203
0.00199203
0.00199203
0.00199203
0.00199203
0.00199203
0.00199203
0.00199203
0.00199203
0.00199203
0.00199203
0.00199203
0.00199203
0.00199203
0.00199203
0.00199203
0.00199203
0.00199203
0.00199203
0.00199203
0.00199203
0.00199203
0.00199203
0.00199203
0.00199203
0.00199203
0.00199203
0.00199203
0.00199203
0.00199203
0.00199203
0.00199203
0.00199203
0.00199203
0.00199203
0.00199203
0.00199203
0.00199203
0.00199203
0.00199203
0.00199203
0.00199203
0.00199203
0.00199203
0.00199203
0.00199203
0.00199203
0.00199203
0.00199203
0.00199203
0.00199203
0.00199203
0.00199203
0.00199203
0.00199203
0.00199203
0.00199203
0.00199203
0.00199203
0.00199203
0.00199203
0.00199203
0.00199203
0.00199203
0.00199203
0.00199203
0.00199203
0.00199203
0.00199203
0.00199203
0.00199203
0.00199203
0.00199203
0.00199203
0.00199203
0.00199203
0.00199203
0.00199203
0.00199203
0.00199203
0.00199203
0.00199203
0.00199203
0.00199203
0.00199203
0.00199203
0.00199203
0.00199203
0.00199203
0.00199203
0.00199203
0.00199203
0.00199203
0.00199203
0.00199203
0.00199203
0.00199203
0.00199203
0.00199203
0.00199203
0.00199203
0.00199203
0.00199203
0.00199203
0.00199203
0.00199203
0.00199203
0.00199203
0.00199203
0.00199203
0.00199203
0.00199203
0.00199203
0.00199203
0.00199203
0.00199203
0.00199203
0.00199203
0.00199203
0.00199203
0.00199203
0.00199203
0.00199203
0.00199203
0.00199203
0.00199203
0.00199203
0.00199203
0.00199203
0.00199203
0.00199203
0.00199203
0.00199203
0.00199203
0.00199203
0.00199203
0.00199203
0.00199203
0.00199203
0.00199203
0.00199203
0.00199203
0.00199203
0.00199203
0.00199203
0.00199203
0.00199203
0.00199203
0.00199203
0.00199203
0.00199203
0.00199203
0.00199203
0.00199203
0.00199203
0.00199203
0.00199203
0.00199203
0.00199203
0.00199203
0.00199203
0.00199203
0.00199203
0.00199203
0.00199203
0.00199203
0.00199203
0.00199203
0.00199203
0.00199203
0.00199203
0.00199203
0.00199203
0.00199203
0.00199203
0.00199203
0.00199203
0.00199203
0.00199203
0.00199203
0.00199203
0.00199203
0.00199203
0.00199203
0.00199203
0.00199203
0.00199203
0.00199203
0.00199203
0.00199203
0.00199203
0.00199203
0.00199203
0.00199203
0.00199203
0.00199203
0.00199203
0.00199203
0.00199203
0.00199203
0.00199203
0.00199203
0.00199203
0.00199203
0.00199203
0.00199203
0.00199203
0.00199203
0.00199203
0.00199203
0.00199203
0.00199203
0.00199203
0.00199203
0.00199203
0.00199203
0.00199203
0.00199203
0.00199203
0.00199203
0.00199203
0.00199203
0.00199203
0.00199203
0.00199203
0.00199203
0.00199203
0.00199203
0.00199203
0.00199203
0.00199203
0.00199203
0.00199203
0.00199203
0.00199203
0.00199203
0.00199203
0.00199203
0.00199203
0.00199203
0.00199203
0.00199203
0.00199203
0.00199203
0.00199203
0.00199203
0.00199203
0.00199203
0.00199203
0.00199203
0.00199203
0.00199203
0.00199203
0.00199203
0.00199203
0.00199203
0.00199203
0.00199203
0.00199203
0.00199203
0.00199203
0.00199203
