208
302
30
74
294
75
433
306
394
335
137
449
334
178
277
375
183
345
95
210
250
444
77
459
76
290
72
307
155
231
182
486
3
501
315
350
425
411
408
84
494
344
185
149
337
65
310
160
217
341
163
199
471
85
351
257
292
406
419
162
413
120
463
227
466
260
424
369
241
31
146
450
451
390
387
145
220
222
415
225
288
71
393
392
245
226
112
109
331
324
102
293
268
98
282
139
186
357
176
172
275
440
445
232
233
256
28
317
19
122
50
133
38
40
479
319
298
300
458
437
251
126
253
327
201
236
200
422
164
303
447
278
101
359
266
99
323
410
106
8
354
488
329
