567
481
401
709
717
102
765
1033
601
889
420
45
1064
1052
975
1051
505
556
1016
112
327
917
398
482
899
239
907
41
673
6
1104
772
788
195
864
457
1018
147
949
1066
1122
603
700
471
951
130
854
279
212
861
497
560
27
545
329
291
118
177
265
791
615
193
806
976
109
450
436
44
238
411
89
332
516
139
413
316
88
773
675
69
26
761
283
73
1000
344
693
111
527
847
1060
392
1035
1106
1057
394
433
1076
371
1034
574
585
1130
927
24
1037
526
787
849
494
524
943
1024
307
160
986
571
570
286
690
779
753
748
714
914
82
115
884
14
213
264
763
251
255
759
767
808
20
551
174
51
243
1093
68
894
303
223
841
817
923
487
760
745
536
171
695
696
334
336
337
1025
172
928
525
952
689
444
340
306
35
729
310
920
1014
1019
338
441
95
825
256
0
496
492
491
488
483
479
565
228
226
656
659
662
663
229
218
680
214
970
747
823
30
402
404
406
180
407
885
418
162
931
706
710
542
535
930
158
929
324
419
233
581
209
210
211
994
992
578
576
981
569
804
458
453
452
451
449
448
447
831
832
149
133
964
237
794
801
125
802
477
305
475
466
18
1086
702
549
376
377
374
156
866
385
1043
652
531
190
275
140
1080
391
74
728
726
386
199
277
644
350
869
353
357
358
361
369
396
1001
969
1099
39
958
609
650
93
954
50
247
627
562
554
722
56
465
63
438
1068
400
397
196
651
898
1103
922
314
202
646
1062
641
639
296
8
877
107
838
103
360
826
421
422
77
262
205
435
925
533
304
1102
1101
939
308
631
529
300
504
618
572
1022
901
564
258
261
511
197
70
752
206
301
947
1070
284
263
242
919
845
49
1081
1078
67
1045
437
588
163
548
292
138
774
86
738
575
