2471
1081
1377
3490
3575
1343
400
584
2615
1058
1418
2871
1185
1604
1493
1205
2424
3495
955
602
3400
1000
3055
239
1360
2404
2047
1558
2191
2256
937
2951
100
19
966
1207
575
3901
2763
571
1526
2179
3820
1242
2782
1996
562
1902
2555
1502
780
3963
3230
2010
2538
1881
3361
2905
21
2652
2597
1028
2861
1011
1749
1353
1985
1290
1132
2450
1879
3352
971
1396
1148
463
1254
3665
1147
2433
3741
2030
956
1341
1890
1870
1055
2081
3353
276
1212
2831
414
3086
3634
68
3095
2698
1773
2307
1264
1913
1878
3282
2971
1415
1723
1668
677
2102
1972
1930
441
50
1585
3005
928
459
556
3289
483
2993
1580
1022
1751
2155
359
2621
2496
3491
3659
159
593
3309
2087
1181
262
1639
1712
1195
1847
277
2814
1742
3226
2299
311
931
1532
3118
3624
2476
3723
3744
1469
3367
2919
2571
1856
3982
2728
3146
2884
3075
2086
2696
2914
802
2642
2336
249
2046
1184
2400
2412
685
513
1970
2689
3438
1495
942
1587
3248
2103
1666
2767
2603
1940
2817
2983
1596
484
2592
1706
958
2832
2569
3611
1483
411
1327
715
3427
2697
1031
1429
2423
2226
1379
1056
3513
257
2325
2588
2390
2169
2527
1993
2123
2301
234
3349
3281
1978
339
4
960
204
668
271
1332
3994
1186
1606
511
5
803
2876
3269
2026
2779
2063
2482
1771
2721
2383
2308
1977
1053
1982
2370
1255
1941
1416
3608
2583
1515
1560
3868
3377
1700
2818
182
2016
1135
2815
2454
1844
540
2253
1506
1710
3954
3252
1525
1473
1273
1761
1764
2535
3817
1326
2181
2703
2511
2092
3204
1709
2448
1038
784
395
1777
2798
1472
1045
1572
2224
1250
2157
1062
1788
2145
1295
3917
1690
1346
1263
3125
3373
871
2616
1776
1123
2596
1798
3740
3163
939
1763
1553
1652
3800
383
3699
2558
2188
2426
23
959
2414
3024
2303
865
1169
3488
2711
1740
2672
1163
2312
1090
3605
1687
371
1739
4065
3056
2489
1460
1728
1898
1718
2889
2104
1047
2071
3423
901
847
1204
2205
2667
461
2164
3162
3515
2147
428
358
656
3245
1278
2367
3557
1339
3505
1450
1555
2302
759
1206
2628
3391
2813
1910
3318
796
1531
2249
592
2132
1954
3120
4033
1869
866
1191
2507
1119
11
1980
2922
604
1065
3552
92
2464
3014
384
1638
733
918
2835
2273
2627
1887
536
401
4026
3074
3675
3317
736
849
943
278
1733
362
1105
3412
2758
2746
3870
3256
3119
413
351
3037
2546
3649
2821
1463
3321
2121
2904
3477
126
844
342
93
1953
745
699
1550
1669
3587
1151
2869
3696
3134
1829
1300
1885
189
2994
583
2210
969
4089
2346
2568
4111
3247
173
3241
1875
3038
1630
282
945
1549
462
3799
3885
2916
3444
2442
2681
498
65
839
828
3316
2144
2762
2222
1233
2899
2282
1932
1068
3437
25
322
3483
2522
1533
924
2514
2901
2604
1397
3690
2838
600
3697
416
2300
1371
1724
1730
1582
1677
1987
740
2382
397
3830
2483
553
2469
1882
2742
323
1924
3500
2425
3468
1507
2068
2466
701
1968
3518
927
4157
1908
1199
1247
1794
1234
3347
1019
707
3121
3435
623
2957
2833
1374
545
985
3632
732
2029
930
2736
651
3745
3458
175
4054
706
3003
2229
2170
1356
1719
912
3978
1944
1545
1243
184
1260
1404
2885
1822
2327
686
894
2497
1491
2550
3775
1357
345
2668
3470
1182
1925
2203
1222
612
781
3839
3612
674
2340
4006
646
1201
1511
301
1846
1699
2377
4102
810
2911
3737
3725
1337
90
243
506
1210
447
2042
1886
2595
3767
2854
3193
731
1173
1172
119
2208
1644
2058
3898
3808
3693
3326
2196
2207
3433
3694
846
2708
2117
1403
690
608
2633
493
2206
2465
3772
2231
1501
1391
615
2024
1892
2320
2134
3516
1876
3337
1691
1446
3173
1319
1812
2472
791
1929
2441
3340
3448
3127
1681
3314
472
1385
96
1919
4051
559
2846
3475
1398
3550
152
492
479
676
892
480
2421
855
695
630
2978
1704
1601
2809
1825
2000
1481
4010
3194
460
3459
2281
719
1979
158
2578
3503
2133
2431
2958
3533
4019
2159
748
2387
1658
693
702
783
4023
3168
1841
80
1381
1674
1808
3584
1111
2519
1192
827
1146
2573
4121
4013
3136
772
3655
3261
3852
2219
3618
897
3284
3288
817
455
2153
103
3224
138
2683
2309
1447
2461
2908
49
3031
1888
963
2556
3995
1897
994
102
771
1336
724
1608
1662
555
2995
1678
3267
1474
2148
2872
2862
3062
3910
3287
332
1070
3785
1478
2796
3218
2909
3238
1963
3770
1087
717
3496
1094
2563
1839
1109
1462
3796
637
2456
2547
609
2241
408
586
2973
1754
2985
4103
3639
999
1510
1442
3780
2841
3591
1895
1452
3130
2168
3157
2839
510
3525
2271
4109
1175
543
500
2352
1230
246
2887
861
531
3792
2015
655
2120
3916
3418
3508
1305
1685
2131
1261
1189
2326
2268
1588
2710
3735
1108
1921
2330
2333
3940
725
1202
148
338
3561
910
1421
3071
2020
2648
2599
1116
382
2625
1537
3467
2524
661
3022
1315
1293
2586
1476
2896
2113
4020
2288
1920
914
1020
1504
4034
4098
3874
2180
1497
81
112
660
490
1648
2391
524
906
1139
1193
1217
3304
2049
697
1703
954
9
1308
439
1077
194
2866
2059
874
1974
3060
2052
1583
3683
2910
1571
639
1458
1836
940
1209
3480
3189
2429
200
2124
1563
161
1316
4079
3760
2956
799
1790
1477
3420
4133
1820
3032
2938
2606
3979
991
2939
948
2725
1093
1682
1694
2084
3072
3020
3942
2242
521
563
154
1216
2177
680
3360
990
2014
2272
3758
1667
2941
909
1912
2560
3895
2028
2178
992
1676
2415
829
2008
2070
144
1050
2358
1602
2265
3983
3681
3970
2799
957
2345
2048
2227
2270
3383
2306
1076
1499
1523
1480
1307
3471
590
3514
1122
2021
2067
3350
3016
3877
1226
3626
192
3061
650
3729
2174
392
868
162
1590
4008
1737
3718
3685
1958
2005
1859
3229
3674
2286
3363
2199
3966
3259
3835
1196
1967
3329
1789
1294
1211
2800
210
3217
2694
1310
1359
1589
1067
704
1577
1530
37
3260
2853
3574
1198
1089
2361
3672
1579
1994
1097
2319
3064
2502
2050
478
315
3278
3128
3239
1220
2388
2626
574
898
3044
2297
789
705
718
1824
1650
1765
1482
3100
326
3824
4144
3889
3997
2165
2789
1042
308
1282
3258
1534
3461
3971
3872
3430
2617
1370
2478
1287
512
2564
3819
787
4064
2062
3494
2135
3512
2285
2706
1750
2022
2516
1214
1637
2961
1008
1426
3220
2849
878
2594
2972
4164
3366
3795
1860
3083
314
2100
2513
2122
1120
978
932
3671
4130
2752
815
642
1513
2443
710
1039
3080
3390
1810
1422
2724
3929
2611
3920
3908
3761
1663
1071
284
3413
2009
804
682
2368
628
2979
1720
2078
873
3738
2926
3043
1141
3045
3621
3240
1453
1928
1456
2334
1791
101
4108
2991
2745
3607
3502
921
2659
2004
2662
2088
853
1304
1867
421
679
2036
1647
834
950
572
1237
2656
1971
343
2355
669
438
1125
2651
597
1643
3677
3306
4128
2844
3710
3414
3578
1464
2771
1631
2027
2942
1835
872
4030
3636
3865
3974
1597
4058
1236
1457
2397
2138
566
1049
1040
542
2060
2401
904
2674
1296
2470
595
1017
2109
893
742
1576
1009
1311
951
2788
2907
1417
3025
2217
3905
3855
3264
2126
2247
1715
54
2614
1227
3152
1813
3035
1389
618
3811
1373
2151
4049
2243
2381
2076
2216
1054
2920
304
4160
3273
3529
3415
1671
2852
1802
1110
2533
1785
2733
180
824
684
806
2912
2620
264
1064
982
2679
2722
1622
109
1350
3945
2260
2707
3476
785
2329
30
2761
319
944
2436
1178
10
2517
1615
767
2845
2236
3073
211
2223
1627
1640
1911
219
2487
532
2017
136
2417
3485
1803
826
621
1670
1818
3292
2658
1660
750
1529
3524
2264
418
2077
1424
3831
3231
3082
2676
2475
1459
1661
2528
515
1899
385
1815
3479
1400
1762
935
2246
640
4035
406
2354
1177
475
1612
1176
721
1830
1256
1323
2101
88
495
2678
2591
3766
47
2116
1713
1409
2640
2099
2584
1060
1891
3389
128
2289
3519
864
2826
1862
260
1279
1611
2056
2990
751
919
1025
1484
797
823
3862
1246
3440
3562
1127
561
2396
2468
297
1128
2738
1420
2760
2447
3999
1656
4082
1168
409
2523
2665
3135
4138
1716
3112
2598
2893
2931
2680
2090
1190
2267
3228
2234
3221
1796
2554
580
2900
1900
3051
2418
2486
1411
2130
1702
1166
1334
2310
153
1816
3406
1083
1134
1084
2622
1896
2600
470
1873
1044
1035
3085
1956
2025
1509
564
3368
3233
1164
273
1136
1547
3209
1355
2549
843
1567
649
953
3858
522
207
2859
2863
2720
1052
769
653
3320
3658
3451
1701
2314
3132
3234
123
1593
1952
1684
393
1907
952
389
1786
838
1683
2324
1103
2137
2255
1348
1757
133
1561
2630
2739
2419
2963
779
1352
1366
1707
2812
2146
1069
965
2011
1138
3593
3117
2857
2531
3648
852
365
2873
1345
176
3407
895
2671
3714
1270
3628
2692
2576
2143
1342
911
1155
134
631
1276
2398
2587
2836
3097
4071
3656
3246
3339
2723
3375
458
3195
3763
1833
2702
3976
3948
2233
2136
2096
2395
1778
2699
2039
1512
3137
3538
3328
482
1026
287
2045
2248
782
538
1799
1021
171
45
1872
770
1528
899
1807
711
530
4062
3526
1937
603
476
2033
726
2150
127
2663
2804
805
2066
1104
360
2777
3907
758
1159
318
212
1817
2187
4009
2536
464
949
2213
3604
32
1767
889
1384
573
727
1784
1066
72
1905
378
3598
3579
3702
3833
1280
1029
1329
1753
4061
3986
1240
3410
3573
4025
2561
2999
4161
3107
3116
2729
3277
4088
2695
2539
4086
1595
214
1613
2610
2843
2427
1626
3782
1695
989
1598
1850
1395
3991
208
1755
376
1388
3138
1156
2459
3541
3804
3232
2093
388
714
1435
1208
4077
3754
3517
3969
3441
2201
4016
4163
2351
1408
1492
3952
2741
2542
2775
850
1291
2937
1016
1454
1957
2115
2193
507
1219
122
629
941
1487
1805
2139
74
1616
997
1607
744
230
589
1118
163
1538
218
2830
816
452
1362
2171
2142
4045
2035
3838
3944
3924
3126
2548
3255
3371
3244
886
755
2085
4119
95
485
664
1680
1259
841
2184
2353
885
2704
601
1437
591
1565
1984
1845
2363
1402
1535
356
3212
1756
1286
3268
374
2650
2335
3504
3079
3001
3794
2331
570
1034
266
777
795
1774
851
336
3106
3223
768
3208
3849
3860
2437
3354
1959
1672
3124
1811
3899
2002
1299
1121
2112
2895
2449
1999
1075
1721
891
1975
1367
3369
1321
3653
1679
3528
333
2772
1603
1727
915
3188
2827
2212
3295
2245
890
1621
263
1033
2585
1624
1599
324
2964
85
1551
56
1496
3506
1903
130
1041
1943
1800
2460
2057
1516
1864
368
1584
1324
2580
295
1364
2810
1129
2575
444
2023
514
1949
1475
2768
1106
1746
206
1099
179
867
1423
1503
1229
225
743
99
1002
481
2284
1252
2506
1573
626
2847
645
1636
1023
2693
3010
258
2018
671
3712
1726
1868
728
831
3336
26
1248
3374
453
764
1253
4007
4117
2715
596
1281
1966
1306
1167
1586
1271
275
379
13
327
833
1015
739
2820
1915
3900
3962
2686
4037
1950
2494
2376
1032
2925
316
821
3214
2865
1014
227
1180
1328
1738
765
28
4120
546
298
2386
432
988
547
678
1036
2485
3253
270
2504
1200
83
501
240
42
1686
3164
854
135
2675
983
1568
2384
1004
3802
3359
1461
544
422
798
2714
1488
164
2948
1440
2966
468
1238
169
2140
2
2452
1467
1244
3111
1171
170
929
497
1466
2276
394
2158
469
832
3052
936
3531
2858
3911
2918
2479
1901
3821
3912
3864
2726
2712
801
811
548
4029
2544
654
3720
2731
3176
1942
3773
1072
2366
3040
2608
3614
4046
818
4047
552
2589
2298
3498
1335
1673
879
424
442
830
1826
2643
1272
610
1130
666
2375
1659
2110
984
614
2125
1107
2602
578
3184
1766
2618
2089
1988
4095
1556
2003
836
293
1048
269
430
2294
2371
2641
107
2318
1413
607
113
3059
307
1769
976
233
2385
1380
1768
420
735
2406
1605
186
1743
289
335
245
1543
1394
622
3101
1889
762
181
437
2481
57
1098
77
1137
1439
2757
923
1013
537
1284
2503
188
288
1874
1609
145
1848
177
1298
800
776
2069
496
39
299
534
1361
3733
1267
309
3054
305
3428
2007
1079
884
1566
2183
1322
450
2451
1853
1115
2279
429
2644
1368
1078
986
550
259
557
391
1539
59
1231
505
1194
2655
241
140
812
875
1001
1983
2161
1486
568
247
110
190
325
1783
2394
168
73
3185
410
425
2257
2409
2172
1909
1619
454
1410
3057
313
1434
202
558
446
778
1729
467
519
667
330
1080
1369
465
520
407
1133
224
111
1010
396
147
539
252
1213
1575
835
788
809
242
238
995
2091
1096
2182
1100
729
440
474
840
2360
747
120
560
220
185
842
1517
357
598
2064
1
294
766
329
331
16
1114
488
870
17
267
2311
2043
2343
1617
1741
837
1158
3017
1338
2744
774
48
964
1831
2786
3008
624
859
2013
436
1992
361
1973
856
822
672
658
398
1641
43
2986
1581
516
1005
8
2975
1275
1347
2175
2357
981
1548
503
381
1931
2200
12
1500
712
1149
1432
722
2215
353
1331
962
1073
1554
2190
1760
700
434
201
366
235
925
2416
793
862
3403
2458
6
857
2055
1427
1183
403
117
1241
627
2197
1629
281
1057
582
1938
146
737
1003
2244
1618
3859
760
2032
4075
3797
2280
1696
1736
3668
1251
1745
2795
3892
3179
3174
4044
2446
3084
2455
29
2108
4024
4057
2936
2794
2785
1759
2743
1801
2701
4122
1514
2490
3262
3290
2263
3812
2316
2321
2239
3599
3286
3489
3568
3457
3984
3429
979
3344
3293
922
279
417
51
620
1865
0
121
594
675
1203
1995
69
2915
237
2162
2163
1223
1224
402
1823
1470
754
457
1030
35
70
1285
1642
933
1711
261
1430
1363
813
489
1518
903
581
1095
2792
426
373
1540
659
845
141
535
46
160
938
280
1544
2074
250
286
156
290
197
213
2609
634
2305
1725
2432
647
1393
617
2877
370
64
2751
2969
2967
2488
2960
2037
1349
3536
967
2105
1946
1375
1947
2855
687
517
1610
1131
1170
528
902
404
354
1522
1787
3595
2828
1780
3581
3092
1969
1633
973
3783
2097
3191
1091
2262
882
2581
1269
2562
115
2582
1387
1646
350
349
1489
2083
2261
977
215
1301
613
272
38
363
1665
283
15
1059
221
549
635
509
1731
355
900
41
491
1007
518
585
27
79
753
386
344
274
1018
205
1024
255
1143
67
763
569
347
681
166
306
525
741
18
734
78
643
174
352
486
579
256
52
195
143
89
142
551
229
1063
216
251
228
165
587
473
504
1218
125
1086
541
883
449
390
1976
139
494
567
1289
254
14
321
7
292
980
193
36
55
451
869
790
60
108
191
689
773
526
131
155
399
761
387
183
1117
248
692
576
412
1152
105
445
150
20
749
3
696
203
792
1102
40
375
346
104
477
71
291
508
1124
3826
3381
2840
3834
3836
1821
3843
2237
2438
1827
1383
3848
1376
1837
2411
2410
2012
3356
1828
2031
2439
2440
3026
2802
1433
4078
2474
961
2807
4076
2808
2819
3181
3182
2041
2040
3021
3398
1407
1406
348
419
33
132
253
880
970
456
53
1239
116
151
641
62
527
554
998
448
1505
1792
66
129
236
1037
97
340
187
91
372
232
926
124
310
157
44
172
1428
502
61
98
599
3497
1747
222
223
2902
3707
1655
1654
1877
471
3692
3927
94
2690
3926
657
1923
3426
87
86
1154
752
2881
4083
2880
2338
2339
3676
1145
1144
2341
1866
3721
3953
3726
1436
2755
3989
3481
3271
2748
1318
3751
2955
2874
2875
1344
2646
2647
1965
3673
3161
2567
3088
3066
4110
3472
431
3298
1365
1625
1939
3453
605
606
3452
2566
3089
3235
2753
3881
2734
2095
1317
1574
3615
2372
