1.00000000
0.91039390
0.85656954
0.80807365
0.76153379
0.71566842
0.67054499
0.62629839
0.58161338
0.53625388
0.48704978
0.43905976
0.38344800
0.31798867
0.26389451
0.20049238
0.12963712
0.02549575
0.00492378
0.00182113
0.00158505
0.00097801
0.00097801
0.00097801
0.00037097
0.00037097
0.00037097
0.00023607
0.00013490
0.00013490
0.00013490
0.00013490
0.00013490
0.00013490
0.00013490
0.00006745
0.00006745
0.00003372
0.00003372
0.00003372
0.00003372
0.00003372
0.00003372
0.00003372
0.00003372
0.00003372
0.00003372
0.00003372
0.00003372
0.00003372
0.00003372
0.00003372
0.00003372
0.00003372
0.00003372
0.00003372
0.00003372
0.00003372
0.00003372
0.00003372
0.00003372
0.00003372
0.00003372
0.00003372
0.00003372
0.00003372
0.00003372
0.00003372
0.00003372
0.00003372
0.00003372
0.00003372
0.00003372
0.00003372
0.00003372
0.00003372
0.00003372
0.00003372
0.00003372
0.00003372
0.00003372
0.00003372
0.00003372
0.00003372
0.00003372
0.00003372
0.00003372
0.00003372
0.00003372
0.00003372
0.00003372
0.00003372
0.00003372
0.00003372
0.00003372
0.00003372
0.00003372
0.00003372
0.00003372
0.00003372
0.00003372
0.00000000
