1.00000000
0.91106839
0.85704168
0.80807365
0.76180359
0.71813031
0.67368137
0.62980575
0.58313099
0.53729934
0.48802779
0.43959935
0.38368407
0.31218805
0.24426683
0.18926211
0.09581141
0.02313503
0.00259679
0.00239444
0.00225954
0.00225954
0.00225954
0.00225954
0.00033725
0.00033725
0.00033725
0.00020235
0.00006745
0.00006745
0.00006745
0.00006745
0.00006745
0.00006745
0.00006745
0.00006745
0.00006745
0.00003372
0.00003372
0.00003372
0.00003372
0.00003372
0.00003372
0.00003372
0.00003372
0.00003372
0.00003372
0.00003372
0.00003372
0.00003372
0.00003372
0.00003372
0.00003372
0.00003372
0.00003372
0.00003372
0.00003372
0.00003372
0.00003372
0.00003372
0.00003372
0.00003372
0.00003372
0.00003372
0.00003372
0.00003372
0.00003372
0.00003372
0.00003372
0.00003372
0.00003372
0.00003372
0.00003372
0.00003372
0.00003372
0.00003372
0.00003372
0.00003372
0.00003372
0.00003372
0.00003372
0.00003372
0.00003372
0.00003372
0.00003372
0.00003372
0.00003372
0.00003372
0.00003372
0.00003372
0.00003372
0.00003372
0.00003372
0.00003372
0.00003372
0.00003372
0.00003372
0.00003372
0.00003372
0.00003372
0.00003372
0.00000000
