4165.00000000
3436.00000000
2999.00000000
2752.00000000
2480.00000000
2236.00000000
2005.00000000
1788.00000000
1541.00000000
1244.00000000
960.00000000
690.00000000
419.00000000
148.00000000
119.00000000
44.00000000
38.00000000
21.00000000
16.00000000
9.00000000
7.00000000
7.00000000
4.00000000
4.00000000
4.00000000
4.00000000
4.00000000
4.00000000
4.00000000
4.00000000
1.00000000
1.00000000
1.00000000
1.00000000
1.00000000
1.00000000
1.00000000
1.00000000
1.00000000
1.00000000
1.00000000
1.00000000
1.00000000
1.00000000
1.00000000
1.00000000
1.00000000
1.00000000
1.00000000
1.00000000
1.00000000
1.00000000
1.00000000
1.00000000
1.00000000
1.00000000
1.00000000
1.00000000
1.00000000
1.00000000
1.00000000
1.00000000
1.00000000
1.00000000
1.00000000
1.00000000
1.00000000
1.00000000
1.00000000
1.00000000
1.00000000
1.00000000
1.00000000
1.00000000
1.00000000
1.00000000
1.00000000
1.00000000
1.00000000
1.00000000
1.00000000
1.00000000
1.00000000
1.00000000
1.00000000
1.00000000
1.00000000
1.00000000
1.00000000
1.00000000
1.00000000
1.00000000
1.00000000
1.00000000
1.00000000
1.00000000
1.00000000
1.00000000
1.00000000
1.00000000
1.00000000
1.00000000
0.00000000
