4165.00000000
3389.00000000
2983.00000000
2720.00000000
2461.00000000
2209.00000000
1979.00000000
1765.00000000
1521.00000000
1241.00000000
1014.00000000
730.00000000
517.00000000
346.00000000
107.00000000
84.00000000
61.00000000
44.00000000
44.00000000
44.00000000
7.00000000
7.00000000
7.00000000
4.00000000
4.00000000
4.00000000
4.00000000
4.00000000
3.00000000
2.00000000
1.00000000
1.00000000
1.00000000
1.00000000
1.00000000
1.00000000
1.00000000
1.00000000
1.00000000
1.00000000
1.00000000
1.00000000
1.00000000
1.00000000
1.00000000
1.00000000
1.00000000
1.00000000
1.00000000
1.00000000
1.00000000
1.00000000
1.00000000
1.00000000
1.00000000
1.00000000
1.00000000
1.00000000
1.00000000
1.00000000
1.00000000
1.00000000
1.00000000
1.00000000
1.00000000
1.00000000
1.00000000
1.00000000
1.00000000
1.00000000
1.00000000
1.00000000
1.00000000
1.00000000
1.00000000
1.00000000
1.00000000
1.00000000
1.00000000
1.00000000
1.00000000
1.00000000
1.00000000
1.00000000
1.00000000
1.00000000
1.00000000
1.00000000
1.00000000
1.00000000
1.00000000
1.00000000
1.00000000
1.00000000
1.00000000
1.00000000
1.00000000
1.00000000
1.00000000
1.00000000
1.00000000
1.00000000
0.00000000
