1.00000000
0.91143936
0.85845811
0.80989478
0.76436665
0.71914205
0.67600836
0.62973830
0.58569405
0.53928909
0.48971402
0.44189262
0.38098611
0.30861325
0.23748820
0.17014029
0.09904897
0.02063942
0.00269796
0.00239444
0.00225954
0.00064077
0.00053959
0.00037097
0.00037097
0.00037097
0.00037097
0.00023607
0.00013490
0.00013490
0.00013490
0.00013490
0.00013490
0.00013490
0.00013490
0.00013490
0.00006745
0.00006745
0.00003372
0.00003372
0.00003372
0.00003372
0.00003372
0.00003372
0.00003372
0.00003372
0.00003372
0.00003372
0.00003372
0.00003372
0.00003372
0.00003372
0.00003372
0.00003372
0.00003372
0.00003372
0.00003372
0.00003372
0.00003372
0.00003372
0.00003372
0.00003372
0.00003372
0.00003372
0.00003372
0.00003372
0.00003372
0.00003372
0.00003372
0.00003372
0.00003372
0.00003372
0.00003372
0.00003372
0.00003372
0.00003372
0.00003372
0.00003372
0.00003372
0.00003372
0.00003372
0.00003372
0.00003372
0.00003372
0.00003372
0.00003372
0.00003372
0.00003372
0.00003372
0.00003372
0.00003372
0.00003372
0.00003372
0.00003372
0.00003372
0.00003372
0.00003372
0.00003372
0.00003372
0.00003372
0.00003372
0.00000000
