4165.00000000
3402.00000000
2991.00000000
2728.00000000
2469.00000000
2218.00000000
1997.00000000
1780.00000000
1533.00000000
1252.00000000
1028.00000000
690.00000000
469.00000000
307.00000000
119.00000000
71.00000000
59.00000000
36.00000000
36.00000000
29.00000000
7.00000000
7.00000000
7.00000000
4.00000000
4.00000000
4.00000000
4.00000000
4.00000000
4.00000000
4.00000000
1.00000000
1.00000000
1.00000000
1.00000000
1.00000000
1.00000000
1.00000000
1.00000000
1.00000000
1.00000000
1.00000000
1.00000000
1.00000000
1.00000000
1.00000000
1.00000000
1.00000000
1.00000000
1.00000000
1.00000000
1.00000000
1.00000000
1.00000000
1.00000000
1.00000000
1.00000000
1.00000000
1.00000000
1.00000000
1.00000000
1.00000000
1.00000000
1.00000000
1.00000000
1.00000000
1.00000000
1.00000000
1.00000000
1.00000000
1.00000000
1.00000000
1.00000000
1.00000000
1.00000000
1.00000000
1.00000000
1.00000000
1.00000000
1.00000000
1.00000000
1.00000000
1.00000000
1.00000000
1.00000000
1.00000000
1.00000000
1.00000000
1.00000000
1.00000000
1.00000000
1.00000000
1.00000000
1.00000000
1.00000000
1.00000000
1.00000000
1.00000000
1.00000000
1.00000000
1.00000000
1.00000000
1.00000000
0.00000000
