645
1417
1207
1465
605
1194
294
38
85
789
1198
1297
104
1342
98
1054
369
302
487
972
116
407
1043
298
1287
1452
768
113
665
1008
1398
1134
999
339
1403
1327
1428
1263
25
1447
1234
1115
127
1292
1414
1070
878
675
1395
186
1389
1341
1338
619
784
203
1266
598
1364
1459
1032
162
335
297
306
973
9
544
1055
1029
1368
252
608
848
1007
1159
1075
1484
316
70
830
8
569
938
891
511
415
342
678
81
312
329
638
502
959
424
296
1244
445
606
100
1462
1353
1102
767
1463
7
109
74
756
480
1367
54
129
708
1454
153
1500
1123
706
855
215
396
149
1171
1195
1165
798
816
142
191
1016
274
366
1144
1418
1472
573
289
987
636
600
311
1093
1125
1025
1332
992
1143
1278
643
584
1044
1222
401
1019
856
825
1313
249
679
723
53
630
677
1014
631
620
1257
514
1060
1121
759
12
1012
658
585
395
1105
49
1145
327
466
377
283
159
72
435
470
86
190
684
247
1036
371
343
640
465
1256
676
754
1196
1079
1051
441
80
21
689
865
929
555
1187
1339
553
67
718
272
387
251
905
699
1042
134
304
840
1106
743
233
334
421
1276
132
1013
1142
885
293
1421
700
540
1316
36
936
918
868
1299
1286
382
1034
157
484
193
22
241
33
268
777
805
317
698
1399
322
173
837
32
897
1443
1503
196
1088
50
332
781
1251
40
1004
1006
498
1113
1037
1435
1483
940
1094
820
1328
926
472
46
957
780
1063
826
596
1225
561
920
978
199
1356
736
524
1181
618
354
827
1433
994
118
99
1033
662
115
431
799
1221
533
958
496
1326
659
1083
375
171
310
611
567
1392
92
1237
673
1362
946
1059
1129
1441
1067
19
1084
259
1429
468
997
1021
1023
687
1214
874
145
194
682
703
295
390
672
1381
429
69
1098
128
364
137
716
991
548
693
1334
183
337
731
422
1415
1426
213
1272
226
779
227
663
877
1131
1424
1391
1107
448
842
1488
951
1264
690
769
541
650
319
499
1167
219
824
852
62
1482
184
1041
391
1235
1119
43
254
800
857
1000
996
576
1383
449
96
560
273
345
1318
323
1425
537
280
1394
1112
1183
1148
937
1149
1449
1030
554
1109
406
1444
989
1164
1156
811
671
236
785
792
1310
871
305
720
1182
813
338
954
182
469
1071
174
404
1284
1480
721
758
762
791
1442
965
250
528
1432
262
1360
515
1335
414
919
895
1231
1085
748
807
995
1146
1210
818
558
121
740
1382
172
133
879
828
876
543
843
1252
711
1140
308
1493
988
1349
1479
566
457
328
578
1078
1436
1238
436
1049
291
1206
714
185
844
453
90
266
835
341
962
594
1217
685
48
1457
527
44
282
519
419
531
969
1053
39
1031
525
1464
1315
1363
271
729
1158
760
367
579
1374
1468
1116
488
176
651
156
709
1048
595
668
536
461
1229
1089
123
694
661
930
761
981
956
1050
65
1095
505
120
360
1160
1138
629
102
1202
1163
1077
532
4
1168
1371
669
1
1296
126
742
1133
417
486
747
1073
1321
982
615
1018
326
144
539
388
850
907
1191
478
218
124
1419
290
974
691
518
1224
602
5
745
198
1330
269
347
752
892
757
557
181
808
1097
704
30
141
1104
1365
220
1285
983
1312
923
764
649
125
853
140
1359
730
82
110
237
383
256
392
28
1175
246
1469
637
1393
1361
1373
229
955
11
230
1385
1301
755
786
717
1408
664
243
913
107
292
177
917
903
1189
516
161
351
1022
503
750
607
1090
1495
642
952
719
670
433
1258
379
1293
744
394
1111
1450
425
775
348
535
1212
894
165
1434
513
574
1126
509
15
599
1249
287
446
443
1027
1040
336
1103
859
1136
803
933
1431
318
222
1056
504
627
1466
68
565
1379
45
722
1009
204
428
1246
1057
279
228
652
1477
187
1219
1240
582
1184
646
178
1259
641
834
942
806
1267
1309
288
23
1271
583
300
1166
217
192
462
1188
928
622
315
1406
384
1100
150
927
621
681
1114
477
238
397
130
831
1474
307
413
653
1117
231
884
1233
1072
623
793
1186
655
529
612
278
1239
1329
437
1253
771
216
1201
1157
333
258
1011
1141
1197
589
924
701
530
1080
349
635
900
990
1024
77
1099
464
245
1352
809
551
430
1283
1261
365
674
625
949
381
148
1161
456
277
1496
1020
158
1230
963
152
634
474
1052
270
734
705
1137
1101
244
1427
1162
475
212
1061
939
29
234
872
1279
968
276
1445
1497
119
221
838
921
545
944
746
970
1155
207
1213
1324
264
353
765
1108
1135
108
160
447
459
1402
1247
593
523
454
135
232
922
1401
439
597
1180
770
1325
389
240
114
778
1204
1453
851
1438
1066
1440
420
657
24
1282
491
512
1091
941
103
361
546
481
725
547
1147
549
1377
1376
925
167
168
915
550
932
1346
197
410
683
201
1336
208
211
950
1322
1344
1317
656
964
490
1298
648
1205
580
794
985
489
577
870
1118
984
1281
402
804
1461
867
773
385
450
810
1015
378
1396
1179
1262
766
1092
833
1410
444
893
265
1390
106
1423
58
616
1064
510
609
737
1269
980
284
75
1199
1026
960
111
320
143
497
175
812
1208
416
632
31
783
534
1260
14
17
434
854
1490
1169
882
603
493
1306
473
166
587
1291
571
520
235
314
355
572
864
1420
1409
275
87
1192
1035
688
790
66
1215
358
724
1277
89
796
494
151
1203
313
1456
263
1300
122
563
1226
1412
1152
485
836
3
832
912
1476
1047
1366
41
911
862
1265
880
408
1177
1355
628
967
73
1475
18
303
1254
1087
1178
483
749
1065
710
613
10
405
626
398
1154
1002
966
1242
51
209
330
610
1120
1153
170
393
1491
586
1302
1343
1200
442
1333
712
624
1304
1122
362
373
1290
1308
815
95
163
916
1150
1354
1347
1172
695
1337
1370
101
1311
34
261
309
1430
1439
521
1350
575
71
1081
479
340
189
409
1110
753
91
588
6
1275
947
1151
559
