295
4020
1020
1504
2896
4133
2938
1820
3032
3979
3420
2606
1304
3502
2004
2088
1867
421
2662
921
2745
853
2991
101
3607
4108
2659
2134
3516
368
3910
3062
3287
2862
2872
3775
3578
3677
3306
4128
1643
1464
3414
3710
1526
1580
3917
4025
1240
2561
3702
3986
1280
3107
2999
1029
2729
3116
3598
3833
3573
3410
4161
1753
3579
3277
1081
3608
1210
3552
2815
3966
3835
3363
3259
3229
3674
2471
1377
1339
2616
2692
3195
2233
3628
2576
2587
2702
4071
2723
3339
2836
3976
458
3246
3097
3656
3948
3632
985
732
871
1287
4064
2564
2062
3819
512
2478
787
2121
2573
4121
4013
2026
4164
2972
3366
3795
3083
1810
3080
3761
1422
2611
3920
3390
2724
3908
3929
3740
2865
725
3940
1202
3014
2681
3377
536
3317
3423
1201
646
4111
1794
4065
4119
2548
3838
3255
2142
2035
3371
4045
3126
3924
3244
3944
2171
3868
2628
4109
810
866
2832
1191
1740
2667
927
3518
3800
796
3352
6
3799
3885
1700
2346
2568
2454
2441
4026
3074
1813
1343
1058
3121
1980
2922
400
3400
976
959
1450
2029
1393
1226
3626
3016
3877
3024
2818
3415
3529
4160
4049
2852
3965
1416
4089
2958
969
2210
2030
1308
1084
540
3697
1472
924
3767
2752
3238
3218
2796
2909
3858
3485
3817
3901
2497
2465
3772
803
2558
4010
3490
4157
2425
3500
3690
2838
1888
3524
1397
2604
3289
2767
2482
288
1630
1668
3282
2013
2853
3260
3574
438
3694
3433
3318
2431
4
1607
1698
4131
3785
3870
3256
2063
3830
3336
2708
3337
3245
2642
3163
2772
2002
3849
1959
3124
3106
3899
3208
3354
768
2388
2437
1811
64
2103
3634
1777
2010
3275
3844
2527
2162
1223
3978
2337
2039
3538
3328
3137
2395
2136
2699
1778
2096
434
1116
2648
2588
2256
4023
3513
1652
2514
455
817
651
2307
2327
686
4006
4114
4066
1056
1723
3971
3872
3430
3461
1885
1829
1300
3813
3770
1142
3475
3998
2500
378
1571
2016
2357
1230
1599
1356
3963
3230
602
1952
758
1690
388
3065
3760
4079
2956
736
1319
1812
1047
2191
3033
3375
389
2571
3696
2377
1243
3391
2813
4102
462
1850
4033
3735
2710
2814
2000
1325
1008
737
2370
1473
562
1996
2164
2424
828
2157
827
3515
2806
3808
3898
3693
3533
3367
2207
1075
1970
3745
461
3624
1315
2948
3022
1071
1549
3241
173
2282
65
2841
1163
1510
2911
3725
3737
783
2300
1371
1379
154
2144
2222
1233
2762
2652
3839
1365
1277
4139
3261
3852
2792
436
1166
3665
3952
3441
2542
2351
3969
2741
3517
2273
1912
4163
4016
1492
3754
2201
2583
1511
1932
2983
513
4061
1296
780
3643
1689
3810
2053
3720
999
3639
2758
2766
3597
382
1631
2027
2942
2771
2113
1781
3257
3422
3009
1405
4048
3544
3265
2954
3272
2081
3959
1893
1126
3937
2189
694
1090
3136
3156
2450
1975
3763
2966
1839
2563
3468
1507
1993
463
2083
3540
2627
1532
3103
3997
4144
3889
2789
2165
2380
3122
1204
4159
1940
1123
1452
1895
3911
2712
3864
1385
3531
2918
3821
2858
2452
3912
936
3052
2726
2869
1565
2301
1478
3672
2444
2132
3035
2358
2502
3064
673
3056
982
2679
3353
1227
2363
2596
3550
3649
1692
1360
3075
3637
3822
2544
2055
2412
431
1169
3698
3496
4054
3168
2519
1420
2229
2850
2668
1283
2198
1329
2594
3418
3916
2799
957
2345
3970
1822
3991
3758
1432
1303
3038
3605
2775
2978
3247
3437
2019
1887
1816
1083
3406
2701
4075
2455
3859
3668
2032
1603
2123
194
3329
1696
1736
3179
1745
3174
1759
1801
2108
3084
3984
3599
2280
4024
3568
2446
4044
2490
3429
2936
4057
3489
2743
2794
3457
2239
3262
4122
3797
3290
3293
3286
979
3892
3683
1597
3974
4058
2873
2586
642
3562
365
1737
4008
2884
1751
1725
4034
4098
1656
4082
3999
3403
3269
3614
2608
1942
2298
3176
552
2731
818
4047
2366
2589
3773
1072
4046
965
2529
3135
3284
3995
2496
3127
333
3045
2261
1870
3267
1678
2578
264
2216
37
1326
3239
3479
3082
3831
2676
1400
3231
385
1578
2458
1537
3350
1671
3557
3726
2643
3303
2218
2
1376
3846
3493
1443
1788
3005
3884
1321
3463
3895
4009
2286
1908
3752
1114
2507
2353
2209
2908
2623
3427
3675
3110
3584
2467
2430
1225
3744
1429
3300
2961
1987
3444
2973
2092
3351
4051
1693
1780
3983
2001
2194
2953
2309
3556
3738
3273
2599
3757
2846
2885
2650
374
3268
3079
3954
1286
3001
1756
2335
3504
2698
2299
3258
531
1612
2148
3711
3162
1819
1728
2889
1683
878
3992
3059
947
2236
3982
2866
3792
2199
3173
1979
2017
2127
3466
972
3499
910
1879
3488
2975
578
2602
1988
1011
1684
3184
1766
4095
2101
1323
2174
3729
107
1978
1373
3811
3112
2352
3450
1463
2821
484
1596
3907
282
1583
2546
2049
3636
4030
3865
3699
3472
2456
2382
4019
1447
3458
2809
3484
2949
1082
3585
3790
3512
2591
106
3680
3863
3205
3727
2816
3266
2797
2232
3866
2254
2274
3896
3199
3688
3311
2537
1927
1962
3449
3613
2982
3092
615
2384
3314
2974
850
2539
2695
4086
1595
4088
1622
3299
1530
2185
3240
3621
3413
2487
90
1681
2021
1288
2426
1476
2682
1901
3593
3780
2310
2306
2476
1146
722
2203
1925
2533
383
2893
4138
2680
1716
2598
2931
3695
3223
668
3281
1516
2984
857
2903
2968
2556
2008
665
529
3612
2557
441
1833
3604
723
1340
1383
397
2932
3334
3541
2459
1498
2833
2285
1216
313
3057
2463
1657
3663
2787
1410
907
3296
337
4073
3564
3855
3905
2632
1977
1574
3025
2926
913
2288
4130
3519
3389
2289
1217
1573
2390
2206
3703
1954
1060
1891
1221
3994
2736
1611
2226
2486
2898
208
207
2859
1495
2329
3476
3226
3685
1646
4022
3880
2333
430
3028
4103
2985
2265
1559
2355
510
1311
3189
1691
2988
3618
1859
3505
785
1982
1199
2665
3561
3291
1847
3942
1349
628
3862
1246
3440
1635
1935
2078
2800
1196
2513
3759
1092
3717
3203
2118
3474
3183
58
1235
4039
814
2793
3020
3722
670
2225
2283
2418
1967
2391
3766
4120
501
2284
671
1787
1869
1093
1154
2014
47
1208
3340
1868
3288
2461
3063
3776
2376
1618
112
2804
3514
2488
3053
2582
3506
2614
612
480
1151
1663
31
3188
2421
3342
3087
4117
1253
4007
600
2605
3590
1525
2986
2460
2242
4017
226
1101
3316
3459
2612
708
1808
2963
3094
2795
1750
3442
1386
3640
349
1727
559
2305
2579
2560
3386
1703
2910
3113
1577
1474
3117
3782
1682
1981
3526
4062
2751
3292
2658
1176
1849
1440
3359
876
350
1139
563
2140
561
1127
1248
3503
4077
3679
433
1113
2672
3678
1120
3224
103
2093
3804
362
4127
4084
1094
1854
1562
1159
2235
1803
3900
1950
2686
4037
3962
2494
1915
2900
1088
1128
893
3060
3194
2941
2995
788
3494
1800
1676
2159
1754
2262
2342
3871
3096
4015
2086
1350
2518
3483
3588
231
1675
2228
3425
1770
1161
1840
3041
3545
3150
2930
2781
3346
720
908
1508
1789
2130
1087
3148
904
2401
597
3659
3829
3587
3128
1632
530
3480
1398
3570
1458
1095
4056
2644
1137
1533
3049
2952
2468
2396
2613
4162
3967
3133
3157
1776
2314
1050
1042
2243
1489
1027
1157
2057
3154
3771
118
3894
3228
1625
3471
2045
3498
3039
3217
3411
3553
3990
3837
4115
1620
2834
2625
3906
482
764
360
1085
2967
648
2933
3781
2003
2234
2099
1880
2006
3396
3143
3044
1965
1714
542
3115
1158
3709
1734
786
3212
1730
483
3806
2907
717
1054
769
2720
3320
3451
2863
3658
1462
1564
3132
1990
791
3765
3294
2756
1815
9
2397
3274
2960
2920
3234
2321
3946
1390
3069
3989
1818
3104
4050
698
2892
2629
2044
2837
2138
1831
711
77
2340
1937
1761
2674
1052
3073
952
532
961
1362
3470
3876
1579
3432
3043
1857
2405
377
1261
2268
2678
3860
3086
1721
1672
890
3701
3713
2773
2553
2673
2849
2205
1523
1963
920
896
1529
3100
2082
586
2844
1348
3949
1797
1173
303
3874
3435
533
2622
2241
109
2626
2584
3718
3129
2109
848
2764
2549
2126
3409
1697
1251
1602
1718
3233
2607
2839
1921
3021
3592
3794
523
1039
4014
2389
685
1920
1471
1409
1900
1260
1771
1542
3308
3220
2005
3040
3606
1984
3473
3123
3365
4097
466
3941
2192
3197
1861
4151
3689
3600
2204
3395
2669
3313
2754
4005
4069
4001
4038
405
2259
1512
2739
2419
2102
816
2056
2810
2432
752
2271
742
2341
3750
2906
3714
2714
1866
2746
3048
746
3521
2223
3826
3091
3507
2631
3131
3165
1449
2061
3201
887
3823
2883
3661
1969
1793
1791
3957
3987
2332
2753
974
3786
2215
3248
922
1425
2059
3548
312
3796
808
167
2545
3182
4035
683
2155
74
743
339
1860
3655
300
2224
13
2694
661
3152
1956
3913
2150
2610
666
3037
4107
4063
1594
2769
3327
2934
2238
3511
4135
3832
744
2281
1708
4002
3216
3753
1922
3629
2156
2323
2359
3307
2618
2590
1627
2048
1408
1514
3399
3930
1292
3667
3085
2635
655
2716
2422
2184
3803
4101
2601
3232
3904
2291
2755
3681
380
2878
1715
524
2653
471
3015
1006
1140
2693
507
3670
1110
1392
3034
1294
2812
1125
1919
1739
409
2768
3434
2135
2143
993
137
3302
3728
1994
2287
1640
499
2034
1883
3845
1174
4041
199
285
688
2374
2824
82
1782
2492
1783
2246
2033
1490
1724
3549
3405
709
3068
2688
22
2784
2979
1720
2417
138
2270
3392
1992
1705
2176
3939
1445
3789
2670
3583
794
3345
3933
3857
2413
3401
3669
3769
3919
2640
2146
3285
1871
4090
3818
2843
2761
423
3319
1541
2508
1165
2955
2700
3953
2208
3254
3270
3961
1852
4031
3815
3784
860
3362
341
1809
3178
196
3589
1535
1536
3202
3487
1752
807
3332
302
3114
1074
2520
3993
3840
4123
3828
1378
4053
4154
3263
1832
3627
4143
3144
3644
3601
4067
3951
1519
2790
3812
3036
2183
435
1733
2711
3221
4156
3436
3960
3682
3373
3439
888
1527
2434
4092
724
3416
3700
4124
2534
2356
2649
4027
825
1806
3138
2212
1547
2031
1044
2119
843
909
3602
2128
3355
3542
3019
644
3572
3645
3249
4134
4100
2947
3426
2318
3407
3072
2084
1433
2848
3638
4060
3985
1468
2721
2551
1112
2525
2089
2427
2195
2349
2666
3301
3155
2847
1713
2090
3445
699
1302
2317
2740
3873
3523
4011
1168
1858
2322
3824
3977
3394
2989
2868
2826
3648
852
2531
2857
2581
905
4091
3393
3662
3190
3850
3357
1773
3295
2879
3478
3972
3555
2453
3571
2881
2334
645
945
2428
3691
4142
4116
2072
565
3011
4093
299
2944
2718
2636
4112
3657
3077
4104
3198
1413
3051
1144
1368
2161
3304
1354
3609
820
3843
3883
3732
1569
3931
2645
3928
3171
1441
2080
3925
4150
821
3581
1249
3142
981
2051
3368
2343
4078
2485
2211
3453
2095
3610
2585
370
1145
1591
1606
1162
3402
1664
621
3002
1986
3630
3926
4040
1989
588
3566
3654
1843
2867
2677
2897
3747
1043
2328
3594
34
4029
2110
3955
3452
2094
1758
3167
663
1244
1262
1451
3397
3147
28
765
1738
3378
1016
3379
760
1828
1312
2780
1722
3532
3170
3421
222
2474
2547
1835
3385
3715
1834
3596
2593
2684
1477
68
1077
2263
29
662
1827
1014
223
149
1747
3030
1680
2070
2385
3932
4087
3310
2167
3151
3730
3312
719
3497
3879
2964
4145
2202
1444
3922
2154
2505
16
3139
3851
3704
4094
3383
2296
4129
4059
3793
2129
3000
775
1180
3456
684
1619
2506
3653
3149
3271
2312
1814
1454
838
3684
2577
2891
3915
1628
1330
3716
2565
3642
2921
2776
4085
730
2411
2980
3707
3145
3042
3322
1651
3834
2472
3798
3945
3535
3950
2227
3958
4055
2410
1837
2777
3250
657
3641
3460
3536
740
3298
2379
4106
2870
3631
616
4105
3964
3279
3522
877
3486
2719
3029
3891
2732
3841
1179
3764
1258
1309
3788
1274
3956
4152
2749
4043
3576
2624
3565
2654
2894
3066
3428
2451
3177
1499
2141
756
1943
1313
3384
3090
1717
3109
716
3650
1232
3616
1948
3814
318
3330
1268
1636
2275
3076
3382
1804
2945
2348
3856
3807
2512
3243
691
1188
1960
3431
3878
1614
3706
2480
2820
3802
2641
1947
3936
427
1297
2638
3825
2073
3918
2473
2530
3569
2295
4158
1991
1838
632
3008
2860
3344
2116
1772
2923
2393
1601
2107
3861
2186
3046
2152
577
2552
4125
2277
3660
4070
4052
1265
2722
2493
3551
1923
3887
2501
2734
625
1851
1401
3380
217
3166
1621
1961
24
3527
1997
3482
2774
3455
3743
2940
3006
2998
1916
1842
3980
3902
2365
3633
317
3755
2491
2251
3756
3791
3762
3186
2392
4032
2842
2375
2449
757
3235
2880
3196
2173
636
3058
2149
3938
2403
3748
3408
2619
3388
2890
2657
1160
3923
3093
1567
1320
2166
4074
2435
3341
3251
975
1520
401
1380
2526
2569
1521
1255
4126
1399
3333
3577
1228
1503
1124
1918
2825
4099
2992
3172
1263
1266
3381
3242
1436
2757
989
2079
4153
1674
1012
1748
4021
3620
1546
1884
1431
946
570
738
2802
1333
2258
3089
3370
84
2737
3213
2574
996
2111
2559
2041
3335
83
3214
2575
2902
3088
2112
3369
2040
2877
2015
617
3546
2347
3180
2798
3211
1896
633
713
3890
3724
3801
2266
3705
3140
3047
2399
3853
1906
2709
2521
3325
2996
3897
1934
3547
1587
3567
3067
3847
3134
1335
997
1779
3023
3687
3635
443
4137
3081
3469
2290
3323
4072
2943
2917
2634
4146
3676
3358
2440
3751
3827
3160
2765
1419
3492
3018
3809
2445
619
3582
1795
1939
2840
4068
4141
4113
2344
1358
4155
3078
831
3712
1324
1118
1032
1524
356
3010
3374
3161
2439
2217
2783
1344
1999
2801
2023
268
334
3276
3007
2690
3739
2369
3219
3886
3996
3742
3102
3419
4140
4018
3666
3443
3646
1735
3520
4004
3617
3559
2727
1387
4003
3560
1570
1412
487
3909
2477
3050
3206
3187
1998
3297
3237
1381
3017
1334
2252
2987
2230
3534
2928
3215
3280
3348
2924
4148
3283
3647
3947
2637
3968
2929
3921
3447
3227
4118
1215
3070
1046
3105
2925
1566
17
3625
917
3708
1855
916
244
1382
652
3031
2886
265
3324
2293
3903
3027
3733
3387
2786
3721
964
3836
437
2221
3805
371
2279
882
2828
4083
863
1653
1327
1946
606
2097
819
1644
2075
2785
2316
2311
3749
2294
2371
1743
1438
1033
3026
263
851
1732
605
1069
1437
1926
1299
1121
3779
4149
3558
3305
2220
2735
679
2409
2759
114
2541
1557
3099
2882
56
1132
987
2993
1877
2748
2633
3477
115
2770
2747
1904
2114
269
1688
3012
1914
2106
3893
200
3927
278
2104
2447
2336
2904
894
930
3185
1659
86
3108
1407
1148
3734
1853
2831
3671
2367
3543
2068
4076
1666
1768
1264
1560
2125
2028
1669
2105
555
2935
2438
2819
1406
3356
3934
3326
2697
1874
87
1576
2572
1111
2639
3882
2462
3981
1775
2515
2950
3372
2570
2959
3338
2851
2402
3225
2350
2543
2250
3153
1917
2499
2730
1494
3731
1245
3777
3054
556
3881
2509
1465
1933
2495
1936
3013
3236
2498
3586
2555
2621
1955
2913
2464
1109
2240
2763
1045
3120
416
2994
1890
2071
1135
1585
189
901
2042
2325
1415
1892
2315
3746
2038
3686
1353
2646
3537
1634
3848
3398
3787
1744
3692
1654
2373
3364
3098
2856
2970
2338
3481
2875
4147
2567
4110
968
2807
2313
1318
1414
1317
2562
4036
2012
329
328
1929
2808
1655
2855
2566
3615
3595
1375
934
3181
967
2237
2969
2971
2408
2706
2249
960
1254
1790
3347
2592
1242
1543
1974
1455
1119
2511
522
677
575
2861
592
1212
604
2196
1749
653
2489
119
2887
1417
553
3146
320
1106
1685
2047
1442
1742
829
3309
3210
919
937
1388
178
521
2124
731
844
801
546
234
1515
1061
1150
2169
2728
2153
3055
1878
1019
2951
1898
3118
630
1616
865
3349
159
2433
1649
2320
2414
3361
1396
411
3061
571
3438
3741
2022
257
1068
759
1593
3204
2117
2429
1592
2630
846
622
1706
3448
2691
21
408
3820
1070
3003
1719
1604
2247
2661
948
1769
1295
1028
323
2600
3252
2264
1763
1589
3491
912
3278
2782
1944
3575
1824
2024
2213
1337
2368
1911
1501
2302
2131
1341
1555
2466
2231
705
2651
1694
2523
2326
584
1913
895
2615
2253
2115
128
1894
2483
175
492
1305
898
1418
650
2077
170
2871
1291
1558
2188
1802
2595
3343
2479
918
1391
500
2087
2058
493
2689
1502
3130
781
459
872
3193
2854
1211
849
2957
2151
2696
1000
2876
308
1481
789
2050
3264
1957
1185
180
2187
2522
3467
1257
939
1089
3495
277
301
2905
1067
874
3525
950
1545
1282
76
931
1876
2703
963
3591
2504
1531
847
695
1290
1902
1049
2066
2536
3071
1662
1031
1372
1764
1189
1247
2423
472
1886
395
1250
1626
928
861
80
1774
3723
2319
2170
2535
2420
1164
958
715
690
2914
1181
1552
2830
93
1491
2603
2916
3611
351
2303
1404
1687
1273
1972
1930
1863
797
2901
3412
1186
2386
2675
1015
1480
956
638
2779
988
2181
3508
338
50
1910
2899
322
249
162
703
2219
702
1205
721
1875
1762
1197
1051
410
1062
1953
1022
2404
1421
2361
164
2442
447
225
1065
1679
593
1661
414
1709
258
564
271
179
1556
1825
2177
1316
795
1355
1639
153
2550
2145
2517
784
1710
1198
266
478
1924
943
751
745
345
2817
1882
1677
609
1171
2400
239
2248
332
955
1017
481
2297
1650
359
701
1345
311
2448
1038
1411
1958
1147
1238
1184
2046
1588
1423
2597
1332
92
5
413
906
2120
1108
637
246
1310
815
144
710
771
161
2919
538
1207
1403
2387
276
1785
2025
1483
727
1053
2260
885
2469
358
1660
1219
1553
544
464
1897
1493
2179
376
1487
2139
1551
806
3321
1192
2707
426
1178
1864
733
2267
942
184
2516
100
680
839
418
610
1798
2760
460
1872
49
1236
1757
1278
804
2180
1572
511
1846
1985
1467
1276
2937
439
2193
515
1534
623
262
2617
1856
1817
971
802
319
566
11
748
1796
932
2383
1513
1453
2715
580
1695
1187
1881
171
886
2827
1025
3111
126
1563
2671
230
994
1707
1699
343
728
864
1799
2100
1755
1460
2742
1968
1105
10
2076
182
2036
954
1272
1456
304
204
498
2011
1035
1206
1155
823
25
1648
1359
2475
3095
19
1459
488
152
2683
779
1590
2060
1544
181
941
656
2554
54
2147
545
2018
1097
2354
2172
1115
1457
393
1889
868
2009
3209
1055
32
134
148
1807
966
1615
2415
2470
1256
2308
1903
1182
1841
1667
798
2656
1122
297
1786
1712
2835
2436
1941
1307
1845
1497
1836
1346
1613
2744
867
1267
1394
2990
676
992
2272
2538
1076
1374
799
1496
211
2620
197
342
639
1830
214
1177
2331
1582
428
1099
2398
2394
629
2528
158
1538
1193
660
1482
607
674
3125
766
805
1686
2443
595
2503
1066
23
640
384
1561
1704
1222
245
1026
1234
1021
1641
3360
1907
1647
169
944
406
1862
2020
601
2481
2704
935
1034
1905
1279
2738
2182
1048
1402
697
202
1805
243
2939
2043
1156
520
3119
1765
1361
1506
2007
1281
550
706
826
2524
1195
704
772
1357
707
618
485
1469
2122
2052
2067
929
99
990
543
833
899
1336
81
1767
1129
991
2168
2197
1509
940
206
1073
2663
1629
2381
2133
479
1057
608
1100
1928
3164
557
682
1130
583
596
1306
1352
495
777
1369
490
1966
72
1190
2725
1237
1702
3253
1220
2244
884
476
1209
1637
1638
1586
855
1342
1389
453
1293
983
1461
892
2137
1331
1424
314
2178
432
2580
315
834
1844
284
897
1259
316
2255
1141
326
470
506
678
1784
714
1446
1605
1229
889
841
767
396
590
475
1175
1427
281
1426
2360
978
548
911
718
2324
1134
2330
1172
2788
914
700
1183
1078
1036
1214
572
2845
1899
2085
1395
755
537
392
824
1040
664
582
1475
1608
391
735
1107
1584
59
1701
260
1550
102
424
573
1023
873
1064
770
1284
2245
1213
1384
951
176
1624
729
2069
1726
669
603
1658
693
30
210
631
1013
192
2912
782
177
1270
1873
88
379
2091
1231
336
394
2733
259
43
547
1548
1138
2200
212
750
840
1439
1670
1434
130
1041
1430
1133
325
1136
2609
122
1009
953
96
1971
133
444
1370
123
1865
923
1103
219
95
1746
514
1581
1167
1271
574
712
835
558
1931
837
800
811
658
353
505
2416
1983
1673
747
446
270
1005
984
675
1973
1642
293
1528
1364
1366
1466
1200
1909
534
85
309
474
949
1322
1848
1938
1203
1568
136
836
854
986
568
1194
1949
915
1729
1001
452
1484
287
925
190
1241
1149
1760
140
286
1488
1826
135
1096
407
1435
591
1328
273
1367
442
163
127
42
962
218
267
289
589
1617
812
2074
1010
335
469
1540
1143
224
69
933
2158
649
347
762
1298
280
754
1995
870
977
859
185
1004
125
1363
497
726
496
832
298
614
1539
227
26
2276
235
241
1079
624
739
1347
654
1252
2175
327
634
1275
1470
1285
813
1301
1002
457
46
1517
45
879
2064
324
242
1741
240
186
1976
2655
402
902
233
113
307
238
626
120
468
275
830
1030
778
1731
237
422
995
141
252
1711
51
145
659
1486
12
305
188
1003
1104
504
1665
1098
776
627
1609
147
220
1598
454
2190
156
2406
386
809
598
842
420
357
875
73
672
1091
354
8
250
1610
1575
366
110
477
361
581
261
822
503
793
205
1218
221
429
774
1024
215
143
741
903
1018
404
290
1500
539
1
1131
900
560
1338
465
48
519
667
467
1080
330
57
201
856
594
516
0
146
398
440
279
417
403
247
111
491
306
687
294
585
1554
2915
862
535
41
35
1823
254
1102
283
1170
1117
117
381
331
1518
121
1059
168
613
620
518
27
274
79
883
1063
7
528
845
641
39
165
71
40
753
1152
749
567
450
761
256
489
70
399
355
272
373
160
980
526
18
1086
869
938
213
549
635
1007
15
579
166
255
734
517
363
38
451
525
763
344
681
193
174
52
67
412
14
195
425
576
486
139
116
880
20
89
352
390
216
228
689
108
291
229
78
36
643
142
551
509
55
131
692
587
773
541
321
792
155
696
104
248
449
790
1239
456
970
251
253
191
448
419
132
387
60
183
129
292
527
494
105
998
1505
151
1289
375
150
346
348
33
53
62
3
445
554
1792
508
187
569
340
232
1037
310
473
502
236
97
66
372
599
926
124
98
157
1428
44
91
172
61
94
