1495
853
1363
1271
325
1771
439
1282
2813
833
324
308
407
954
2741
1421
265
3067
2488
2304
2385
193
17
382
1598
1383
2301
1162
2998
1779
2274
1829
1604
3233
2600
2581
2084
1083
1355
847
3048
1970
2316
385
2782
2267
24
327
2557
1309
1163
535
3180
546
470
1127
943
1475
260
2431
3109
2689
467
102
2529
1683
2540
2613
2632
2767
111
1769
3080
1786
2029
1462
3167
1798
927
1085
662
1063
1688
1860
404
658
864
763
2958
1138
1681
1019
2202
3154
2236
1478
1516
2002
2701
2567
2959
2335
1847
2080
321
40
1669
1326
910
1712
2006
2286
1907
2061
1602
3164
32
1078
2149
1695
870
242
1672
2328
1469
2764
14
1087
161
1275
1518
2054
2409
1714
2500
1436
1198
792
2444
240
1050
1438
801
2285
517
901
2827
84
1898
690
2575
91
485
697
1215
1876
2538
1579
74
1722
1887
2012
1322
889
1477
2205
623
224
2163
684
1693
2894
131
700
2299
550
1869
1396
292
512
592
642
2309
982
2283
2345
2243
1637
359
1388
3140
78
3134
2883
1627
732
2397
337
2153
1965
266
2864
861
2455
3113
1360
2865
1716
2857
2574
2589
1587
1840
1011
1359
1028
1121
937
1380
1584
1583
148
1435
865
706
845
1526
2763
669
1213
1728
410
1045
598
2560
2414
2150
2547
2672
1973
1927
1422
268
1785
1698
1354
2249
1890
1067
1933
602
1851
1091
3286
141
754
2706
1708
1284
514
1775
2095
723
590
8
2402
2869
497
252
3344
2578
620
3149
1212
575
3243
1390
3267
1235
2184
2583
2170
2232
778
48
1566
1185
1332
634
3282
1311
1457
2946
1709
2176
1331
1371
2748
1959
2643
902
2986
124
3229
420
2698
522
604
2220
1510
1084
2103
2605
2721
1573
2717
1655
844
133
2337
2396
2682
1473
549
3210
1759
1702
532
1208
1105
2046
749
930
2422
2140
1428
2828
2106
1447
1412
1467
1827
2508
2102
340
3077
939
3320
1256
1164
2545
1222
2515
1177
2173
1146
2318
2940
3054
586
771
1791
556
1594
1599
1922
2650
2252
944
2943
1564
2709
1903
1676
1404
3348
3058
1242
2777
1114
809
2889
2143
495
1794
299
1879
383
75
1416
2509
2812
3293
2558
1870
1341
333
552
476
1132
2078
2104
2129
1328
555
2226
2123
747
2199
1106
2368
1401
1735
2990
172
3253
1160
2114
1704
830
455
782
2568
569
568
993
2494
856
1030
1319
2390
984
3208
1522
1567
2107
492
1370
2584
1014
1291
893
615
3035
2313
254
714
453
482
900
256
1021
742
35
1864
2891
1194
1071
1439
1451
2217
2082
3071
1991
181
2351
2710
1316
1861
2546
2922
1285
1600
1533
2628
3092
1330
1949
881
2829
1563
2068
1877
2569
479
1881
159
1525
2536
1749
1489
1254
2053
2048
2598
1799
2837
2518
203
2757
1978
109
776
2433
1305
2745
2344
201
2030
305
935
49
1373
1662
2370
696
2665
1966
2357
243
777
1781
150
1362
2117
2936
149
2120
1585
2711
2530
2382
2264
2848
1111
2905
1591
80
579
1216
1233
1197
3013
2209
2245
624
1884
2323
1841
3251
3346
3135
922
3001
682
2818
2047
347
493
1523
894
2178
1726
2551
503
3148
2640
423
1997
2454
1374
2289
1317
56
1721
2811
3273
29
1752
2554
2406
188
2021
2486
1260
356
3119
1941
440
2773
821
3047
225
1874
3262
2292
2934
2843
1040
992
57
431
118
562
1094
2487
2847
370
2972
376
3247
978
2113
656
941
2714
577
1552
3252
81
948
2407
950
3337
2130
544
2261
511
2733
650
1192
1689
2670
2697
2993
1844
2719
2348
2850
869
3003
2165
1487
611
1329
28
1099
1524
1643
368
2625
2683
3144
1410
2058
1187
2967
2319
1069
3174
880
3153
2577
1572
2800
670
223
2867
1299
1638
1209
2693
4
2975
3259
1273
1951
2644
1008
1622
3284
581
117
3029
610
1250
807
2191
2549
2522
2526
2440
2824
1497
2342
1586
926
2681
588
3334
3288
3287
278
1705
1790
1597
1536
2548
1945
2018
2456
442
2392
360
2561
1802
2369
909
1417
2593
3100
2660
2987
177
233
1219
3116
1058
3186
2497
1488
1937
1070
297
1018
899
627
317
1016
1369
259
1810
3126
1568
1264
707
2092
23
0
2134
524
1734
2043
1646
3264
3004
3136
2772
1223
255
824
3015
1377
2445
1402
1267
2441
1051
2386
3234
1485
823
1517
2295
364
2121
2101
601
932
818
1026
1454
1272
1101
2480
1064
319
854
951
667
3104
295
2783
940
1904
1133
528
456
3263
1398
594
866
394
232
1836
2380
542
2652
2447
2966
2896
2469
1747
2702
1118
2001
2525
354
1711
1762
3276
2361
639
2820
2952
235
1072
787
3170
375
2420
2065
2631
694
1850
2005
1715
1126
2688
1407
2339
1391
2913
888
2749
936
2588
2485
2504
1631
2590
1466
3356
478
163
2931
3090
828
1719
2916
2145
412
326
2961
1247
2872
2646
3022
892
1854
484
2921
1912
294
607
2907
1152
1221
1346
2573
481
768
2036
949
1154
702
1059
3354
1569
2761
798
508
2042
793
113
1093
2858
1191
2448
683
2563
3006
2451
167
2580
1889
3120
3291
2503
1470
758
164
1948
1043
1137
3179
2244
1800
2317
808
2855
905
2784
352
724
424
584
513
142
3094
810
3329
1788
2403
2098
107
1801
1315
1741
757
3214
2417
86
3340
2639
2944
2435
504
1423
99
1134
3235
2799
3285
244
973
313
3150
220
647
3190
3055
2915
2330
2329
2707
3072
2608
1015
3250
565
2157
1687
2838
2214
964
918
405
3202
873
1974
2475
527
2471
2992
1950
882
916
160
408
2367
3083
3321
2556
1061
2062
2988
2658
2234
2216
726
955
3060
891
2389
365
519
3347
3324
3319
1906
2776
1158
2985
1056
210
3137
1636
3242
1265
3218
877
341
1746
515
735
1795
380
2553
681
952
3339
1427
1156
1145
2496
426
1558
2089
2167
1811
3127
3098
2537
3333
2601
464
2449
3007
2200
644
205
2399
392
2263
1985
885
600
489
2246
1102
1429
3359
2724
1916
2476
174
451
2472
16
272
2218
718
713
1483
931
606
977
457
47
1385
633
226
648
301
270
2258
956
2571
1337
2412
764
1310
2678
745
635
1269
2142
309
1229
3146
1976
1246
2462
3185
2879
2635
1856
687
2648
1757
3298
1167
871
2262
37
972
1419
2543
960
538
3217
827
826
3331
2732
2284
2671
2158
234
1006
852
26
1399
250
3355
2502
1392
2655
42
1641
1321
887
1667
509
2616
1999
2464
1349
2310
123
178
3230
422
1763
578
27
2951
2354
3280
2453
416
2127
959
3147
288
1938
2982
154
1434
541
1644
561
1308
89
736
312
2875
3024
739
547
2825
1023
1888
2528
2307
2442
779
2320
2052
2620
2539
212
103
2610
1327
344
436
753
1066
2055
2884
2240
2868
3316
526
708
1668
1766
1632
2224
2871
2159
1032
872
2895
1297
2255
2259
846
1576
983
3197
3279
3327
65
1623
1692
1433
3059
1295
1886
1670
3005
2909
898
1789
387
2983
358
246
2976
640
1816
1494
2297
2550
743
2842
3158
709
2722
748
3132
3305
374
997
3042
2492
3043
817
3041
1386
557
96
1397
2272
923
1605
2704
3249
1548
1849
2099
3352
755
2798
2014
1218
1750
2474
60
2381
1274
263
1830
2898
2266
3138
857
227
2282
2816
186
2271
198
1647
1894
3308
1196
1161
3036
1353
362
3303
3199
1754
1995
1505
3039
1057
3183
2630
2728
2862
421
1826
1842
1730
1559
430
649
3056
2902
2511
3328
2979
2924
716
2854
1654
874
85
638
625
2715
2314
829
221
2541
1832
182
2886
2617
1649
237
884
287
3289
2904
2119
2024
2152
2112
1135
737
3169
1245
2565
1004
1911
1408
958
363
1166
661
2768
1128
1053
2248
1557
3220
11
825
1822
987
3360
533
438
1300
3266
3049
171
2115
906
2415
1149
3069
1055
2079
655
1943
2349
1459
1307
2607
772
36
2404
2298
1
1313
2468
2223
1577
2395
1529
3093
3162
1969
2311
1629
3248
2803
3338
331
3314
3349
3021
1239
3091
1520
1481
766
1507
1324
1805
20
3166
1527
1082
1839
251
389
537
2450
126
3341
3343
398
1896
2185
1065
612
903
3281
1554
170
3278
200
3076
1201
418
3345
2446
2038
2691
1449
315
1653
704
153
957
614
2727
1384
3084
3151
491
2534
300
1249
962
2088
2572
1122
2809
822
3244
1182
1873
1173
2888
3070
3302
2257
2238
1923
1953
2978
2653
1175
3207
3187
21
2452
1238
257
3317
1866
1148
1039
1593
1367
1165
2076
1697
1147
1339
2774
3011
2156
756
429
2222
2520
106
2340
1226
2570
1780
2919
1009
1113
2213
2094
2376
2085
609
2501
70
366
3209
3172
2225
1195
2747
1442
2268
342
2899
1837
2473
2629
1612
2303
2516
671
59
1793
2144
1831
2418
2388
1661
3160
444
3097
3357
1875
2906
2599
2379
414
1038
95
2161
239
1047
445
386
920
2564
2615
636
1042
2911
2814
351
643
2072
2991
19
2957
608
1068
2634
1378
2738
245
2483
1835
144
1086
759
2421
3115
3254
3212
1519
1236
3085
1823
69
2457
1020
1276
1344
1825
2401
990
1512
1630
2470
490
1915
2000
390
3181
108
3064
1808
1314
2933
449
2969
494
218
722
31
2132
2885
619
1415
498
1115
674
127
529
403
3184
1206
2124
2019
425
2953
1738
2026
1464
222
230
3224
1652
1261
1079
2467
202
1286
2338
1614
3203
2762
539
994
248
679
1453
3307
3301
2928
3309
1150
2025
2962
1807
2923
1268
2623
2920
545
1988
3038
3335
1500
2
2881
3044
1696
2755
211
835
2900
228
1998
34
1104
1186
3032
1796
2325
2384
942
761
1073
2187
3168
925
1984
1080
1773
1547
2277
1815
402
3225
1739
2675
1172
1336
3362
1088
2562
3192
3361
2093
3223
712
1531
39
629
938
2657
841
1908
3010
473
727
1361
1131
717
2260
1932
194
116
434
3332
3194
474
2139
1828
1280
616
1958
967
760
2294
2766
3292
3315
2108
689
1455
1155
1806
1060
2201
1639
2077
664
2692
286
1509
582
2003
3257
1409
2273
1901
2432
2359
3191
1334
1159
1768
698
1017
3095
2582
447
975
563
2980
3037
2527
1880
3358
2938
2352
2066
1037
2410
2356
2950
2228
290
2015
1952
1675
1508
293
208
2645
283
883
2239
2198
1996
2594
3074
2073
2008
2807
2229
673
3017
3325
1900
1440
558
1338
1756
1506
2641
1924
2937
2430
2852
2293
3270
2736
2193
1431
834
2878
3336
2839
71
2151
1745
2241
3096
1352
1116
145
1674
2360
411
1592
7
628
591
280
805
63
279
744
419
66
730
2917
2287
2305
269
780
264
1193
2765
785
2206
396
3226
688
583
838
1539
1395
267
1819
2186
1098
904
1347
2050
1443
725
2049
97
1048
1624
146
1046
1615
1619
393
2281
819
2830
1183
377
2110
2253
933
3111
1611
3143
1690
3173
1491
1863
1139
3159
3155
303
1123
1107
631
332
335
2614
1530
1833
1540
1544
1824
1546
2647
1044
676
1484
262
803
693
1287
3283
119
746
2491
3246
2429
1701
928
1356
1942
462
100
886
1005
98
1919
617
797
1411
1665
1013
52
1364
488
3027
705
2383
1027
452
3221
2177
1474
2463
2725
1562
1736
802
1777
1345
2371
3237
2510
1381
213
3200
1244
1767
970
1325
446
2180
843
791
2690
587
307
2810
1240
3290
1358
2512
1555
2326
525
1725
784
653
678
1930
595
3353
665
2477
1117
895
1656
1561
1843
2332
1783
2892
1617
2750
1515
988
1031
355
1290
105
1294
2659
155
2586
2138
711
710
2611
2111
2699
1178
2438
2735
1420
3025
680
1405
2819
2859
3312
3142
2908
9
3089
1406
417
2890
2398
1480
1465
788
989
348
1143
77
291
443
79
2166
2533
521
1657
302
343
2242
285
1234
855
2105
2585
399
1090
980
1964
1237
1713
1460
44
1498
2822
2135
2189
1918
1471
2638
2270
1511
3050
10
1986
18
2654
231
1425
1809
3051
1972
318
672
328
2524
217
2478
2069
2870
112
2174
480
2939
2775
2996
3034
1490
3068
2823
477
1074
2028
1303
796
468
1706
2792
666
3105
1862
121
322
496
276
1052
3196
486
2786
1660
125
1590
1855
152
2685
1278
868
3133
1125
2063
2826
2183
1049
1944
2146
1387
45
3
2355
2378
500
1620
3311
1350
731
1176
2667
1664
2426
33
345
2321
241
3323
2057
2265
1993
2353
1502
3002
1899
2700
2723
1853
554
1262
2428
2306
2676
2622
2576
1921
3108
1097
3014
1882
1351
371
165
953
140
773
1603
2669
195
2498
913
323
15
3101
1503
506
2087
2004
132
850
919
1925
3330
162
3265
296
1606
814
372
677
55
2070
1765
427
2973
1174
401
129
1934
2334
180
660
2341
553
1463
946
924
229
197
3030
3342
1994
2606
2737
2832
1707
1493
2796
2022
2465
1787
336
3304
472
783
1258
2035
432
1252
1130
3188
1663
2109
1207
1570
3258
812
1479
1257
1210
1243
1033
1764
3222
471
795
2064
450
373
72
3124
1917
1691
1227
3045
934
53
701
1729
3066
2955
1389
1935
1905
2514
2851
573
729
3350
699
2086
2237
338
2020
2861
1203
3269
2419
2815
1776
2374
3009
2780
1582
2391
1504
2100
2942
2592
659
1751
1542
2687
2893
2801
646
3300
3177
2754
1983
1199
3256
3193
2466
2941
2034
1897
1450
2499
3306
1545
2740
1852
1883
1180
1963
2618
3232
1621
2513
1982
3295
5
770
2059
2718
2096
391
2408
963
130
1678
2091
1292
2495
1538
2817
2831
3176
3145
2182
2627
3046
1110
800
1255
3268
346
2609
806
2797
2519
2793
2458
2045
769
2742
2490
1838
2903
13
1081
2210
2591
1306
1782
3189
2118
2231
277
2778
1501
3062
2789
2756
2531
3018
1981
1743
3255
2204
50
2009
2481
3204
281
1296
2212
157
2154
2716
2506
2250
999
1445
1580
3238
2195
947
339
1848
2694
2621
22
433
2849
1320
3239
3310
2416
2918
2007
2507
2427
2532
719
1202
1241
1761
1456
2017
1537
483
3063
2997
1414
475
1263
3141
2846
284
1891
25
968
597
2251
136
2734
2459
2845
560
261
316
2090
2097
3228
621
1251
979
576
2760
179
1685
2836
1482
1872
663
448
2633
501
3118
2914
2181
1357
2770
1979
3277
2071
2081
499
2626
2211
2926
2666
2932
534
1980
1253
2523
831
613
3081
2276
863
2552
2300
2489
2542
2612
137
1119
2424
3000
2686
271
1720
1452
465
686
62
357
2192
2795
1232
2288
466
3123
1077
196
976
185
603
3139
406
115
1124
945
2977
2060
998
3245
46
2443
2434
1962
1733
2405
1772
2696
2461
2929
548
166
1003
2771
2960
2056
1710
94
1650
3326
622
3131
1920
2155
1939
986
1913
641
1372
73
1699
1634
3182
2664
2948
789
463
1845
1867
435
3171
93
381
2315
1551
1814
2040
2387
2746
1553
1803
2296
156
1228
2413
1626
1270
2863
915
1817
2131
1989
2726
728
2365
2674
3178
2269
334
2196
1277
51
2279
3296
651
1797
2853
1792
353
1929
3156
2787
1642
2147
2363
3026
238
720
187
851
2331
3129
2460
2423
1556
1089
1366
2994
3198
1774
715
388
1108
2358
1578
90
2790
1971
2126
2791
867
2677
2604
2876
3163
632
1659
2705
2841
2781
30
311
175
2067
1214
2555
249
995
1312
626
1168
775
879
3016
507
41
1931
3110
3031
3201
876
3099
2788
1365
2860
2400
2137
2230
2785
147
2141
1157
400
214
815
1737
58
1382
350
1109
1940
618
1448
2880
1446
540
3227
2031
2834
1379
2366
2729
1430
68
2336
289
585
314
1342
3019
2651
654
2866
379
2364
3023
3294
2362
1671
310
215
790
741
692
2668
2393
589
2656
1990
1437
1770
566
2275
1025
2731
3052
974
675
1184
2566
564
2044
1686
1129
1444
1528
637
3040
518
2235
2935
1007
2877
1885
896
691
1651
3161
1744
2411
1323
520
1000
3260
1441
2596
329
721
3299
1151
454
1112
1946
2844
2559
1723
1892
593
330
2179
1812
1301
138
76
862
1010
2479
1368
657
2595
2203
3103
837
2663
1957
2999
3086
543
3236
985
378
61
1857
3213
54
3128
1565
2324
2013
3152
531
848
1928
151
1205
1778
1909
2769
2290
2840
2744
3107
304
1975
1858
3073
1022
2373
2712
1902
1140
2493
2821
1513
2484
907
3065
1625
2439
2436
1717
2968
384
1618
428
1987
2171
1532
1476
559
2083
3020
2649
1967
2350
2075
2680
3318
1468
361
3231
2302
1616
1820
441
3012
87
2256
1742
2197
2743
1914
2673
1189
2194
3114
751
3205
1596
1348
799
1961
2190
1496
1821
1144
752
685
2794
3297
965
1677
1992
536
298
2965
596
1190
2887
1403
253
3121
2168
1259
1514
2148
2394
275
961
908
2215
2032
2016
1926
2897
1613
3079
3088
3219
2856
2739
2806
3053
2808
2278
2970
2779
1755
2752
3165
2753
2247
2927
3061
3215
2804
