2918
6446
6172
8247
4910
5072
8029
4930
938
130
7767
3040
695
586
8675
7104
6079
4920
3004
8515
7829
4215
5909
2051
1631
3671
6387
4664
4496
576
8899
7335
1723
601
5611
1117
4557
2763
3537
4672
312
4555
7444
3593
7980
861
8302
4736
7432
4634
8746
2558
5969
303
2773
7781
5854
259
7699
8676
2297
8999
3810
1866
6632
27
1103
7616
1005
1578
8851
100
4533
8085
2650
1712
8753
2061
8324
8180
4891
2464
4845
2008
8198
3385
3442
6891
4491
2236
876
6833
2805
1621
2559
5726
3995
8543
6758
8808
6946
1479
1066
6717
6680
1988
4877
1439
7813
8444
2791
6109
7274
4746
8055
7966
1654
4243
1397
3718
8831
1268
6789
8421
6115
1975
7577
7046
8088
3049
4237
7922
6731
8343
2790
2315
5646
4649
7250
2160
1952
87
3316
2956
8074
7443
6118
7108
5905
8009
1408
7134
1819
7969
1367
933
399
2250
2314
7390
5378
5716
4868
2976
7409
6478
7737
7195
50
3831
3985
751
6361
5370
6531
1048
6011
4184
3602
4789
4685
3084
1387
706
3483
1764
2303
914
4835
5298
4872
1494
7795
6350
31
5530
1769
2225
3728
7191
1855
951
6006
6652
3407
6129
7366
7464
1131
733
8835
4695
3994
4506
3591
3457
4217
6150
3103
169
2647
7029
6527
2336
4181
1744
6861
7751
6086
1485
4042
864
6424
8058
8958
4744
7801
7952
7201
5820
8320
4616
2233
6759
5509
1964
8199
1035
3371
7865
6800
5322
3056
7189
4770
4912
8822
8825
7370
4880
4938
3854
8018
4806
1190
2142
3861
1813
8872
674
4899
3841
5406
2115
1028
2217
3651
6415
5126
8646
4460
6263
7345
6356
1319
2063
6417
235
8903
8832
3309
3391
3933
6616
4805
6016
6631
3235
3977
3577
35
4058
6873
4693
1685
4882
718
2375
6563
1573
8170
5106
8871
7141
3998
7203
5745
8495
7143
6403
5698
3978
2338
3695
4095
8715
3281
7411
2470
952
7413
470
5466
5872
2920
4963
7799
5443
3817
6025
8660
2851
2613
56
4476
6183
987
6463
4948
2105
5761
6321
215
8297
4517
621
78
1157
8777
8547
2734
1083
4466
7752
6078
7638
2078
6523
1651
2747
880
2239
6464
6140
6229
7782
1594
4111
6269
5352
4337
1767
2370
5553
6935
8797
1825
6507
4838
7149
7748
490
2648
8361
5828
47
5107
7709
5044
1427
8954
1641
2390
8582
8520
1040
4145
7580
982
4803
770
725
6250
954
7930
1301
5452
5594
1592
5801
3667
7688
1942
3
118
6217
93
3288
1358
5068
7666
1315
3703
6225
8584
5754
8382
347
704
1801
4841
1701
5864
3368
7945
8001
6670
8445
1632
8232
147
6287
6835
5389
2980
1076
3966
3787
4821
7592
2392
7322
7127
3498
8416
8836
1630
4089
5746
6369
1843
3353
4481
8145
7606
198
2120
8016
1472
4548
5376
3803
5239
6425
8182
5095
1879
6788
7529
4079
756
2799
1217
1772
1311
2177
5438
4064
1779
199
6202
8869
6209
5512
8056
3883
4482
8531
421
2237
3882
1892
8800
1007
4980
7783
1571
7812
818
694
5692
8118
185
102
4581
7625
2466
405
4510
6854
4757
8404
553
7588
7593
2765
123
5374
5201
7430
4100
7866
7690
3002
7508
1961
1544
3119
7823
4261
7791
8318
22
7927
6760
7054
7662
853
5274
700
5629
5232
5301
3996
4804
2396
4141
1214
7522
5536
4240
45
4118
3872
8296
8220
5928
4056
5366
3596
4497
3579
7450
2813
4403
8348
8590
5684
6090
2764
3111
1175
1893
1053
6969
6099
1648
1064
5670
8737
7031
6179
5318
4171
5200
8636
8526
8613
4430
6191
6495
1119
2037
2164
745
2193
1127
3796
7131
6524
8619
1548
5515
7773
6376
1150
724
584
3878
2362
4192
3811
7082
1944
961
4023
1736
4596
7423
7872
881
397
7680
4191
7116
2070
7495
420
8649
3214
4308
3822
216
353
7689
4893
3514
5760
2673
4556
1323
4417
793
6651
5554
6723
5161
7139
1047
2576
4682
1999
5238
2064
4527
1333
1965
8834
1614
845
4022
1778
3191
72
2792
2276
7252
5894
1994
7296
3583
3130
3681
3023
6044
6714
1743
3589
1363
1244
5416
5708
3676
1829
71
3104
801
8793
6232
1434
8260
6877
4152
6783
1422
1724
2916
5601
5898
3246
923
1091
6154
6688
6239
7158
5843
7305
4073
3749
7963
5478
1133
7304
3101
1316
1691
8859
1024
5409
1459
8670
5791
1623
7325
1567
8762
5116
3416
958
936
8494
8759
7226
8773
4627
3038
1832
454
5874
7452
396
6309
3946
6921
4931
3917
6405
5914
771
6448
6547
3849
3099
5565
7989
326
308
6397
3132
2082
334
190
4486
660
437
2597
5425
1577
1384
7800
6189
5580
1372
1695
1379
5129
6728
5300
358
4155
5846
1661
6587
5372
8849
4839
2366
7354
2541
2409
7560
3345
8210
1910
5020
4909
1881
4467
2191
7474
6221
7442
3549
3475
6763
3990
557
6744
3684
6887
8389
7985
2651
3852
2970
8388
6781
5335
7118
7582
4005
7171
5408
8993
4709
3881
5848
4362
442
1275
6007
2095
3496
776
3015
2300
2117
8323
5411
1440
7722
5327
5608
8275
8864
3156
3968
504
2865
2248
2020
5429
3753
1499
1721
3481
496
4129
2784
231
8799
9015
1395
7072
1818
2085
2850
6602
433
8451
453
4568
1134
2363
3992
6979
2428
5940
6324
2957
6421
6334
4072
8062
7245
1791
6713
2309
2081
847
1618
1071
5283
5961
6515
1681
6180
2391
763
5734
709
1739
4034
1660
4119
7208
6581
7667
516
1532
2927
7081
9034
2702
3477
4219
1042
4380
344
4676
2001
8111
2377
3364
1026
752
4126
4110
647
6402
3520
5561
6610
7701
4233
7864
6483
1013
4647
2423
1182
6901
6276
1737
434
5643
341
2875
3663
8817
855
7858
3176
3679
6693
6540
7821
1822
2517
1605
8209
894
3067
5461
6203
4949
659
3337
8394
1293
5816
3737
6994
7084
7030
4004
7447
1458
7681
5210
3424
109
1918
8760
6845
6708
4256
3064
7110
1269
4543
3020
2935
6313
1258
1619
5672
7279
7933
5432
1456
1167
3778
8095
3138
1312
4979
1992
3782
3873
3231
276
1913
4807
6878
5637
452
8441
2494
3183
7231
14
3318
445
8283
8284
6650
3736
240
8273
4665
1072
7475
2661
4853
7186
5348
8510
4657
7950
2750
1120
6520
4375
425
21
1396
287
8926
8925
6881
7112
690
4085
111
2334
7473
8940
3941
1792
5887
3928
2474
799
6933
1921
5104
7832
8949
7793
4783
4648
7251
7028
5849
1971
337
7535
7759
5420
4363
7032
641
6649
869
6257
6768
6554
3929
5269
4534
5267
8403
142
2524
2971
6026
3952
4434
3117
3305
8897
5168
8785
1107
1995
1196
698
5235
4125
3057
3264
2198
4397
1851
2483
7061
3879
1719
5733
7484
327
7924
8012
1490
6738
2718
6816
8191
6346
7497
4102
7212
2618
2353
6381
5679
1842
4070
5957
6105
8322
2319
8826
6857
2471
7126
6624
4785
850
3541
2212
1572
154
809
24
3372
4504
3840
7173
1930
2675
7886
2043
4614
7838
4573
4008
585
6094
902
46
7691
4249
5162
6418
7591
6307
3519
6882
7746
3482
4258
8484
7085
4567
5101
5390
7706
6182
5683
4998
2388
2946
375
8671
545
5967
61
715
2928
5281
8639
3833
3720
5819
7998
2821
1207
7598
4526
4046
6579
1717
8161
7204
7407
2878
3161
59
8
1357
3594
4154
2606
6489
2711
4224
1629
6689
7600
1923
7301
5641
781
6207
7341
7035
7083
8264
430
1360
8174
8248
8472
5049
2905
4272
3053
8201
7798
7636
4450
205
4513
4318
4537
4669
8053
4700
4890
4957
4982
5009
740
209
796
4177
8090
98
2892
2925
1155
1149
3028
3079
3094
3210
1096
1084
8266
3938
4053
8097
8059
5133
7755
2729
6064
7192
526
517
7156
6419
6439
6488
336
6533
6668
6671
7055
6785
6997
6991
6855
6934
6656
6060
5997
7298
5252
5276
5289
5316
272
5334
5412
5522
5547
5566
5605
5649
7544
7491
5657
5712
5724
588
5865
1255
1286
2582
1639
1665
1292
2469
1766
1838
5190
2360
2331
8748
8617
8641
8654
2003
2583
2584
2045
8974
1385
2587
2692
6904
1473
180
7921
6502
4560
4579
6132
2659
3951
7326
3847
4903
8157
7439
234
4830
971
1062
2158
5625
8741
6435
2627
7981
546
5369
3412
1199
8623
5383
8681
8736
8957
8975
9033
25
3943
1985
8230
406
4944
8747
7353
2752
7612
8682
3974
4702
6862
7385
2148
5428
5907
5942
8706
1460
4587
8285
8401
1790
3705
359
4050
1871
3948
1848
657
2367
6166
8400
3238
760
6512
5578
5655
2629
2964
4066
7038
4638
2616
7369
3611
3046
2015
6497
7103
458
3330
8143
3725
53
4621
3971
1260
1846
1727
5664
7302
2213
2093
935
3365
7802
713
5718
1970
3125
4295
7150
5689
5719
8694
487
5751
3809
459
177
5778
117
753
6308
4790
7196
8146
2270
5815
1754
3005
4431
2787
2265
4777
3082
8862
4722
3091
2097
273
4883
6083
5619
3234
3487
6776
368
4301
6567
8418
8761
5558
6739
4705
3446
2804
2726
2054
408
6157
2275
7951
4406
1550
3911
3716
4623
7537
1088
7460
2056
3261
3927
2645
8387
2825
1038
222
4991
2989
4216
5986
5015
5001
133
3148
4488
6853
4446
6677
4399
7702
2361
7394
4620
2748
3360
2104
2969
6561
8713
3614
8466
3827
1540
1545
1735
2803
1436
7167
3797
2707
1429
7902
7915
819
1282
5423
3590
7611
1471
7564
2430
4455
551
4536
4670
596
8850
8870
8004
8211
3086
2404
7557
5695
3266
8620
1932
7912
7639
7538
2372
2446
5052
1339
6335
1608
3121
2493
6839
6034
1528
2401
7772
7696
6727
4130
3655
7359
705
5840
8625
2640
447
7377
1074
1426
3658
860
821
7094
5051
991
1234
104
8096
5013
7113
1709
6467
4294
5445
183
4381
841
8134
8107
8606
1331
3039
4552
5260
1159
4962
64
5181
401
4577
4508
2214
5251
6136
7219
6471
23
1525
7787
2497
5467
1903
3495
992
7331
4749
7300
8491
714
3258
1487
520
5259
6594
2760
6504
4474
7468
993
3837
692
567
594
7140
9058
3168
9059
3538
8630
3793
540
7849
2967
8204
7905
620
1533
2617
4236
3823
4863
2049
5360
7855
2009
6476
4076
1141
7959
1195
2907
4809
8512
3562
5470
2564
1720
8379
6675
6627
4518
5008
5311
2206
8050
8030
524
1303
7153
5296
4027
2405
6595
4502
6810
8735
5080
2719
5208
3152
5046
301
3944
7184
5680
7599
5579
8128
7803
6359
1082
5305
6490
4758
945
3497
887
8476
2828
2557
3981
2496
5502
7882
5139
362
3598
8810
6080
3000
5929
2021
3957
4600
8996
8935
6513
8385
30
4019
2263
7939
8517
6423
4088
4495
6811
922
7714
7066
8806
8561
7144
6537
7098
8904
3436
837
6707
2938
1000
2984
5454
7995
1283
7154
372
4371
6961
5384
7259
8573
4514
8405
5792
7202
238
7074
6669
3576
2281
3432
4940
2223
346
3958
460
2757
3722
5419
7553
1763
5096
8186
1650
1959
5562
5781
369
6494
1428
465
5347
6113
3022
5481
8486
7
28
2025
2273
2059
5589
4390
4593
4330
670
2347
2532
3543
7063
3142
6015
4293
1313
4257
4493
527
280
1375
569
3814
4742
6206
3530
2468
3484
877
2434
2178
8005
8685
3479
3675
2169
6511
6843
1173
3095
4194
6641
8267
2046
5108
2168
3459
8861
611
7763
4639
114
4193
5642
4421
1320
5355
1030
6380
3003
1297
8701
1457
3441
4103
373
5134
497
4190
8463
6433
5312
688
3075
3428
7712
7075
8973
9040
8964
9017
3724
1956
3650
1568
5186
5936
2065
730
67
6029
8346
2101
444
8601
8663
1370
5160
4578
6311
6199
6067
8742
4132
3757
3180
1160
6920
2615
8178
7396
7437
6585
2024
3298
3291
2896
8160
86
4277
467
4528
6181
3558
7169
3297
1374
4146
3321
361
8743
8458
8162
1768
8844
5025
646
7059
8370
5127
4636
2458
4934
2264
4180
4779
8205
6337
4633
4368
3272
6484
5700
1827
9027
3693
7142
3765
1239
2522
8557
3743
8677
4247
4189
8603
8541
1997
8614
8345
2697
6147
8971
5994
6458
6674
1124
1480
1412
5842
2478
4827
5279
2166
736
3503
4720
6312
1835
6197
7551
4166
3894
1853
6912
8443
8867
6787
4361
851
1337
3574
3779
8390
4415
8857
3689
7426
7806
1920
3030
8589
7391
827
7897
2146
7518
5449
7733
4551
5287
4739
5194
8054
702
4153
5448
1852
4800
7234
7227
5713
5485
4640
2882
5519
5572
4327
6028
1888
249
8172
2234
5131
6548
5948
2580
6093
1686
8875
8986
7721
8310
4995
6256
7317
8628
7936
386
2845
5639
6924
8406
1516
8692
8360
6830
7637
4844
6941
2406
8651
682
6751
7614
7242
608
1206
2460
6737
4631
2731
3093
8139
2684
4033
4984
6582
8447
6849
5184
604
4024
2693
2598
3440
3212
4298
3076
3366
8693
7181
3739
3460
4613
1887
3467
2200
2508
1863
4115
1
7349
6571
2897
4454
33
4268
727
5953
7433
8236
3026
8042
3200
5732
6215
2972
4209
8506
5377
7814
5234
3265
1254
2488
644
4674
541
7816
8075
2034
8946
5333
6248
6643
3922
1652
2800
2654
4775
4908
6104
6629
3683
1077
5021
4336
8087
3186
6797
9048
4238
4661
2359
6261
5878
115
804
4352
7730
5474
7058
2585
994
6375
4410
456
768
2354
6288
1872
3492
8084
4315
322
8910
4144
268
3137
2076
857
2161
12
7831
3279
2952
7962
8422
5661
5587
2203
8450
8019
160
4731
7857
7026
5521
2981
8028
3225
4535
8164
4185
2196
4865
1817
2590
917
5550
7918
7642
5830
479
8579
8502
8618
6426
1672
4316
2681
7111
6210
6374
6020
2258
2073
2284
712
2421
8766
2985
1728
1974
8503
6925
357
1815
897
829
4035
4879
6604
3628
3219
940
3674
4172
4628
5744
721
8823
4521
7862
5739
2695
7811
8648
7337
1749
2246
8233
7024
2407
6823
4148
5853
2066
3325
8523
4660
580
6410
4626
125
8415
8749
6752
5917
241
6876
3848
8854
1756
4093
3899
66
6390
8544
7558
168
4576
4276
5254
2502
4854
4369
5202
1663
8039
3060
2057
4386
7908
275
5711
5295
3278
7096
6406
2579
4699
942
4378
1777
2172
4966
1880
3324
3521
484
2316
2523
8309
4494
8550
2552
7456
8598
2755
5206
187
4756
1366
7843
5584
3326
4414
7991
7297
3510
3315
189
1730
247
995
538
239
3143
589
1413
473
8638
886
3746
3812
4696
2339
7972
2328
4377
3207
2642
3860
2243
2373
5255
7859
1270
5303
5250
6910
3699
3700
4394
451
1454
522
4977
816
5535
1004
4142
4091
7928
3196
8716
6159
7087
143
762
3280
1285
6837
84
5026
6208
6291
6842
3711
5932
6682
5837
5549
3096
3307
5246
8101
2089
7568
203
7458
1669
6937
8977
797
5569
8813
6866
2186
2501
7664
1760
6575
3798
735
3370
4117
5436
5924
4090
6143
307
6422
803
5818
5596
3864
3400
8249
774
2091
8414
4917
6111
6370
4226
8563
2894
1601
6850
4802
3135
1126
2655
9039
4000
3250
6786
4326
2691
1604
1637
5604
2732
5598
1272
3638
2435
225
2708
4479
6822
5284
5356
3239
5039
4426
5299
2197
5489
4291
3550
1659
5204
7459
3625
1591
566
1697
5469
4312
6664
616
618
8535
1859
110
1580
7375
136
1215
7780
2547
946
4562
3129
3425
2789
313
8335
7547
3740
4284
8882
243
8739
5148
8697
4719
7650
498
6003
4828
8847
8367
2125
7312
2831
1781
515
3034
4808
4244
5011
4054
839
4400
572
97
2536
7587
8268
65
3304
2227
175
1065
1227
2208
1010
6957
1326
1963
7174
1152
3047
3557
7249
6492
4935
5118
3662
8420
5193
5869
5465
4530
2604
3556
7162
8288
5539
3114
2856
9012
9043
7940
8987
7935
1598
1158
5926
2286
3915
8124
728
3418
7758
7764
2112
6151
6449
374
4799
7187
6735
2498
943
3565
6249
4469
8684
3343
8622
8668
6040
3213
8048
2480
846
3708
3965
4109
4624
8790
9021
6063
5749
94
8377
5804
492
2425
3131
6051
7329
3828
4462
6560
4888
899
6808
8548
1750
284
7289
3533
3741
5742
6438
4270
973
449
1891
3449
1081
2929
2768
5033
4572
148
4547
8936
8156
2495
3174
7828
2083
7291
4585
7027
6407
4136
5264
1980
6057
1745
2595
612
629
3204
9007
7877
99
3430
8277
8254
6542
5149
6701
2477
5710
2885
3959
6546
2479
6008
6923
4176
3706
3116
7002
953
335
4658
4013
1922
131
741
277
7724
4382
5621
4529
7079
2667
2289
82
1513
8356
5213
1839
6893
8933
7979
4761
6482
5143
8344
4156
7875
1574
8026
2844
2216
4936
2467
345
8566
1180
4328
7896
6720
4943
900
1362
5034
3570
6236
257
6592
8703
6968
3701
2039
559
6555
4574
8368
5623
6360
7827
3512
2179
2103
3097
1708
6082
8852
4187
5060
8725
6125
5510
1569
3750
2099
5451
3649
5504
4354
5568
4632
8912
2185
6461
3774
3120
3799
4470
1682
1070
759
3863
2389
2044
3656
4133
1507
843
387
7238
1875
1476
4792
5794
1702
1925
3017
4501
3146
8490
6672
4201
1307
3435
6996
2504
6574
5574
8456
107
3470
1289
6076
1514
5253
7088
6526
3456
7457
5702
6343
6549
2949
8788
3473
5117
5074
4710
889
3961
4701
3375
2451
7583
9056
4458
6347
8717
3069
3285
1950
1996
7233
4787
7644
2340
534
1219
2772
2534
8131
2738
3155
2251
1860
3989
3133
3969
4025
4202
6475
5985
5336
3423
432
3019
4227
3356
5557
7418
4597
5401
476
4892
5041
4018
4955
2591
255
8165
6976
3792
2271
6754
5823
3763
6281
5230
5805
1170
3729
5925
2815
8423
8635
7109
4859
285
5277
8354
6296
3572
5897
6100
3691
4878
1145
5772
7303
8226
8228
4020
9026
9022
5939
1761
2926
76
1085
8083
8237
8227
9035
8945
9014
3876
3704
1780
4077
5648
4448
5810
8858
4675
6102
194
3885
7402
1202
3410
6812
8465
8830
3707
4558
8469
8884
2157
5012
2491
6399
7512
1899
1645
2537
6331
1869
1831
4438
3054
1306
6530
3780
2978
5980
2126
8103
6499
6032
8462
6054
6371
7230
2171
8364
8873
4199
3355
5271
3697
8758
5222
1689
2302
8459
5258
5738
4174
2656
8908
7207
6021
6069
2728
6802
411
8953
1416
2418
7984
1894
8175
8014
2351
2047
4734
3188
4866
5537
1352
1177
6107
5032
3761
5976
6761
4099
7365
4609
7770
8242
5359
7503
6510
893
5915
4200
1967
8221
6938
758
5150
4833
6131
2053
581
2888
800
3561
75
320
7884
7225
4716
1503
3871
7883
536
8037
2968
3488
4267
3641
4762
5224
5424
7573
8530
4307
2296
1692
5368
2084
2758
6603
3036
6198
1063
8947
5349
1896
1947
3381
2337
289
8341
3403
7310
8568
7107
2922
8305
6657
2839
2663
79
3669
481
7342
2014
3480
7323
2904
2608
4173
7753
8718
8373
491
4976
7792
3979
7929
1318
8643
3163
7771
778
3092
6231
8033
8027
3539
6122
4544
2913
9037
7166
1209
5847
5674
2951
1335
2127
879
909
1878
6794
3947
7376
6747
1986
5346
8069
7804
4651
6977
5045
3253
3382
4264
7280
2280
4575
2380
6929
6545
6814
3303
6273
2154
9009
8719
1300
7348
5721
2455
8784
4857
7845
3048
2292
1164
2824
3891
525
1816
6900
6386
2945
4387
413
4206
929
1224
5350
1373
2900
2901
8942
1140
1911
2454
8066
1898
6240
5100
8820
3112
2809
8982
1075
1982
2769
6362
5545
1291
6971
5147
7319
1634
163
4028
2152
4017
7869
7913
6658
141
2291
3218
4715
2739
6981
237
3867
1901
2307
6274
8245
8046
5326
4549
7267
5989
4447
6096
4263
3678
4420
4867
296
3511
4601
6501
1290
1233
2194
8222
8256
7900
4855
2344
4063
5779
1547
5337
4429
686
974
5965
8140
4697
6684
6081
2245
2745
149
7403
5457
2436
7414
4825
989
424
3329
1341
5171
8581
5357
2429
8325
6389
6841
8044
8091
754
2686
1755
3710
5862
2385
6393
2283
1867
8010
1715
5158
8339
4356
4708
1987
2000
3411
4602
2443
6973
3925
3889
5245
4947
577
8989
9024
8979
8970
8994
8967
9045
7987
9032
8017
8809
957
6626
3855
7285
7194
331
323
2031
3486
3874
6112
3044
2518
8334
2683
393
509
2288
747
8024
2712
1027
1108
1505
4290
2244
290
8065
806
3982
640
4167
3544
2274
7425
5166
2941
1636
1919
2487
3260
8473
8709
7747
8775
7996
9044
9042
4964
8959
8976
8939
8934
8061
7973
9016
9013
9004
8985
3421
863
4248
767
6733
5215
4590
1958
3851
1447
932
2484
5306
3224
5795
8471
593
8114
3448
4922
1092
4563
1759
1257
1897
8644
1570
1770
1808
7155
5955
1588
5358
8600
2820
2917
286
3251
8929
8909
849
367
1771
7501
5533
1531
3323
6160
6799
2187
3552
835
5362
1979
2834
1122
6214
4884
7835
2069
4704
6216
3839
7172
1045
8669
4511
1803
446
7018
7340
8100
7790
448
3939
3584
2332
511
1990
5226
1805
8384
1690
8392
1638
2062
6175
382
4895
7257
4478
195
8962
4540
4550
2944
4583
279
2381
6270
2724
340
2641
4753
2611
2505
6491
2431
4254
2837
8449
4441
8560
7499
7434
4059
739
1386
8645
6654
6700
6440
874
3835
8730
632
6010
5491
1475
7489
3808
1156
3534
4760
1336
7675
4509
3374
8571
4832
1972
398
3327
5422
2132
4349
6617
6493
3341
2030
1824
2914
219
2716
6990
5082
6451
6061
5595
3311
3256
6699
3319
2709
1515
1747
2857
2940
4728
6322
1317
5627
7333
2823
8691
8040
8163
3182
4465
7455
2209
1538
2848
101
1742
2880
1008
4993
2426
6358
1469
5057
5903
3340
6084
1044
3764
6266
3208
3845
3471
3269
5170
4087
1185
2998
2242
6659
7659
4619
4729
8411
7807
2384
8952
1191
5582
7975
1251
665
3149
4834
3029
622
5534
8478
6698
5529
2509
8633
6706
8824
7401
7387
3236
5798
2842
664
4367
6226
5444
49
3359
5667
2589
6793
3605
1845
4594
5217
3609
1795
7903
1596
1677
6863
6612
4428
3506
5002
8868
8480
7261
8153
2416
6755
2947
3413
1551
4443
4398
370
2847
1890
7392
8554
3616
5567
7332
1539
2141
5280
3472
3654
1089
2876
4659
8877
5313
8664
2829
422
639
7566
3010
5263
2704
3931
8032
7635
2852
3405
6875
6114
1204
5381
7525
8662
1277
3331
3600
7073
2862
2181
3535
5956
3859
2562
5731
8362
2607
2290
8965
5966
5592
8632
8724
3636
6596
6637
1441
8679
1477
300
5827
2796
5243
6922
4444
6809
3802
3203
8105
3758
7744
4823
6193
1020
6050
1438
8427
1376
6167
5866
3032
1059
3499
81
5069
8580
1488
831
3769
155
4170
6661
1433
6119
6186
6043
57
6430
5099
4452
7762
8314
8721
6073
2156
4747
9038
5614
2575
1834
3607
5610
6640
164
6836
6749
834
9000
1098
3016
2698
2135
6818
5102
9030
2448
6844
3618
4014
1263
167
6743
486
8020
2382
4622
8558
8022
2412
7328
2204
1273
2511
6516
7292
8045
1166
8176
3665
6447
5085
4060
1526
3659
6945
7051
8104
4969
3631
7532
1675
6234
5581
4689
4084
4461
6909
1984
8794
5951
7567
462
2190
5784
7077
3317
8171
1841
6298
1674
3201
7836
8386
8961
6916
6323
4477
2975
2948
4112
3853
5084
3431
7090
8102
4203
2737
4766
4188
5950
6400
7004
8271
5835
4512
5693
1500
5036
3806
5174
4721
8355
256
4364
3347
2840
1935
6268
3249
4198
8866
6213
6149
1474
8752
8599
1176
8448
4772
4986
1262
4973
2259
6292
6158
6357
8513
1696
3892
2445
3245
4990
6434
997
8588
2229
2696
2960
2567
6002
4939
4439
6655
1017
3696
435
2413
503
7873
8293
5209
1622
4668
5396
4051
2449
157
7269
2635
2348
1868
1351
2539
7734
7661
274
1951
673
6821
8728
329
2312
8922
8776
8686
3313
8744
549
4456
8732
1977
8731
537
1968
7009
417
652
3179
37
6126
1161
3608
813
5765
4057
4011
3937
7321
1496
3926
5343
6163
8607
7260
173
1900
5756
2232
466
6832
7743
7822
7788
2868
7287
5197
1698
6466
6398
2017
1380
6279
6859
8801
8538
1421
8876
7546
7797
7891
729
6392
4928
3007
6072
7130
5571
3263
578
468
8409
416
941
2349
3522
7654
3247
3394
1163
4655
4416
311
2973
2665
2553
765
1731
6481
7129
645
4926
3500
4698
5092
3395
5638
5338
6940
8229
6444
5991
3273
6042
6528
350
6694
4569
6647
7446
4901
7211
3886
2992
4250
129
2256
6703
8795
3657
789
3037
5996
2943
7193
450
2571
5064
972
2594
2939
4061
4846
8287
2869
2267
3105
236
5433
8950
4359
8804
7240
2402
1937
4667
2114
2355
5421
8787
5257
7360
5959
6702
8792
6614
4006
5297
3916
5351
882
7494
5797
8992
885
7290
7601
8539
8667
1882
5626
8729
3528
7727
8080
5043
3080
8276
3349
4499
2397
8025
3008
2812
244
7999
2740
3918
2482
2295
2889
7513
1927
5728
6295
3295
310
8330
5517
6156
3924
4788
2255
8071
248
2180
389
969
3805
6277
6265
8144
3197
1527
4950
1746
8532
5518
8133
9053
5575
5314
4975
3566
6259
8492
7314
6035
6959
1585
5787
5651
1667
113
6045
269
2703
8791
226
1419
8516
457
7613
833
7698
924
7478
2836
3991
5152
8555
2153
4212
7445
7683
783
4339
600
7720
1751
4662
3284
7947
8819
4769
1858
297
4251
7404
3913
2182
1705
587
4075
8704
4121
427
233
4794
934
2538
7533
6224
6486
2988
139
3760
6709
5361
2735
3489
5236
4078
3950
560
6036
349
5782
1489
7037
7520
5022
3206
1342
2867
4331
4814
5404
1309
4239
478
2838
2376
7920
6318
554
6267
5023
6455
8488
1938
8658
5237
8294
8597
8499
8772
2026
4140
1782
1482
2075
4487
3542
1554
6103
5645
1969
7749
4811
7273
6303
726
2215
2770
3967
2510
6450
6479
6620
8556
2282
5899
4952
7687
2936
4228
5332
8342
2990
8353
3165
8216
4717
4348
5340
7078
4843
7685
2841
4047
3668
7571
5999
6691
2055
7941
495
2965
2129
8047
2313
1406
5913
4432
764
1915
3310
7048
6201
5386
1418
5380
7570
8173
7001
3613
2130
8169
731
8151
2806
1683
7716
4889
44
7581
6769
615
8316
5612
4532
4007
4334
6286
999
1522
5393
2124
1949
8612
7556
5968
2954
1483
7016
1926
7530
7983
5136
3768
5365
2891
1401
8363
6583
1800
119
870
1284
2260
2921
2843
4195
2472
80
4887
294
3185
218
6993
4617
6095
7120
3715
7874
6874
826
6865
8149
3073
5028
2535
4864
6696
270
3450
3167
6638
5440
1216
7218
6988
5070
4795
7485
5513
6820
7007
1243
6770
1437
1644
2221
6665
5293
4234
3507
6302
4604
5526
2822
2369
4351
6576
4773
6826
5027
7630
6365
6773
3575
2808
8763
291
1271
6566
8240
6847
7295
2525
5885
868
7449
7102
571
42
1741
5880
8960
7826
3807
5503
2744
3921
1876
4774
1809
2074
6985
4780
6453
3027
7428
4861
8507
7993
7937
8710
5125
4246
6443
500
651
1146
8262
3639
2577
5062
8399
4750
2175
3702
4384
6553
4220
719
7692
8905
3178
3338
6038
8493
6204
5696
1581
5841
5588
395
4900
211
8827
8138
7136
5066
3172
8542
5686
2632
1748
5286
6955
7339
2006
658
4169
3491
1509
7288
4342
3972
1886
4652
1671
6618
2895
9003
3783
9025
8351
6966
8891
7281
7133
3731
6306
1349
6962
4218
5714
5705
4997
5187
6338
4253
2996
5520
2861
7362
3373
2298
3293
1909
2982
3255
7493
1575
463
7179
3866
5586
3362
1948
7363
6919
8115
7925
8215
3024
521
3660
2453
8357
1562
8537
5748
7504
3692
2908
544
8722
6913
176
6834
4374
5038
3869
5492
8185
6174
568
2610
2100
5755
988
69
890
288
5462
7506
2596
1381
7132
8888
8650
2912
4464
3268
7015
4871
528
944
4062
8430
3059
3322
3754
8565
2139
2699
3367
8551
3378
6194
5814
3358
3548
4608
5577
7534
2155
4724
1305
4451
2038
6442
2403
2555
5873
5632
1450
637
1978
2506
2383
5456
3623
4781
5288
6536
6018
7901
1582
9011
4650
3221
1130
591
8274
4625
3795
3396
6888
5165
2072
1232
2714
2622
3150
815
6952
7841
6023
6412
4080
6056
4036
2794
5195
7735
1857
6796
1520
8915
8815
2530
5205
4092
4269
6097
2779
3516
4812
5954
7308
5777
2311
2785
5123
5768
1981
3748
1820
4522
8917
5482
1238
6543
5665
3072
7552
7336
1836
7994
780
737
6238
1740
7062
3586
2646
6503
4113
6385
8855
8672
1529
812
4607
3011
3635
5844
5196
5599
3923
3237
7334
2122
8148
2490
8086
1797
4305
6899
7511
7246
4813
1556
108
6000
1560
6514
1955
7604
5403
3181
1194
5179
2515
830
7622
1296
1261
6108
8963
7524
3932
512
4306
1169
805
4333
7386
7138
5934
8907
3890
7728
5460
8194
3553
4157
2041
2415
95
2687
2109
506
1542
6950
7809
2379
477
6687
4637
3721
5620
4559
3735
2199
6039
4778
2183
6014
513
4292
2662
319
4418
643
1034
7307
7550
306
1242
4730
6517
2531
8610
5493
2238
20
920
2906
4516
7164
6742
3241
5395
5019
409
7844
6220
8508
227
6275
2605
1465
6815
7100
7214
2958
7840
8193
7660
7177
1603
8998
1310
4221
7663
5806
6804
6320
4801
1718
2987
8780
3560
4671
3445
4733
5918
7168
3071
757
1248
1576
7942
4692
5172
4044
3751
1774
8188
1144
6791
4002
8281
8279
8774
4713
6271
1099
6593
3408
2461
1807
8060
2503
7850
4763
786
4207
1346
3742
7343
3192
3935
3216
6474
8567
2569
3829
1656
4396
9046
1833
4104
3908
1738
8218
7467
202
3063
5405
4086
6838
36
1694
6565
4300
8944
6764
1350
3785
5729
6746
6300
4347
6066
609
5275
2986
6765
5559
5758
6329
1225
5119
2736
2701
5803
6305
4505
6055
7895
2881
1051
1762
4918
4346
8705
2368
1056
1678
90
6908
7160
531
4009
3302
174
1612
5387
489
4545
6123
539
7213
26
2393
3930
2257
8498
6315
7602
1670
9057
4819
7022
2400
5785
3830
7949
9028
3102
4735
6153
918
8077
6825
4210
4771
4178
7440
583
5137
7441
4010
2722
915
3077
6870
2119
3531
5812
96
5135
5763
3107
7548
6529
2457
8098
6272
2666
4663
5743
5666
7760
4329
1142
7658
2071
6591
2143
8689
4242
1205
5546
3733
8126
1699
3376
2810
2329
1393
723
563
1599
6568
2959
7095
7217
7410
5764
605
5911
7320
19
6663
8840
3415
8673
8596
579
5633
5962
2440
2676
315
3816
685
9029
8848
5097
8031
60
3259
3001
8733
299
919
1810
9047
7856
1181
5342
2087
8881
6930
5006
4642
6690
1025
5382
330
7768
7248
260
6984
7239
3434
2279
697
8280
2512
7000
7490
8843
1443
8082
8578
2060
2690
4480
7057
7117
7536
3021
3275
671
4473
7182
548
224
5325
4055
366
3334
1519
4197
6254
8812
1018
533
4425
4313
5879
8109
263
2749
5464
4401
6027
5774
2486
5974
1256
2476
3536
565
3762
8015
8984
6784
6936
7492
4283
6089
178
5455
1455
7968
3144
2639
7294
4335
3767
7052
8616
121
4820
1452
5998
8094
1321
3690
1417
4981
2
5573
1481
8497
9054
4082
6525
4037
5262
4159
7408
3794
4782
1019
867
2717
3494
3887
6686
1983
2042
8303
7596
7668
4850
7060
2249
5516
4411
2620
5669
2677
8119
926
3220
2450
193
6982
2254
5635
5112
4213
3973
7358
1624
7718
7479
980
1052
7971
171
6445
2798
385
4341
5086
817
1991
7033
3821
6373
4299
5682
5882
2797
7465
8811
8202
1732
5923
7122
4829
4065
4745
1611
5715
3685
8591
3525
8166
1518
6413
7842
1811
4703
5315
6135
5363
9023
8252
5673
5400
348
2005
619
6544
7256
8338
2955
9002
5078
1111
4611
9055
3202
3624
3088
811
7736
6860
5652
266
7761
8408
3452
6712
1353
7750
7178
1814
633
8372
4106
7505
428
3877
7406
1121
1775
7017
3339
3745
4897
4492
1115
8559
3223
7412
6995
4635
2741
4945
5987
6678
232
5225
7161
3254
1729
138
6505
4360
488
1415
6176
7938
7805
4409
3909
7665
8995
6120
7887
3643
390
7870
4852
383
3160
4205
8511
5867
7673
617
7710
7705
960
3988
4725
1448
2321
6152
2048
8829
9
4858
6987
1324
5294
2447
8680
592
1954
7097
5616
188
3447
6918
2625
3242
5497
3267
4796
3712
7682
4727
5993
590
6519
4433
2934
3274
8035
8665
6164
5850
2170
4929
7655
3409
627
722
1635
7976
6722
6070
5808
1640
2323
937
7926
8052
5583
4436
8213
5418
6048
438
5272
906
3194
5858
624
3786
2352
8190
8879
5895
4222
4561
2128
3653
7065
5979
3205
3308
5944
6628
6869
2067
3504
5278
3501
250
2872
6960
2634
8187
1939
6609
2499
5159
1563
840
2308
5933
6792
436
7352
10
5173
4666
7643
3061
5881
1812
7200
5442
4134
6879
4965
4485
4164
2224
4039
4353
8197
2774
2411
51
4741
8927
5901
6368
2835
5266
3173
1189
6601
8943
792
3752
134
2395
8312
2542
5323
5075
5876
5103
4644
788
8583
8426
678
210
1006
4404
2602
1602
3333
4468
3564
8642
3070
1192
6569
2884
3065
1276
883
7398
1135
8783
4958
7824
552
7590
103
73
5946
292
1559
7565
3089
916
1934
9018
5896
4810
3527
8270
1789
3361
271
5884
5889
3401
3262
2833
4849
1445
3775
2669
1914
708
2995
6948
1543
2527
6942
5484
4442
8621
1870
2780
2743
5248
5977
5472
4740
3363
675
7206
153
8041
2621
7808
5647
5982
978
1673
6117
5706
1399
3970
5576
426
6817
4376
1953
7953
7318
2870
1132
6573
6408
1442
2322
6009
1266
1031
5203
1171
5634
5570
5499
814
5014
5345
6465
5463
8734
1546
6395
354
8043
3747
7123
1405
6074
4906
873
3352
7970
8321
1679
3342
7327
4732
4989
7264
5564
6715
6931
5178
2408
6623
2570
5528
8536
52
6795
7482
1137
4688
5775
3571
88
4321
3781
2966
5113
7909
3986
1498
7165
6819
472
4916
3905
6326
332
2544
775
7266
5676
182
3187
5488
8674
6030
3601
4255
7424
3429
1960
7848
1230
6824
8315
7053
3402
2721
3776
2600
8013
5813
6500
1404
3698
844
8860
6460
213
7008
8913
7632
7572
3621
5591
201
5863
6363
3406
11
6740
1517
2601
5447
3630
6856
3919
2098
2163
70
5120
1402
4791
1021
2612
3290
3592
2343
3949
6459
91
3688
5704
8079
5921
5555
4471
8429
1895
8154
7163
1649
7879
7253
1029
8529
7106
380
3759
6062
3606
1425
4869
3694
7210
8457
3766
4281
6235
5893
3100
5392
2723
2310
3513
626
6538
5227
8754
996
2855
6667
7476
8991
4127
1823
8699
3283
8846
2439
1174
7784
9008
7820
7723
928
1211
7652
2593
8893
2609
8064
6521
7584
642
5735
638
5762
7745
8057
4678
6404
1478
2540
4122
7779
8883
333
8845
912
5145
7540
5922
1212
6590
1916
7379
3299
5927
7483
6388
6790
5056
2007
3090
3517
766
5943
8258
5164
4737
2272
8413
1905
6989
1600
6851
7498
8514
4162
6634
3419
3983
7830
5723
2963
3271
3244
3850
6621
3292
5431
2556
3074
7521
2706
5941
485
939
4325
8243
4915
7371
720
3127
443
137
8655
3009
4985
1706
2386
4373
5904
5146
5053
1278
7223
1558
2092
2102
5319
7324
4032
8727
1403
4128
4764
7397
3461
8802
4896
2394
8455
5273
8807
5450
2492
1298
8545
7265
429
4043
6414
4525
2325
5088
1361
342
3414
2859
8887
7040
34
4656
7023
8073
8359
7555
8487
8865
8980
2364
7839
5109
200
6905
2742
6237
3417
4630
7894
4392
5371
1168
6902
507
5541
5552
7148
6379
4848
3888
5483
5691
7092
5617
4370
5707
3012
1929
4603
5920
2766
2886
4691
7293
7754
304
7427
4898
4571
3677
1123
4837
4108
5859
162
4160
3526
3083
2931
252
5597
7372
403
6314
8919
5055
5156
3963
6884
6750
4041
4275
794
8168
7885
672
2866
7543
8521
1583
6091
4942
1666
7708
1329
6139
6753
7861
7276
3588
8412
9052
2357
2050
5832
2441
5115
2121
8576
2192
5180
7871
2240
2241
2643
3804
8257
6327
2664
5061
5532
7299
2032
1378
3547
7152
5860
6928
8366
6059
7229
5703
1793
8549
6730
1222
3465
6999
5600
1917
3644
3573
127
2365
2261
8489
262
4941
7045
6673
5094
2565
6914
687
1492
6462
4690
3954
4776
8147
4067
4319
9049
165
5602
152
1102
3035
2753
6710
6106
5124
3893
4907
4856
2599
1676
6951
668
4279
8652
4797
1193
623
4161
2346
3377
1680
4886
7176
3648
2720
4714
1330
5304
4956
4885
7742
6732
5413
5385
6472
7361
7338
2573
3230
4937
8317
17
2252
1354
2019
4870
7627
4137
6599
120
6578
636
3243
4182
3545
4311
1015
4919
4902
1218
6293
5678
7628
8771
3139
4677
4542
7466
519
4096
6917
2887
784
2649
5292
4343
7235
6289
7429
3062
4183
283
1908
4564
8433
2520
1885
3087
8200
7889
2398
4923
3789
842
2660
8304
3136
6880
4978
5207
4589
5188
5397
6310
6161
3463
3195
7258
4881
6416
1259
318
480
4751
7515
3282
6871
8195
4873
3240
573
9036
2414
1802
4252
8272
8968
8136
2094
8007
3999
5831
5130
5659
6858
891
3226
1369
6619
1228
4366
2961
3392
7603
474
5268
1613
7282
2262
7451
6317
1229
1826
4683
1226
8089
5697
7695
282
2624
8533
5971
1466
607
4584
3427
5807
161
6227
7523
2549
7562
5373
691
8319
2781
2188
7741
1849
3199
5228
1468
6116
3819
3960
5937
3233
1962
8687
5270
6283
2879
7145
2002
2437
5699
2528
1095
5886
981
1432
9010
251
1086
4413
5132
6721
979
3582
4143
1610
156
402
625
1105
3784
930
7356
1931
8955
8653
1241
5427
2226
3842
2106
3597
2268
3455
2133
2759
3171
6577
6508
6071
246
1410
802
8159
3485
7624
949
7243
5388
3645
8150
2410
4968
352
229
8841
8838
3383
3211
2560
7881
2700
711
7578
8631
7944
5817
2614
4553
2159
6110
6679
324
2819
2068
7656
5836
455
7904
1884
3640
5757
2278
6570
8397
6600
1143
7633
4323
4726
6290
343
7069
907
8152
5426
2581
7597
7954
7382
1753
1392
7316
8081
4379
3682
5446
4296
4071
2269
838
7906
8183
7846
8519
7649
3585
3141
9050
8464
7496
3578
5128
7575
5636
8880
5059
8158
7686
8289
1966
5824
2974
7700
5439
4599
5142
6101
8932
4987
1039
2433
5919
7067
5110
2131
2266
4358
6734
7330
6367
4029
7462
8637
3629
3393
4405
1733
5048
1201
2689
8624
3045
7676
8167
8586
5175
7833
7272
6155
8231
5214
2864
6646
602
3451
4101
5675
8328
9006
8608
4748
7487
4592
3587
4718
2776
8528
693
8419
5434
8011
39
3153
8911
1541
5004
7071
7931
7383
3398
3490
4953
4304
3335
150
3123
4472
6541
7704
5410
5415
6195
6130
5786
9031
2715
7415
8398
8327
6605
2932
2195
3744
4402
7070
1147
4165
5802
2793
1711
206
7670
5379
5501
3014
4684
6498
4419
5157
2997
3993
5992
2578
1411
4786
3626
2979
8051
3523
2827
699
6336
514
6049
2807
1589
6
1359
2079
3896
1236
1799
2167
3907
6065
1287
6299
8239
7957
8592
5054
2572
3228
9051
4211
970
4026
8130
7964
5029
7834
2561
6211
502
6457
8461
4001
3559
5040
2950
145
1267
8708
8914
8479
1943
7183
2294
3604
975
3844
3217
6903
4933
2860
5507
3033
836
6771
7554
2247
3901
3300
8235
6886
5320
7595
4303
4960
5615
5727
5871
5868
8460
854
6852
2514
1033
7774
2680
871
4280
7421
5776
8425
6608
8966
8789
2930
7914
606
7268
5511
2623
4340
4083
2442
5459
6218
5908
7209
1796
4186
7932
4618
1037
2378
6827
5542
8898
3568
2345
356
677
5560
7043
5291
5983
2795
2022
3145
1873
7563
2991
4694
4686
5662
1050
4016
5256
2725
4163
3296
5861
6729
4904
6230
245
653
5183
2588
8683
3936
2566
2619
3730
5875
6896
2898
8595
3031
5740
8972
5076
2818
716
6926
749
795
6017
1060
4149
6383
6868
267
5709
6586
1203
3052
4229
614
5310
410
1945
4743
5490
4138
6301
6911
3159
1444
3875
2519
281
5111
5650
1279
3726
8751
3118
2853
8189
3914
186
824
3126
6778
4759
1009
2219
5947
309
4954
4992
2145
8786
3162
18
3154
2923
364
913
3043
6052
6846
5701
392
8023
5624
8938
1106
6944
3433
4285
6187
6506
8990
5514
4765
555
5663
8127
7076
773
7907
8828
782
3964
1453
5176
3025
2863
1179
3619
8263
3157
910
962
744
8036
1295
6676
4289
6970
2775
598
1606
3563
3476
6588
2678
106
7064
4445
6692
6756
3314
5407
13
8261
7190
471
6774
41
5856
8522
2016
5089
8805
4265
5737
7222
1658
3081
7986
4389
7124
7034
3791
5441
3788
888
5031
5083
1344
8477
4851
8781
2475
5302
5105
7101
5394
4435
4646
7852
3051
4422
7640
2035
6377
1100
2077
7119
2138
4925
8371
7351
5233
1617
4643
898
221
6906
3257
8116
8923
6372
7974
8505
3110
7220
7089
8524
4120
5091
1788
6092
4385
7388
1036
3555
8707
5618
7056
4847
5654
4546
7080
6562
8878
8768
3666
1856
7021
3976
8206
5668
1710
1097
8286
4241
1506
7539
746
493
1101
5494
5851
1616
2746
1087
963
3622
5399
8920
5185
6196
2674
8853
8504
2631
5144
2658
7247
8587
4723
6889
7086
5016
3903
7044
858
5375
4287
5750
6766
8381
6429
381
6992
5324
62
6572
564
5972
2235
1946
2771
3379
8666
1642
790
1012
8924
1423
7634
3464
7732
418
6233
4245
6748
3147
1061
5495
2211
1002
1220
7278
8916
7776
5182
3617
7888
1467
6986
4681
124
558
2657
635
1356
2018
6325
2546
5453
5344
1414
7435
1993
6954
6975
5216
6898
6947
5
676
4463
8076
3140
7669
959
184
1240
158
5603
8311
2705
4273
983
8452
4818
2756
6319
6046
1647
6168
6534
8313
6280
3453
680
7197
8997
5077
1643
7898
5435
3910
8238
3248
7678
1491
3838
1183
2915
7170
769
4286
3900
947
3193
6243
798
7519
3953
3018
8818
7674
7254
761
8295
8837
2173
1055
1700
8983
4754
3306
7531
6253
6695
3569
6144
5471
5964
8902
8604
3709
7955
8410
6685
4580
1486
1054
3815
3843
461
2636
656
2342
4983
8340
7036
8246
1073
4515
3085
1093
6580
5414
4232
7315
7050
4208
7607
703
2630
3404
1274
8569
2162
6622
9019
7355
2554
1902
1246
4914
8179
7010
7967
5653
5839
2761
8886
3124
338
5970
7180
5540
8120
7679
5769
7851
1252
6963
3277
6477
948
8856
5018
2801
2452
6890
4259
1382
2473
8714
6192
3332
7943
8000
8269
6469
6185
7617
8969
911
3717
5973
7672
4168
6255
4974
3444
1657
6509
683
3846
4768
4048
7420
2419
1828
2633
5788
8657
4498
7005
8308
2427
2628
905
8349
4297
1537
832
5090
2526
603
4440
967
6282
5834
3727
3719
146
4711
4996
8981
4679
5690
376
1208
1187
3777
6704
214
8259
8407
7711
8142
3642
4924
5888
518
1806
1889
7395
8223
5783
1200
2090
8393
1383
3113
7188
2387
2422
3106
1595
7756
5890
5261
5050
0
2811
7438
217
667
8300
1245
4332
314
5198
8931
7769
5247
1407
8402
6134
2174
6401
2942
1237
384
8434
5402
1924
7198
1495
7911
529
4355
3567
5114
2782
6162
1431
7221
8634
1079
1345
1162
8756
5430
5857
1249
6351
5498
1178
7825
412
5687
7961
654
242
1847
6895
5960
4045
6597
5505
2301
6366
3997
1534
8796
807
55
7739
7047
6247
2456
7121
166
1398
2858
3637
649
2688
2685
8874
1347
8217
4570
2052
230
1461
8890
8605
8894
58
3515
4097
5800
1148
5930
388
4260
6615
2399
964
8906
7786
6145
5527
1783
6998
1001
6636
7488
2694
6391
5981
8358
1757
6648
6598
2305
859
2358
8816
6142
5330
5753
6767
1446
8778
5799
5437
1138
7068
743
6939
3826
1862
7417
6803
4712
2883
8333
464
6551
305
2592
5307
6556
3627
3055
1837
3612
6807
1280
4815
328
2151
4988
5780
6864
5978
54
5877
7738
4320
6005
3380
4500
4860
3122
8483
1302
1247
4541
8755
4107
4003
3386
5741
1854
7373
6012
196
2873
1400
6242
7477
3940
3632
734
4068
4503
5265
6662
8121
8615
8251
6088
1940
7384
3906
4437
5341
2324
1470
532
4114
3312
2058
2326
1530
1253
2080
7965
3603
8207
8068
8329
4784
4
8250
6251
5770
3190
5487
8003
7347
8481
8585
2993
5167
316
7796
6468
6633
6037
140
6965
7419
6883
8930
3773
355
7151
6496
1094
48
1844
7810
3134
6169
8609
2136
2529
5037
8921
4798
6741
8278
7576
7147
8839
6625
8892
696
7199
1693
4021
6141
6437
3384
7237
5249
6978
2899
3474
6294
3399
5081
5155
8678
8375
5309
325
848
4150
3942
6328
648
7486
3540
8291
6639
1512
4539
3466
6801
1294
2417
3686
4972
2682
1213
7471
191
2786
7713
7988
4971
4175
6001
4862
3897
6716
630
2285
6606
6535
4913
5681
610
7470
7817
1821
3599
1080
3502
7620
1011
7569
8177
4767
7480
8896
810
4524
8063
32
1046
5475
6943
6611
8378
1014
8380
6431
8640
8352
7589
2228
8253
2140
1620
2924
295
5883
5317
5223
6013
8301
3581
1128
2893
1464
669
68
3738
8383
1773
6148
7284
7868
4052
2040
7853
4030
599
172
904
4235
6332
7185
1707
4755
1552
1391
8123
4098
7545
4565
7244
2489
8440
4124
6246
5531
7586
3546
3646
6223
8803
2902
5506
6805
785
365
1713
4967
748
1186
2218
6171
6718
4116
828
440
3151
3420
5003
2116
8534
5000
3771
2777
892
1165
6972
7615
3270
5496
662
6956
5736
5098
3164
2563
3462
8112
4484
666
2253
7818
170
820
6953
8192
6341
2727
8244
360
3068
8070
8518
223
1511
8219
7013
3042
2586
6584
2287
4317
1566
4738
5988
7719
7609
371
998
8298
6137
5730
2919
5796
1521
7854
1904
293
7677
8122
6635
1435
8602
6907
1906
8574
4961
5809
2317
2333
4179
8525
144
1067
1734
391
7919
6330
597
469
1597
6354
5211
1231
5240
5766
2462
7878
6660
562
908
7502
4483
3834
6681
7125
1308
7236
6241
2108
755
112
8723
5773
896
1129
1172
6564
265
1390
431
8474
732
4395
3670
628
1510
7042
1112
1188
661
5995
6033
3524
3610
6178
8181
6557
7277
1609
38
2533
5644
8255
1139
2012
5952
7516
1198
7453
3175
5694
2778
4605
787
317
8021
1784
6630
264
1068
1090
7378
2543
3975
5153
8306
3912
8093
5030
3858
8738
2574
8092
7765
7099
6285
1607
1116
8647
5191
6098
8006
5063
1502
6252
4490
6454
5477
1957
5938
6775
8842
3050
128
1590
2550
1041
1865
3357
1524
1299
1688
3902
7157
2201
5367
2176
5931
4424
6892
7380
7416
2846
3755
1523
83
8446
1451
1877
3493
3984
3209
6205
3884
1765
4393
6813
4225
1493
5151
6019
74
5945
8798
7509
8470
5631
6589
2903
8129
6798
8282
7819
4309
8214
2485
1154
7399
2513
5140
7393
197
7707
4606
956
5073
3350
2653
772
1463
4831
2107
8428
1325
7847
8720
3422
5010
5660
6190
4519
5825
4158
1078
2733
5910
6165
5722
8374
7020
613
8937
8659
3580
3508
7481
7631
1998
2465
6047
5845
5005
6532
8779
3098
1265
4645
8782
5017
6409
1136
4673
8988
5793
6974
5241
3198
6470
5935
1043
1334
2783
1840
5590
1304
7507
856
8110
2027
1716
3595
5685
7039
3857
2679
1343
4407
6004
2911
6212
3980
5613
2028
5630
1210
1153
4391
7448
1861
1394
8527
2202
63
4069
950
6897
556
5242
7785
4970
419
9020
717
122
7778
3820
3006
7271
4278
1776
3041
5656
4350
2004
3287
5556
7011
6558
5900
6384
1371
5218
1557
7948
742
4105
1976
8500
986
2603
547
7990
1561
6428
1646
482
5829
6772
7357
901
3328
3824
7917
2933
6645
862
4911
6642
976
7574
8821
4135
7019
407
2762
6683
8767
5720
7876
1113
2438
5479
663
2277
2909
6352
7216
204
6184
1221
6806
650
5138
631
9005
2231
1722
985
1118
29
3458
6297
5087
1368
15
3661
6932
2500
6983
6848
4388
1628
8106
1725
8067
3652
2459
2137
3389
1069
825
550
4012
2817
7910
8442
5353
2751
7500
105
2999
2230
5606
8564
1587
3286
2086
7270
7794
595
5609
8002
5628
7527
6867
8034
5071
5391
7241
4322
5525
7956
4040
8700
679
3615
363
4449
8369
2330
6284
990
2638
7715
1758
6333
3066
6031
1627
2802
2551
4123
1332
4951
6782
5476
3714
1555
2730
7128
5354
3813
3870
7605
5548
4523
3868
574
5486
6518
2816
3438
4271
7115
4842
207
7346
8918
6427
1864
4262
7283
7463
6349
822
3109
7731
6487
6411
40
6041
77
4816
3836
8770
2849
5975
4629
6894
5024
423
2977
6345
5551
2013
1197
3189
475
3397
4131
7422
530
6644
5891
415
1584
8552
2854
8740
3505
3229
4538
4824
6967
4905
927
7381
1223
1420
808
6757
6075
8978
5244
7006
2023
7431
3723
6170
4840
6777
582
3252
3351
3184
3426
535
1874
4094
4932
2832
6244
8553
750
3170
2220
8196
5833
2304
3128
4231
5912
7694
6915
2293
2350
823
7982
2626
1704
2320
7025
6339
3289
85
4641
1912
6085
3856
7671
8863
2463
1664
7306
7091
2118
3509
6522
681
2754
2910
7262
7726
6087
8454
8948
7863
5290
5990
6697
4288
3956
7374
7717
7899
4081
3955
6342
1786
483
3865
1830
1338
7041
2189
3443
2184
7093
6353
5771
439
43
4282
3387
4566
6146
5658
4453
4507
6260
8928
6058
1883
254
2432
634
1114
7159
984
3222
3013
2668
298
6736
8594
5065
321
738
7263
931
4365
6552
3898
7313
7510
2318
8203
6340
7594
5870
3920
1508
377
4383
2953
6355
5822
8540
7175
441
2420
1535
6452
8299
2036
4031
8900
5231
6219
2123
4531
8125
1377
2874
1184
7860
2029
1504
1023
6607
6550
5538
3554
865
3832
4874
6245
2788
5906
5585
2516
126
6378
2983
3478
2890
1804
1626
6828
2306
181
7977
3294
2644
8292
6779
378
6473
6725
3058
1032
6432
1536
4959
5855
8008
3468
7893
1016
6829
6711
5767
8726
8078
3904
7997
3713
3551
7697
2096
7923
3734
1389
5121
5154
3348
2335
8627
6396
8593
4015
4615
1328
3880
7461
4687
5282
2134
135
4344
872
2011
4274
1687
2637
5079
414
5321
1430
5677
5308
2877
4752
3672
3301
5163
3454
5811
5285
2713
710
5212
339
7368
7286
5852
5958
2670
5199
543
8208
5524
7309
6653
4653
6278
351
7890
7703
394
6348
8132
5141
6262
1668
7003
2222
3664
4314
3800
6745
6053
7014
258
6559
7757
4680
7549
8626
8336
8611
8337
8656
7275
1022
8326
3276
3166
3620
791
494
4588
884
7626
7618
866
7946
1348
16
8332
3169
505
7892
7621
8764
1907
7400
7623
3634
89
4894
6762
1462
4876
2150
7740
7232
8135
400
8696
8265
8711
2110
5067
1264
7610
3177
3078
4196
3680
7775
6024
1928
7367
7789
3945
2327
3825
5219
2424
8562
2374
8485
6949
5339
8417
2937
4793
4457
5759
8424
5949
3687
8438
3770
1058
1798
3790
3862
4423
8745
1553
3108
968
5229
208
7454
4147
3232
3518
8437
4706
3354
8435
7619
8234
8765
8038
5058
6485
965
2033
8889
8509
8572
8224
228
1703
3772
5789
1615
8575
3801
7653
6124
925
3987
501
7114
8439
875
4586
3227
4372
5543
4875
8396
895
3529
5984
6264
7215
955
5523
6133
1110
977
7725
4994
8436
7224
1355
379
6304
1549
2111
7528
561
5747
6724
8712
1633
3469
1314
1684
5328
8350
7867
5093
8184
1109
1714
1752
7350
5544
5398
2356
5593
3756
8290
7647
5963
8690
4459
6420
8432
8468
8757
4707
6441
7651
2205
9001
8431
6705
7526
8113
7766
4310
8307
8376
8702
7646
7978
5473
5035
2210
5329
6436
7561
7559
4826
8695
7657
8467
8395
8546
7645
4074
6344
7608
7934
8577
8769
7648
8570
8688
8331
1579
8951
1625
8885
8941
8814
7693
7992
5821
8241
3390
1989
7517
5364
9041
921
1936
1586
5622
8496
8698
6382
7137
8391
5007
8225
4591
3344
8901
7585
7514
2444
220
5640
7729
7542
5458
179
701
6666
966
4324
404
2962
1501
5468
2871
575
5417
6456
2147
2521
8117
2507
7469
7105
151
6138
2113
8833
878
6885
6958
1787
8212
1364
5192
6831
3818
4151
4489
3388
5826
6980
8365
1941
1973
1322
4357
8108
2767
8482
6222
4408
6177
684
6188
3369
5331
2341
5480
2144
6872
1726
4612
7777
1125
6539
5717
7684
8453
7389
5189
6927
5220
2207
3673
7629
1281
2710
2481
8347
4230
7541
3320
2545
1327
8099
3895
4598
3437
7815
7958
5725
4946
7880
4554
4214
8956
1049
6780
2010
2671
1564
1365
302
7405
4921
6613
4520
4302
4595
8141
6364
6127
4338
6840
5169
4412
7837
2568
5916
1662
6480
7344
6022
5902
7472
1003
689
6258
3962
5752
5221
7146
1593
5790
6200
8750
253
2548
707
4817
2371
4999
4223
4049
7012
92
852
6121
2826
5688
5671
2830
5607
7205
1424
1057
5563
4038
1497
1250
2652
6964
8895
8137
8475
6068
3336
8661
6394
6228
6077
3215
3647
7135
1785
3439
7049
5508
6316
3633
4345
4927
2814
8049
779
