594
3687
7486
6788
2827
7739
7111
5551
4012
2374
3791
375
230
3638
7056
4405
6016
3968
7174
779
1777
3790
7288
4556
6739
4254
3358
5318
6280
7961
988
836
8007
3127
3906
5395
115
4040
2128
4185
6911
7313
2587
5379
4283
3341
5573
7760
2479
3175
1320
4762
3388
5735
1580
4973
7079
28
1988
1973
7767
765
4334
4350
4425
2617
8095
2294
3298
5769
5322
219
532
1541
5046
24
1133
1465
5824
6984
6992
5997
4050
79
8048
898
2207
4391
5018
5102
2732
6749
5910
4415
1266
6470
517
3834
2488
1806
549
2726
1980
617
4456
5486
6442
4859
1002
4095
7629
7942
5270
4670
6541
277
4778
7946
2692
4093
6172
4105
4192
324
406
8051
6769
268
6214
4262
5237
3634
7766
6981
3222
8150
5493
7084
7041
7316
2377
6077
7028
7889
5902
4826
7426
1326
6293
1643
91
7539
6983
1922
1530
2619
5425
1835
4369
1455
7095
1291
7670
2061
953
351
7268
1482
2010
6700
353
2071
7843
3452
4387
7890
7191
4162
1744
1413
3226
7242
5656
1659
6750
4834
2055
4072
2126
7765
2505
7717
4036
2932
1933
6240
1795
7443
3855
4470
45
3826
5053
5490
1233
5453
51
4535
847
2213
3039
4144
5427
5875
1764
6874
2295
1758
3211
3787
832
1228
7648
6146
3590
5149
3464
4433
1890
5009
6659
682
5741
3867
7984
7769
1706
7082
3431
4892
2735
4172
7343
4314
7277
6042
6088
2707
256
6446
7667
7643
4377
6386
6459
5434
3104
6526
5245
3760
4586
3089
3187
2649
2976
7331
4205
4529
3045
394
6524
2969
5105
2742
4955
6531
548
5176
7145
5485
1255
4022
3443
5420
1889
814
7228
959
4300
3234
7231
1627
1348
2690
665
3580
5555
5996
5297
7042
7144
3368
626
4346
940
1610
5252
5854
6063
2560
3767
2113
1088
3789
812
3128
1576
627
5620
4007
4764
637
3279
5062
6719
8014
1750
6117
3550
1910
7318
3741
3224
8003
1623
7592
681
596
690
2141
7863
4604
4188
5601
7557
5795
3655
3406
5797
6478
5784
4296
5520
6154
4106
4215
1487
8037
7804
7416
877
841
650
1091
2513
6830
6809
669
3667
4614
1996
1735
4382
4336
4521
563
6530
5386
7391
6901
4086
8034
8099
5687
3733
2053
96
493
1633
2950
5167
1621
8070
7748
6737
42
1866
2818
3563
4578
4708
7073
7428
5804
5517
920
2463
783
1958
7275
3589
1753
7533
4583
7294
3555
2375
3065
1369
7263
6730
3979
736
5590
7833
1823
6536
7875
4023
5287
4914
7068
882
3321
3679
4032
2142
1964
7926
1690
4958
5752
5168
1472
1841
931
4552
3328
6960
1181
5606
3573
188
407
1089
359
616
6920
5117
3737
2209
7094
4994
3693
864
3023
7260
5676
5280
6189
6180
7671
199
7170
620
4149
4213
5981
4474
3895
1578
4809
6833
6877
8067
4067
5557
7524
5880
3480
2091
2519
6559
6400
3615
326
6896
4027
1481
1036
7038
4867
1559
6074
5122
3574
1278
4059
4797
7534
3009
1843
4961
6014
7720
1604
5774
5247
4707
1637
4272
6207
7632
6889
6885
489
4301
1650
1457
1515
5415
6556
7967
937
4094
3153
4637
6083
703
2398
6448
6475
4783
1188
4392
3530
4995
6015
3967
5182
6702
1478
1599
951
1553
7061
4442
1880
2438
6420
6851
1427
396
70
6653
7753
4028
40
6175
5889
3810
3294
6982
5505
6814
7869
2121
424
6624
6413
5531
3061
5841
2001
5662
5968
5157
2800
4844
2670
8069
6477
2931
710
2785
4900
65
785
6157
969
3652
3698
7802
6506
8182
7314
2481
3730
5585
486
109
4674
4830
6823
4407
927
3488
6974
4293
6975
849
4341
5643
7197
8038
1464
5859
5895
1480
856
5190
2506
85
104
2835
853
8006
1600
3
8036
1754
3614
2025
1448
564
1588
2510
1728
750
5888
5743
1856
3661
6779
4327
1679
1224
4413
1788
4196
305
6879
3840
4315
3591
1182
7677
2572
6652
4782
3161
3593
3379
1770
1220
7002
1895
3077
5351
441
1387
6141
3684
5823
7077
3626
6753
3668
1960
4822
1102
8146
6782
1053
2792
5312
2480
2114
7790
7069
1429
7195
7389
6118
7555
19
5917
1583
3126
4380
4607
4831
942
8049
1680
4404
1737
553
5371
4019
1452
2868
2893
1407
5132
8202
174
1697
3724
5212
7884
4832
3415
6467
1010
5896
13
8059
4082
916
5801
5719
3660
5302
5632
6493
5558
3393
3303
4999
1029
5759
7279
2105
2224
6394
1760
8027
8029
6682
4574
3599
2344
3195
6019
977
2918
1786
1083
6584
5826
5037
4013
2650
5183
5708
1004
7743
2245
5361
417
3122
2781
4795
315
1111
2446
1283
5002
5698
404
5289
6758
3612
3398
7616
2810
6145
2710
1782
1411
1117
1252
6282
1040
476
1783
2378
2888
7865
7779
3003
1198
1870
6756
4041
5109
7580
3953
7810
1359
2526
3213
1545
3435
7225
273
4053
1855
344
4878
1539
3372
1343
7359
834
7392
6463
3715
6639
203
8005
2499
1712
5497
2632
1556
1130
374
1999
5542
6226
1554
6050
1015
3565
7980
4066
5822
2117
6230
1439
6961
1862
2559
1626
2008
7138
7214
7453
6956
6472
5140
7618
6236
3310
5367
296
5779
1412
165
583
1244
2329
4874
1859
4194
804
5617
4921
6419
6453
1849
6797
3598
734
784
3395
5920
7150
289
4180
3487
2686
7105
7320
874
4506
5479
3290
1160
458
5962
1309
1640
5588
4344
7719
5887
1178
2118
4979
8060
4426
2783
5731
3531
958
3705
2743
3548
5262
5954
1488
4828
933
63
7246
3792
7827
173
5947
6450
7973
4787
2702
1892
7188
2058
1292
4862
7951
7559
7014
7854
221
7103
8063
576
3020
2801
4568
3001
622
4741
2853
3459
722
2909
246
3401
2905
1780
4469
5582
2724
7254
2860
1374
6484
4421
2967
2214
5884
1928
3412
6994
1021
5975
6338
6371
984
7808
5327
5786
403
2798
2066
6411
1254
666
1183
98
6778
6139
7617
8023
4218
7992
992
2089
119
1601
4925
302
6370
6462
6561
4909
2400
6126
5924
5650
580
3628
7193
5070
1058
6249
1115
6799
6198
3823
2750
6068
7968
2850
2250
2662
867
1307
1046
4881
905
4877
6837
974
3027
5265
3075
1453
5099
6604
1139
2817
41
838
7034
2075
5602
6039
6907
2615
1542
6625
5416
3931
1145
4186
4806
4065
2466
1965
7778
7838
1589
3026
121
1186
7036
7407
5593
5233
3920
5264
2978
7698
6227
3585
6121
2217
815
2034
2561
6668
6859
2278
6033
5471
7045
1070
1790
7782
3538
2884
5817
1830
183
7836
5147
2776
2763
89
7819
2715
5136
6208
3644
3754
6031
7245
3900
1245
7311
5813
257
656
7317
1645
3876
5864
8100
3997
7345
8166
1034
297
7350
5799
6861
5406
242
4076
6020
7859
6844
1691
4219
459
4390
4988
5005
7956
5041
5078
5086
970
6281
6618
6527
2087
2112
6491
2161
2212
6388
2316
2317
2320
6341
6335
2417
2448
2454
706
4863
6252
4743
519
4754
1
4776
4720
4794
4495
4611
466
4664
4472
402
2624
6537
2139
4964
2657
2805
1537
6103
6888
6895
7512
2387
3397
483
6695
752
4643
4073
4734
2898
4768
7510
612
2582
7734
715
1715
331
3348
4241
5961
7950
4736
536
3306
6054
413
3709
3485
3048
3357
4115
3179
4439
7955
7271
5320
1976
7885
6082
1630
8221
2569
5372
2174
6323
6574
3587
7521
7520
2704
1408
5666
3451
2359
5885
6073
7597
1289
8093
56
3934
4202
2311
4179
3445
7857
3343
4443
1179
3641
3543
100
2044
1071
3732
3227
54
1801
387
290
727
1152
4873
6906
3223
6863
4048
7083
433
8032
3285
383
4228
1169
3797
1463
1177
4887
4885
6441
4383
5339
4170
3888
3942
143
516
7120
1829
7940
3564
2840
3602
6378
2357
484
6105
3549
4398
2385
7403
6746
6643
3457
7436
5534
4295
7078
4171
7114
7200
8142
755
6667
6856
1717
4704
738
27
2719
5281
4033
8091
7631
4359
124
1535
3546
3204
7709
6423
5892
3839
4845
2720
3980
3672
6210
4221
7689
8149
8220
8167
4499
465
3576
4455
1759
7969
718
3529
866
7085
6037
6579
1774
6521
8134
3854
3541
2585
2023
2502
5567
4825
582
5353
1158
7558
409
6999
6102
1655
6269
4882
5016
4209
527
6655
1730
6621
691
5605
6421
6375
5073
1384
1957
1336
6097
5173
1043
3021
5994
3309
6508
5949
189
759
2293
1816
6485
2626
2911
672
6884
386
5259
2231
633
3816
6544
3570
48
1978
7471
7960
6545
6622
3327
5452
5538
2032
6268
4279
6196
5236
5798
86
5936
8068
8050
2641
3950
4536
7502
1864
2348
1031
3664
6716
2640
7736
1308
7609
298
6372
5695
709
699
397
5866
360
243
7895
1264
7525
7508
4098
5581
4684
2869
4240
1872
539
7487
116
7628
3265
6995
160
7143
5442
316
5257
6013
772
6432
2468
1381
6931
2471
195
6933
3173
2663
2262
206
4052
3381
5552
3132
7
1879
1861
1498
886
3194
5580
7674
3292
88
3699
5700
5377
3070
2176
3605
4727
1038
887
6838
6800
3330
5142
6681
2759
1657
8123
8104
1716
5515
1284
1575
325
4579
2540
4805
2987
1367
4745
5720
7522
1641
4129
7454
2660
791
1442
6502
3416
2517
1767
1649
3658
4038
2101
2191
3246
7692
6098
3260
4730
4190
1811
5848
7449
6206
5483
1807
2546
3230
318
7158
5992
6465
5178
6023
4338
6522
5403
1370
4839
1074
7841
6479
2369
3084
3964
1931
1724
5058
6231
7205
137
3129
2965
488
4002
2908
6422
7645
3924
1962
6570
4114
918
6967
5907
2427
8
1219
983
3766
307
5341
2688
6476
8243
7848
2846
8244
3016
4148
2464
6704
4918
3197
209
2234
1196
2725
4090
5931
2661
7924
3856
840
371
593
4238
7898
3302
7264
1946
5883
2235
3421
7907
4046
1270
4566
2928
3258
764
7727
1838
362
2518
3568
3617
6087
4511
3376
2156
6551
2616
6192
5470
1127
3836
4533
2739
6620
3818
3208
5958
1081
7257
2534
7837
6036
5203
3544
5017
6894
6519
5106
1579
78
7684
3910
7408
1200
7952
4837
3323
2100
3428
4060
7289
4494
4773
7308
5084
434
329
2917
4429
2229
8120
7614
8119
3907
249
1236
3965
7794
4056
7633
6267
2709
2678
7184
4850
4291
5596
610
7177
7287
3654
2857
3190
2862
5026
3439
2607
3925
5696
4928
6276
22
3793
1948
634
7504
2777
1831
4588
5504
3106
1051
1938
3769
6006
756
4688
2202
2473
1844
61
647
5348
3278
5437
1404
4660
2625
7823
4316
3765
7763
3815
3710
8163
7619
7113
5791
7577
7224
5474
2541
2347
6488
7024
5509
2760
4435
4247
1926
6585
2150
4089
3176
6953
7025
7737
5400
234
154
103
3138
5200
59
1845
2886
7278
3885
1431
1876
6578
2204
7578
6870
1112
4182
3619
4541
6402
3181
2831
4564
4680
2439
646
7005
2154
2180
1714
7088
3948
6002
5860
6989
5803
2211
704
7420
1423
8012
4609
1358
4349
7418
7846
342
7202
6271
6932
8073
4009
6572
538
1997
5649
220
7591
7867
2555
8177
6635
5918
6909
7634
2155
6185
1507
2314
5359
5930
7547
1563
6288
5499
4485
7424
2106
604
1080
6110
3440
7891
7905
7013
4388
5071
5611
7060
5010
2959
6032
3114
5151
3174
3430
1202
4322
6351
6642
4039
822
5825
3674
6167
7175
21
6398
2039
4292
4703
414
7981
3158
3956
2033
1389
7215
2822
570
5722
4183
3808
5424
5436
4761
7052
2391
6648
6853
5295
3080
3425
1269
6673
6096
254
3125
5960
5877
1333
6773
2476
462
4020
7445
5763
4701
4915
2236
961
5809
4501
1977
5654
2038
6259
1235
4113
1100
6865
7448
4075
5871
4259
5768
5710
6134
1810
5805
1496
2123
4246
2778
6405
2855
4481
3616
3286
1726
146
3665
1687
4224
2766
8061
6150
4423
2899
2635
5564
780
4991
2611
3093
4173
4158
7957
3384
3686
3022
1963
4793
3426
5124
467
2153
3970
2406
2269
25
3491
5092
3927
142
5865
7326
2431
2338
796
399
5772
3504
2591
1721
4767
5862
1986
2022
2392
8157
6166
2028
6630
7446
1820
245
1635
1527
7131
4872
922
159
5844
7826
3857
7380
7357
2746
6489
1153
328
4897
5235
4775
1689
6701
7809
2717
5836
7594
5514
1784
503
525
6733
8054
5187
632
3499
2346
2691
5411
1164
3806
2169
3607
2330
4156
7716
499
7685
1134
799
3458
2788
614
888
817
101
4932
5137
535
2589
4163
2975
5213
1327
7417
355
7546
3159
3706
571
1141
1227
111
4677
2933
4147
2409
6144
3301
1007
3107
4249
2247
3248
4675
6425
1013
1967
5047
3745
7607
5276
4658
3894
2575
2465
4133
5969
1538
5680
2958
729
1185
2775
74
3025
479
6819
2711
7931
4748
640
893
4260
3168
1052
3160
2418
1039
1282
8066
1546
3088
8129
8185
7642
162
7180
2241
4712
6397
4142
2042
7332
4978
725
4818
5598
212
4531
3149
4723
3366
1686
3768
7196
5135
6067
7093
2939
1667
7406
5607
6449
6744
4160
7600
4605
2774
5166
1761
4760
2261
2769
5074
477
5787
3697
432
5162
1562
2006
419
3473
7856
5560
7752
3761
8169
5970
3054
4507
3860
624
554
4257
4752
3731
7312
1656
7673
4668
4896
1107
6504
2821
7927
2227
674
2825
4099
5468
4403
7772
5095
1548
7048
7053
2310
4612
713
4317
464
1237
5025
2504
6847
2809
7569
7910
3360
4237
745
214
278
4625
3847
7948
1274
2318
7702
7385
3210
6762
7399
272
1025
5697
3347
7479
3335
6195
5344
6060
6764
2658
520
5034
743
218
6445
5757
3586
6617
457
679
3938
3675
4310
2284
3470
2598
8074
3245
5244
3676
5022
1865
1456
7676
2092
6497
2936
2256
6179
968
2600
5232
3140
4087
3726
2328
1954
3417
6958
2240
6217
8019
652
1572
1854
4990
1470
5040
507
76
4512
4385
1142
5899
6203
6763
2814
2543
7894
4312
4288
6557
7096
4833
7730
3813
4084
7372
5709
164
4749
4813
1663
1361
897
1990
1568
6352
8107
8234
4138
645
5224
707
7697
5076
5448
2420
4864
5375
210
6711
4068
5753
2084
643
7637
3345
1512
3645
3364
4902
7125
1632
7234
2381
4465
7051
2273
2452
3719
5077
4384
6111
3519
4998
902
5254
7906
1486
3365
5330
5293
4524
3975
2018
3095
8094
801
8208
253
6164
7770
7997
6564
7342
4774
6202
3919
1009
215
2674
2944
1155
5337
2416
4655
7352
4715
7148
6022
4553
7089
1887
1941
7944
4083
5641
7711
3513
6284
4348
8214
5982
6348
2131
7297
3799
2877
3921
7994
1240
1625
8071
2046
4497
211
3734
3562
2327
3625
5155
4001
3832
644
3533
2713
5940
2664
1410
5364
6663
5612
6740
7300
30
2863
4582
5357
2181
6178
3267
2428
4025
285
178
1853
2679
4358
6416
129
2111
7787
64
1517
7641
4412
1582
4081
6857
889
4309
425
2811
2779
1526
7587
2842
3096
3846
5898
4438
1827
4264
105
2450
6414
7821
8165
7878
8156
8227
8204
1231
3901
3749
2797
2221
5916
5677
3886
868
1520
1355
6706
3556
1208
1646
5029
4461
1763
2637
3351
7410
4074
4430
5568
4483
4216
3241
4526
3871
5020
4722
1409
7285
7098
688
3289
68
4069
4597
2336
971
5284
3193
4667
4913
7647
2243
5829
408
2740
1523
2770
4596
7500
6304
7402
8130
6308
3315
8057
1037
2887
7918
4015
8226
2382
6938
1900
2983
8101
7421
7273
2220
90
541
2880
8195
7154
3078
5134
4626
7493
6062
556
7514
5912
5114
6765
5126
6143
5031
5240
7669
7241
8127
5177
6270
6346
5216
545
4917
5378
7682
1356
3050
7021
5629
6599
6340
8225
3783
502
4870
7820
5156
2484
6094
3763
8052
4636
3166
4330
6512
3012
1581
1406
1878
7422
3884
748
5728
323
6977
7377
4950
4899
1874
1405
1953
4646
8106
5007
3912
4956
5527
7935
3369
4157
3277
5839
4332
5412
6005
3744
443
5120
6936
2999
1752
5269
2912
6434
5458
7784
2140
4379
3753
7897
6436
3151
495
1825
5744
2697
2829
2047
1018
7715
6516
3566
5925
4111
5056
3326
7598
7109
2232
1426
3713
3083
5012
3983
5429
950
6272
6568
5489
1218
2487
2011
5950
1489
2274
1510
3611
1500
3777
3331
7883
7840
1093
1504
5943
5901
7043
3721
7915
4763
957
1573
4505
2926
2623
5006
2643
5919
4189
6595
314
751
2988
4721
6426
5642
839
3200
5758
3960
6614
4045
4234
306
2883
671
3283
6080
4498
4275
2172
3946
401
1305
3325
4719
1146
1719
1350
2124
1140
6106
5194
3716
5788
5465
4731
1860
6613
6369
4119
1769
451
2029
6113
3411
2834
226
2323
4449
842
2196
4005
1742
5732
3120
8241
7995
3030
2948
7928
6880
2979
5868
4824
3057
6646
5459
5171
1415
6687
7861
7688
2408
6447
1768
3243
5462
7649
7853
3991
4431
5215
2048
1323
7306
2222
2647
7152
3145
3490
4361
4220
3558
3399
1639
3472
1972
330
3820
71
7575
3483
7468
8139
8222
8201
3206
5440
3011
2521
5816
2120
2528
5338
5858
5417
8209
8213
6297
4693
7585
4744
4620
2828
3776
4016
1930
2054
2031
7695
8081
761
4252
7363
5802
430
2072
2964
7304
4378
3317
7141
1558
2668
6560
7966
4110
1191
5430
6803
6540
3751
4339
5533
1837
5032
4796
3800
3462
385
2706
3074
4298
5389
169
5869
587
2057
6743
2389
2550
6021
6640
2606
8058
5229
1061
5915
2421
1832
2237
6320
5152
4101
4242
4738
2339
72
6656
1800
2199
5144
6611
7118
2645
1172
5597
7488
685
6501
1949
5685
6780
2060
3866
7789
7560
2892
6119
422
2210
5935
4126
6190
5204
848
7929
1214
6334
3600
789
2474
7169
3995
7603
3177
7286
7292
5524
2194
125
7568
5311
1902
7244
5511
4342
3627
5100
5263
2816
238
8105
1618
3723
1116
3481
7495
60
2166
802
7542
3131
8033
3332
7691
6168
8025
1492
4965
2596
6678
3683
8224
6034
3333
2612
1672
6605
4530
2924
3829
5201
3182
2537
7991
2671
2722
3496
1671
8140
6248
4641
3036
3528
2093
474
3801
7921
7012
4195
5506
4627
952
4130
3150
2175
5874
1756
795
3775
5328
6285
7462
5661
1696
6813
5781
7757
6151
782
6170
2049
3620
6944
3874
3476
1925
3949
377
4231
7476
7340
6529
1713
6563
1106
7469
6623
7467
3296
427
1961
7484
1787
3914
7573
1670
1533
4227
1776
4634
5775
7269
5278
2136
2041
5501
4112
2613
3750
7463
208
4131
3978
6662
4217
3382
2734
5488
7551
4152
1624
6721
4905
6712
130
6321
2986
6194
5394
436
4368
3329
2097
7190
962
3780
1695
2793
1234
2522
7788
8197
1771
1927
4624
5745
1698
8174
8136
2603
3939
828
367
1167
1467
5633
1940
3402
3828
6593
5398
3994
3418
1794
3305
4786
7473
1590
7346
7302
2922
2895
6325
1947
2525
5491
6317
1299
667
547
7173
4021
773
809
7411
3651
3527
3064
1159
2411
1567
989
8015
6969
919
3694
1386
993
608
3853
3117
869
2005
437
4966
3712
6046
4815
2461
1184
1469
7801
4814
1203
2984
2182
1995
1936
1199
7127
167
3465
5991
7847
4532
6490
7511
286
3319
5487
3494
228
1817
3170
6509
2432
2682
2730
2436
661
3237
2971
2533
3072
767
1536
1907
4652
1694
1129
6876
678
2302
5060
4153
4686
4467
6114
6092
7409
1916
1380
4746
2956
2429
1664
3118
1848
2225
3461
754
1048
6632
831
372
1693
963
6612
7086
7323
3577
567
1616
6732
978
712
255
1438
2228
4417
4558
5780
3601
5705
352
5376
2549
1793
2271
7904
4340
5833
1124
7037
7117
3774
7248
7276
8183
8231
8171
8162
8159
8211
8179
8219
5754
3383
4976
244
2997
1357
2535
7237
6789
3977
2508
3295
2070
6225
2557
1373
2982
1571
4054
1612
5613
3610
7982
4313
6079
741
4100
3450
4096
348
4729
1511
935
4938
453
3821
5867
3988
2795
7076
5045
2444
2910
2565
3066
2016
1917
7699
4681
5444
52
192
852
4117
258
7862
248
6654
5625
5576
2132
777
884
1654
3217
4980
5771
3447
170
2455
3539
1222
2050
5419
2370
2244
6061
1740
6583
7390
559
6018
5818
7613
7621
7818
398
7675
1103
7283
4024
338
1322
5545
655
4088
301
2177
2257
8154
4544
6801
6741
2639
2342
6362
4116
1054
1920
5742
2306
3015
442
6456
2554
3865
1560
4554
2859
3909
5659
6052
2164
7932
5219
6197
7397
6165
4103
3532
3282
5977
550
8028
4977
7039
6825
7328
5316
2996
2921
900
8144
2151
7723
4570
2004
1379
6761
2536
2135
7291
823
6057
7851
2248
2716
44
4972
1318
7892
3680
2424
1066
2160
4181
3469
5621
2322
3990
1648
1609
4645
3892
6697
6059
3604
5516
6587
5279
4939
7877
5435
5014
6174
6181
3377
1904
1257
7405
191
2354
2583
6826
5366
4584
2215
1591
7998
5828
2145
7639
5959
7704
7934
3755
6250
833
3370
2553
4792
975
4603
4893
7776
1766
7458
2143
3059
150
1330
3232
6412
642
4889
3180
478
8075
2149
6930
1731
4434
7315
5692
6831
2745
4447
7516
7518
1147
566
1215
6925
1078
5446
5154
3239
3139
4253
1175
5186
1293
2642
1290
1642
2193
3119
3537
6616
3463
3336
7850
1324
5507
7731
1992
2298
3748
3999
5451
5550
73
135
2326
3648
266
55
2362
2636
5592
4838
2460
2973
3773
8152
5627
3822
1045
7653
8217
6332
2799
7879
1850
3312
740
4285
2864
3966
5473
2977
2020
3650
1143
1929
6645
5000
5715
912
5480
2703
4649
5050
4010
4401
1223
3986
6107
6292
7549
1586
6108
7355
2312
8088
4063
322
2186
6187
1368
6025
4008
8188
5770
8153
7615
4389
6577
3250
496
4904
185
4569
702
2823
2133
3497
1555
5118
1741
6806
6675
5812
7281
5019
1334
1057
998
909
7953
2653
4476
5610
4883
7303
37
1987
1294
4150
3647
8030
4003
2251
5855
8212
3079
227
1484
5681
1121
7983
1516
7384
207
1171
5362
6263
7917
4480
7588
2019
5782
2963
3018
4514
2856
4929
2878
883
2259
8000
7211
5205
3352
5464
388
2102
1344
3778
1851
6257
33
23
415
2551
2233
2069
4676
4671
5024
7586
3169
5180
446
1757
4055
3424
7033
4613
629
7941
6391
5559
3287
435
1321
1213
6177
1773
3764
2694
5843
1495
7530
2970
3642
7337
1239
5528
2365
8065
4175
2190
4343
7123
7938
3240
6212
1803
1032
2276
6266
1549
6955
4258
8116
7899
7074
4487
5789
2096
2242
1709
4548
390
6428
5669
6846
7164
2341
6610
3322
1905
726
2289
6112
3056
6228
2107
6466
7353
6644
7151
7104
4239
676
7081
4753
5985
4910
4560
8164
6353
8021
370
4145
2723
2665
2940
862
6638
440
1505
4725
4178
3649
1067
1042
2919
1277
6401
5934
6055
6011
6337
5525
6131
1743
1824
8010
292
5857
8001
6064
5691
3387
6948
3049
7470
2134
3917
1839
512
7513
1090
4320
3146
6674
4802
6287
3284
5450
400
4107
2263
4136
2576
5369
4808
2192
2874
5065
3817
5405
3520
8175
5294
4798
4351
6289
2146
1362
8109
6796
276
4640
6586
6752
2056
4528
7999
4373
5979
2681
2003
8199
2352
4962
714
6173
837
4653
1420
3005
4871
7773
155
4354
788
2291
6409
4694
4444
275
5130
7258
2594
5667
6469
7939
1275
7284
2456
6474
4043
2152
5013
7583
6313
2698
6528
5512
5218
3998
4363
198
4282
4026
3521
4299
1705
5059
7301
6836
3526
2695
2786
3202
4963
7018
2764
5408
5684
531
7564
5447
7780
1897
7379
3423
6713
1360
5208
1818
1662
5443
1617
1314
2015
8138
5652
6751
2947
4629
5575
5129
1681
4513
5658
1564
239
6991
7754
1068
2548
4304
569
240
3786
3517
7740
7761
7882
6306
6908
3514
3897
7008
8238
3735
7777
7817
7724
7979
1950
693
7916
2157
6855
3663
7305
4592
3478
648
506
2127
5886
7718
7203
1984
5983
2275
263
3701
3413
6834
1371
5660
122
6049
518
2677
3904
380
4509
7764
3889
6069
5080
4817
1873
3405
341
309
3133
1335
2574
7206
4394
6821
4508
2882
1204
1329
6377
4857
2757
4251
336
2782
670
1812
3905
4276
4706
7873
205
4705
3666
5346
8103
7656
675
2040
3017
1392
7576
544
7713
6867
892
4319
2485
2249
490
2654
4235
1364
2552
4639
6028
4446
7431
2599
5944
3809
6127
39
5407
8239
7722
1634
8108
7920
6657
6216
2807
2633
6868
7531
3524
1260
6979
4836
7553
82
1720
6897
4071
4097
4248
3720
5326
7395
4841
6345
7419
5600
2494
1899
3981
5675
4372
5951
7593
7432
7866
6360
575
3082
3055
261
7832
7252
5423
6003
820
6795
7415
3404
1259
5185
4353
6878
2272
6417
6783
6128
3770
1154
259
5939
1684
4821
3097
4321
5035
4305
6696
6786
6755
6329
3196
2412
5938
5553
4970
7339
482
522
4575
6735
2000
4959
4678
8215
7572
6985
7922
6546
2629
4758
2845
5876
5664
5748
7970
423
350
231
2355
4949
1241
8232
1852
6812
3339
5556
1026
2714
3581
1677
6692
1745
2079
7108
4365
3936
3954
5500
8191
6224
4287
771
6200
4550
4286
5831
552
3209
3155
444
7652
5478
5300
4411
5821
1944
4647
6283
1494
8242
1475
2994
7478
2684
4546
5282
721
4479
8111
2981
5258
5923
7498
1561
3484
3033
6954
1416
7627
4266
581
3522
2784
4751
463
3135
3475
1914
3498
5111
2187
6440
945
363
6309
2954
6256
2238
2198
5603
2669
638
7364
7050
7636
1211
6302
792
6176
1501
2144
4523
6848
153
2672
6433
3877
4290
6468
8085
3747
3646
6188
1685
5138
4539
972
471
3373
2652
3268
5502
10
6095
7414
917
2608
7049
5170
2457
6260
8198
4137
2935
6676
3014
6514
5562
3028
7194
3316
468
2500
7031
696
177
6404
3318
4328
504
411
1884
1585
4011
1875
5015
1163
5767
7456
1417
3031
4661
3930
4161
2841
4685
1433
1842
6534
6805
3219
7439
5723
2434
591
2219
3144
4031
5762
5937
5793
6359
8121
3367
7149
2
6392
7759
1014
7990
6237
2340
5288
2756
6898
7137
175
5820
7893
2205
1301
2068
5906
1755
2991
5199
7026
7925
910
2163
1772
4891
4601
6153
1497
7786
6299
7394
3414
4208
723
653
3636
1105
5299
2201
1098
6807
2130
2749
1132
1628
2851
6517
5631
3186
7253
7090
1382
4058
3653
6899
3492
2373
3677
5225
8055
3833
2929
724
1398
8216
6628
3525
6247
5392
810
7433
2254
6651
4049
4222
827
6835
2077
1518
5068
3311
5432
1079
6090
2137
5260
1606
3695
3255
6569
1746
1069
1557
7886
2267
87
6852
4948
5704
5365
2388
6650
6850
2751
6666
4669
5409
1894
5093
8155
3099
3394
5913
2858
2277
1896
5756
3899
2577
95
4500
5004
1701
5837
819
2442
3618
6917
4856
4940
4212
3891
996
6575
5054
80
737
2268
4895
4109
455
2159
3603
6072
271
7732
6366
7341
5227
5851
1966
6385
2445
448
6770
1394
454
6220
1661
7830
3264
6454
7019
2437
3356
7057
3495
3344
4908
4460
3872
6171
7204
6627
4931
5616
926
4849
1951
1024
2009
4599
7126
7943
560
4306
8187
2332
3673
6547
1704
4357
7438
6438
6840
3794
4471
2925
5331
3092
6957
4311
6160
4739
5101
293
3961
3861
3759
5897
6221
4854
6499
6793
7091
4191
3984
7122
5418
6435
2496
2651
2085
6101
546
120
1615
875
2839
501
1833
1176
163
2871
4819
4232
1437
2676
3535
3557
4875
2304
3781
7003
6051
2337
855
6148
2511
7310
5565
3596
2890
7168
3434
4318
2755
1550
3362
3137
7987
4679
941
7132
5309
3567
6399
2426
1868
5011
7803
4858
873
8205
1137
6191
5355
5957
6772
6637
5707
3441
2401
18
6122
6396
1295
6720
818
1212
3621
1514
2453
5694
7460
7207
1483
5028
4562
8190
32
3842
513
5304
5689
2588
515
4803
5266
6503
5206
2803
4842
6683
5702
1471
5223
6495
597
6265
3852
2914
6708
1189
2568
5108
3442
2689
1903
2579
7937
2119
2897
1846
2017
2675
1337
2109
1446
3112
6550
6444
1574
4615
6307
2423
3784
6483
4598
7334
6747
3887
3354
4184
6027
2564
6149
3547
6123
7274
2422
5537
5463
7902
1022
5554
3062
5051
3893
6717
168
6718
4355
151
4742
6591
7213
3068
2443
4284
6278
6949
3281
8079
3772
5900
607
2331
7517
3812
7887
7816
6328
7659
6748
5066
2995
4294
5158
5665
4987
1023
2415
3371
5324
5628
2761
2881
619
4580
6952
6277
4866
265
2014
3047
7032
4648
3742
280
6458
7888
5094
308
5391
7442
2523
2628
2708
7744
2185
4801
8184
7067
2065
911
6142
746
7238
5999
8233
6344
6937
1273
3974
6962
7290
3229
1710
1128
8042
8045
6238
6705
1547
816
389
523
1631
5008
5384
5893
7799
5128
4912
4785
107
3944
5967
473
1397
3386
4167
7010
1306
2099
197
8018
7735
2037
2350
2631
4165
4451
2104
7835
3951
7236
1303
5647
381
1000
5388
825
6794
1400
7230
4335
4537
241
5911
5097
2402
1005
6869
7367
1230
2644
7349
5139
5496
6672
6048
5926
5335
2894
3629
2195
7027
1619
1328
4245
6393
2512
6892
4935
1445
3819
158
2315
2545
5577
2078
835
6373
1242
405
3929
4159
7540
7266
4265
204
7811
2758
8017
5914
7299
2321
1779
5196
1622
1458
4898
4263
770
686
3989
3113
6582
8210
7491
3225
3670
217
2747
2683
2989
2351
4903
117
6959
663
7412
806
5712
1468
148
3233
5049
5131
2659
6326
7040
3164
3689
4654
4440
3569
5965
4395
4037
7233
2771
3702
6040
7087
7124
8240
2879
3276
5396
720
3959
6513
6437
1828
1272
3324
4424
8013
5081
913
5878
2934
7400
66
2567
2495
3320
1620
6511
7140
1300
5622
4140
6298
7602
4360
5522
6339
5777
4695
260
176
6361
6864
7336
6771
3717
4543
7404
5336
7160
339
2334
3779
5116
6715
3051
4595
1792
4458
3844
3271
6213
6496
8077
5352
3506
1325
3722
3982
3578
5021
345
2656
990
295
4759
4243
1342
6331
5477
4197
3273
6125
6943
845
5402
2968
3363
5891
2343
4289
6922
1939
5498
3094
6998
2916
6500
9
2279
6976
1418
7106
4757
8173
3918
7159
904
1959
4187
5993
565
521
5133
4211
4869
8181
4198
641
3063
5481
6707
6498
5274
973
2308
4118
7880
2441
2648
3143
7738
7435
2333
1906
3795
4307
3141
6787
3314
5345
8090
3454
3583
7640
1524
2459
5296
5751
5314
1378
4697
395
11
2547
4277
7344
4944
7130
3156
1086
1847
6535
5456
3631
899
4635
1065
923
184
609
3911
8008
7860
2179
4014
5291
5519
1727
2012
8137
2990
4733
7507
4623
4957
1101
2938
2325
7690
4735
2680
3552
46
7638
7839
2364
2748
6010
5942
1049
1683
4017
2754
6367
4996
1016
5104
3199
1302
2477
8158
4559
6887
3238
6615
4448
2872
7896
4244
8160
1297
4250
811
1436
1732
577
2489
3932
2115
2394
3130
7035
2116
6295
3460
2772
4840
93
6204
1708
1598
3714
698
1262
134
5988
5454
1011
3019
600
7121
6539
5842
7590
379
1383
2458
776
4911
786
5067
4919
3510
1739
6731
2371
1316
7015
7102
8196
6543
865
4717
987
5310
4779
4804
2281
1551
4593
311
6152
1723
2998
2699
6590
639
1673
186
7758
6636
4585
2067
6053
31
2927
4475
3708
6592
7216
1692
3154
47
5033
1499
4930
4589
6902
2520
83
7562
294
1711
3060
3883
7485
6601
4946
1789
1385
3304
3400
6576
5438
5231
6075
1502
3102
2292
1138
2305
2952
3802
749
5630
7220
3493
1263
6843
7714
3671
3422
7232
4525
5197
251
5873
4255
3740
356
1479
3659
2386
2767
2773
7393
3691
4622
6261
4436
2573
3032
3955
508
127
5275
6487
2621
7552
223
3205
2960
5626
6275
6343
2509
5682
1118
1085
5746
1749
303
829
4983
7157
1935
4545
3037
7655
5038
6209
6927
6881
890
1699
3253
2570
3879
613
1281
4210
3008
1267
3378
4302
7683
7181
7322
7797
7325
6030
1529
4847
4410
2532
1975
7812
7167
985
449
7912
4602
4370
2867
6554
7751
4450
677
4888
631
5838
1006
7523
6070
5317
8084
6875
5383
1503
5334
6641
8080
6099
5184
7070
113
5785
3707
8046
5469
3385
7429
7554
420
5945
2946
6619
8047
8102
7962
1396
5908
568
6147
6689
2593
5308
921
6091
5354
6946
1491
1195
5340
2953
7272
3850
5467
6333
2313
3408
2900
2030
7515
4540
3185
7497
3152
1131
2539
1261
4233
3108
7482
8237
929
5146
3916
3624
461
5750
4128
5796
2440
7541
6291
939
3738
8172
8064
5333
6734
4756
3482
5955
6383
4437
4572
2721
7978
6736
5794
7771
6565
4880
431
7681
4397
3594
7712
6822
1165
4155
4740
3635
6430
3843
1881
5971
7295
2482
4577
3403
50
5678
7044
382
5986
4619
4132
5457
7396
3207
4737
460
3560
1434
2081
106
6893
3926
1027
543
5679
930
3110
7870
4827
2815
7338
7112
7472
2376
3098
4993
5127
800
3067
6264
5510
4381
4396
7330
5840
6380
2907
1047
4907
5150
2592
694
6253
1148
5701
8113
7755
1113
3069
1877
4766
269
5283
3165
7509
3633
144
2390
6724
5251
4610
2162
2349
843
595
2915
6093
7496
283
5249
1611
6408
6109
5541
252
2383
2586
7382
3221
304
1834
2904
6233
1194
711
2021
5036
357
2961
1447
4975
6997
5226
7728
3685
1251
7001
2002
4386
2147
5713
2891
3293
6552
6693
1602
2300
3272
2696
456
233
7596
3870
7450
4876
222
747
3592
6684
1937
133
6480
4402
3690
551
6035
533
3969
426
5241
6251
4371
615
4851
1268
1096
1279
2469
1805
1338
2475
6970
7868
3183
5207
5123
7855
6923
7919
5513
2913
5849
8235
4206
7434
4662
8083
3256
3308
2052
907
4122
4414
5614
1216
4418
3758
4102
3739
4432
7881
3952
2833
7398
7162
201
6598
5699
2414
6273
7440
6824
4780
2296
3134
8126
4477
16
2384
2945
1092
6816
1315
5253
6950
6518
8194
3034
3858
7413
4297
7444
6606
6081
5721
141
6670
3046
8078
2007
1653
4843
2158
1099
1913
1989
925
5172
5381
2286
6089
4468
5974
3923
6041
4861
5672
5248
2966
6460
6988
2027
6211
7556
4829
991
5946
7209
7900
1751
5349
793
6222
4203
4953
3743
4608
2876
3805
1869
6229
8147
4698
928
5112
4428
128
7333
4502
6722
1156
948
8223
4267
5039
6928
1317
6244
805
1076
1808
3297
5121
3933
6767
5088
2265
2026
1840
2183
5301
7185
1287
1444
5518
1349
5984
1725
136
7217
4308
2666
4273
3111
3864
3518
2885
5057
1450
3162
6573
876
2531
5069
1955
3257
4724
287
5179
7128
6757
3963
6634
3453
1440
2562
598
5584
5846
1919
1114
6798
1109
3216
5608
5234
981
7115
7687
6791
3212
3269
2992
2036
3220
813
7226
7176
1566
6993
1519
4894
774
5881
6553
6891
5690
660
2345
7849
53
8040
8043
2849
7806
3259
7178
2820
6980
3218
131
4590
2024
5966
5079
4091
250
744
2802
7842
5401
3609
5358
758
5569
599
491
3340
4594
2701
537
3863
4409
807
3588
7198
2729
4633
5948
6919
6872
4650
4204
6410
2705
5082
7526
4606
5872
2491
2738
4716
7062
2731
2832
1304
7309
7750
4356
4399
2405
4473
1932
762
6406
4491
2627
4651
5594
3081
2307
7703
34
7742
2571
7625
944
3941
5332
8207
5163
7608
3881
1605
6384
6523
6964
7182
313
1821
4784
4124
3052
7828
5624
6
3410
4236
4515
7475
4018
7646
6374
5532
6647
5096
7501
2765
1857
340
4214
7996
2301
2685
180
7815
4835
5726
7550
8218
2435
4146
364
6966
1125
5277
1982
4890
6132
6258
4984
3622
1528
5640
2902
5688
3512
5222
3236
5953
7376
7229
7626
705
621
2253
166
6235
2507
3595
5160
1430
6854
742
3824
2129
878
3349
5835
1424
7705
3455
4982
5246
7270
4482
1221
1271
2297
763
5472
1162
3536
965
8236
3785
3501
2366
4860
4538
6395
5125
7651
4453
2403
1077
2824
986
4085
2838
3449
589
4230
5413
857
2230
366
6205
6182
3718
4855
1608
1296
4848
529
6219
7686
2361
7959
3898
2490
7116
7199
870
4352
7247
262
274
5879
2974
6754
5198
6418
2957
635
700
6728
5286
6038
2197
5321
1473
3038
8031
7179
4657
4587
6594
2095
2353
6115
12
418
1674
2813
5298
1206
6129
2614
7548
1802
579
5980
6542
161
216
5426
2601
3727
2013
2188
3762
5001
3091
4687
4561
8186
3198
6403
3040
8110
6603
1055
4278
438
8024
6968
1451
4884
5422
602
500
2283
558
2098
8011
708
5595
5272
7745
6439
8206
6355
1149
6056
8180
2791
4261
6685
237
6525
1736
8193
5090
2718
7451
1592
6199
605
732
6315
2768
6047
2712
2258
5755
4201
659
347
5904
1738
4591
5941
4665
7218
17
4853
6239
6330
4166
5963
3992
6136
1390
5267
4772
5209
3261
5290
3700
5765
8076
7368
6862
5546
2413
2806
36
3572
6365
2737
8114
6533
1781
2264
6354
8118
138
1110
2497
5083
2216
2787
7852
2218
337
4937
6415
3123
684
5586
4672
7975
3350
2173
4879
6390
901
7282
5460
1644
1056
7601
2566
7374
7532
5711
790
4573
7171
320
2360
4765
7993
2200
6633
3561
5670
692
4941
3251
3830
4326
3848
5382
4960
5414
6336
2472
673
7161
3407
7348
6124
4702
4420
3334
739
4169
1477
5091
1485
7746
7729
3508
4952
5717
7134
3811
3551
8117
3913
7872
4621
1660
7630
5932
6566
3396
7490
7985
4901
7988
960
7545
858
2836
1332
7499
5191
49
6455
7611
5808
2870
891
291
213
5370
8132
2363
7974
2920
5544
1597
1286
194
2399
3849
3971
6665
1998
4517
3254
6427
6349
3167
7365
3429
6698
5706
8053
6451
5760
1924
6742
1243
1666
5374
2741
4659
5052
6929
1593
4567
6424
5256
343
2148
7807
5380
494
3937
680
2425
6972
8098
7824
1073
2462
854
895
7635
2819
3696
110
6201
3456
7030
6159
3890
2524
1075
3837
5421
6515
982
1943
943
4362
2826
949
3681
190
3192
6254
4486
6934
57
2943
5749
572
1614
7678
6301
6246
5
6319
5410
4728
625
3814
1094
695
5220
410
3203
2794
4632
2063
1250
1120
7023
4942
3782
8056
1804
4463
3266
6745
7477
6963
2590
6505
6832
2082
6065
6457
3270
1474
6294
6163
4790
3163
2580
1059
3656
3100
7183
2486
578
6839
7964
1934
5591
1126
1019
7506
7589
2074
562
6001
1942
1119
5648
1298
5305
1041
1082
590
4057
3825
4800
3053
3987
573
3249
7622
6376
6709
5853
5159
6482
4419
658
5115
6669
7064
1584
5445
4323
6012
8039
3639
4656
5882
6310
6820
1636
1063
5671
4281
3043
4466
2622
3058
1540
6580
4270
4865
2290
4504
2804
979
299
5905
3515
1144
7581
6781
5845
7208
7004
5646
0
7660
4042
1569
171
7259
8161
3505
7227
2167
6532
7133
3467
1310
6727
844
3342
3201
1161
7574
332
2515
5987
3390
469
1733
1256
1991
5563
1150
2280
62
4199
5636
7388
1915
7425
5810
7610
2358
3746
997
534
270
5175
2687
4971
7829
5570
1718
6792
202
6973
4581
187
5773
1122
1340
1858
1207
6318
5273
6912
6387
1867
3859
1375
6243
279
7537
7249
5390
6589
1652
4945
6776
2270
317
1688
7107
5536
2170
4478
7563
4933
4108
8002
2138
4769
1836
7834
6486
7058
8125
5292
6004
7708
6661
3231
1798
6342
5214
7129
906
6026
5221
5503
6785
894
8072
281
145
5303
2410
7099
2059
1432
4080
7046
5783
6286
412
6804
5952
3637
859
4951
7706
1028
2478
6215
4280
5921
1372
8089
5342
7080
4078
5645
2830
1265
5397
3142
3945
1084
5730
7072
3841
1462
2501
2110
3035
3178
5547
5736
4565
936
4534
6407
1209
5683
3985
5870
7459
1319
7371
716
3244
7963
3359
472
7825
7223
7153
3597
6322
2080
2852
1658
5998
2380
3878
6245
6845
5964
2043
8087
43
5107
5635
3013
3511
8115
7989
4777
2972
1651
1969
8022
4886
1702
1534
7369
4
2324
3728
5202
4771
3235
5387
4922
7464
1891
6597
1509
5195
719
2419
3438
2073
3807
6232
5714
7567
5495
6076
2447
7423
3392
5972
4732
3121
6726
6100
6759
651
6808
3516
3756
4047
966
7029
1258
4490
4044
618
1911
6775
1531
5766
8124
7741
7101
760
1168
6290
4256
7011
4154
3540
2226
7006
5739
2165
6873
5639
6694
5644
3613
4934
4364
7092
4616
6790
6883
7489
980
8041
5164
4464
1629
6158
149
1441
7700
954
4459
7805
3502
2266
312
7262
7494
4642
2602
5990
1513
7528
5543
4489
2728
123
7155
1665
5192
6133
668
1765
2407
4557
7147
2736
6363
1012
728
6379
3446
903
7584
1525
584
1403
5572
7612
4454
7605
1352
6915
2299
4522
3752
2597
492
753
7666
7135
5217
6078
6303
6312
3643
557
4271
2088
6866
4718
6729
7538
3215
3704
1087
4408
5832
3571
766
196
5976
3147
6255
1454
592
29
3682
540
2610
7604
5228
6817
5716
2843
7327
1044
6567
3071
5579
5815
1313
4710
1354
735
288
3274
7913
7427
7280
3184
955
4989
7321
3947
1062
2045
6886
5549
6608
3542
3136
6784
4709
4035
1136
4943
1050
7457
1064
6520
5250
6910
794
964
5634
147
2780
7347
8004
7461
7054
321
4974
114
1785
4547
3875
4630
555
1363
4617
6300
235
1981
282
7535
5539
346
976
1826
6043
392
1883
7756
5153
1174
1020
2753
7361
2618
7437
6723
6262
7136
6904
636
3436
2604
1552
3468
934
7492
649
1353
662
585
58
7189
7858
7265
6161
530
6357
2492
7100
2319
108
2937
6461
4492
5903
8009
5619
1700
932
4030
5356
3973
7483
2309
99
4682
6688
6130
2493
6316
4193
4924
327
3280
498
3242
7747
7822
1366
6024
5609
6000
1443
384
3374
5064
808
5075
4029
2252
1288
4168
7749
4135
4496
7933
5956
6602
5674
373
1104
586
5188
6382
2875
1166
8131
7370
528
3109
5061
5927
126
6971
1365
416
75
7986
5363
5995
1312
5734
3943
7795
851
5566
236
3868
2184
1994
7375
5933
7672
2866
4516
1346
4628
5404
1425
4337
5790
4134
3477
3798
5119
5085
67
7947
1339
179
6241
6492
2605
1229
5042
3579
798
5441
1669
7543
3228
1249
5343
7007
6703
697
7250
2727
1570
5261
5313
3073
1190
7668
5143
3507
5323
14
2790
542
1968
6045
5589
7187
4846
7864
1747
5350
6169
7219
1001
7000
7324
6571
6155
7654
1678
3214
7874
8044
2693
3479
4571
2556
5604
2203
3006
1945
2208
4064
2335
7261
5089
6690
7696
5455
4689
881
5242
7519
4997
5673
7599
4503
1882
6364
3736
5737
5863
1791
2498
4061
5110
5145
181
1003
956
1577
6279
2393
4823
1912
2287
3489
5890
7930
2451
172
526
3105
1205
4969
3433
7192
5027
6871
733
1033
3606
6926
5347
428
3957
5439
6810
657
5428
7071
3908
3835
3427
2239
4324
683
3148
4711
6768
7360
574
3880
485
1422
2404
26
826
4445
717
6116
7441
1232
6007
4347
5686
880
1253
1522
1814
6009
3086
2530
1170
1476
2808
4406
5048
999
3041
7725
4462
6828
6671
1647
601
8178
6327
4331
3657
5583
3678
1893
5928
94
5847
1809
6162
509
4992
2103
5063
5724
7212
6596
1799
6691
4555
6900
361
1201
3827
35
3338
3346
6588
7243
376
3632
2516
6452
2752
1399
6607
4077
7066
514
6431
885
1543
7503
846
1461
1276
5792
5449
7680
8141
4104
2467
664
7356
6218
1993
1668
5806
1017
3804
4810
5807
421
1097
731
1863
3575
2949
2356
1395
4926
69
2470
1952
1813
1393
3688
3288
2848
2076
5922
4510
487
871
1587
1983
2062
2035
5306
7172
1197
475
879
6802
768
3090
5385
3448
6738
7022
2529
2544
6811
5725
5727
4345
4549
7977
6242
4755
3124
8112
6660
3922
369
3466
1707
3007
5637
2563
4713
2051
4164
603
2861
6350
2178
7949
6314
3247
3851
6686
5193
5548
1490
5325
2985
3188
3940
6987
2951
429
3474
5894
7814
5399
6368
6140
1072
5653
5718
5571
1095
7845
1675
7785
3996
2903
6429
6965
2923
4700
2630
6626
2700
8026
1595
803
2595
8062
6058
7936
6549
1638
6008
1493
1376
3554
5738
6184
3845
3503
5239
1822
6631
5492
284
654
77
5973
2609
7142
2646
6890
7139
4070
6381
391
5087
5761
830
4750
2744
2206
1956
561
1898
6510
225
3444
7536
5615
264
7017
2673
3523
2064
7762
5740
2168
2955
38
333
1351
915
5285
5023
1238
1377
3623
3486
1508
481
8096
3935
6183
6990
6135
1871
393
8122
6609
5830
8170
2449
7447
701
1347
2558
7009
1815
3838
6137
112
470
3553
2581
2503
4811
5482
5268
2255
157
924
3337
5638
7267
5850
2584
310
3509
2090
6085
1060
3608
5319
4631
7166
7256
334
630
4981
7529
7239
5778
4638
7566
3355
4781
3669
1460
3101
3191
5494
7335
4374
3902
908
2372
1797
7373
4600
4268
1985
3291
6766
1248
1613
5189
5929
775
1285
1682
3004
5733
4051
2395
3115
1885
1193
4563
7561
2942
368
5668
2367
1909
5655
5811
2962
4770
4452
3299
4683
4207
7452
6071
118
4747
6017
5044
1135
4143
6680
5103
7813
7163
300
6347
5368
6629
5230
4673
5271
2433
3873
2844
6600
7047
4968
7571
7844
7570
7871
7831
349
6849
787
4618
6358
6996
3252
914
1210
2896
4176
7378
1521
1703
4000
2854
4200
3263
5181
6104
5461
319
229
3419
7381
730
6120
6913
2288
7430
4376
439
2368
7293
2086
2634
3703
3307
6464
7954
3409
2667
1419
7165
7710
3711
5466
4923
2083
7775
4400
7650
947
5433
4690
7774
3545
6296
3471
4121
15
6921
4393
769
7210
2847
2762
447
1311
7971
6918
1923
6710
6916
3771
81
354
5861
6562
5210
6494
5360
7909
3076
7296
7783
4699
4303
4551
3313
4004
1607
3157
6679
1722
4427
3437
7075
7663
778
7644
6905
4375
3972
3010
2125
7664
7063
872
863
335
1391
182
7474
4484
3725
797
4799
850
7661
6760
1180
1886
5526
2906
6818
3420
1449
2789
3389
2901
4985
1466
995
4225
2171
3116
1819
824
3391
3928
6914
4542
7796
7662
860
200
7733
7972
3582
445
8086
7465
6555
1388
4967
4576
7016
7793
1217
5657
5535
5834
5819
3375
7582
5693
7665
497
4006
7527
994
2108
5393
6829
1506
5030
1970
5169
6084
5800
8189
6842
2655
7923
4120
6548
7903
6664
7914
6947
4820
7624
1565
4226
623
4986
1729
6941
4788
6882
7466
5072
1532
7146
6029
5373
4123
3000
8097
6945
193
4852
861
358
5055
7620
8143
2189
7221
1345
2260
1921
6473
3044
1421
7965
1974
4920
6066
7657
7362
6827
3662
3869
7694
7658
7606
6940
6815
4789
7240
7623
7055
7544
7693
4333
5238
6858
4520
6939
5814
7480
7976
6860
7768
821
1459
6951
7791
7908
1778
7201
6903
7798
7020
5729
7901
8228
6942
1414
7565
8082
8135
5764
4868
7721
8020
2578
4916
6986
7911
3882
6305
6234
132
1596
7251
4906
5540
781
6443
3729
3915
1888
4493
156
1762
6774
7358
1225
6186
2246
8035
1187
510
7455
3042
4666
2094
7595
6324
7679
5243
5141
4691
6978
1918
7366
3432
5578
5618
7707
6223
7065
6138
4927
1544
6841
4791
5587
2430
2483
1192
6924
2282
6699
6274
5148
938
1151
7156
4127
7579
4663
1971
2980
4092
1401
3085
7097
5003
3300
3500
3275
7351
5909
3958
267
606
4034
4441
1796
5475
4062
1734
4644
6714
1226
4141
3862
5776
5747
7383
7387
757
3024
1123
1008
2396
2223
896
1594
2889
7876
2993
3788
7119
4125
5978
4416
6193
611
8148
5431
3803
3896
6658
6777
3962
5329
2303
5098
5211
5856
5174
1428
3559
5529
224
3796
5315
7958
2122
6356
6481
5651
4692
5599
946
2542
3640
7701
5043
5523
3630
4488
628
2538
2285
84
1280
5113
6538
6311
2379
4325
5623
1341
8092
3903
5484
2527
4422
3087
4954
5703
6471
6389
689
2397
3262
7307
