4611
4033
57
3673
3906
4660
821
1480
4932
4318
3040
3837
3396
284
4976
3446
3780
3620
5177
143
4689
3363
2918
5858
726
5210
5856
596
5714
1190
1913
1941
960
5396
4586
1859
2691
1472
1642
3303
5705
440
1388
2915
3531
4554
4665
5115
2759
1696
1112
2862
971
2233
4281
2011
804
5332
3586
3076
605
2883
5054
4857
3382
4720
399
5936
5932
5947
236
1017
4971
3165
938
5667
5249
2078
1172
773
1755
2503
3689
5571
4218
4855
2868
3566
5589
787
22
5521
5199
5056
5428
2156
5000
345
4422
870
2775
3954
3967
4934
3241
4314
1812
4341
3572
4888
1018
812
515
5722
1558
5025
4365
1013
5572
623
2290
4450
4030
3668
1598
2509
4711
2112
310
3962
2513
5059
2485
5381
5747
2782
874
3021
4297
1332
4074
1731
5248
611
3472
893
5416
2702
5471
1745
4112
5027
3832
707
1907
3935
10
4723
5620
2239
3775
512
1355
2145
398
908
2472
5080
2858
2386
1991
4317
265
3817
4641
3291
288
1775
3611
3353
4085
1427
2291
229
5172
2276
3053
3287
3874
4050
5310
1725
4999
4079
644
2431
5051
5568
655
5908
2004
1978
4768
1148
4368
3728
4754
5165
4396
858
1562
5684
3067
1493
2507
1336
2642
5378
3568
3530
5193
1272
3717
3504
4730
3099
2917
4505
3000
4437
5654
3168
3631
1129
2498
5191
3494
4814
3244
1391
3264
5767
1510
4813
4194
3806
4150
4355
733
129
5007
5696
3638
2099
258
3320
2571
2683
2897
121
1305
1639
2323
873
5245
1329
1030
4949
304
2803
2565
2783
5326
775
5325
1605
3963
1889
2443
2454
2149
4225
4666
3824
179
949
5170
806
1418
534
4656
1077
1921
1847
4319
898
3054
699
1359
5244
4250
1834
4632
1625
1790
5382
3148
2770
5229
5338
907
3246
1611
4650
5252
4012
384
2501
2062
5163
1141
5728
1664
4014
810
2392
2787
3058
4514
778
2609
2294
4551
3523
2168
3734
1836
2036
4618
2736
4801
3142
4699
263
1024
3503
4183
3544
2317
1001
2054
3543
3175
5369
2778
1628
677
742
2799
3562
5681
5744
98
4285
3349
4477
3726
4766
5276
3719
240
1698
4162
1555
1311
5501
3033
2818
654
5143
3746
5314
3937
573
4844
92
2211
2432
2658
511
2769
5273
1113
4701
2569
3115
2106
5206
2680
18
3284
407
4057
2092
2982
3654
4002
4246
4381
3940
1554
2494
1645
5122
2604
5012
762
3038
2120
4236
1871
1560
2980
2697
5011
3157
537
2393
3153
2122
1640
5807
3629
744
4414
4265
5459
5921
5934
5951
5454
2661
5599
5625
77
3635
3976
1277
4148
227
5509
3850
2944
2880
2375
5431
2586
2877
2875
5317
2430
516
2451
5243
2819
2455
5285
2754
2629
759
3059
4682
657
4364
2396
1003
1926
683
3846
3772
3763
296
3690
3650
3618
3526
3492
5623
328
5660
3428
3319
3312
3871
4115
220
3304
112
5125
4980
4908
4900
164
4784
233
4721
4529
4528
5518
4522
4394
4343
5535
4553
3302
3230
5250
2041
2022
1908
1890
531
1875
1750
1385
1197
1000
980
961
5885
932
5955
4211
2426
5716
2885
2146
4230
3188
253
1674
1661
4873
279
1634
3971
1614
5547
5570
3073
4036
1517
1486
1441
5512
5498
1823
1728
2589
395
396
3549
5131
3522
4987
3506
3752
4953
3797
3863
249
2018
1993
3911
1953
342
1437
1700
1350
3990
854
3456
698
924
5832
4848
4137
957
988
864
2828
2245
4106
5909
3946
2876
3046
637
2228
5785
5745
5762
5789
5436
3009
5746
3012
760
872
2853
3249
2842
783
5814
2713
2551
2319
2753
2101
2133
457
2772
2096
2540
3081
4253
5372
2742
3904
3120
1984
3361
4804
673
664
1650
1083
412
5469
950
4258
5450
3362
4573
5164
4904
4459
4029
4531
323
4303
4863
4096
1888
4911
5582
4819
260
1054
861
1088
5750
3299
3462
5838
618
4193
1072
5833
1328
5671
1340
687
563
3468
287
696
3214
3253
2529
2111
5290
4306
3270
3060
5738
1762
2382
5261
3583
4320
3747
2849
1399
2304
2044
1678
2531
2826
5534
3108
5859
1295
3354
3975
2086
2479
1202
2200
3484
3005
82
4362
1243
2087
3792
803
1579
1070
922
3715
47
1573
2798
2312
3421
3330
4869
5437
5586
28
5546
4443
777
3232
4968
1822
5120
2373
5600
5456
4585
918
4395
2047
2300
4907
3078
4172
2141
3735
1813
450
5902
3103
3096
900
4372
4762
1358
4958
4166
5596
1587
3835
3174
1082
4210
4130
1724
2424
2116
315
4157
578
2067
3429
5038
2879
2309
2517
190
3055
1203
5311
4469
5107
1655
29
522
776
33
3453
3155
351
5219
4706
1791
2325
1968
4948
5824
1753
5862
2839
3737
4217
5548
1261
2144
1379
3279
2538
303
5666
2752
2027
282
4331
2528
2166
5821
128
5392
5013
2331
2110
1944
796
548
2311
5773
4621
3758
3501
2334
4747
1863
3274
5730
3432
5187
538
418
944
1182
2694
139
2034
4305
5529
2971
5139
3025
3265
4709
4667
4861
4767
26
4620
336
3326
514
3047
1147
5748
1204
1701
5643
2271
4444
5877
5489
5914
1208
940
2574
3907
3917
221
3938
1680
2490
2703
4975
2646
1636
4657
545
5787
5772
3852
2698
5669
569
2012
2580
1802
5149
340
5358
4015
5592
2224
1028
421
1572
837
189
180
3436
5406
135
4547
2349
5544
4005
5071
2760
2909
2645
1524
4669
4835
2863
665
3809
4580
779
5863
1011
1569
1896
109
2502
4094
12
5777
4892
2441
568
5349
1241
1144
2237
1180
3229
474
86
4227
3024
990
2675
2650
1431
5399
3224
4498
4564
1932
4098
1366
4326
1212
3132
307
659
4795
912
5197
2835
5622
3110
5086
4100
5049
4335
630
1240
4658
5788
510
2056
4430
2717
11
729
3373
3721
5683
3589
5531
2073
4681
5455
5779
5907
60
2370
3602
2898
1824
2184
5661
3630
1694
4644
3584
4301
2665
1780
419
1705
4192
4989
5720
2716
5865
2400
5414
1987
3959
211
5189
3513
197
1756
5037
743
116
4344
3498
3848
3285
4687
2800
3709
4269
4860
1616
5873
4771
3725
1686
4201
73
3125
4649
244
4916
5881
327
1561
321
948
1249
3688
1574
4638
952
2999
5904
1213
5578
3727
3129
2297
1037
5931
385
3357
5933
3152
1207
709
530
4000
449
2225
4154
1740
5485
3041
3121
2809
1644
1682
3854
3730
2372
5299
3447
565
1395
382
5079
2747
100
461
2180
1565
2882
3538
3023
1042
2943
5742
1110
2611
1521
3262
926
4379
85
5613
5897
4765
5588
4080
4818
2475
4728
2153
1866
1450
3978
1708
3474
2484
5237
1846
718
5629
4538
3301
2260
1796
17
3488
5784
1120
1905
3409
2746
674
620
3878
1416
5286
705
2986
4659
2595
420
3097
2438
1763
4802
4360
1635
486
5806
603
5271
2253
3216
5270
2655
3682
3801
1662
3660
4651
3475
5283
2139
4898
5287
1196
5334
1508
4069
439
5072
5307
430
624
155
0
4182
1271
2582
3251
2525
4330
356
1935
662
1321
2666
4451
4877
3080
4298
830
1245
4758
1428
4933
3143
3551
2940
1250
274
1084
5525
2861
3704
2391
4759
5420
4369
5421
828
1525
136
2255
4856
5218
198
5121
4851
5046
1306
1023
3681
4289
161
5511
3091
2587
1409
622
2994
1536
3323
4915
946
3328
4789
4426
3988
4889
127
3828
5092
3204
561
3777
259
1481
2976
2654
2840
899
354
4936
4223
2869
5872
1632
4070
1607
4060
852
1123
1439
1270
157
232
2933
1140
2459
4021
2458
5918
4425
4810
2210
2353
4584
1297
4688
2227
3822
3614
2903
2843
1184
1620
4929
4897
3700
5074
2049
4419
3898
3154
5058
1101
725
4710
3269
827
5223
4945
947
61
3314
714
4243
2506
5357
838
5701
4654
4523
3439
256
1414
2708
4087
4714
1933
2524
3563
3984
2123
3679
1931
5097
2664
4576
1519
4110
1778
5434
925
5346
3486
3787
2847
4503
2039
3701
2802
2741
3771
4072
3006
4770
3594
4839
843
846
3422
1339
1672
4234
1375
1074
5240
409
3509
393
373
2268
1109
529
2213
4465
4757
2550
4067
3609
248
3329
4588
3657
564
3445
5874
4792
1707
649
2332
2448
1901
2194
3994
541
5710
300
4678
5492
3297
701
5752
3308
3171
3233
2328
5499
3778
436
4722
5294
2726
5709
4010
5729
3955
3639
31
3885
4796
3663
2374
192
1589
4527
2573
72
3365
1495
1137
1177
3847
3711
3599
456
1516
2357
2568
1281
772
1768
4862
3820
761
1157
2970
25
1380
3877
294
4895
4984
3403
5817
4279
2534
3090
5302
2837
4626
2804
1808
4702
3745
2199
3600
3193
5561
2600
737
5490
3786
3782
1406
3495
1303
4272
2002
3767
5282
1709
2421
2463
5313
896
2592
390
4891
299
5695
4590
2838
839
429
4063
2789
913
703
1004
4287
3781
4055
3190
2486
3766
1343
4896
4350
1878
2140
2672
2688
2048
4104
1695
79
1665
4231
643
1789
1737
2077
4136
3133
1397
1341
5700
4807
186
1345
1988
3008
2659
2406
5604
4073
1337
3255
3603
1221
1959
845
2167
5341
2033
115
4961
3942
2743
1467
3
2028
5766
2172
1630
4173
3960
490
470
869
634
604
5842
3176
1067
1163
402
2231
619
3901
755
3749
3536
308
1818
3126
376
3606
4737
667
5183
2548
4695
1781
2398
468
3347
4332
508
934
4392
653
3974
1876
123
4062
3738
2599
2734
5407
2440
2992
2735
2059
1801
3585
5211
1106
5939
3293
445
417
4867
2695
1788
3849
3508
1690
3266
2651
1165
3088
3889
1286
1860
1732
719
3973
3069
4251
404
4117
968
3356
5612
188
1487
5268
3621
3045
2771
3684
1597
223
1384
895
3525
5089
2987
4960
5890
717
3001
5649
3275
5016
2009
497
2966
1916
277
3359
5318
4672
1771
5886
4273
1068
2492
4643
970
2558
1551
3070
283
4977
1936
5254
3461
281
250
4532
935
4123
4204
4088
4233
4803
5502
3370
5677
119
2768
5435
4286
736
1269
269
3966
5718
5264
2388
509
4509
2445
1815
292
4610
4186
3920
905
276
2562
2282
5515
444
3607
2508
3932
1845
2293
2183
1592
2352
3311
5108
5449
2676
3705
1464
4886
3430
1977
930
4051
956
4624
2617
270
1402
5028
151
2230
942
5213
1400
2860
2419
2000
4517
1981
4028
4082
3972
4633
1568
3875
331
1671
5837
4751
1757
5145
5626
2356
2856
5391
3414
5196
3693
1215
2031
5526
4427
3687
4745
2935
3883
4160
5505
1691
1160
3094
3480
202
2635
1948
2936
3977
2269
3779
5528
4542
4821
4274
2515
3098
3941
1419
5234
2776
4361
2117
2055
4432
2163
2893
5168
4400
5366
4387
5181
3283
951
5860
4738
4991
915
218
2941
4398
159
1420
5867
4512
4631
540
978
1814
2343
2336
2560
84
1622
2215
2272
4524
2306
3554
4927
731
170
4619
3858
3490
3615
3836
4854
5770
245
5854
797
5786
2169
1274
1693
823
1915
5778
266
4260
168
91
3268
5598
901
4147
1816
532
46
4880
1296
3237
4249
5634
95
348
2068
424
2405
2727
3675
2397
2993
4461
2468
5398
1430
3627
785
4356
5069
2444
5480
567
1078
4955
2946
3953
2561
42
1723
2108
3798
5111
4342
4954
5607
1025
3112
3243
2061
645
5082
4083
391
78
791
4334
822
2176
2410
5340
2482
2704
5185
3826
4697
4158
4890
1545
1368
1034
4828
3140
4894
5715
1280
533
1265
2284
3785
1149
1014
2223
4918
3259
3517
169
5203
1325
3855
570
1919
1279
982
2241
4178
2945
4791
501
5595
5
1684
3933
2091
5830
5230
1590
3637
4630
5848
3575
5215
2024
200
3867
1784
1237
2533
616
1602
5756
386
2173
2401
5751
1688
5401
2337
235
859
113
4019
5451
325
5545
5602
5179
1575
1098
1819
2035
1465
1998
2151
66
1940
678
1327
671
679
464
2701
462
71
4914
5200
3022
1742
764
483
124
5352
4195
226
809
5765
1843
4095
4764
1807
5831
2289
4847
3372
5949
5019
5443
3064
1257
1191
3643
1506
3790
132
2981
2630
3534
5048
1792
4707
3812
3547
825
2845
252
584
625
585
3524
2152
1683
3340
380
5065
2519
802
969
1276
5085
4016
3322
1986
1114
4116
4207
3105
2195
5204
2928
1975
4247
496
1765
1386
829
3007
3415
1800
5395
1169
2335
5018
5400
5415
2536
3079
3213
4325
3398
3613
3656
708
3658
2080
3588
1244
5708
4185
4716
1433
5783
4668
1061
3535
555
4917
3192
5345
959
2668
261
5298
4885
4599
1804
374
3591
4453
205
4568
27
4114
3958
4836
3754
813
2576
4404
2978
4206
4755
2623
3459
3344
5151
154
4187
686
239
2624
5458
4725
4374
527
552
3028
1515
2913
1490
5288
488
3075
2229
5621
311
3018
4692
675
2187
4200
4304
5427
595
5558
3380
4382
3151
646
572
5361
3426
4212
2545
4023
2174
2148
3948
4544
1528
4327
4101
2584
767
3401
4139
1783
1392
5344
4011
3545
5840
638
1466
1455
602
2866
3810
4221
3683
5423
4518
4133
3879
63
3444
1504
1833
526
5162
2428
2705
2511
75
937
2395
3473
3464
3713
4749
2748
2070
2824
1578
3601
2470
1370
185
4245
3923
5630
3608
1404
614
3756
919
3451
2639
2920
4406
3814
1596
2240
4159
1304
2175
1012
3750
2094
2707
1643
4925
2065
352
5269
5538
3185
4235
5138
712
5330
5801
5367
150
4601
3729
5257
1957
2739
5488
2209
5354
484
4670
2872
2389
2420
1209
4683
2085
1010
1300
4038
1885
2316
4864
2522
5024
505
4596
2023
3564
476
1117
4043
1463
4521
3052
1854
5412
3648
2318
313
3642
1820
5610
5386
848
5636
4065
5857
765
5798
597
5796
5808
355
2350
5536
251
4376
711
3118
2801
4537
5064
2196
2378
3910
5693
1199
3987
5365
5638
1653
2575
3744
4266
2958
5214
4778
5166
1435
5659
4168
158
721
2570
3310
2270
2442
152
2951
3662
5887
5040
3628
454
3450
2465
889
2075
4434
4671
692
967
3476
3418
4495
2427
2186
763
3520
750
1529
5033
4963
489
3872
4479
1821
2613
3256
1831
163
1469
1974
4808
3020
3324
3674
4483
1073
566
4175
2082
3649
4698
4203
2301
3593
2552
5574
5753
2084
5725
546
312
5132
2892
5851
1058
5061
680
491
5042
1009
3289
2720
2953
3389
4545
2610
3659
3442
5002
4510
632
4155
5868
4845
518
5259
3624
2647
422
4919
4476
1436
1673
3507
2299
5697
2423
2699
3393
3119
5004
820
1567
832
1537
2972
706
2567
4071
3180
38
3145
5362
2554
3862
2394
2338
4829
3159
4169
5802
2539
32
815
2264
4349
983
1449
758
1923
1187
1776
3964
3703
1500
478
346
5876
367
732
1227
3924
372
4826
996
4944
3187
5648
1754
5030
4899
3731
2859
3765
1726
4454
5942
469
3555
3225
4143
1945
3240
2832
4905
4252
5503
4653
1637
5519
1066
2339
1268
1960
2081
5118
2806
2326
3405
74
375
2997
5195
2365
3768
2205
3084
371
2974
3888
1299
499
2830
4284
2714
90
4772
4974
5794
4811
2069
4267
3500
3927
2590
3478
5266
5871
3408
4673
493
2198
1826
5241
1026
5008
4677
1016
5113
5242
5324
931
3610
3221
2358
3027
2188
747
3661
5300
3212
448
4401
4151
5915
2489
3764
3698
1779
3813
1886
2415
4056
2222
1044
167
987
3250
2625
4315
3309
544
752
5543
5665
5829
5739
5900
51
4262
4959
1795
3413
3191
5460
2851
3273
5052
1829
339
3769
2577
5380
3511
1715
3236
107
1497
5231
2793
1173
3760
3897
1195
4415
4470
4661
2119
3993
5128
5549
2038
1488
593
3066
3789
2733
811
756
2618
917
1193
3388
2416
4049
5328
1918
4849
2956
1772
438
5799
1361
1603
1287
5516
5732
5216
5912
103
111
5879
4645
3743
4534
4466
3965
1599
5533
4602
5232
316
3455
3692
5445
2341
4997
5541
3716
5940
799
1413
943
4983
5803
4865
102
2275
137
1912
3799
939
1105
2939
35
2816
4441
5109
2749
2109
2029
608
1995
651
4001
535
5555
2429
3623
4988
3761
4612
1335
973
285
93
3248
5847
4402
5640
3419
2510
2100
1759
3379
4713
3925
3887
5506
1946
1702
5236
4583
5253
4311
3841
3612
1895
4859
216
2597
278
5486
5927
1746
2113
786
1951
722
6
3587
5880
1210
4442
4965
3035
4557
4986
5227
1298
2921
3215
2014
1312
5129
4629
3138
3435
1697
5866
3300
1710
2594
2020
4964
3616
5063
5461
4675
2643
4300
4561
1126
1134
5102
3039
2779
5101
2696
1176
1434
120
5903
5497
1288
2955
979
2263
3646
780
4686
819
606
3996
3757
2555
3294
247
1766
621
5680
4329
4140
1095
5393
1161
661
5178
2644
1600
30
1125
3830
2505
753
3358
4180
5820
5098
5076
3696
4292
3061
5124
1371
4520
4637
3991
1610
23
5043
553
4077
394
5508
1059
2355
3316
4377
2437
3856
3829
1774
5517
4428
5706
5370
5484
3604
3169
4032
427
2962
1352
1421
5624
4299
181
3776
2829
2541
5083
4196
1006
176
3367
5209
1445
2417
4463
1022
2581
3124
5077
44
4906
1909
2755
2848
1621
2677
1646
2620
4982
3860
4628
2288
2669
2252
3783
4540
3226
3423
981
2402
3561
5479
3144
5809
4806
199
2729
364
4981
3391
477
5474
4031
1874
4780
3553
2638
2216
617
1983
881
3394
4539
4913
1425
97
992
4788
1594
2404
3452
3896
5491
3026
4293
5256
5247
378
2001
1585
1255
1660
1654
1764
4930
4555
3258
3505
4605
5153
1950
3894
54
1910
5087
4486
1474
5504
4627
2626
4970
214
1194
4622
326
4323
4852
5312
1424
5100
5590
2203
2557
3947
2682
2190
1143
3540
3197
3386
257
1057
1853
1668
4282
962
20
883
1405
5224
5175
3234
4242
3339
581
4248
4870
2064
4058
2725
4598
1242
3900
195
995
3336
1041
2834
21
3982
146
2079
4998
1677
5017
5733
344
1045
1540
3463
933
1809
4025
5797
1827
2456
3150
3077
5147
479
2942
425
3092
3019
2058
2340
2579
1982
1478
4448
1704
5597
1841
1844
1273
2919
2563
2817
3680
4594
2179
5217
2831
41
1543
1346
4034
1623
2242
4390
1127
4340
629
3851
652
1347
5822
4385
1214
5542
3342
771
4091
3633
2003
1444
2963
5826
5727
577
1308
2886
998
2889
3315
4347
2124
5174
1580
2805
1556
1021
1570
4526
1714
2968
3995
1036
826
4903
2991
5580
19
2756
1520
2937
1104
3010
5836
4769
4785
1264
5473
175
5292
1954
1131
4693
2019
3085
5736
2979
5278
411
2379
5919
1373
5605
2820
3343
3968
3902
1470
1186
1443
5035
5364
2731
1873
4263
4719
5467
2098
1302
2008
4816
2964
5384
5633
4497
14
3970
517
5583
3313
4386
3123
4407
231
2537
2307
3909
1962
191
1315
3981
2686
2900
1377
670
2487
1483
588
3691
1055
1865
1541
2286
2905
3647
2273
1904
3961
5791
754
1581
1659
4748
3718
1232
5670
2147
3774
4613
800
1891
1967
781
5755
768
4712
923
3808
724
543
3514
727
5260
4777
3292
2234
5144
4574
3101
4302
246
2556
3207
1548
642
147
5142
3567
4560
2254
225
911
2674
1798
1263
1175
4132
4978
2083
4163
3653
3823
1884
1457
1440
1145
5672
3194
5948
467
5668
4418
4947
5350
4059
5105
4756
3634
1980
4190
5026
4052
3369
3865
1219
2161
1452
4732
3122
3272
5167
1669
4006
5764
2164
2305
2615
2622
4920
4022
1138
4942
48
1681
5686
4752
3625
4041
5068
2354
3325
43
1830
2670
2107
2037
5169
5284
1992
1799
5878
5130
2052
1217
3231
3032
3655
3036
2788
1189
5711
1593
1351
5359
7
3695
5565
1198
4472
2063
2076
3117
5655
1527
2975
3641
4322
4214
9
2914
3669
2930
238
4224
1429
3676
5579
4901
3640
5812
1880
1142
1085
2738
4790
5606
1033
4501
1378
954
4533
1410
1294
2710
5394
798
3402
4746
3493
2344
4878
1239
3338
2280
3350
471
104
1507
5062
3186
3407
3502
5031
2361
1535
301
3595
1099
5375
5319
5564
2460
5562
3831
3400
4635
416
459
2823
4951
2071
1167
1357
4872
5818
3802
1862
5385
1856
851
5883
5119
1769
3377
410
1882
3254
3816
5383
1136
879
2330
3755
3548
4066
4614
5296
2850
338
3281
4684
3890
4615
4321
1258
4144
432
3748
5055
2745
5530
3134
877
1259
3437
3420
941
3411
3166
5309
3167
902
2469
3424
4380
2171
5553
4064
187
3892
3742
5060
65
3569
878
3596
117
1667
1855
2298
1363
219
2667
575
2072
5127
782
5782
3670
306
3515
1152
844
5066
99
4004
2535
1235
1324
5053
5819
4595
3751
2256
3479
2481
579
5556
144
2238
700
1546
5347
3042
350
818
1372
3550
748
4691
4167
2763
2671
720
5513
5173
1729
2130
1900
814
4468
5029
2471
4120
3277
162
2874
5335
3288
156
4042
4603
587
1501
1786
1251
317
2182
4309
1563
3307
3652
3013
2496
3733
2322
5861
1949
4199
2931
4202
4634
2114
3969
4834
2960
3031
1231
3217
5103
5929
1943
2026
4068
2929
2477
1396
5251
4089
5390
4471
3267
1103
3004
560
3519
4352
101
2473
2732
1947
5689
4165
2902
466
209
3298
2105
5651
4456
1317
4275
853
4436
4774
3939
554
5022
1894
1015
4591
3864
1797
3560
3030
1076
2017
5176
4078
524
2435
857
2598
1091
5182
1817
3182
3116
4367
5514
2767
3795
513
3100
4111
5466
1479
817
5554
1576
3957
5815
1260
723
5587
2684
1782
4134
357
2165
3546
5356
3489
1322
3794
4209
5537
4255
5160
5780
3390
4241
1583
5740
4952
3491
1333
4800
5563
4291
2518
627
1999
5731
4724
5527
2346
3736
4383
1883
1899
1842
2278
4164
856
5377
1631
3470
1552
2857
5628
929
1451
528
4184
1502
880
3873
3573
3723
3770
769
3412
3843
3351
4037
4875
1482
5041
5192
2412
4370
1514
4717
3399
583
4535
669
1290
1730
5047
3427
5255
5135
4938
2385
4278
5688
4973
5532
1930
335
5685
4017
5351
2653
1293
4881
824
4912
2132
5303
1571
5882
400
4113
1094
3062
1902
3016
4126
2060
2467
3985
1267
2206
4127
2197
5567
5463
5343
431
4007
4254
4121
2248
5810
2766
1334
3685
3087
1542
1369
2602
1422
1051
4604
4593
3644
598
5329
1456
3845
1934
1906
4475
2030
2649
1166
3992
3130
2257
2990
993
3579
1624
2871
5201
5853
2449
1229
2042
5482
2514
4411
447
2221
2439
4081
4048
805
353
4581
423
2155
3104
5523
1839
2265
1230
4431
452
5841
2499
5692
2952
2706
4179
3392
1864
4566
4177
5156
1178
3762
67
730
4743
5584
2895
2786
2810
3905
443
4824
4884
4832
5184
347
3800
4972
1002
3068
2762
862
184
2387
3457
2244
4464
5769
4504
3720
1803
4559
5363
255
4313
2709
4009
965
2348
4525
228
2178
4125
1751
359
4840
4841
1040
3239
5078
4480
4490
746
4506
2010
2006
3222
4145
3632
4679
1035
5792
1721
4129
2836
3626
3128
2493
523
4107
2500
4733
3521
1092
4103
1656
5159
2821
2520
1100
1604
4782
4783
5155
3141
1591
5800
3305
4146
5198
4558
2908
149
576
3645
3477
5839
3337
5540
4197
2383
2873
2867
1852
2815
1849
1840
1825
4617
557
556
1810
4170
2425
4636
3156
3712
2310
4222
3714
5682
3989
1390
4536
4228
3306
3404
3986
305
2616
1338
472
2281
52
2279
3011
1389
2313
4882
2314
3651
5703
2447
3003
1582
2366
1544
2360
3636
3542
4812
5707
4053
1526
5425
5417
549
3710
4018
1848
2315
1320
1307
4239
3581
1928
1188
1185
4416
3759
5308
5304
4389
1162
5067
5001
4990
1133
2718
5875
3440
916
5749
377
5333
2157
5353
222
5274
2296
4045
5500
3818
5446
5297
1858
5114
2434
4324
295
5320
757
1711
5374
788
850
3997
1407
341
1115
5096
2751
5180
4264
145
4040
1310
4458
426
5208
3355
5093
5687
114
3919
5238
1994
1291
589
504
3571
3980
1477
2700
319
639
4837
88
989
5039
5315
1374
481
909
1462
126
580
1939
2719
2217
1699
4858
3487
1777
1323
1253
4268
2549
3574
5281
4138
1432
2998
4445
847
365
4232
2032
1442
4008
5632
5631
5133
3527
5619
5889
2631
542
4922
5552
1911
2127
2984
2045
1748
1246
3072
441
3918
5233
4489
1403
4076
5376
4485
5928
2864
1032
4562
3065
5717
4967
5207
1649
4992
2948
3724
2884
4993
3205
453
1224
1236
5112
3496
4825
2904
2607
3177
5635
2414
735
5321
4575
4924
4128
5675
2321
194
1496
165
2088
4189
87
1080
4108
460
4838
4405
5409
2446
4481
770
633
559
5075
196
4705
286
2841
320
2220
206
172
5741
600
2927
4909
4939
183
4003
887
1360
5032
4815
1079
3345
2977
1387
1473
2657
789
3245
5924
4494
2907
1925
5938
5905
710
3252
1929
3597
1326
4421
3952
3471
3034
2910
4198
2723
1706
1903
455
2235
4515
370
840
2403
5095
3796
3903
1927
1376
4
927
4027
4296
1523
2258
4652
3466
5126
690
1130
1917
1220
1955
4090
691
5106
160
4530
4135
3921
4578
133
2136
3127
3840
2287
635
5551
5557
1102
5410
1168
442
5220
2185
1046
4850
4044
4946
702
1448
5618
3196
1211
2687
122
3916
58
4969
1758
2177
4153
2542
5627
2855
1461
81
330
1609
5123
519
5566
3261
1892
4592
685
2596
1362
1914
5888
3881
2637
3049
153
4541
539
2693
3247
5411
3617
141
1087
5704
876
5464
2722
1069
3605
5478
5510
3533
5845
1043
5941
1096
4589
751
210
3071
4663
3793
15
5849
2961
5457
369
2295
2408
1893
3095
1065
888
2546
3161
3335
1722
4345
3552
1666
3537
3666
5641
5158
574
5212
4354
2758
601
5768
5141
4579
2959
550
2564
2774
1793
1164
3433
1712
4700
2591
4259
5468
4609
3697
2025
5679
4257
5603
4244
2478
5439
3512
1027
648
5891
3999
4507
4674
1248
4208
4488
2007
1920
2543
5009
1727
3539
4408
1638
5014
591
3296
3184
2890
4336
5221
2585
1454
3931
3469
1985
562
1382
4294
4664
741
1806
4216
3861
1038
5591
2053
795
5348
5368
4131
2559
131
4020
4582
3158
2724
2924
3619
1226
2016
739
4910
558
974
3868
4307
2995
3334
4316
4577
36
4290
5323
500
2790
3146
3089
4337
5844
5448
1734
4013
3114
1811
793
1522
5673
4046
599
2208
3497
55
2121
4957
498
1174
5611
3037
3577
4502
4956
2249
1071
4830
1301
1247
2376
4646
2277
434
492
4270
5664
582
1539
2170
1832
59
681
4328
3833
275
3467
148
3870
4820
3915
5884
3056
1354
4473
5650
1170
4105
2633
5408
1868
2523
1008
4403
2462
2090
215
2807
5843
808
4718
2844
2526
660
2632
4572
4455
1897
4047
1922
5116
3109
4433
1741
3853
1228
2491
2773
5656
5657
3341
5775
903
1438
2712
3164
2362
3410
2833
5926
2619
801
3707
208
272
2347
976
5743
749
2553
5573
343
177
1256
1675
4979
2115
3043
2737
1964
1717
1262
1990
1489
2204
1559
2051
5442
882
4500
4097
2131
2896
2207
482
5910
3908
2888
5137
3276
5371
5010
4794
2690
2891
134
5472
2906
1471
2345
2578
3891
4798
3821
4685
1857
936
1770
774
2158
4308
3739
3331
507
4412
1060
5419
1005
1718
4474
1492
1225
551
4995
4786
3162
3189
1
5593
3374
2495
446
964
1996
2399
2364
69
855
3210
494
4102
2137
4773
1828
230
329
5289
1089
2950
5433
403
358
3541
324
5150
2922
3147
1703
5073
1181
2466
1498
525
1641
4985
1330
4240
458
5559
1685
473
1342
1626
3565
4842
5475
366
3827
3200
953
1275
389
2715
3195
2825
3880
5099
689
3672
333
5646
5403
4119
138
2721
5560
4482
986
16
1531
2324
217
4608
4348
5226
4516
3280
118
5864
2483
5487
5110
1976
3317
1658
2418
5759
4994
1365
738
2363
2327
415
3949
3667
4868
2636
465
3945
4823
3227
1877
2566
3228
1151
1547
4776
613
2128
1648
1426
1146
3895
1216
656
2377
3699
1128
1760
4616
242
5430
2652
3819
3805
2678
3528
904
3671
3286
2996
3178
607
463
792
5188
3223
734
5614
1081
4734
4174
2728
271
5674
2811
5050
2792
2640
1353
289
480
4775
2516
3029
3882
2371
1205
2384
2050
1618
536
1156
4366
241
4736
1689
5834
2894
3149
3815
1989
615
2422
3811
4809
2923
4384
5152
13
2261
4423
4739
5735
1132
4399
1733
1887
2232
2954
2796
1550
298
4417
1773
4410
3773
4729
1446
4753
2794
1135
5944
49
4726
1381
2784
628
5452
4397
5070
842
3458
4548
2138
875
5316
142
2881
5422
5091
1881
2015
3556
1586
4549
3914
406
3198
140
24
2681
1749
784
174
4447
1512
716
867
2532
860
745
3384
50
4587
1398
3327
3899
5577
4391
3702
5699
1314
76
4662
4708
4288
5228
2351
5585
4831
868
4373
1122
885
4054
2648
2464
1627
863
2159
2660
3278
4676
5698
1367
1007
1200
166
5339
4215
1218
713
4283
2125
2911
3529
4876
5331
2791
475
5524
2547
5379
4039
2046
740
2601
3791
337
108
201
4565
4546
3397
2342
666
3706
1651
5642
920
1019
1039
5813
5171
4035
2436
1050
5734
991
963
5539
2214
2983
1075
5663
4226
3172
5658
1491
1394
3318
592
2878
3481
5662
2813
3559
4375
640
1119
397
1393
4149
3434
5246
5272
5225
4084
2005
4866
2814
2527
1785
2333
1344
610
4229
433
437
291
5805
2795
5301
2899
5676
3050
1869
5295
1850
2870
5020
3179
521
264
4213
4797
3807
5724
2969
4606
5617
3753
4556
1752
3202
5305
1767
612
955
4261
1020
3381
2785
636
4452
1086
224
3956
3260
890
1029
1533
1870
984
178
1973
631
5507
3886
4237
715
1534
2689
833
3804
4570
2143
5846
5084
966
5429
586
2949
1052
3218
5023
594
4552
2369
2201
5496
865
182
1511
2583
487
1692
2612
3295
547
237
4827
5090
1223
5104
1331
401
4966
894
1615
2606
2285
1530
1584
2593
1158
408
2390
5036
1867
2218
3677
1090
1739
1657
1047
1063
4655
309
1805
2744
5373
4639
2359
1183
658
414
5465
1289
4941
2433
3371
2154
3209
1872
1601
332
2013
1056
3825
8
4704
506
3578
4310
1687
360
5678
2957
1319
3485
110
2934
1509
1538
2021
1412
2320
3803
4569
5239
3271
590
2827
3360
3139
2219
914
3136
4484
1266
2250
1513
1201
4333
3936
4996
997
5277
5424
5895
1898
125
3199
361
1879
1838
1494
994
96
5440
2627
892
2413
3582
2283
1837
884
3219
4846
1965
1309
2134
2846
4460
4353
4409
4339
3201
4508
203
1553
3113
5306
1647
3102
641
4940
2603
3383
4731
1743
4931
1159
5280
2247
5476
1349
1606
3425
977
5432
3163
2628
5575
3131
834
695
4487
3183
40
4219
2181
1458
3665
4141
3173
4887
5034
958
4779
2243
1747
866
3376
5493
2074
2852
5405
1619
688
5418
3913
1617
1997
5923
5913
5943
5911
5917
5946
5925
5477
5953
5495
5950
5916
5920
5906
5952
5520
5898
5896
5930
3834
5935
5937
5470
5483
