0.99183223
0.99172185
0.99161148
0.99150110
0.99139073
0.99128035
0.99116998
0.99105960
0.99094923
0.99083885
0.99072848
0.99061810
0.99050773
0.99039735
0.99028698
0.99017660
0.99006623
0.98995585
0.98984547
0.98973510
0.98962472
0.98951435
0.98940397
0.98929360
0.98918322
0.98907285
0.98896247
0.98885210
0.98874172
0.98863135
0.98852097
0.98841060
0.98830022
0.98818985
0.98807947
0.98796909
0.98785872
0.98774834
0.98763797
0.98752759
0.98741722
0.98730684
0.98719647
0.98708609
0.98697572
0.98686534
0.98675497
0.98664459
0.98653422
0.98642384
0.98631347
0.98620309
0.98609272
0.98598234
0.98587196
0.98576159
0.98565121
0.98554084
0.98543046
0.98532009
0.98520971
0.98509934
0.98498896
0.98487859
0.98476821
0.98465784
0.98454746
0.98443709
0.98432671
0.98421634
0.98410596
0.98399558
0.98388521
0.98377483
0.98366446
0.98355408
0.98344371
0.98333333
0.98322296
0.98311258
0.98300221
0.98289183
0.98278146
0.98267108
0.98256071
0.98245033
0.98233996
0.98222958
0.98211921
0.98200883
0.98189845
0.98178808
0.98167770
0.98156733
0.98145695
0.98134658
0.98123620
0.98112583
0.98101545
0.98090508
0.98079470
0.98068433
0.98057395
0.98046358
0.98035320
0.98024283
0.98013245
0.98002208
0.97991170
0.97980132
0.97969095
0.97958057
0.97947020
0.97935982
0.97924945
0.97913907
0.97902870
0.97891832
0.97880795
0.97869757
0.97858720
0.97847682
0.97836645
0.97825607
0.97814570
0.97803532
0.97792494
0.97781457
0.97770419
0.97759382
0.97748344
0.97737307
0.97726269
0.97715232
0.97704194
0.97693157
0.97682119
0.97671082
0.97660044
0.97649007
0.97637969
0.97626932
0.97615894
0.97604857
0.97593819
0.97582781
0.97571744
0.97560706
0.97549669
0.97538631
0.97527594
0.97516556
0.97505519
0.97494481
0.97483444
0.97472406
0.97461369
0.97450331
0.97439294
0.97428256
0.97417219
0.97406181
0.97395143
0.97384106
0.97373068
0.97362031
0.97350993
0.97339956
0.97328918
0.97317881
0.97306843
0.97295806
0.97284768
0.97273731
0.97262693
0.97251656
0.97240618
0.97229581
0.97218543
0.97207506
0.97196468
0.97185430
0.97174393
0.97163355
0.97152318
0.97141280
0.97130243
0.97119205
0.97108168
0.97097130
0.97086093
0.97075055
0.97064018
0.97052980
0.97041943
0.97030905
0.97019868
0.97008830
0.96997792
0.96986755
0.96975717
0.96964680
0.96953642
0.96942605
0.96931567
0.96920530
0.96909492
0.96898455
0.96887417
0.96876380
0.96865342
0.96854305
0.96843267
0.96832230
0.96821192
0.96810155
0.96799117
0.96788079
0.96777042
0.96766004
0.96754967
0.96743929
0.96732892
0.96721854
0.96710817
0.96699779
0.96688742
0.96677704
0.96666667
0.96655629
0.96644592
0.96633554
0.96622517
0.96611479
0.96600442
0.96589404
0.96578366
0.96567329
0.96556291
0.96545254
0.96534216
0.96523179
0.96512141
0.96501104
0.96490066
0.96479029
0.96467991
0.96456954
0.96445916
0.96434879
0.96423841
0.96412804
0.96401766
0.96390728
0.96379691
0.96368653
0.96357616
0.96346578
0.96335541
0.96324503
0.96313466
0.96302428
0.96291391
0.96280353
0.96269316
0.96258278
0.96247241
0.96236203
0.96225166
0.96214128
0.96203091
0.96192053
0.96181015
0.96169978
0.96158940
0.96147903
0.96136865
0.96125828
0.96114790
0.96103753
0.96092715
0.96081678
0.96070640
0.96059603
0.96048565
0.96037528
0.96026490
0.96015453
0.96004415
0.95993377
0.95982340
0.95971302
0.95960265
0.95949227
0.95938190
0.95927152
0.95916115
0.95905077
0.95894040
0.95883002
0.95871965
0.95860927
0.95849890
0.95838852
0.95827815
0.95816777
0.95805740
0.95794702
0.95783664
0.95772627
0.95761589
0.95750552
0.95739514
0.95728477
0.95717439
0.95706402
0.95695364
0.95684327
0.95673289
0.95662252
0.95651214
0.95640177
0.95629139
0.95618102
0.95607064
0.95596026
0.95584989
0.95573951
0.95562914
0.95551876
0.95540839
0.95529801
0.95518764
0.95507726
0.95496689
0.95485651
0.95474614
0.95463576
0.95452539
0.95441501
0.95430464
0.95419426
0.95408389
0.95397351
0.95386313
0.95375276
0.95364238
0.95353201
0.95342163
0.95331126
0.95320088
0.95309051
0.95298013
0.95286976
0.95275938
0.95264901
0.95253863
0.95242826
0.95231788
0.95220751
0.95209713
0.95198675
0.95187638
0.95176600
0.95165563
0.95154525
0.95143488
0.95132450
0.95121413
0.95110375
0.95099338
0.95088300
0.95077263
0.95066225
0.95055188
0.95044150
0.95033113
0.95022075
0.95011038
0.95000000
0.94988962
0.94977925
0.94966887
0.94955850
0.94944812
0.94933775
0.94922737
0.94911700
0.94900662
0.94889625
0.94878587
0.94867550
0.94856512
0.94845475
0.94834437
0.94823400
0.94812362
0.94801325
0.94790287
0.94779249
0.94768212
0.94757174
0.94746137
0.94735099
0.94724062
0.94713024
0.94701987
0.94690949
0.94679912
0.94668874
0.94657837
0.94646799
0.94635762
0.94624724
0.94613687
0.94602649
0.94591611
0.94580574
0.94569536
0.94558499
0.94547461
0.94536424
0.94525386
0.94514349
0.94503311
0.94492274
0.94481236
0.94470199
0.94459161
0.94448124
0.94437086
0.94426049
0.94415011
0.94403974
0.94392936
0.94381898
0.94370861
0.94359823
0.94348786
0.94337748
0.94326711
0.94315673
0.94304636
0.94293598
0.94282561
0.94271523
0.94260486
0.94249448
0.94238411
0.94227373
0.94216336
0.94205298
0.94194260
0.94183223
0.94172185
0.94161148
0.94150110
0.94139073
0.94128035
0.94116998
0.94105960
0.94094923
0.94083885
0.94072848
0.94061810
0.94050773
0.94039735
0.94028698
0.94017660
0.94006623
0.93995585
0.93984547
0.93973510
0.93962472
0.93951435
0.93940397
0.93929360
0.93918322
0.93907285
0.93896247
0.93885210
0.93874172
0.93863135
0.93852097
0.93841060
0.93830022
0.93818985
0.93807947
0.93796909
0.93785872
0.93774834
0.93763797
0.93752759
0.93741722
0.93730684
0.93719647
0.93708609
0.93697572
0.93686534
0.93675497
0.93664459
0.93653422
0.93642384
0.93631347
0.93620309
0.93609272
0.93598234
0.93587196
0.93576159
0.93565121
0.93554084
0.93543046
0.93532009
0.93520971
0.93509934
0.93498896
0.93487859
0.93476821
0.93465784
0.93454746
0.93443709
0.93432671
0.93421634
0.93410596
0.93399558
0.93388521
0.93377483
0.93366446
0.93355408
0.93344371
0.93333333
0.93322296
0.93311258
0.93300221
0.93289183
0.93278146
0.93267108
0.93256071
0.93245033
0.93233996
0.93222958
0.93211921
0.93200883
0.93189845
0.93178808
0.93167770
0.93156733
0.93145695
0.93134658
0.93123620
0.93112583
0.93101545
0.93090508
0.93079470
0.93068433
0.93057395
0.93046358
0.93035320
0.93024283
0.93013245
0.93002208
0.92991170
0.92980132
0.92969095
0.92958057
0.92947020
0.92935982
0.92924945
0.92913907
0.92902870
0.92891832
0.92880795
0.92869757
0.92858720
0.92847682
0.92836645
0.92825607
0.92814570
0.92803532
0.92792494
0.92781457
0.92770419
0.92759382
0.92748344
0.92737307
0.92726269
0.92715232
0.92704194
0.92693157
0.92682119
0.92671082
0.92660044
0.92649007
0.92637969
0.92626932
0.92615894
0.92604857
0.92593819
0.92582781
0.92571744
0.92560706
0.92549669
0.92538631
0.92527594
0.92516556
0.92505519
0.92494481
0.92483444
0.92472406
0.92461369
0.92450331
0.92439294
0.92428256
0.92417219
0.92406181
0.92395143
0.92384106
0.92373068
0.92362031
0.92350993
0.92339956
0.92328918
0.92317881
0.92306843
0.92295806
0.92284768
0.92273731
0.92262693
0.92251656
0.92240618
0.92229581
0.92218543
0.92207506
0.92196468
0.92185430
0.92174393
0.92163355
0.92152318
0.92141280
0.92130243
0.92119205
0.92108168
0.92097130
0.92086093
0.92075055
0.92064018
0.92052980
0.92041943
0.92030905
0.92019868
0.92008830
0.91997792
0.91986755
0.91975717
0.91964680
0.91953642
0.91942605
0.91931567
0.91920530
0.91909492
0.91898455
0.91887417
0.91876380
0.91865342
0.91854305
0.91843267
0.91832230
0.91821192
0.91810155
0.91799117
0.91788079
0.91777042
0.91766004
0.91754967
0.91743929
0.91732892
0.91721854
0.91710817
0.91699779
0.91688742
0.91677704
0.91666667
0.91655629
0.91644592
0.91633554
0.91622517
0.91611479
0.91600442
0.91589404
0.91578366
0.91567329
0.91556291
0.91545254
0.91534216
0.91523179
0.91512141
0.91501104
0.91490066
0.91479029
0.91467991
0.91456954
0.91445916
0.91434879
0.91423841
0.91412804
0.91401766
0.91390728
0.91379691
0.91368653
0.91357616
0.91346578
0.91335541
0.91324503
0.91313466
0.91302428
0.91291391
0.91280353
0.91269316
0.91258278
0.91247241
0.91236203
0.91225166
0.91214128
0.91203091
0.91192053
0.91181015
0.91169978
0.91158940
0.91147903
0.91136865
0.91125828
0.91114790
0.91103753
0.91092715
0.91081678
0.91070640
0.91059603
0.91048565
0.91037528
0.91026490
0.91015453
0.91004415
0.90993377
0.90982340
0.90971302
0.90960265
0.90949227
0.90938190
0.90927152
0.90916115
0.90905077
0.90894040
0.90883002
0.90871965
0.90860927
0.90849890
0.90838852
0.90827815
0.90816777
0.90805740
0.90794702
0.90783664
0.90772627
0.90761589
0.90750552
0.90739514
0.90728477
0.90717439
0.90706402
0.90695364
0.90684327
0.90673289
0.90662252
0.90651214
0.90640177
0.90629139
0.90618102
0.90607064
0.90596026
0.90584989
0.90573951
0.90562914
0.90551876
0.90540839
0.90529801
0.90518764
0.90507726
0.90496689
0.90485651
0.90474614
0.90463576
0.90452539
0.90441501
0.90430464
0.90386313
0.90375276
0.90364238
0.90353201
0.90342163
0.90331126
0.90320088
0.90309051
0.90298013
0.90286976
0.90275938
0.90264901
0.90253863
0.90242826
0.90231788
0.90220751
0.90209713
0.90198675
0.90187638
0.90176600
0.90165563
0.90154525
0.90143488
0.90132450
0.90121413
0.90110375
0.90099338
0.90088300
0.90077263
0.90066225
0.90055188
0.90044150
0.90033113
0.90022075
0.90011038
0.90000000
0.89988962
0.89977925
0.89966887
0.89955850
0.89944812
0.89933775
0.89922737
0.89911700
0.89900662
0.89889625
0.89878587
0.89867550
0.89856512
0.89845475
0.89834437
0.89823400
0.89812362
0.89801325
0.89790287
0.89779249
0.89768212
0.89757174
0.89746137
0.89735099
0.89724062
0.89713024
0.89701987
0.89690949
0.89679912
0.89668874
0.89657837
0.89646799
0.89635762
0.89624724
0.89613687
0.89602649
0.89591611
0.89580574
0.89569536
0.89558499
0.89547461
0.89536424
0.89525386
0.89514349
0.89503311
0.89492274
0.89481236
0.89470199
0.89459161
0.89448124
0.89437086
0.89426049
0.89415011
0.89403974
0.89392936
0.89381898
0.89370861
0.89359823
0.89348786
0.89337748
0.89326711
0.89315673
0.89304636
0.89293598
0.89282561
0.89271523
0.89260486
0.89249448
0.89238411
0.89227373
0.89216336
0.89205298
0.89194260
0.89183223
0.89172185
0.89161148
0.89150110
0.89139073
0.89128035
0.89116998
0.89105960
0.89094923
0.89083885
0.89072848
0.89061810
0.89050773
0.89039735
0.89028698
0.89017660
0.89006623
0.88995585
0.88984547
0.88973510
0.88962472
0.88951435
0.88940397
0.88929360
0.88918322
0.88863135
0.88852097
0.88841060
0.88830022
0.88818985
0.88807947
0.88796909
0.88785872
0.88774834
0.88763797
0.88752759
0.88741722
0.88730684
0.88719647
0.88708609
0.88697572
0.88686534
0.88675497
0.88664459
0.88653422
0.88642384
0.88631347
0.88620309
0.88609272
0.88598234
0.88587196
0.88576159
0.88565121
0.88554084
0.88543046
0.88532009
0.88520971
0.88509934
0.88498896
0.88487859
0.88476821
0.88465784
0.88454746
0.88443709
0.88432671
0.88421634
0.88410596
0.88399558
0.88388521
0.88377483
0.88366446
0.88355408
0.88344371
0.88333333
0.88322296
0.88311258
0.88300221
0.88278146
0.88267108
0.88256071
0.88245033
0.88233996
0.88222958
0.88211921
0.88200883
0.88189845
0.88178808
0.88167770
0.88156733
0.88145695
0.88134658
0.88123620
0.88112583
0.88101545
0.88090508
0.88079470
0.88068433
0.88057395
0.88046358
0.88035320
0.88024283
0.88013245
0.88002208
0.87991170
0.87980132
0.87969095
0.87958057
0.87947020
0.87935982
0.87924945
0.87913907
0.87902870
0.87891832
0.87880795
0.87869757
0.87858720
0.87847682
0.87836645
0.87825607
0.87814570
0.87803532
0.87792494
0.87781457
0.87770419
0.87759382
0.87748344
0.87737307
0.87726269
0.87715232
0.87704194
0.87693157
0.87682119
0.87671082
0.87660044
0.87649007
0.87637969
0.87626932
0.87615894
0.87604857
0.87593819
0.87582781
0.87571744
0.87560706
0.87549669
0.87538631
0.87527594
0.87516556
0.87505519
0.87494481
0.87483444
0.87472406
0.87461369
0.87450331
0.87439294
0.87428256
0.87417219
0.87406181
0.87395143
0.87384106
0.87373068
0.87362031
0.87350993
0.87339956
0.87328918
0.87317881
0.87306843
0.87295806
0.87284768
0.87273731
0.87262693
0.87251656
0.87240618
0.87229581
0.87218543
0.87207506
0.87196468
0.87185430
0.87174393
0.87163355
0.87152318
0.87141280
0.87130243
0.87119205
0.87108168
0.87097130
0.87086093
0.87075055
0.87064018
0.87052980
0.87041943
0.87030905
0.87019868
0.87008830
0.86997792
0.86986755
0.86975717
0.86964680
0.86953642
0.86942605
0.86931567
0.86920530
0.86909492
0.86898455
0.86887417
0.86876380
0.86865342
0.86854305
0.86843267
0.86832230
0.86821192
0.86810155
0.86799117
0.86788079
0.86777042
0.86766004
0.86754967
0.86743929
0.86732892
0.86721854
0.86710817
0.86699779
0.86688742
0.86677704
0.86666667
0.86655629
0.86644592
0.86633554
0.86622517
0.86611479
0.86600442
0.86589404
0.86578366
0.86567329
0.86556291
0.86545254
0.86534216
0.86523179
0.86512141
0.86501104
0.86490066
0.86479029
0.86467991
0.86456954
0.86445916
0.86434879
0.86423841
0.86412804
0.86401766
0.86390728
0.86379691
0.86368653
0.86357616
0.86346578
0.86335541
0.86324503
0.86313466
0.86302428
0.86291391
0.86280353
0.86269316
0.86258278
0.86247241
0.86236203
0.86225166
0.86214128
0.86203091
0.86192053
0.86181015
0.86169978
0.86158940
0.86147903
0.86136865
0.86125828
0.86114790
0.86103753
0.86092715
0.86081678
0.86070640
0.86059603
0.86048565
0.86037528
0.86026490
0.86015453
0.86004415
0.85993377
0.85982340
0.85971302
0.85960265
0.85949227
0.85938190
0.85927152
0.85916115
0.85905077
0.85894040
0.85883002
0.85871965
0.85860927
0.85849890
0.85838852
0.85827815
0.85816777
0.85805740
0.85794702
0.85783664
0.85772627
0.85761589
0.85750552
0.85739514
0.85728477
0.85717439
0.85706402
0.85695364
0.85684327
0.85673289
0.85662252
0.85651214
0.85640177
0.85629139
0.85618102
0.85607064
0.85596026
0.85584989
0.85573951
0.85562914
0.85551876
0.85540839
0.85529801
0.85518764
0.85507726
0.85496689
0.85485651
0.85474614
0.85463576
0.85452539
0.85441501
0.85430464
0.85419426
0.85408389
0.85397351
0.85386313
0.85375276
0.85364238
0.85353201
0.85342163
0.85331126
0.85320088
0.85309051
0.85298013
0.85286976
0.85275938
0.85264901
0.85253863
0.85242826
0.85231788
0.85220751
0.85209713
0.85198675
0.85187638
0.85176600
0.85165563
0.85154525
0.85143488
0.85132450
0.85121413
0.85110375
0.85099338
0.85088300
0.85077263
0.85066225
0.85055188
0.85044150
0.85033113
0.85022075
0.85011038
0.85000000
0.84988962
0.84977925
0.84966887
0.84955850
0.84944812
0.84933775
0.84922737
0.84911700
0.84900662
0.84889625
0.84878587
0.84867550
0.84856512
0.84845475
0.84834437
0.84823400
0.84812362
0.84801325
0.84790287
0.84779249
0.84768212
0.84757174
0.84746137
0.84735099
0.84724062
0.84713024
0.84701987
0.84690949
0.84679912
0.84668874
0.84657837
0.84646799
0.84635762
0.84624724
0.84613687
0.84602649
0.84591611
0.84580574
0.84569536
0.84558499
0.84547461
0.84536424
0.84525386
0.84514349
0.84503311
0.84492274
0.84481236
0.84470199
0.84459161
0.84448124
0.84437086
0.84426049
0.84415011
0.84403974
0.84392936
0.84381898
0.84370861
0.84359823
0.84348786
0.84337748
0.84326711
0.84315673
0.84304636
0.84293598
0.84282561
0.84271523
0.84260486
0.84249448
0.84238411
0.84227373
0.84216336
0.84205298
0.84194260
0.84183223
0.84172185
0.84161148
0.84150110
0.84139073
0.84128035
0.84116998
0.84105960
0.84094923
0.84083885
0.84072848
0.84061810
0.84050773
0.84039735
0.84028698
0.84017660
0.84006623
0.83995585
0.83984547
0.83973510
0.83962472
0.83951435
0.83940397
0.83929360
0.83918322
0.83907285
0.83896247
0.83885210
0.83874172
0.83863135
0.83852097
0.83841060
0.83830022
0.83818985
0.83807947
0.83796909
0.83785872
0.83774834
0.83763797
0.83752759
0.83741722
0.83730684
0.83719647
0.83708609
0.83697572
0.83686534
0.83675497
0.83664459
0.83653422
0.83642384
0.83631347
0.83620309
0.83609272
0.83598234
0.83587196
0.83576159
0.83565121
0.83554084
0.83543046
0.83532009
0.83520971
0.83509934
0.83498896
0.83487859
0.83476821
0.83465784
0.83454746
0.83443709
0.83432671
0.83421634
0.83410596
0.83399558
0.83388521
0.83377483
0.83366446
0.83355408
0.83344371
0.83333333
0.83322296
0.83311258
0.83300221
0.83289183
0.83278146
0.83267108
0.83233996
0.83222958
0.83211921
0.83200883
0.83189845
0.83178808
0.83167770
0.83156733
0.83145695
0.83134658
0.83123620
0.83112583
0.83101545
0.83090508
0.83079470
0.83068433
0.83057395
0.83046358
0.83035320
0.83024283
0.83013245
0.83002208
0.82991170
0.82980132
0.82969095
0.82958057
0.82947020
0.82935982
0.82924945
0.82913907
0.82902870
0.82891832
0.82880795
0.82869757
0.82858720
0.82847682
0.82836645
0.82825607
0.82814570
0.82803532
0.82792494
0.82781457
0.82770419
0.82759382
0.82748344
0.82737307
0.82726269
0.82715232
0.82704194
0.82693157
0.82682119
0.82671082
0.82660044
0.82649007
0.82637969
0.82626932
0.82615894
0.82604857
0.82593819
0.82582781
0.82571744
0.82560706
0.82549669
0.82538631
0.82527594
0.82516556
0.82505519
0.82494481
0.82483444
0.82472406
0.82461369
0.82450331
0.82439294
0.82428256
0.82417219
0.82406181
0.82395143
0.82384106
0.82373068
0.82362031
0.82350993
0.82339956
0.82328918
0.82317881
0.82306843
0.82295806
0.82284768
0.82273731
0.82262693
0.82251656
0.82240618
0.82229581
0.82218543
0.82207506
0.82196468
0.82185430
0.82174393
0.82163355
0.82152318
0.82141280
0.82130243
0.82119205
0.82108168
0.82097130
0.82086093
0.82075055
0.82064018
0.82052980
0.82041943
0.82030905
0.82019868
0.82008830
0.81997792
0.81986755
0.81975717
0.81964680
0.81953642
0.81942605
0.81931567
0.81920530
0.81909492
0.81898455
0.81887417
0.81876380
0.81865342
0.81854305
0.81843267
0.81832230
0.81821192
0.81810155
0.81799117
0.81788079
0.81777042
0.81766004
0.81754967
0.81743929
0.81732892
0.81721854
0.81710817
0.81699779
0.81688742
0.81677704
0.81666667
0.81655629
0.81644592
0.81633554
0.81622517
0.81611479
0.81600442
0.81589404
0.81578366
0.81567329
0.81556291
0.81545254
0.81534216
0.81523179
0.81512141
0.81501104
0.81490066
0.81479029
0.81467991
0.81456954
0.81445916
0.81434879
0.81423841
0.81412804
0.81401766
0.81390728
0.81379691
0.81368653
0.81357616
0.81346578
0.81335541
0.81324503
0.81313466
0.81302428
0.81291391
0.81280353
0.81269316
0.81258278
0.81247241
0.81236203
0.81225166
0.81214128
0.81203091
0.81192053
0.81181015
0.81169978
0.81158940
0.81147903
0.81136865
0.81125828
0.81114790
0.81103753
0.81092715
0.81081678
0.81070640
0.81059603
0.81048565
0.81037528
0.81026490
0.81015453
0.81004415
0.80993377
0.80982340
0.80971302
0.80960265
0.80949227
0.80938190
0.80927152
0.80916115
0.80905077
0.80894040
0.80883002
0.80871965
0.80860927
0.80849890
0.80838852
0.80827815
0.80816777
0.80805740
0.80794702
0.80783664
0.80772627
0.80761589
0.80750552
0.80739514
0.80728477
0.80717439
0.80706402
0.80695364
0.80684327
0.80673289
0.80662252
0.80651214
0.80640177
0.80629139
0.80618102
0.80607064
0.80596026
0.80584989
0.80573951
0.80562914
0.80551876
0.80540839
0.80507726
0.80496689
0.80485651
0.80474614
0.80463576
0.80452539
0.80441501
0.80430464
0.80419426
0.80408389
0.80397351
0.80386313
0.80375276
0.80364238
0.80353201
0.80342163
0.80331126
0.80320088
0.80309051
0.80298013
0.80286976
0.80275938
0.80264901
0.80253863
0.80242826
0.80231788
0.80220751
0.80209713
0.80198675
0.80187638
0.80176600
0.80165563
0.80154525
0.80143488
0.80132450
0.80121413
0.80110375
0.80099338
0.80088300
0.80077263
0.80066225
0.80055188
0.80044150
0.80033113
0.80022075
0.80011038
0.80000000
0.79988962
0.79977925
0.79966887
0.79955850
0.79944812
0.79933775
0.79922737
0.79911700
0.79900662
0.79889625
0.79878587
0.79867550
0.79856512
0.79845475
0.79834437
0.79823400
0.79812362
0.79801325
0.79790287
0.79779249
0.79768212
0.79757174
0.79746137
0.79735099
0.79724062
0.79713024
0.79701987
0.79690949
0.79679912
0.79668874
0.79657837
0.79646799
0.79635762
0.79624724
0.79613687
0.79602649
0.79591611
0.79580574
0.79569536
0.79558499
0.79547461
0.79536424
0.79525386
0.79514349
0.79503311
0.79492274
0.79481236
0.79470199
0.79459161
0.79448124
0.79437086
0.79426049
0.79415011
0.79403974
0.79392936
0.79381898
0.79370861
0.79359823
0.79348786
0.79337748
0.79326711
0.79315673
0.79304636
0.79293598
0.79227373
0.79216336
0.79205298
0.79194260
0.79183223
0.79172185
0.79161148
0.79150110
0.79139073
0.79128035
0.79116998
0.79105960
0.79094923
0.79083885
0.79072848
0.79061810
0.79050773
0.79039735
0.79028698
0.79017660
0.79006623
0.78995585
0.78984547
0.78973510
0.78962472
0.78951435
0.78940397
0.78929360
0.78918322
0.78907285
0.78896247
0.78885210
0.78874172
0.78863135
0.78852097
0.78841060
0.78830022
0.78818985
0.78807947
0.78796909
0.78785872
0.78774834
0.78763797
0.78752759
0.78741722
0.78730684
0.78719647
0.78708609
0.78697572
0.78686534
0.78675497
0.78664459
0.78653422
0.78642384
0.78631347
0.78620309
0.78609272
0.78598234
0.78587196
0.78576159
0.78565121
0.78543046
0.78532009
0.78520971
0.78509934
0.78498896
0.78487859
0.78476821
0.78465784
0.78454746
0.78443709
0.78432671
0.78421634
0.78410596
0.78399558
0.78388521
0.78377483
0.78366446
0.78355408
0.78344371
0.78333333
0.78322296
0.78311258
0.78300221
0.78289183
0.78278146
0.78267108
0.78256071
0.78245033
0.78233996
0.78222958
0.78211921
0.78200883
0.78189845
0.78178808
0.78167770
0.78156733
0.78145695
0.78134658
0.78123620
0.78112583
0.78101545
0.78090508
0.78079470
0.78068433
0.78057395
0.78046358
0.78035320
0.78024283
0.78013245
0.78002208
0.77991170
0.77980132
0.77969095
0.77958057
0.77947020
0.77935982
0.77924945
0.77913907
0.77902870
0.77891832
0.77880795
0.77869757
0.77858720
0.77847682
0.77836645
0.77825607
0.77814570
0.77803532
0.77792494
0.77781457
0.77770419
0.77759382
0.77748344
0.77737307
0.77726269
0.77715232
0.77704194
0.77693157
0.77682119
0.77671082
0.77660044
0.77649007
0.77637969
0.77626932
0.77615894
0.77604857
0.77593819
0.77582781
0.77538631
0.77516556
0.77505519
0.77494481
0.77483444
0.77472406
0.77461369
0.77450331
0.77439294
0.77428256
0.77417219
0.77406181
0.77395143
0.77384106
0.77373068
0.77362031
0.77350993
0.77339956
0.77328918
0.77317881
0.77306843
0.77295806
0.77284768
0.77273731
0.77262693
0.77251656
0.77240618
0.77229581
0.77218543
0.77207506
0.77196468
0.77185430
0.77174393
0.77163355
0.77152318
0.77141280
0.77130243
0.77119205
0.77108168
0.77097130
0.77086093
0.77075055
0.77064018
0.77052980
0.77041943
0.77030905
0.77019868
0.77008830
0.76997792
0.76986755
0.76975717
0.76964680
0.76953642
0.76942605
0.76931567
0.76920530
0.76909492
0.76898455
0.76887417
0.76876380
0.76865342
0.76854305
0.76843267
0.76832230
0.76821192
0.76810155
0.76799117
0.76788079
0.76766004
0.76754967
0.76743929
0.76732892
0.76721854
0.76710817
0.76699779
0.76688742
0.76677704
0.76666667
0.76655629
0.76644592
0.76633554
0.76622517
0.76611479
0.76589404
0.76578366
0.76567329
0.76556291
0.76545254
0.76534216
0.76523179
0.76512141
0.76501104
0.76490066
0.76479029
0.76467991
0.76456954
0.76445916
0.76434879
0.76423841
0.76412804
0.76401766
0.76390728
0.76379691
0.76368653
0.76357616
0.76346578
0.76335541
0.76324503
0.76313466
0.76302428
0.76291391
0.76280353
0.76269316
0.76258278
0.76247241
0.76236203
0.76225166
0.76214128
0.76203091
0.76192053
0.76181015
0.76169978
0.76158940
0.76147903
0.76136865
0.76103753
0.76092715
0.76081678
0.76070640
0.76059603
0.76048565
0.76037528
0.76026490
0.76015453
0.76004415
0.75993377
0.75982340
0.75971302
0.75960265
0.75938190
0.75927152
0.75916115
0.75905077
0.75894040
0.75883002
0.75871965
0.75860927
0.75849890
0.75838852
0.75827815
0.75816777
0.75805740
0.75794702
0.75783664
0.75772627
0.75761589
0.75750552
0.75739514
0.75728477
0.75717439
0.75706402
0.75695364
0.75684327
0.75673289
0.75662252
0.75651214
0.75640177
0.75629139
0.75618102
0.75607064
0.75596026
0.75584989
0.75573951
0.75562914
0.75551876
0.75540839
0.75529801
0.75518764
0.75507726
0.75496689
0.75485651
0.75474614
0.75463576
0.75452539
0.75441501
0.75430464
0.75419426
0.75408389
0.75397351
0.75386313
0.75375276
0.75364238
0.75353201
0.75342163
0.75331126
0.75320088
0.75309051
0.75298013
0.75286976
0.75275938
0.75264901
0.75253863
0.75242826
0.75231788
0.75220751
0.75209713
0.75198675
0.75187638
0.75176600
0.75165563
0.75154525
0.75143488
0.75132450
0.75121413
0.75110375
0.75099338
0.75088300
0.75077263
0.75066225
0.75055188
0.75044150
0.75033113
0.75022075
0.75011038
0.75000000
0.74988962
0.74977925
0.74966887
0.74955850
0.74944812
0.74933775
0.74922737
0.74911700
0.74900662
0.74889625
0.74878587
0.74867550
0.74856512
0.74845475
0.74834437
0.74823400
0.74812362
0.74801325
0.74790287
0.74779249
0.74768212
0.74757174
0.74746137
0.74735099
0.74724062
0.74713024
0.74701987
0.74690949
0.74679912
0.74668874
0.74657837
0.74646799
0.74635762
0.74624724
0.74613687
0.74602649
0.74591611
0.74580574
0.74569536
0.74558499
0.74547461
0.74536424
0.74525386
0.74514349
0.74503311
0.74492274
0.74481236
0.74470199
0.74459161
0.74448124
0.74437086
0.74426049
0.74415011
0.74403974
0.74392936
0.74381898
0.74370861
0.74359823
0.74348786
0.74337748
0.74326711
0.74315673
0.74304636
0.74282561
0.74271523
0.74260486
0.74249448
0.74238411
0.74227373
0.74216336
0.74205298
0.74194260
0.74183223
0.74172185
0.74161148
0.74150110
0.74139073
0.74128035
0.74116998
0.74105960
0.74094923
0.74083885
0.74072848
0.74061810
0.74050773
0.74039735
0.74028698
0.74017660
0.74006623
0.73995585
0.73984547
0.73973510
0.73962472
0.73951435
0.73940397
0.73929360
0.73918322
0.73907285
0.73896247
0.73885210
0.73874172
0.73863135
0.73852097
0.73841060
0.73830022
0.73818985
0.73807947
0.73796909
0.73785872
0.73774834
0.73763797
0.73752759
0.73741722
0.73730684
0.73719647
0.73708609
0.73697572
0.73675497
0.73664459
0.73653422
0.73642384
0.73631347
0.73620309
0.73609272
0.73598234
0.73587196
0.73576159
0.73565121
0.73554084
0.73543046
0.73532009
0.73520971
0.73509934
0.73498896
0.73487859
0.73476821
0.73465784
0.73454746
0.73443709
0.73432671
0.73421634
0.73410596
0.73399558
0.73388521
0.73377483
0.73366446
0.73355408
0.73344371
0.73333333
0.73322296
0.73311258
0.73289183
0.73278146
0.73267108
0.73233996
0.73222958
0.73211921
0.73200883
0.73189845
0.73156733
0.73145695
0.73134658
0.73123620
0.73112583
0.73101545
0.73090508
0.73079470
0.73068433
0.73057395
0.73046358
0.73035320
0.73024283
0.73013245
0.73002208
0.72991170
0.72980132
0.72969095
0.72958057
0.72947020
0.72935982
0.72924945
0.72913907
0.72902870
0.72880795
0.72869757
0.72858720
0.72847682
0.72836645
0.72825607
0.72814570
0.72803532
0.72792494
0.72770419
0.72759382
0.72748344
0.72737307
0.72726269
0.72715232
0.72704194
0.72693157
0.72682119
0.72671082
0.72660044
0.72649007
0.72637969
0.72626932
0.72615894
0.72604857
0.72593819
0.72582781
0.72571744
0.72560706
0.72549669
0.72538631
0.72527594
0.72516556
0.72494481
0.72483444
0.72472406
0.72461369
0.72450331
0.72439294
0.72428256
0.72406181
0.72395143
0.72384106
0.72373068
0.72362031
0.72350993
0.72339956
0.72328918
0.72317881
0.72306843
0.72295806
0.72284768
0.72273731
0.72262693
0.72251656
0.72240618
0.72229581
0.72218543
0.72207506
0.72174393
0.72163355
0.72152318
0.72141280
0.72130243
0.72119205
0.72108168
0.72097130
0.72086093
0.72075055
0.72064018
0.72052980
0.72041943
0.72030905
0.72019868
0.72008830
0.71997792
0.71986755
0.71975717
0.71964680
0.71953642
0.71942605
0.71931567
0.71920530
0.71909492
0.71898455
0.71887417
0.71876380
0.71865342
0.71854305
0.71843267
0.71832230
0.71821192
0.71810155
0.71799117
0.71788079
0.71766004
0.71754967
0.71743929
0.71732892
0.71710817
0.71699779
0.71688742
0.71677704
0.71666667
0.71655629
0.71644592
0.71633554
0.71622517
0.71611479
0.71600442
0.71589404
0.71578366
0.71567329
0.71556291
0.71545254
0.71534216
0.71523179
0.71512141
0.71501104
0.71490066
0.71479029
0.71467991
0.71456954
0.71445916
0.71434879
0.71423841
0.71412804
0.71401766
0.71390728
0.71379691
0.71368653
0.71357616
0.71346578
0.71335541
0.71324503
0.71313466
0.71302428
0.71291391
0.71269316
0.71247241
0.71236203
0.71225166
0.71214128
0.71203091
0.71192053
0.71181015
0.71169978
0.71158940
0.71147903
0.71136865
0.71125828
0.71114790
0.71103753
0.71092715
0.71081678
0.71070640
0.71059603
0.71048565
0.71037528
0.71026490
0.71015453
0.71004415
0.70993377
0.70982340
0.70971302
0.70960265
0.70949227
0.70938190
0.70927152
0.70916115
0.70894040
0.70883002
0.70860927
0.70849890
0.70838852
0.70827815
0.70816777
0.70805740
0.70794702
0.70783664
0.70772627
0.70761589
0.70750552
0.70739514
0.70728477
0.70717439
0.70706402
0.70695364
0.70684327
0.70673289
0.70662252
0.70651214
0.70640177
0.70629139
0.70618102
0.70607064
0.70596026
0.70573951
0.70562914
0.70551876
0.70540839
0.70529801
0.70518764
0.70507726
0.70496689
0.70485651
0.70474614
0.70463576
0.70452539
0.70441501
0.70430464
0.70419426
0.70408389
0.70397351
0.70386313
0.70375276
0.70364238
0.70353201
0.70342163
0.70331126
0.70320088
0.70309051
0.70298013
0.70286976
0.70275938
0.70264901
0.70253863
0.70242826
0.70231788
0.70220751
0.70209713
0.70198675
0.70187638
0.70176600
0.70165563
0.70154525
0.70143488
0.70132450
0.70121413
0.70110375
0.70099338
0.70088300
0.70077263
0.70066225
0.70055188
0.70044150
0.70033113
0.70022075
0.70011038
0.70000000
0.69988962
0.69977925
0.69966887
0.69955850
0.69944812
0.69933775
0.69922737
0.69911700
0.69900662
0.69889625
0.69878587
0.69867550
0.69856512
0.69845475
0.69834437
0.69823400
0.69812362
0.69801325
0.69790287
0.69779249
0.69768212
0.69746137
0.69735099
0.69724062
0.69713024
0.69701987
0.69690949
0.69679912
0.69668874
0.69657837
0.69646799
0.69624724
0.69613687
0.69602649
0.69591611
0.69580574
0.69569536
0.69547461
0.69536424
0.69503311
0.69481236
0.69470199
0.69459161
0.69448124
0.69437086
0.69426049
0.69415011
0.69403974
0.69392936
0.69381898
0.69370861
0.69359823
0.69348786
0.69337748
0.69326711
0.69315673
0.69293598
0.69282561
0.69271523
0.69260486
0.69249448
0.69238411
0.69227373
0.69216336
0.69205298
0.69194260
0.69183223
0.69172185
0.69161148
0.69150110
0.69139073
0.69128035
0.69116998
0.69094923
0.69083885
0.69072848
0.69061810
0.69050773
0.69039735
0.69028698
0.69017660
0.69006623
0.68995585
0.68984547
0.68973510
0.68962472
0.68951435
0.68940397
0.68929360
0.68918322
0.68907285
0.68896247
0.68885210
0.68874172
0.68863135
0.68852097
0.68841060
0.68830022
0.68818985
0.68807947
0.68796909
0.68785872
0.68774834
0.68763797
0.68752759
0.68730684
0.68719647
0.68708609
0.68686534
0.68675497
0.68664459
0.68653422
0.68642384
0.68631347
0.68620309
0.68609272
0.68598234
0.68587196
0.68576159
0.68565121
0.68554084
0.68543046
0.68487859
0.68465784
0.68454746
0.68443709
0.68432671
0.68421634
0.68410596
0.68399558
0.68388521
0.68377483
0.68366446
0.68355408
0.68344371
0.68333333
0.68322296
0.68311258
0.68300221
0.68289183
0.68278146
0.68267108
0.68256071
0.68245033
0.68233996
0.68222958
0.68211921
0.68200883
0.68189845
0.68178808
0.68167770
0.68156733
0.68145695
0.68134658
0.68123620
0.68112583
0.68101545
0.68090508
0.68079470
0.68068433
0.68057395
0.68046358
0.68035320
0.68024283
0.68013245
0.68002208
0.67991170
0.67980132
0.67969095
0.67958057
0.67947020
0.67935982
0.67924945
0.67913907
0.67902870
0.67891832
0.67880795
0.67869757
0.67858720
0.67847682
0.67836645
0.67825607
0.67814570
0.67803532
0.67792494
0.67781457
0.67770419
0.67759382
0.67748344
0.67737307
0.67726269
0.67715232
0.67704194
0.67693157
0.67682119
0.67671082
0.67660044
0.67649007
0.67637969
0.67626932
0.67615894
0.67604857
0.67593819
0.67582781
0.67571744
0.67560706
0.67549669
0.67538631
0.67527594
0.67516556
0.67505519
0.67494481
0.67483444
0.67472406
0.67461369
0.67450331
0.67439294
0.67406181
0.67395143
0.67384106
0.67373068
0.67362031
0.67350993
0.67339956
0.67328918
0.67317881
0.67306843
0.67284768
0.67273731
0.67262693
0.67251656
0.67240618
0.67229581
0.67218543
0.67207506
0.67196468
0.67185430
0.67174393
0.67163355
0.67152318
0.67141280
0.67130243
0.67119205
0.67108168
0.67097130
0.67086093
0.67075055
0.67064018
0.67052980
0.67041943
0.67030905
0.67019868
0.67008830
0.66997792
0.66986755
0.66975717
0.66964680
0.66953642
0.66942605
0.66931567
0.66920530
0.66909492
0.66898455
0.66865342
0.66854305
0.66843267
0.66832230
0.66821192
0.66810155
0.66799117
0.66788079
0.66777042
0.66766004
0.66754967
0.66743929
0.66732892
0.66721854
0.66710817
0.66699779
0.66688742
0.66677704
0.66666667
0.66655629
0.66644592
0.66633554
0.66622517
0.66611479
0.66600442
0.66589404
0.66578366
0.66567329
0.66556291
0.66545254
0.66534216
0.66523179
0.66512141
0.66501104
0.66490066
0.66479029
0.66456954
0.66445916
0.66434879
0.66423841
0.66412804
0.66401766
0.66368653
0.66324503
0.66313466
0.66280353
0.66269316
0.66258278
0.66247241
0.66236203
0.66225166
0.66214128
0.66203091
0.66192053
0.66181015
0.66169978
0.66158940
0.66147903
0.66136865
0.66125828
0.66114790
0.66103753
0.66092715
0.66081678
0.66070640
0.66059603
0.66048565
0.66037528
0.66026490
0.66015453
0.66004415
0.65993377
0.65982340
0.65971302
0.65960265
0.65949227
0.65938190
0.65927152
0.65916115
0.65905077
0.65894040
0.65883002
0.65871965
0.65860927
0.65849890
0.65838852
0.65827815
0.65816777
0.65805740
0.65794702
0.65783664
0.65772627
0.65761589
0.65750552
0.65739514
0.65706402
0.65695364
0.65684327
0.65673289
0.65662252
0.65651214
0.65640177
0.65629139
0.65618102
0.65607064
0.65596026
0.65584989
0.65573951
0.65562914
0.65551876
0.65540839
0.65529801
0.65518764
0.65507726
0.65496689
0.65485651
0.65474614
0.65463576
0.65452539
0.65441501
0.65430464
0.65419426
0.65408389
0.65397351
0.65386313
0.65375276
0.65364238
0.65353201
0.65342163
0.65331126
0.65320088
0.65309051
0.65298013
0.65286976
0.65275938
0.65264901
0.65253863
0.65242826
0.65231788
0.65220751
0.65209713
0.65198675
0.65187638
0.65176600
0.65165563
0.65154525
0.65143488
0.65132450
0.65121413
0.65110375
0.65099338
0.65088300
0.65077263
0.65066225
0.65055188
0.65044150
0.65033113
0.65022075
0.65011038
0.65000000
0.64988962
0.64977925
0.64966887
0.64955850
0.64944812
0.64933775
0.64922737
0.64911700
0.64900662
0.64889625
0.64878587
0.64867550
0.64856512
0.64845475
0.64812362
0.64801325
0.64790287
0.64779249
0.64768212
0.64757174
0.64746137
0.64735099
0.64724062
0.64713024
0.64701987
0.64690949
0.64679912
0.64668874
0.64657837
0.64646799
0.64635762
0.64624724
0.64613687
0.64602649
0.64558499
0.64547461
0.64536424
0.64525386
0.64514349
0.64503311
0.64492274
0.64481236
0.64470199
0.64459161
0.64448124
0.64415011
0.64403974
0.64392936
0.64381898
0.64370861
0.64359823
0.64348786
0.64337748
0.64326711
0.64315673
0.64304636
0.64293598
0.64282561
0.64271523
0.64260486
0.64249448
0.64238411
0.64227373
0.64216336
0.64205298
0.64194260
0.64183223
0.64172185
0.64161148
0.64150110
0.64139073
0.64128035
0.64116998
0.64105960
0.64094923
0.64061810
0.64050773
0.64039735
0.64028698
0.64017660
0.64006623
0.63995585
0.63984547
0.63973510
0.63962472
0.63951435
0.63940397
0.63929360
0.63918322
0.63907285
0.63896247
0.63885210
0.63874172
0.63863135
0.63852097
0.63841060
0.63818985
0.63807947
0.63796909
0.63785872
0.63774834
0.63763797
0.63752759
0.63741722
0.63730684
0.63719647
0.63708609
0.63697572
0.63686534
0.63675497
0.63664459
0.63653422
0.63642384
0.63631347
0.63620309
0.63609272
0.63598234
0.63587196
0.63576159
0.63565121
0.63554084
0.63543046
0.63532009
0.63520971
0.63509934
0.63498896
0.63487859
0.63476821
0.63443709
0.63432671
0.63421634
0.63410596
0.63399558
0.63388521
0.63377483
0.63366446
0.63355408
0.63344371
0.63333333
0.63322296
0.63311258
0.63300221
0.63289183
0.63278146
0.63267108
0.63256071
0.63245033
0.63233996
0.63222958
0.63211921
0.63200883
0.63189845
0.63178808
0.63167770
0.63156733
0.63145695
0.63134658
0.63123620
0.63112583
0.63101545
0.63090508
0.63079470
0.63068433
0.63057395
0.63046358
0.63035320
0.63024283
0.63013245
0.63002208
0.62980132
0.62969095
0.62958057
0.62947020
0.62935982
0.62924945
0.62913907
0.62902870
0.62891832
0.62880795
0.62869757
0.62858720
0.62847682
0.62836645
0.62825607
0.62814570
0.62803532
0.62792494
0.62781457
0.62770419
0.62759382
0.62748344
0.62748344
0.62737307
0.62726269
0.62715232
0.62704194
0.62693157
0.62682119
0.62671082
0.62660044
0.62649007
0.62615894
0.62604857
0.62593819
0.62582781
0.62571744
0.62560706
0.62549669
0.62538631
0.62527594
0.62516556
0.62505519
0.62494481
0.62483444
0.62472406
0.62461369
0.62450331
0.62439294
0.62428256
0.62417219
0.62406181
0.62395143
0.62384106
0.62373068
0.62362031
0.62350993
0.62339956
0.62328918
0.62317881
0.62306843
0.62295806
0.62284768
0.62273731
0.62262693
0.62251656
0.62240618
0.62229581
0.62218543
0.62207506
0.62196468
0.62185430
0.62174393
0.62163355
0.62152318
0.62141280
0.62130243
0.62119205
0.62108168
0.62097130
0.62086093
0.62075055
0.62064018
0.62052980
0.62041943
0.62030905
0.62019868
0.62008830
0.61997792
0.61986755
0.61975717
0.61964680
0.61953642
0.61942605
0.61931567
0.61920530
0.61909492
0.61898455
0.61887417
0.61876380
0.61865342
0.61854305
0.61843267
0.61832230
0.61821192
0.61810155
0.61799117
0.61788079
0.61777042
0.61766004
0.61754967
0.61743929
0.61732892
0.61721854
0.61710817
0.61699779
0.61688742
0.61677704
0.61666667
0.61655629
0.61644592
0.61633554
0.61622517
0.61611479
0.61600442
0.61589404
0.61578366
0.61567329
0.61556291
0.61545254
0.61534216
0.61523179
0.61512141
0.61501104
0.61490066
0.61479029
0.61467991
0.61456954
0.61445916
0.61434879
0.61423841
0.61412804
0.61401766
0.61390728
0.61379691
0.61368653
0.61357616
0.61346578
0.61335541
0.61324503
0.61313466
0.61302428
0.61291391
0.61280353
0.61269316
0.61258278
0.61247241
0.61236203
0.61225166
0.61214128
0.61203091
0.61192053
0.61181015
0.61169978
0.61158940
0.61147903
0.61136865
0.61125828
0.61114790
0.61103753
0.61092715
0.61081678
0.61070640
0.61059603
0.61048565
0.61037528
0.61026490
0.61015453
0.61004415
0.60993377
0.60982340
0.60971302
0.60960265
0.60949227
0.60938190
0.60927152
0.60916115
0.60905077
0.60894040
0.60883002
0.60871965
0.60860927
0.60849890
0.60838852
0.60827815
0.60816777
0.60805740
0.60794702
0.60783664
0.60772627
0.60761589
0.60750552
0.60739514
0.60728477
0.60717439
0.60706402
0.60695364
0.60684327
0.60673289
0.60673289
0.60673289
0.60673289
0.60673289
0.60662252
0.60662252
0.60651214
0.60640177
0.60629139
0.60618102
0.60607064
0.60596026
0.60584989
0.60573951
0.60562914
0.60551876
0.60540839
0.60529801
0.60518764
0.60507726
0.60496689
0.60485651
0.60474614
0.60463576
0.60452539
0.60441501
0.60430464
0.60419426
0.60408389
0.60397351
0.60386313
0.60375276
0.60364238
0.60353201
0.60342163
0.60331126
0.60320088
0.60309051
0.60298013
0.60286976
0.60275938
0.60264901
0.60253863
0.60242826
0.60231788
0.60220751
0.60209713
0.60198675
0.60187638
0.60176600
0.60165563
0.60154525
0.60143488
0.60132450
0.60121413
0.60110375
0.60099338
0.60088300
0.60077263
0.60066225
0.60055188
0.60044150
0.60033113
0.60022075
0.60011038
0.60000000
0.59988962
0.59977925
0.59966887
0.59955850
0.59944812
0.59933775
0.59922737
0.59911700
0.59900662
0.59889625
0.59867550
0.59856512
0.59845475
0.59834437
0.59823400
0.59812362
0.59812362
0.59801325
0.59790287
0.59779249
0.59768212
0.59757174
0.59746137
0.59735099
0.59724062
0.59713024
0.59701987
0.59690949
0.59679912
0.59668874
0.59657837
0.59646799
0.59635762
0.59624724
0.59613687
0.59602649
0.59591611
0.59580574
0.59569536
0.59569536
0.59569536
0.59569536
0.59569536
0.59569536
0.59569536
0.59569536
0.59558499
0.59547461
0.59536424
0.59525386
0.59514349
0.59503311
0.59492274
0.59481236
0.59481236
0.59481236
0.59481236
0.59481236
0.59481236
0.59481236
0.59481236
0.59481236
0.59481236
0.59481236
0.59481236
0.59481236
0.59481236
0.59481236
0.59481236
0.59481236
0.59481236
0.59481236
0.59481236
0.59481236
0.59481236
0.59481236
0.59481236
0.59481236
0.59481236
0.59481236
0.59481236
0.59481236
0.59481236
0.59481236
0.59481236
0.59481236
0.59481236
0.59481236
0.59481236
0.59481236
0.59481236
0.59481236
0.59481236
0.59481236
0.59481236
0.59481236
0.59481236
0.59481236
0.59481236
0.59481236
0.59481236
0.59481236
0.59481236
0.59481236
0.59481236
0.59481236
0.59481236
0.59481236
0.59481236
0.59481236
0.59481236
0.59481236
0.59481236
0.59481236
0.59481236
0.59481236
0.59481236
0.59481236
0.59481236
0.59481236
0.59481236
0.59481236
0.59481236
0.59481236
0.59470199
0.59470199
0.59470199
0.59470199
0.59470199
0.59470199
0.59470199
0.59470199
0.59470199
0.59459161
0.59448124
0.59437086
0.59426049
0.59415011
0.59403974
0.59392936
0.59381898
0.59370861
0.59359823
0.59348786
0.59337748
0.59326711
0.59315673
0.59304636
0.59293598
0.59282561
0.59271523
0.59260486
0.59249448
0.59238411
0.59227373
0.59216336
0.59205298
0.59194260
0.59183223
0.59172185
0.59161148
0.59150110
0.59139073
0.59128035
0.59116998
0.59105960
0.59094923
0.59083885
0.59072848
0.59061810
0.59050773
0.59039735
0.59028698
0.59017660
0.59006623
0.58995585
0.58984547
0.58973510
0.58962472
0.58951435
0.58940397
0.58929360
0.58918322
0.58907285
0.58896247
0.58885210
0.58874172
0.58863135
0.58852097
0.58841060
0.58830022
0.58818985
0.58807947
0.58796909
0.58785872
0.58774834
0.58763797
0.58752759
0.58741722
0.58730684
0.58719647
0.58708609
0.58697572
0.58686534
0.58675497
0.58664459
0.58653422
0.58642384
0.58631347
0.58620309
0.58609272
0.58598234
0.58587196
0.58576159
0.58565121
0.58554084
0.58543046
0.58532009
0.58520971
0.58509934
0.58498896
0.58487859
0.58476821
0.58465784
0.58454746
0.58443709
0.58432671
0.58421634
0.58410596
0.58399558
0.58388521
0.58377483
0.58366446
0.58355408
0.58344371
0.58333333
0.58322296
0.58311258
0.58300221
0.58289183
0.58278146
0.58267108
0.58256071
0.58245033
0.58233996
0.58222958
0.58211921
0.58200883
0.58189845
0.58178808
0.58167770
0.58156733
0.58145695
0.58134658
0.58123620
0.58112583
0.58101545
0.58090508
0.58079470
0.58068433
0.58057395
0.58046358
0.58035320
0.58024283
0.58013245
0.58002208
0.57991170
0.57980132
0.57969095
0.57958057
0.57947020
0.57935982
0.57924945
0.57913907
0.57902870
0.57891832
0.57880795
0.57869757
0.57858720
0.57847682
0.57836645
0.57825607
0.57814570
0.57803532
0.57792494
0.57781457
0.57770419
0.57759382
0.57748344
0.57737307
0.57726269
0.57715232
0.57704194
0.57693157
0.57682119
0.57671082
0.57660044
0.57649007
0.57637969
0.57626932
0.57615894
0.57604857
0.57593819
0.57582781
0.57571744
0.57560706
0.57549669
0.57538631
0.57527594
0.57516556
0.57505519
0.57494481
0.57483444
0.57472406
0.57461369
0.57450331
0.57439294
0.57428256
0.57417219
0.57406181
0.57395143
0.57384106
0.57373068
0.57362031
0.57350993
0.57339956
0.57328918
0.57317881
0.57306843
0.57295806
0.57284768
0.57273731
0.57262693
0.57251656
0.57240618
0.57229581
0.57218543
0.57207506
0.57196468
0.57185430
0.57174393
0.57163355
0.57152318
0.57141280
0.57130243
0.57119205
0.57108168
0.57097130
0.57086093
0.57075055
0.57064018
0.57052980
0.57041943
0.57030905
0.57019868
0.57008830
0.56997792
0.56986755
0.56975717
0.56964680
0.56953642
0.56942605
0.56931567
0.56920530
0.56909492
0.56898455
0.56887417
0.56876380
0.56865342
0.56854305
0.56843267
0.56832230
0.56821192
0.56810155
0.56799117
0.56788079
0.56777042
0.56766004
0.56754967
0.56743929
0.56732892
0.56721854
0.56710817
0.56699779
0.56688742
0.56677704
0.56666667
0.56655629
0.56644592
0.56633554
0.56622517
0.56611479
0.56600442
0.56589404
0.56578366
0.56567329
0.56556291
0.56545254
0.56534216
0.56523179
0.56512141
0.56501104
0.56490066
0.56479029
0.56467991
0.56456954
0.56445916
0.56434879
0.56423841
0.56412804
0.56401766
0.56390728
0.56379691
0.56368653
0.56357616
0.56346578
0.56335541
0.56324503
0.56313466
0.56302428
0.56291391
0.56280353
0.56269316
0.56258278
0.56247241
0.56236203
0.56225166
0.56214128
0.56203091
0.56192053
0.56181015
0.56169978
0.56158940
0.56147903
0.56136865
0.56125828
0.56114790
0.56103753
0.56092715
0.56081678
0.56070640
0.56059603
0.56048565
0.56037528
0.56026490
0.56015453
0.56004415
0.55993377
0.55982340
0.55971302
0.55960265
0.55949227
0.55938190
0.55927152
0.55916115
0.55905077
0.55894040
0.55883002
0.55871965
0.55860927
0.55849890
0.55838852
0.55827815
0.55816777
0.55805740
0.55794702
0.55783664
0.55772627
0.55761589
0.55750552
0.55739514
0.55728477
0.55717439
0.55706402
0.55695364
0.55684327
0.55673289
0.55662252
0.55651214
0.55640177
0.55629139
0.55618102
0.55607064
0.55596026
0.55584989
0.55573951
0.55562914
0.55551876
0.55540839
0.55529801
0.55518764
0.55507726
0.55496689
0.55485651
0.55474614
0.55463576
0.55452539
0.55441501
0.55430464
0.55419426
0.55408389
0.55397351
0.55386313
0.55375276
0.55364238
0.55353201
0.55342163
0.55331126
0.55320088
0.55309051
0.55298013
0.55286976
0.55275938
0.55264901
0.55253863
0.55242826
0.55231788
0.55220751
0.55209713
0.55198675
0.55187638
0.55176600
0.55165563
0.55154525
0.55143488
0.55132450
0.55121413
0.55110375
0.55099338
0.55088300
0.55077263
0.55066225
0.55055188
0.55044150
0.55033113
0.55022075
0.55011038
0.55000000
0.54988962
0.54977925
0.54966887
0.54955850
0.54944812
0.54933775
0.54922737
0.54911700
0.54900662
0.54889625
0.54878587
0.54867550
0.54856512
0.54845475
0.54834437
0.54823400
0.54812362
0.54801325
0.54790287
0.54779249
0.54768212
0.54757174
0.54746137
0.54735099
0.54724062
0.54713024
0.54701987
0.54690949
0.54679912
0.54668874
0.54657837
0.54646799
0.54635762
0.54624724
0.54613687
0.54602649
0.54591611
0.54580574
0.54569536
0.54558499
0.54547461
0.54536424
0.54525386
0.54514349
0.54503311
0.54492274
0.54481236
0.54470199
0.54459161
0.54448124
0.54437086
0.54426049
0.54415011
0.54403974
0.54392936
0.54381898
0.54370861
0.54359823
0.54348786
0.54337748
0.54326711
0.54315673
0.54304636
0.54293598
0.54282561
0.54271523
0.54260486
0.54249448
0.54238411
0.54227373
0.54216336
0.54205298
0.54194260
0.54183223
0.54172185
0.54161148
0.54150110
0.54139073
0.54128035
0.54116998
0.54105960
0.54094923
0.54083885
0.54072848
0.54061810
0.54050773
0.54039735
0.54028698
0.54017660
0.54006623
0.53995585
0.53984547
0.53973510
0.53962472
0.53951435
0.53940397
0.53929360
0.53918322
0.53907285
0.53896247
0.53885210
0.53874172
0.53863135
0.53852097
0.53841060
0.53830022
0.53818985
0.53807947
0.53796909
0.53785872
0.53774834
0.53763797
0.53752759
0.53741722
0.53730684
0.53719647
0.53708609
0.53697572
0.53686534
0.53675497
0.53664459
0.53653422
0.53642384
0.53631347
0.53620309
0.53609272
0.53598234
0.53587196
0.53576159
0.53565121
0.53554084
0.53543046
0.53532009
0.53520971
0.53509934
0.53498896
0.53487859
0.53476821
0.53465784
0.53454746
0.53443709
0.53432671
0.53421634
0.53410596
0.53399558
0.53388521
0.53377483
0.53366446
0.53355408
0.53344371
0.53333333
0.53322296
0.53311258
0.53300221
0.53289183
0.53278146
0.53267108
0.53256071
0.53245033
0.53233996
0.53222958
0.53211921
0.53200883
0.53189845
0.53178808
0.53167770
0.53156733
0.53145695
0.53134658
0.53123620
0.53112583
0.53101545
0.53090508
0.53079470
0.53068433
0.53057395
0.53046358
0.53035320
0.53024283
0.53013245
0.53002208
0.52991170
0.52980132
0.52969095
0.52958057
0.52947020
0.52935982
0.52924945
0.52913907
0.52902870
0.52891832
0.52880795
0.52869757
0.52858720
0.52847682
0.52836645
0.52825607
0.52814570
0.52803532
0.52792494
0.52781457
0.52770419
0.52759382
0.52748344
0.52737307
0.52726269
0.52715232
0.52704194
0.52693157
0.52682119
0.52671082
0.52660044
0.52649007
0.52637969
0.52626932
0.52615894
0.52604857
0.52593819
0.52582781
0.52571744
0.52560706
0.52549669
0.52538631
0.52527594
0.52516556
0.52505519
0.52494481
0.52483444
0.52472406
0.52461369
0.52450331
0.52439294
0.52428256
0.52417219
0.52406181
0.52395143
0.52384106
0.52373068
0.52362031
0.52350993
0.52339956
0.52328918
0.52317881
0.52306843
0.52295806
0.52284768
0.52273731
0.52262693
0.52251656
0.52240618
0.52229581
0.52218543
0.52207506
0.52196468
0.52185430
0.52174393
0.52163355
0.52152318
0.52141280
0.52130243
0.52119205
0.52108168
0.52097130
0.52086093
0.52075055
0.52064018
0.52052980
0.52041943
0.52030905
0.52019868
0.52008830
0.51997792
0.51986755
0.51975717
0.51964680
0.51953642
0.51942605
0.51931567
0.51920530
0.51909492
0.51898455
0.51887417
0.51876380
0.51865342
0.51854305
0.51843267
0.51832230
0.51821192
0.51810155
0.51799117
0.51788079
0.51777042
0.51766004
0.51754967
0.51743929
0.51732892
0.51721854
0.51710817
0.51699779
0.51688742
0.51677704
0.51666667
0.51655629
0.51644592
0.51633554
0.51622517
0.51611479
0.51600442
0.51589404
0.51578366
0.51567329
0.51556291
0.51545254
0.51534216
0.51523179
0.51512141
0.51501104
0.51490066
0.51479029
0.51467991
0.51456954
0.51445916
0.51434879
0.51423841
0.51412804
0.51401766
0.51390728
0.51379691
0.51368653
0.51357616
0.51346578
0.51335541
0.51324503
0.51313466
0.51302428
0.51291391
0.51280353
0.51269316
0.51258278
0.51247241
0.51236203
0.51225166
0.51214128
0.51203091
0.51192053
0.51181015
0.51169978
0.51158940
0.51147903
0.51136865
0.51125828
0.51114790
0.51103753
0.51092715
0.51081678
0.51070640
0.51059603
0.51048565
0.51037528
0.51026490
0.51015453
0.51004415
0.50993377
0.50982340
0.50971302
0.50960265
0.50949227
0.50938190
0.50927152
0.50916115
0.50905077
0.50894040
0.50883002
0.50871965
0.50860927
0.50849890
0.50838852
0.50827815
0.50816777
0.50805740
0.50794702
0.50783664
0.50772627
0.50761589
0.50750552
0.50739514
0.50728477
0.50717439
0.50706402
0.50695364
0.50684327
0.50673289
0.50662252
0.50651214
0.50640177
0.50629139
0.50618102
0.50607064
0.50596026
0.50584989
0.50573951
0.50562914
0.50551876
0.50540839
0.50529801
0.50518764
0.50507726
0.50496689
0.50485651
0.50474614
0.50463576
0.50452539
0.50441501
0.50430464
0.50419426
0.50408389
0.50397351
0.50386313
0.50375276
0.50364238
0.50353201
0.50342163
0.50331126
0.50320088
0.50309051
0.50298013
0.50286976
0.50275938
0.50264901
0.50253863
0.50242826
0.50231788
0.50220751
0.50209713
0.50198675
0.50187638
0.50176600
0.50165563
0.50154525
0.50143488
0.50132450
0.50121413
0.50110375
0.50099338
0.50088300
0.50077263
0.50066225
0.50055188
0.50044150
0.50033113
0.50022075
0.50011038
0.50000000
0.49988962
0.49977925
0.49966887
0.49955850
0.49944812
0.49933775
0.49922737
0.49911700
0.49900662
0.49889625
0.49878587
0.49867550
0.49856512
0.49845475
0.49834437
0.49823400
0.49812362
0.49801325
0.49790287
0.49779249
0.49768212
0.49757174
0.49746137
0.49735099
0.49724062
0.49713024
0.49701987
0.49690949
0.49679912
0.49668874
0.49657837
0.49646799
0.49635762
0.49624724
0.49613687
0.49602649
0.49591611
0.49580574
0.49569536
0.49558499
0.49547461
0.49536424
0.49525386
0.49514349
0.49503311
0.49492274
0.49481236
0.49470199
0.49459161
0.49448124
0.49437086
0.49426049
0.49415011
0.49403974
0.49392936
0.49381898
0.49370861
0.49359823
0.49348786
0.49337748
0.49326711
0.49315673
0.49304636
0.49293598
0.49282561
0.49271523
0.49260486
0.49249448
0.49238411
0.49227373
0.49216336
0.49205298
0.49194260
0.49183223
0.49172185
0.49161148
0.49150110
0.49139073
0.49128035
0.49116998
0.49105960
0.49094923
0.49083885
0.49072848
0.49061810
0.49050773
0.49039735
0.49028698
0.49017660
0.49006623
0.48995585
0.48984547
0.48973510
0.48962472
0.48951435
0.48940397
0.48929360
0.48918322
0.48907285
0.48896247
0.48885210
0.48874172
0.48863135
0.48852097
0.48841060
0.48830022
0.48818985
0.48807947
0.48796909
0.48785872
0.48774834
0.48763797
0.48752759
0.48741722
0.48730684
0.48719647
0.48708609
0.48697572
0.48686534
0.48675497
0.48664459
0.48653422
0.48642384
0.48631347
0.48620309
0.48609272
0.48598234
0.48587196
0.48576159
0.48565121
0.48554084
0.48543046
0.48532009
0.48520971
0.48509934
0.48498896
0.48487859
0.48476821
0.48465784
0.48454746
0.48443709
0.48432671
0.48421634
0.48410596
0.48399558
0.48388521
0.48377483
0.48366446
0.48355408
0.48344371
0.48333333
0.48322296
0.48311258
0.48300221
0.48289183
0.48278146
0.48267108
0.48256071
0.48245033
0.48233996
0.48222958
0.48211921
0.48200883
0.48189845
0.48178808
0.48167770
0.48156733
0.48145695
0.48134658
0.48123620
0.48112583
0.48101545
0.48090508
0.48079470
0.48068433
0.48057395
0.48046358
0.48035320
0.48024283
0.48013245
0.48002208
0.47991170
0.47980132
0.47969095
0.47958057
0.47947020
0.47935982
0.47924945
0.47913907
0.47902870
0.47891832
0.47880795
0.47869757
0.47858720
0.47847682
0.47836645
0.47825607
0.47814570
0.47803532
0.47792494
0.47781457
0.47770419
0.47759382
0.47748344
0.47737307
0.47726269
0.47715232
0.47704194
0.47693157
0.47682119
0.47671082
0.47660044
0.47649007
0.47637969
0.47626932
0.47615894
0.47604857
0.47593819
0.47582781
0.47571744
0.47560706
0.47549669
0.47538631
0.47527594
0.47516556
0.47505519
0.47494481
0.47483444
0.47472406
0.47461369
0.47450331
0.47439294
0.47428256
0.47417219
0.47406181
0.47395143
0.47384106
0.47373068
0.47362031
0.47350993
0.47339956
0.47328918
0.47317881
0.47306843
0.47295806
0.47284768
0.47273731
0.47262693
0.47251656
0.47240618
0.47229581
0.47218543
0.47207506
0.47196468
0.47185430
0.47174393
0.47163355
0.47152318
0.47141280
0.47130243
0.47119205
0.47108168
0.47097130
0.47086093
0.47075055
0.47064018
0.47052980
0.47041943
0.47030905
0.47019868
0.47008830
0.46997792
0.46986755
0.46975717
0.46964680
0.46953642
0.46942605
0.46931567
0.46920530
0.46909492
0.46898455
0.46887417
0.46876380
0.46865342
0.46854305
0.46843267
0.46832230
0.46821192
0.46810155
0.46799117
0.46788079
0.46777042
0.46766004
0.46754967
0.46743929
0.46732892
0.46721854
0.46710817
0.46699779
0.46688742
0.46677704
0.46666667
0.46655629
0.46644592
0.46633554
0.46622517
0.46611479
0.46600442
0.46589404
0.46578366
0.46567329
0.46556291
0.46545254
0.46534216
0.46523179
0.46512141
0.46501104
0.46490066
0.46479029
0.46467991
0.46456954
0.46445916
0.46434879
0.46423841
0.46412804
0.46401766
0.46390728
0.46379691
0.46368653
0.46357616
0.46346578
0.46335541
0.46324503
0.46313466
0.46302428
0.46291391
0.46280353
0.46269316
0.46258278
0.46247241
0.46236203
0.46225166
0.46214128
0.46203091
0.46192053
0.46181015
0.46169978
0.46158940
0.46147903
0.46136865
0.46125828
0.46114790
0.46103753
0.46092715
0.46081678
0.46070640
0.46059603
0.46048565
0.46037528
0.46026490
0.46015453
0.46004415
0.45993377
0.45982340
0.45971302
0.45960265
0.45949227
0.45938190
0.45927152
0.45916115
0.45905077
0.45894040
0.45883002
0.45871965
0.45860927
0.45849890
0.45838852
0.45827815
0.45816777
0.45805740
0.45794702
0.45783664
0.45772627
0.45761589
0.45750552
0.45739514
0.45728477
0.45717439
0.45706402
0.45695364
0.45684327
0.45673289
0.45662252
0.45651214
0.45640177
0.45629139
0.45618102
0.45607064
0.45596026
0.45584989
0.45573951
0.45562914
0.45551876
0.45540839
0.45529801
0.45518764
0.45507726
0.45496689
0.45485651
0.45474614
0.45463576
0.45452539
0.45441501
0.45430464
0.45419426
0.45408389
0.45397351
0.45386313
0.45375276
0.45364238
0.45353201
0.45342163
0.45331126
0.45320088
0.45309051
0.45298013
0.45286976
0.45275938
0.45264901
0.45253863
0.45242826
0.45231788
0.45220751
0.45209713
0.45198675
0.45187638
0.45176600
0.45165563
0.45154525
0.45143488
0.45132450
0.45121413
0.45110375
0.45099338
0.45088300
0.45077263
0.45066225
0.45055188
0.45044150
0.45033113
0.45022075
0.45011038
0.45000000
0.44988962
0.44977925
0.44966887
0.44955850
0.44944812
0.44933775
0.44922737
0.44911700
0.44900662
0.44889625
0.44878587
0.44867550
0.44856512
0.44845475
0.44834437
0.44823400
0.44812362
0.44801325
0.44790287
0.44779249
0.44768212
0.44757174
0.44746137
0.44735099
0.44724062
0.44713024
0.44701987
0.44690949
0.44679912
0.44668874
0.44657837
0.44646799
0.44635762
0.44624724
0.44613687
0.44602649
0.44591611
0.44580574
0.44569536
0.44558499
0.44547461
0.44536424
0.44525386
0.44514349
0.44503311
0.44492274
0.44481236
0.44470199
0.44459161
0.44448124
0.44437086
0.44426049
0.44415011
0.44403974
0.44392936
0.44381898
0.44370861
0.44359823
0.44348786
0.44337748
0.44326711
0.44315673
0.44304636
0.44293598
0.44282561
0.44271523
0.44260486
0.44249448
0.44238411
0.44227373
0.44216336
0.44205298
0.44194260
0.44183223
0.44172185
0.44161148
0.44150110
0.44139073
0.44128035
0.44116998
0.44105960
0.44094923
0.44083885
0.44072848
0.44061810
0.44050773
0.44039735
0.44028698
0.44017660
0.44006623
0.43995585
0.43984547
0.43973510
0.43962472
0.43951435
0.43940397
0.43929360
0.43918322
0.43907285
0.43896247
0.43885210
0.43874172
0.43863135
0.43852097
0.43841060
0.43830022
0.43818985
0.43807947
0.43796909
0.43785872
0.43774834
0.43763797
0.43752759
0.43741722
0.43730684
0.43719647
0.43708609
0.43697572
0.43686534
0.43675497
0.43664459
0.43653422
0.43642384
0.43631347
0.43620309
0.43609272
0.43598234
0.43587196
0.43576159
0.43565121
0.43554084
0.43543046
0.43532009
0.43520971
0.43509934
0.43498896
0.43487859
0.43476821
0.43465784
0.43454746
0.43443709
0.43432671
0.43421634
0.43410596
0.43399558
0.43388521
0.43377483
0.43366446
0.43355408
0.43344371
0.43333333
0.43322296
0.43311258
0.43300221
0.43289183
0.43278146
0.43267108
0.43256071
0.43245033
0.43233996
0.43222958
0.43211921
0.43200883
0.43189845
0.43178808
0.43167770
0.43156733
0.43145695
0.43134658
0.43123620
0.43112583
0.43101545
0.43090508
0.43079470
0.43068433
0.43057395
0.43046358
0.43035320
0.43024283
0.43013245
0.43002208
0.42991170
0.42980132
0.42969095
0.42958057
0.42947020
0.42935982
0.42924945
0.42913907
0.42902870
0.42891832
0.42880795
0.42869757
0.42858720
0.42847682
0.42836645
0.42825607
0.42814570
0.42803532
0.42792494
0.42781457
0.42770419
0.42759382
0.42748344
0.42737307
0.42726269
0.42715232
0.42704194
0.42693157
0.42682119
0.42671082
0.42660044
0.42649007
0.42637969
0.42626932
0.42615894
0.42604857
0.42593819
0.42582781
0.42571744
0.42560706
0.42549669
0.42538631
0.42527594
0.42516556
0.42505519
0.42494481
0.42483444
0.42472406
0.42461369
0.42450331
0.42439294
0.42428256
0.42417219
0.42406181
0.42395143
0.42384106
0.42373068
0.42362031
0.42350993
0.42339956
0.42328918
0.42317881
0.42306843
0.42295806
0.42284768
0.42273731
0.42262693
0.42251656
0.42240618
0.42229581
0.42218543
0.42207506
0.42196468
0.42185430
0.42174393
0.42163355
0.42152318
0.42141280
0.42130243
0.42119205
0.42108168
0.42097130
0.42086093
0.42075055
0.42064018
0.42052980
0.42041943
0.42030905
0.42019868
0.42008830
0.41997792
0.41986755
0.41975717
0.41964680
0.41953642
0.41942605
0.41931567
0.41920530
0.41909492
0.41898455
0.41887417
0.41876380
0.41865342
0.41854305
0.41843267
0.41832230
0.41821192
0.41810155
0.41799117
0.41788079
0.41777042
0.41766004
0.41754967
0.41743929
0.41732892
0.41721854
0.41710817
0.41699779
0.41688742
0.41677704
0.41666667
0.41655629
0.41644592
0.41633554
0.41622517
0.41611479
0.41600442
0.41589404
0.41578366
0.41567329
0.41556291
0.41545254
0.41534216
0.41523179
0.41512141
0.41501104
0.41490066
0.41479029
0.41467991
0.41456954
0.41445916
0.41434879
0.41423841
0.41412804
0.41401766
0.41390728
0.41379691
0.41368653
0.41357616
0.41346578
0.41335541
0.41324503
0.41313466
0.41302428
0.41291391
0.41280353
0.41269316
0.41258278
0.41247241
0.41236203
0.41225166
0.41214128
0.41203091
0.41192053
0.41181015
0.41169978
0.41158940
0.41147903
0.41136865
0.41125828
0.41114790
0.41103753
0.41092715
0.41081678
0.41070640
0.41059603
0.41048565
0.41037528
0.41026490
0.41015453
0.41004415
0.40993377
0.40982340
0.40971302
0.40960265
0.40949227
0.40938190
0.40927152
0.40916115
0.40905077
0.40894040
0.40883002
0.40871965
0.40860927
0.40849890
0.40838852
0.40827815
0.40816777
0.40805740
0.40794702
0.40783664
0.40772627
0.40761589
0.40750552
0.40739514
0.40728477
0.40717439
0.40706402
0.40695364
0.40684327
0.40673289
0.40662252
0.40651214
0.40640177
0.40629139
0.40618102
0.40607064
0.40596026
0.40584989
0.40573951
0.40562914
0.40551876
0.40540839
0.40529801
0.40518764
0.40507726
0.40496689
0.40485651
0.40474614
0.40463576
0.40452539
0.40441501
0.40430464
0.40419426
0.40408389
0.40397351
0.40386313
0.40375276
0.40364238
0.40353201
0.40342163
0.40331126
0.40320088
0.40309051
0.40298013
0.40286976
0.40275938
0.40264901
0.40253863
0.40242826
0.40231788
0.40220751
0.40209713
0.40198675
0.40187638
0.40176600
0.40165563
0.40154525
0.40143488
0.40132450
0.40121413
0.40110375
0.40099338
0.40088300
0.40077263
0.40066225
0.40055188
0.40044150
0.40033113
0.40022075
0.40011038
0.40000000
0.39988962
0.39977925
0.39966887
0.39955850
0.39944812
0.39933775
0.39922737
0.39911700
0.39900662
0.39889625
0.39878587
0.39867550
0.39856512
0.39845475
0.39834437
0.39823400
0.39812362
0.39801325
0.39790287
0.39779249
0.39768212
0.39757174
0.39746137
0.39735099
0.39724062
0.39713024
0.39701987
0.39690949
0.39679912
0.39668874
0.39657837
0.39646799
0.39635762
0.39624724
0.39613687
0.39602649
0.39591611
0.39580574
0.39569536
0.39558499
0.39547461
0.39536424
0.39525386
0.39514349
0.39503311
0.39492274
0.39481236
0.39470199
0.39459161
0.39448124
0.39437086
0.39426049
0.39415011
0.39403974
0.39392936
0.39381898
0.39370861
0.39359823
0.39348786
0.39337748
0.39326711
0.39315673
0.39304636
0.39293598
0.39282561
0.39271523
0.39260486
0.39249448
0.39238411
0.39227373
0.39216336
0.39205298
0.39194260
0.39183223
0.39172185
0.39161148
0.39150110
0.39139073
0.39128035
0.39116998
0.39105960
0.39094923
0.39083885
0.39072848
0.39061810
0.39050773
0.39039735
0.39028698
0.39017660
0.39006623
0.38995585
0.38984547
0.38973510
0.38962472
0.38951435
0.38940397
0.38929360
0.38918322
0.38907285
0.38896247
0.38885210
0.38874172
0.38863135
0.38852097
0.38841060
0.38830022
0.38818985
0.38807947
0.38796909
0.38785872
0.38774834
0.38763797
0.38752759
0.38741722
0.38730684
0.38719647
0.38708609
0.38697572
0.38686534
0.38675497
0.38664459
0.38653422
0.38642384
0.38631347
0.38620309
0.38609272
0.38598234
0.38587196
0.38576159
0.38565121
0.38554084
0.38543046
0.38532009
0.38520971
0.38509934
0.38498896
0.38487859
0.38476821
0.38465784
0.38454746
0.38443709
0.38432671
0.38421634
0.38410596
0.38399558
0.38388521
0.38377483
0.38366446
0.38355408
0.38344371
0.38333333
0.38322296
0.38311258
0.38300221
0.38289183
0.38278146
0.38267108
0.38256071
0.38245033
0.38233996
0.38222958
0.38211921
0.38200883
0.38189845
0.38178808
0.38167770
0.38156733
0.38145695
0.38134658
0.38123620
0.38112583
0.38101545
0.38090508
0.38079470
0.38068433
0.38057395
0.38046358
0.38035320
0.38024283
0.38013245
0.38002208
0.37991170
0.37980132
0.37969095
0.37958057
0.37947020
0.37935982
0.37924945
0.37913907
0.37902870
0.37891832
0.37880795
0.37869757
0.37858720
0.37847682
0.37836645
0.37825607
0.37814570
0.37803532
0.37792494
0.37781457
0.37770419
0.37759382
0.37748344
0.37737307
0.37726269
0.37715232
0.37704194
0.37693157
0.37682119
0.37671082
0.37660044
0.37649007
0.37637969
0.37626932
0.37615894
0.37604857
0.37593819
0.37582781
0.37571744
0.37560706
0.37549669
0.37538631
0.37527594
0.37516556
0.37505519
0.37494481
0.37483444
0.37472406
0.37461369
0.37450331
0.37439294
0.37428256
0.37417219
0.37406181
0.37395143
0.37384106
0.37373068
0.37362031
0.37350993
0.37339956
0.37328918
0.37317881
0.37306843
0.37295806
0.37284768
0.37273731
0.37262693
0.37251656
0.37240618
0.37229581
0.37218543
0.37207506
0.37196468
0.37185430
0.37174393
0.37163355
0.37152318
0.37141280
0.37130243
0.37119205
0.37108168
0.37097130
0.37086093
0.37075055
0.37064018
0.37052980
0.37041943
0.37030905
0.37019868
0.37008830
0.36997792
0.36986755
0.36975717
0.36964680
0.36953642
0.36942605
0.36931567
0.36920530
0.36909492
0.36898455
0.36887417
0.36876380
0.36865342
0.36854305
0.36843267
0.36832230
0.36821192
0.36810155
0.36799117
0.36788079
0.36777042
0.36766004
0.36754967
0.36743929
0.36732892
0.36721854
0.36710817
0.36699779
0.36688742
0.36677704
0.36666667
0.36655629
0.36644592
0.36633554
0.36622517
0.36611479
0.36600442
0.36589404
0.36578366
0.36567329
0.36556291
0.36545254
0.36534216
0.36523179
0.36512141
0.36501104
0.36490066
0.36479029
0.36467991
0.36456954
0.36445916
0.36434879
0.36423841
0.36412804
0.36401766
0.36390728
0.36379691
0.36368653
0.36357616
0.36346578
0.36335541
0.36324503
0.36313466
0.36302428
0.36291391
0.36280353
0.36269316
0.36258278
0.36247241
0.36236203
0.36225166
0.36214128
0.36203091
0.36192053
0.36181015
0.36169978
0.36158940
0.36147903
0.36136865
0.36125828
0.36114790
0.36103753
0.36092715
0.36081678
0.36070640
0.36059603
0.36048565
0.36037528
0.36026490
0.36015453
0.36004415
0.35993377
0.35982340
0.35971302
0.35960265
0.35949227
0.35938190
0.35927152
0.35916115
0.35905077
0.35894040
0.35883002
0.35871965
0.35860927
0.35849890
0.35838852
0.35827815
0.35816777
0.35805740
0.35794702
0.35783664
0.35772627
0.35761589
0.35750552
0.35739514
0.35728477
0.35717439
0.35706402
0.35695364
0.35684327
0.35673289
0.35662252
0.35651214
0.35640177
0.35629139
0.35618102
0.35607064
0.35596026
0.35584989
0.35573951
0.35562914
0.35551876
0.35540839
0.35529801
0.35518764
0.35507726
0.35496689
0.35485651
0.35474614
0.35463576
0.35452539
0.35441501
0.35430464
0.35419426
0.35408389
0.35397351
0.35386313
0.35375276
0.35364238
0.35353201
0.35342163
0.35331126
0.35320088
0.35309051
0.35298013
0.35286976
0.35275938
0.35264901
0.35253863
0.35242826
0.35231788
0.35220751
0.35209713
0.35198675
0.35187638
0.35176600
0.35165563
0.35154525
0.35143488
0.35132450
0.35121413
0.35110375
0.35099338
0.35088300
0.35077263
0.35066225
0.35055188
0.35044150
0.35033113
0.35022075
0.35011038
0.35000000
0.34988962
0.34977925
0.34966887
0.34955850
0.34944812
0.34933775
0.34922737
0.34911700
0.34900662
0.34889625
0.34878587
0.34867550
0.34856512
0.34845475
0.34834437
0.34823400
0.34812362
0.34801325
0.34790287
0.34779249
0.34768212
0.34757174
0.34746137
0.34735099
0.34724062
0.34713024
0.34701987
0.34690949
0.34679912
0.34668874
0.34657837
0.34646799
0.34635762
0.34624724
0.34613687
0.34602649
0.34591611
0.34580574
0.34569536
0.34558499
0.34547461
0.34536424
0.34525386
0.34514349
0.34503311
0.34492274
0.34481236
0.34470199
0.34459161
0.34448124
0.34437086
0.34426049
0.34415011
0.34403974
0.34392936
0.34381898
0.34370861
0.34359823
0.34348786
0.34337748
0.34326711
0.34315673
0.34304636
0.34293598
0.34282561
0.34271523
0.34260486
0.34249448
0.34238411
0.34227373
0.34216336
0.34205298
0.34194260
0.34183223
0.34172185
0.34161148
0.34150110
0.34139073
0.34128035
0.34116998
0.34105960
0.34094923
0.34083885
0.34072848
0.34061810
0.34050773
0.34039735
0.34028698
0.34017660
0.34006623
0.33995585
0.33984547
0.33973510
0.33962472
0.33951435
0.33940397
0.33929360
0.33918322
0.33907285
0.33896247
0.33885210
0.33874172
0.33863135
0.33852097
0.33841060
0.33830022
0.33818985
0.33807947
0.33796909
0.33785872
0.33774834
0.33763797
0.33752759
0.33741722
0.33730684
0.33719647
0.33708609
0.33697572
0.33686534
0.33675497
0.33664459
0.33653422
0.33642384
0.33631347
0.33620309
0.33609272
0.33598234
0.33587196
0.33576159
0.33565121
0.33554084
0.33543046
0.33532009
0.33520971
0.33509934
0.33498896
0.33487859
0.33476821
0.33465784
0.33454746
0.33443709
0.33432671
0.33421634
0.33410596
0.33399558
0.33388521
0.33377483
0.33366446
0.33355408
0.33344371
0.33333333
0.33322296
0.33311258
0.33300221
0.33289183
0.33278146
0.33267108
0.33256071
0.33245033
0.33233996
0.33222958
0.33211921
0.33200883
0.33189845
0.33178808
0.33167770
0.33156733
0.33145695
0.33134658
0.33123620
0.33112583
0.33101545
0.33090508
0.33079470
0.33068433
0.33057395
0.33046358
0.33035320
0.33024283
0.33013245
0.33002208
0.32991170
0.32980132
0.32969095
0.32958057
0.32947020
0.32935982
0.32924945
0.32913907
0.32902870
0.32891832
0.32880795
0.32869757
0.32858720
0.32847682
0.32836645
0.32825607
0.32814570
0.32803532
0.32792494
0.32781457
0.32770419
0.32759382
0.32748344
0.32737307
0.32726269
0.32715232
0.32704194
0.32693157
0.32682119
0.32671082
0.32660044
0.32649007
0.32637969
0.32626932
0.32615894
0.32604857
0.32593819
0.32582781
0.32571744
0.32560706
0.32549669
0.32538631
0.32527594
0.32516556
0.32505519
0.32494481
0.32483444
0.32472406
0.32461369
0.32450331
0.32439294
0.32428256
0.32417219
0.32406181
0.32395143
0.32384106
0.32373068
0.32362031
0.32350993
0.32339956
0.32328918
0.32317881
0.32306843
0.32295806
0.32284768
0.32273731
0.32262693
0.32251656
0.32240618
0.32229581
0.32218543
0.32207506
0.32196468
0.32185430
0.32174393
0.32163355
0.32152318
0.32141280
0.32130243
0.32119205
0.32108168
0.32097130
0.32086093
0.32075055
0.32064018
0.32052980
0.32041943
0.32030905
0.32019868
0.32008830
0.31997792
0.31986755
0.31975717
0.31964680
0.31953642
0.31942605
0.31931567
0.31920530
0.31909492
0.31898455
0.31887417
0.31876380
0.31865342
0.31854305
0.31843267
0.31832230
0.31821192
0.31810155
0.31799117
0.31788079
0.31777042
0.31766004
0.31754967
0.31743929
0.31732892
0.31721854
0.31710817
0.31699779
0.31688742
0.31677704
0.31666667
0.31655629
0.31644592
0.31633554
0.31622517
0.31611479
0.31600442
0.31589404
0.31578366
0.31567329
0.31556291
0.31545254
0.31534216
0.31523179
0.31512141
0.31501104
0.31490066
0.31479029
0.31467991
0.31456954
0.31445916
0.31434879
0.31423841
0.31412804
0.31401766
0.31390728
0.31379691
0.31368653
0.31357616
0.31346578
0.31335541
0.31324503
0.31313466
0.31302428
0.31291391
0.31280353
0.31269316
0.31258278
0.31247241
0.31236203
0.31225166
0.31214128
0.31203091
0.31192053
0.31181015
0.31169978
0.31158940
0.31147903
0.31136865
0.31125828
0.31114790
0.31103753
0.31092715
0.31081678
0.31070640
0.31059603
0.31048565
0.31037528
0.31026490
0.31015453
0.31004415
0.30993377
0.30982340
0.30971302
0.30960265
0.30949227
0.30938190
0.30927152
0.30916115
0.30905077
0.30894040
0.30883002
0.30871965
0.30860927
0.30849890
0.30838852
0.30827815
0.30816777
0.30805740
0.30794702
0.30783664
0.30772627
0.30761589
0.30750552
0.30739514
0.30728477
0.30717439
0.30706402
0.30695364
0.30684327
0.30673289
0.30662252
0.30651214
0.30640177
0.30629139
0.30618102
0.30607064
0.30596026
0.30584989
0.30573951
0.30562914
0.30551876
0.30540839
0.30529801
0.30518764
0.30507726
0.30496689
0.30485651
0.30474614
0.30463576
0.30452539
0.30441501
0.30430464
0.30419426
0.30408389
0.30397351
0.30386313
0.30375276
0.30364238
0.30353201
0.30342163
0.30331126
0.30320088
0.30309051
0.30298013
0.30286976
0.30275938
0.30264901
0.30253863
0.30242826
0.30231788
0.30220751
0.30209713
0.30198675
0.30187638
0.30176600
0.30165563
0.30154525
0.30143488
0.30132450
0.30121413
0.30110375
0.30099338
0.30088300
0.30077263
0.30066225
0.30055188
0.30044150
0.30033113
0.30022075
0.30011038
0.30000000
0.29988962
0.29977925
0.29966887
0.29955850
0.29944812
0.29933775
0.29922737
0.29911700
0.29900662
0.29889625
0.29878587
0.29867550
0.29856512
0.29845475
0.29834437
0.29823400
0.29812362
0.29801325
0.29790287
0.29779249
0.29768212
0.29757174
0.29746137
0.29735099
0.29724062
0.29713024
0.29701987
0.29690949
0.29679912
0.29668874
0.29657837
0.29646799
0.29635762
0.29624724
0.29613687
0.29602649
0.29591611
0.29580574
0.29569536
0.29558499
0.29547461
0.29536424
0.29525386
0.29514349
0.29503311
0.29492274
0.29481236
0.29470199
0.29459161
0.29448124
0.29437086
0.29426049
0.29415011
0.29403974
0.29392936
0.29381898
0.29370861
0.29359823
0.29348786
0.29337748
0.29326711
0.29315673
0.29304636
0.29293598
0.29282561
0.29271523
0.29260486
0.29249448
0.29238411
0.29227373
0.29216336
0.29205298
0.29194260
0.29183223
0.29172185
0.29161148
0.29150110
0.29139073
0.29128035
0.29116998
0.29105960
0.29094923
0.29083885
0.29072848
0.29061810
0.29050773
0.29039735
0.29028698
0.29017660
0.29006623
0.28995585
0.28984547
0.28973510
0.28962472
0.28951435
0.28940397
0.28929360
0.28918322
0.28907285
0.28896247
0.28885210
0.28874172
0.28863135
0.28852097
0.28841060
0.28830022
0.28818985
0.28807947
0.28796909
0.28785872
0.28774834
0.28763797
0.28752759
0.28741722
0.28730684
0.28719647
0.28708609
0.28697572
0.28686534
0.28675497
0.28664459
0.28653422
0.28642384
0.28631347
0.28620309
0.28609272
0.28598234
0.28587196
0.28576159
0.28565121
0.28554084
0.28543046
0.28532009
0.28520971
0.28509934
0.28498896
0.28487859
0.28476821
0.28465784
0.28454746
0.28443709
0.28432671
0.28421634
0.28410596
0.28399558
0.28388521
0.28377483
0.28366446
0.28355408
0.28344371
0.28333333
0.28322296
0.28311258
0.28300221
0.28289183
0.28278146
0.28267108
0.28256071
0.28245033
0.28233996
0.28222958
0.28211921
0.28200883
0.28189845
0.28178808
0.28167770
0.28156733
0.28145695
0.28134658
0.28123620
0.28112583
0.28101545
0.28090508
0.28079470
0.28068433
0.28057395
0.28046358
0.28035320
0.28024283
0.28013245
0.28002208
0.27991170
0.27980132
0.27969095
0.27958057
0.27947020
0.27935982
0.27924945
0.27913907
0.27902870
0.27891832
0.27880795
0.27869757
0.27858720
0.27847682
0.27836645
0.27825607
0.27814570
0.27803532
0.27792494
0.27781457
0.27770419
0.27759382
0.27748344
0.27737307
0.27726269
0.27715232
0.27704194
0.27693157
0.27682119
0.27671082
0.27660044
0.27649007
0.27637969
0.27626932
0.27615894
0.27604857
0.27593819
0.27582781
0.27571744
0.27560706
0.27549669
0.27538631
0.27527594
0.27516556
0.27505519
0.27494481
0.27483444
0.27472406
0.27461369
0.27450331
0.27439294
0.27428256
0.27417219
0.27406181
0.27395143
0.27384106
0.27373068
0.27362031
0.27350993
0.27339956
0.27328918
0.27317881
0.27306843
0.27295806
0.27284768
0.27273731
0.27262693
0.27251656
0.27240618
0.27229581
0.27218543
0.27207506
0.27196468
0.27185430
0.27174393
0.27163355
0.27152318
0.27141280
0.27130243
0.27119205
0.27108168
0.27097130
0.27086093
0.27075055
0.27064018
0.27052980
0.27041943
0.27030905
0.27019868
0.27008830
0.26997792
0.26986755
0.26975717
0.26964680
0.26953642
0.26942605
0.26931567
0.26920530
0.26909492
0.26898455
0.26887417
0.26876380
0.26865342
0.26854305
0.26843267
0.26832230
0.26821192
0.26810155
0.26799117
0.26788079
0.26777042
0.26766004
0.26754967
0.26743929
0.26732892
0.26721854
0.26710817
0.26699779
0.26688742
0.26677704
0.26666667
0.26655629
0.26644592
0.26633554
0.26622517
0.26611479
0.26600442
0.26589404
0.26578366
0.26567329
0.26556291
0.26545254
0.26534216
0.26523179
0.26512141
0.26501104
0.26490066
0.26479029
0.26467991
0.26456954
0.26445916
0.26434879
0.26423841
0.26412804
0.26401766
0.26390728
0.26379691
0.26368653
0.26357616
0.26346578
0.26335541
0.26324503
0.26313466
0.26302428
0.26291391
0.26280353
0.26269316
0.26258278
0.26247241
0.26236203
0.26225166
0.26214128
0.26203091
0.26192053
0.26181015
0.26169978
0.26158940
0.26147903
0.26136865
0.26125828
0.26114790
0.26103753
0.26092715
0.26081678
0.26070640
0.26059603
0.26048565
0.26037528
0.26026490
0.26015453
0.26004415
0.25993377
0.25982340
0.25971302
0.25960265
0.25949227
0.25938190
0.25927152
0.25916115
0.25905077
0.25894040
0.25883002
0.25871965
0.25860927
0.25849890
0.25838852
0.25827815
0.25816777
0.25805740
0.25794702
0.25783664
0.25772627
0.25761589
0.25750552
0.25739514
0.25728477
0.25717439
0.25706402
0.25695364
0.25684327
0.25673289
0.25662252
0.25651214
0.25640177
0.25629139
0.25618102
0.25607064
0.25596026
0.25584989
0.25573951
0.25562914
0.25551876
0.25540839
0.25529801
0.25518764
0.25507726
0.25496689
0.25485651
0.25474614
0.25463576
0.25452539
0.25441501
0.25430464
0.25419426
0.25408389
0.25397351
0.25386313
0.25375276
0.25364238
0.25353201
0.25342163
0.25331126
0.25320088
0.25309051
0.25298013
0.25286976
0.25275938
0.25264901
0.25253863
0.25242826
0.25231788
0.25220751
0.25209713
0.25198675
0.25187638
0.25176600
0.25165563
0.25154525
0.25143488
0.25132450
0.25121413
0.25110375
0.25099338
0.25088300
0.25077263
0.25066225
0.25055188
0.25044150
0.25033113
0.25022075
0.25011038
0.25000000
0.24988962
0.24977925
0.24966887
0.24955850
0.24944812
0.24933775
0.24922737
0.24911700
0.24900662
0.24889625
0.24878587
0.24867550
0.24856512
0.24845475
0.24834437
0.24823400
0.24812362
0.24801325
0.24790287
0.24779249
0.24768212
0.24757174
0.24746137
0.24735099
0.24724062
0.24713024
0.24701987
0.24690949
0.24679912
0.24668874
0.24657837
0.24646799
0.24635762
0.24624724
0.24613687
0.24602649
0.24591611
0.24580574
0.24569536
0.24558499
0.24547461
0.24536424
0.24525386
0.24514349
0.24503311
0.24492274
0.24481236
0.24470199
0.24459161
0.24448124
0.24437086
0.24426049
0.24415011
0.24403974
0.24392936
0.24381898
0.24370861
0.24359823
0.24348786
0.24337748
0.24326711
0.24315673
0.24304636
0.24293598
0.24282561
0.24271523
0.24260486
0.24249448
0.24238411
0.24227373
0.24216336
0.24205298
0.24194260
0.24183223
0.24172185
0.24161148
0.24150110
0.24139073
0.24128035
0.24116998
0.24105960
0.24094923
0.24083885
0.24072848
0.24061810
0.24050773
0.24039735
0.24028698
0.24017660
0.24006623
0.23995585
0.23984547
0.23973510
0.23962472
0.23951435
0.23940397
0.23929360
0.23918322
0.23907285
0.23896247
0.23885210
0.23874172
0.23863135
0.23852097
0.23841060
0.23830022
0.23818985
0.23807947
0.23796909
0.23785872
0.23774834
0.23763797
0.23752759
0.23741722
0.23730684
0.23719647
0.23708609
0.23697572
0.23686534
0.23675497
0.23664459
0.23653422
0.23642384
0.23631347
0.23620309
0.23609272
0.23598234
0.23587196
0.23576159
0.23565121
0.23554084
0.23543046
0.23532009
0.23520971
0.23509934
0.23498896
0.23487859
0.23476821
0.23465784
0.23454746
0.23443709
0.23432671
0.23421634
0.23410596
0.23399558
0.23388521
0.23377483
0.23366446
0.23355408
0.23344371
0.23333333
0.23322296
0.23311258
0.23300221
0.23289183
0.23278146
0.23267108
0.23256071
0.23245033
0.23233996
0.23222958
0.23211921
0.23200883
0.23189845
0.23178808
0.23167770
0.23156733
0.23145695
0.23134658
0.23123620
0.23112583
0.23101545
0.23090508
0.23079470
0.23068433
0.23057395
0.23046358
0.23035320
0.23024283
0.23013245
0.23002208
0.22991170
0.22980132
0.22969095
0.22958057
0.22947020
0.22935982
0.22924945
0.22913907
0.22902870
0.22891832
0.22880795
0.22869757
0.22858720
0.22847682
0.22836645
0.22825607
0.22814570
0.22803532
0.22792494
0.22781457
0.22770419
0.22759382
0.22748344
0.22737307
0.22726269
0.22715232
0.22704194
0.22693157
0.22682119
0.22671082
0.22660044
0.22649007
0.22637969
0.22626932
0.22615894
0.22604857
0.22593819
0.22582781
0.22571744
0.22560706
0.22549669
0.22538631
0.22527594
0.22516556
0.22505519
0.22494481
0.22483444
0.22472406
0.22461369
0.22450331
0.22439294
0.22428256
0.22417219
0.22406181
0.22395143
0.22384106
0.22373068
0.22362031
0.22350993
0.22339956
0.22328918
0.22317881
0.22306843
0.22295806
0.22284768
0.22273731
0.22262693
0.22251656
0.22240618
0.22229581
0.22218543
0.22207506
0.22196468
0.22185430
0.22174393
0.22163355
0.22152318
0.22141280
0.22130243
0.22119205
0.22108168
0.22097130
0.22086093
0.22075055
0.22064018
0.22052980
0.22041943
0.22030905
0.22019868
0.22008830
0.21997792
0.21986755
0.21975717
0.21964680
0.21953642
0.21942605
0.21931567
0.21920530
0.21909492
0.21898455
0.21887417
0.21876380
0.21865342
0.21854305
0.21843267
0.21832230
0.21821192
0.21810155
0.21799117
0.21788079
0.21777042
0.21766004
0.21754967
0.21743929
0.21732892
0.21721854
0.21710817
0.21699779
0.21688742
0.21677704
0.21666667
0.21655629
0.21644592
0.21633554
0.21622517
0.21611479
0.21600442
0.21589404
0.21578366
0.21567329
0.21556291
0.21545254
0.21534216
0.21523179
0.21512141
0.21501104
0.21490066
0.21479029
0.21467991
0.21456954
0.21445916
0.21434879
0.21423841
0.21412804
0.21401766
0.21390728
0.21379691
0.21368653
0.21357616
0.21346578
0.21335541
0.21324503
0.21313466
0.21302428
0.21291391
0.21280353
0.21269316
0.21258278
0.21247241
0.21236203
0.21225166
0.21214128
0.21203091
0.21192053
0.21181015
0.21169978
0.21158940
0.21147903
0.21136865
0.21125828
0.21114790
0.21103753
0.21092715
0.21081678
0.21070640
0.21059603
0.21048565
0.21037528
0.21026490
0.21015453
0.21004415
0.20993377
0.20982340
0.20971302
0.20960265
0.20949227
0.20938190
0.20927152
0.20916115
0.20905077
0.20894040
0.20883002
0.20871965
0.20860927
0.20849890
0.20838852
0.20827815
0.20816777
0.20805740
0.20794702
0.20783664
0.20772627
0.20761589
0.20750552
0.20739514
0.20728477
0.20717439
0.20706402
0.20695364
0.20684327
0.20673289
0.20662252
0.20651214
0.20640177
0.20629139
0.20618102
0.20607064
0.20596026
0.20584989
0.20573951
0.20562914
0.20551876
0.20540839
0.20529801
0.20518764
0.20507726
0.20496689
0.20485651
0.20474614
0.20463576
0.20452539
0.20441501
0.20430464
0.20419426
0.20408389
0.20397351
0.20386313
0.20375276
0.20364238
0.20353201
0.20342163
0.20331126
0.20320088
0.20309051
0.20298013
0.20286976
0.20275938
0.20264901
0.20253863
0.20242826
0.20231788
0.20220751
0.20209713
0.20198675
0.20187638
0.20176600
0.20165563
0.20154525
0.20143488
0.20132450
0.20121413
0.20110375
0.20099338
0.20088300
0.20077263
0.20066225
0.20055188
0.20044150
0.20033113
0.20022075
0.20011038
0.20000000
0.19988962
0.19977925
0.19966887
0.19955850
0.19944812
0.19933775
0.19922737
0.19911700
0.19900662
0.19889625
0.19878587
0.19867550
0.19856512
0.19845475
0.19834437
0.19823400
0.19812362
0.19801325
0.19790287
0.19779249
0.19768212
0.19757174
0.19746137
0.19735099
0.19724062
0.19713024
0.19701987
0.19690949
0.19679912
0.19668874
0.19657837
0.19646799
0.19635762
0.19624724
0.19613687
0.19602649
0.19591611
0.19580574
0.19569536
0.19558499
0.19547461
0.19536424
0.19525386
0.19514349
0.19503311
0.19492274
0.19481236
0.19470199
0.19459161
0.19448124
0.19437086
0.19426049
0.19415011
0.19403974
0.19392936
0.19381898
0.19370861
0.19359823
0.19348786
0.19337748
0.19326711
0.19315673
0.19304636
0.19293598
0.19282561
0.19271523
0.19260486
0.19249448
0.19238411
0.19227373
0.19216336
0.19205298
0.19194260
0.19183223
0.19172185
0.19161148
0.19150110
0.19139073
0.19128035
0.19116998
0.19105960
0.19094923
0.19083885
0.19072848
0.19061810
0.19050773
0.19039735
0.19028698
0.19017660
0.19006623
0.18995585
0.18984547
0.18973510
0.18962472
0.18951435
0.18940397
0.18929360
0.18918322
0.18907285
0.18896247
0.18885210
0.18874172
0.18863135
0.18852097
0.18841060
0.18830022
0.18818985
0.18807947
0.18796909
0.18785872
0.18774834
0.18763797
0.18752759
0.18741722
0.18730684
0.18719647
0.18708609
0.18697572
0.18686534
0.18675497
0.18664459
0.18653422
0.18642384
0.18631347
0.18620309
0.18609272
0.18598234
0.18587196
0.18576159
0.18565121
0.18554084
0.18543046
0.18532009
0.18520971
0.18509934
0.18498896
0.18487859
0.18476821
0.18465784
0.18454746
0.18443709
0.18432671
0.18421634
0.18410596
0.18399558
0.18388521
0.18377483
0.18366446
0.18355408
0.18344371
0.18333333
0.18322296
0.18311258
0.18300221
0.18289183
0.18278146
0.18267108
0.18256071
0.18245033
0.18233996
0.18222958
0.18211921
0.18200883
0.18189845
0.18178808
0.18167770
0.18156733
0.18145695
0.18134658
0.18123620
0.18112583
0.18101545
0.18090508
0.18079470
0.18068433
0.18057395
0.18046358
0.18035320
0.18024283
0.18013245
0.18002208
0.17991170
0.17980132
0.17969095
0.17958057
0.17947020
0.17935982
0.17924945
0.17913907
0.17902870
0.17891832
0.17880795
0.17869757
0.17858720
0.17847682
0.17836645
0.17825607
0.17814570
0.17803532
0.17792494
0.17781457
0.17770419
0.17759382
0.17748344
0.17737307
0.17726269
0.17715232
0.17704194
0.17693157
0.17682119
0.17671082
0.17660044
0.17649007
0.17637969
0.17626932
0.17615894
0.17604857
0.17593819
0.17582781
0.17571744
0.17560706
0.17549669
0.17538631
0.17527594
0.17516556
0.17505519
0.17494481
0.17483444
0.17472406
0.17461369
0.17450331
0.17439294
0.17428256
0.17417219
0.17406181
0.17395143
0.17384106
0.17373068
0.17362031
0.17350993
0.17339956
0.17328918
0.17317881
0.17306843
0.17295806
0.17284768
0.17273731
0.17262693
0.17251656
0.17240618
0.17229581
0.17218543
0.17207506
0.17196468
0.17185430
0.17174393
0.17163355
0.17152318
0.17141280
0.17130243
0.17119205
0.17108168
0.17097130
0.17086093
0.17075055
0.17064018
0.17052980
0.17041943
0.17030905
0.17019868
0.17008830
0.16997792
0.16986755
0.16975717
0.16964680
0.16953642
0.16942605
0.16931567
0.16920530
0.16909492
0.16898455
0.16887417
0.16876380
0.16865342
0.16854305
0.16843267
0.16832230
0.16821192
0.16810155
0.16799117
0.16788079
0.16777042
0.16766004
0.16754967
0.16743929
0.16732892
0.16721854
0.16710817
0.16699779
0.16688742
0.16677704
0.16666667
0.16655629
0.16644592
0.16633554
0.16622517
0.16611479
0.16600442
0.16589404
0.16578366
0.16567329
0.16556291
0.16545254
0.16534216
0.16523179
0.16512141
0.16501104
0.16490066
0.16479029
0.16467991
0.16456954
0.16445916
0.16434879
0.16423841
0.16412804
0.16401766
0.16390728
0.16379691
0.16368653
0.16357616
0.16346578
0.16335541
0.16324503
0.16313466
0.16302428
0.16291391
0.16280353
0.16269316
0.16258278
0.16247241
0.16236203
0.16225166
0.16214128
0.16203091
0.16192053
0.16181015
0.16169978
0.16158940
0.16147903
0.16136865
0.16125828
0.16114790
0.16103753
0.16092715
0.16081678
0.16070640
0.16059603
0.16048565
0.16037528
0.16026490
0.16015453
0.16004415
0.15993377
0.15982340
0.15971302
0.15960265
0.15949227
0.15938190
0.15927152
0.15916115
0.15905077
0.15894040
0.15883002
0.15871965
0.15860927
0.15849890
0.15838852
0.15827815
0.15816777
0.15805740
0.15794702
0.15783664
0.15772627
0.15761589
0.15750552
0.15739514
0.15728477
0.15717439
0.15706402
0.15695364
0.15684327
0.15673289
0.15662252
0.15651214
0.15640177
0.15629139
0.15618102
0.15607064
0.15596026
0.15584989
0.15573951
0.15562914
0.15551876
0.15540839
0.15529801
0.15518764
0.15507726
0.15496689
0.15485651
0.15474614
0.15463576
0.15452539
0.15441501
0.15430464
0.15419426
0.15408389
0.15397351
0.15386313
0.15375276
0.15364238
0.15353201
0.15342163
0.15331126
0.15320088
0.15309051
0.15298013
0.15286976
0.15275938
0.15264901
0.15253863
0.15242826
0.15231788
0.15220751
0.15209713
0.15198675
0.15187638
0.15176600
0.15165563
0.15154525
0.15143488
0.15132450
0.15121413
0.15110375
0.15099338
0.15088300
0.15077263
0.15066225
0.15055188
0.15044150
0.15033113
0.15022075
0.15011038
0.15000000
0.14988962
0.14977925
0.14966887
0.14955850
0.14944812
0.14933775
0.14922737
0.14911700
0.14900662
0.14889625
0.14878587
0.14867550
0.14856512
0.14845475
0.14834437
0.14823400
0.14812362
0.14801325
0.14790287
0.14779249
0.14768212
0.14757174
0.14746137
0.14735099
0.14724062
0.14713024
0.14701987
0.14690949
0.14679912
0.14668874
0.14657837
0.14646799
0.14635762
0.14624724
0.14613687
0.14602649
0.14591611
0.14580574
0.14569536
0.14558499
0.14547461
0.14536424
0.14525386
0.14514349
0.14503311
0.14492274
0.14481236
0.14470199
0.14459161
0.14448124
0.14437086
0.14426049
0.14415011
0.14403974
0.14392936
0.14381898
0.14370861
0.14359823
0.14348786
0.14337748
0.14326711
0.14315673
0.14304636
0.14293598
0.14282561
0.14271523
0.14260486
0.14249448
0.14238411
0.14227373
0.14216336
0.14205298
0.14194260
0.14183223
0.14172185
0.14161148
0.14150110
0.14139073
0.14128035
0.14116998
0.14105960
0.14094923
0.14083885
0.14072848
0.14061810
0.14050773
0.14039735
0.14028698
0.14017660
0.14006623
0.13995585
0.13984547
0.13973510
0.13962472
0.13951435
0.13940397
0.13929360
0.13918322
0.13907285
0.13896247
0.13885210
0.13874172
0.13863135
0.13852097
0.13841060
0.13830022
0.13818985
0.13807947
0.13796909
0.13785872
0.13774834
0.13763797
0.13752759
0.13741722
0.13730684
0.13719647
0.13708609
0.13697572
0.13686534
0.13675497
0.13664459
0.13653422
0.13642384
0.13631347
0.13620309
0.13609272
0.13598234
0.13587196
0.13576159
0.13565121
0.13554084
0.13543046
0.13532009
0.13520971
0.13509934
0.13498896
0.13487859
0.13476821
0.13465784
0.13454746
0.13443709
0.13432671
0.13421634
0.13410596
0.13399558
0.13388521
0.13377483
0.13366446
0.13355408
0.13344371
0.13333333
0.13322296
0.13311258
0.13300221
0.13289183
0.13278146
0.13267108
0.13256071
0.13245033
0.13233996
0.13222958
0.13211921
0.13200883
0.13189845
0.13178808
0.13167770
0.13156733
0.13145695
0.13134658
0.13123620
0.13112583
0.13101545
0.13090508
0.13079470
0.13068433
0.13057395
0.13046358
0.13035320
0.13024283
0.13013245
0.13002208
0.12991170
0.12980132
0.12969095
0.12958057
0.12947020
0.12935982
0.12924945
0.12913907
0.12902870
0.12891832
0.12880795
0.12869757
0.12858720
0.12847682
0.12836645
0.12825607
0.12814570
0.12803532
0.12792494
0.12781457
0.12770419
0.12759382
0.12748344
0.12737307
0.12726269
0.12715232
0.12704194
0.12693157
0.12682119
0.12671082
0.12660044
0.12649007
0.12637969
0.12626932
0.12615894
0.12604857
0.12593819
0.12582781
0.12571744
0.12560706
0.12549669
0.12538631
0.12527594
0.12516556
0.12505519
0.12494481
0.12483444
0.12472406
0.12461369
0.12450331
0.12439294
0.12428256
0.12417219
0.12406181
0.12395143
0.12384106
0.12373068
0.12362031
0.12350993
0.12339956
0.12328918
0.12317881
0.12306843
0.12295806
0.12284768
0.12273731
0.12262693
0.12251656
0.12240618
0.12229581
0.12218543
0.12207506
0.12196468
0.12185430
0.12174393
0.12163355
0.12152318
0.12141280
0.12130243
0.12119205
0.12108168
0.12097130
0.12086093
0.12075055
0.12064018
0.12052980
0.12041943
0.12030905
0.12019868
0.12008830
0.11997792
0.11986755
0.11975717
0.11964680
0.11953642
0.11942605
0.11931567
0.11920530
0.11909492
0.11898455
0.11887417
0.11876380
0.11865342
0.11854305
0.11843267
0.11832230
0.11821192
0.11810155
0.11799117
0.11788079
0.11777042
0.11766004
0.11754967
0.11743929
0.11732892
0.11721854
0.11710817
0.11699779
0.11688742
0.11677704
0.11666667
0.11655629
0.11644592
0.11633554
0.11622517
0.11611479
0.11600442
0.11589404
0.11578366
0.11567329
0.11556291
0.11545254
0.11534216
0.11523179
0.11512141
0.11501104
0.11490066
0.11479029
0.11467991
0.11456954
0.11445916
0.11434879
0.11423841
0.11412804
0.11401766
0.11390728
0.11379691
0.11368653
0.11357616
0.11346578
0.11335541
0.11324503
0.11313466
0.11302428
0.11291391
0.11280353
0.11269316
0.11258278
0.11247241
0.11236203
0.11225166
0.11214128
0.11203091
0.11192053
0.11181015
0.11169978
0.11158940
0.11147903
0.11136865
0.11125828
0.11114790
0.11103753
0.11092715
0.11081678
0.11070640
0.11059603
0.11048565
0.11037528
0.11026490
0.11015453
0.11004415
0.10993377
0.10982340
0.10971302
0.10960265
0.10949227
0.10938190
0.10927152
0.10916115
0.10905077
0.10894040
0.10883002
0.10871965
0.10860927
0.10849890
0.10838852
0.10827815
0.10816777
0.10805740
0.10794702
0.10783664
0.10772627
0.10761589
0.10750552
0.10739514
0.10728477
0.10717439
0.10706402
0.10695364
0.10684327
0.10673289
0.10662252
0.10651214
0.10640177
0.10629139
0.10618102
0.10607064
0.10596026
0.10584989
0.10573951
0.10562914
0.10551876
0.10540839
0.10529801
0.10518764
0.10507726
0.10496689
0.10485651
0.10474614
0.10463576
0.10452539
0.10441501
0.10430464
0.10419426
0.10408389
0.10397351
0.10386313
0.10375276
0.10364238
0.10353201
0.10342163
0.10331126
0.10320088
0.10309051
0.10298013
0.10286976
0.10275938
0.10264901
0.10253863
0.10242826
0.10231788
0.10220751
0.10209713
0.10198675
0.10187638
0.10176600
0.10165563
0.10154525
0.10143488
0.10132450
0.10121413
0.10110375
0.10099338
0.10088300
0.10077263
0.10066225
0.10055188
0.10044150
0.10033113
0.10022075
0.10011038
0.10000000
0.09988962
0.09977925
0.09966887
0.09955850
0.09944812
0.09933775
0.09922737
0.09911700
0.09900662
0.09889625
0.09878587
0.09867550
0.09856512
0.09845475
0.09834437
0.09823400
0.09812362
0.09801325
0.09790287
0.09779249
0.09768212
0.09757174
0.09746137
0.09735099
0.09724062
0.09713024
0.09701987
0.09690949
0.09679912
0.09668874
0.09657837
0.09646799
0.09635762
0.09624724
0.09613687
0.09602649
0.09591611
0.09580574
0.09569536
0.09558499
0.09547461
0.09536424
0.09525386
0.09514349
0.09503311
0.09492274
0.09481236
0.09470199
0.09459161
0.09448124
0.09437086
0.09426049
0.09415011
0.09403974
0.09392936
0.09381898
0.09370861
0.09359823
0.09348786
0.09337748
0.09326711
0.09315673
0.09304636
0.09293598
0.09282561
0.09271523
0.09260486
0.09249448
0.09238411
0.09227373
0.09216336
0.09205298
0.09194260
0.09183223
0.09172185
0.09161148
0.09150110
0.09139073
0.09128035
0.09116998
0.09105960
0.09094923
0.09083885
0.09072848
0.09061810
0.09050773
0.09039735
0.09028698
0.09017660
0.09006623
0.08995585
0.08984547
0.08973510
0.08962472
0.08951435
0.08940397
0.08929360
0.08918322
0.08907285
0.08896247
0.08885210
0.08874172
0.08863135
0.08852097
0.08841060
0.08830022
0.08818985
0.08807947
0.08796909
0.08785872
0.08774834
0.08763797
0.08752759
0.08741722
0.08730684
0.08719647
0.08708609
0.08697572
0.08686534
0.08675497
0.08664459
0.08653422
0.08642384
0.08631347
0.08620309
0.08609272
0.08598234
0.08587196
0.08576159
0.08565121
0.08554084
0.08543046
0.08532009
0.08520971
0.08509934
0.08498896
0.08487859
0.08476821
0.08465784
0.08454746
0.08443709
0.08432671
0.08421634
0.08410596
0.08399558
0.08388521
0.08377483
0.08366446
0.08355408
0.08344371
0.08333333
0.08322296
0.08311258
0.08300221
0.08289183
0.08278146
0.08267108
0.08256071
0.08245033
0.08233996
0.08222958
0.08211921
0.08200883
0.08189845
0.08178808
0.08167770
0.08156733
0.08145695
0.08134658
0.08123620
0.08112583
0.08101545
0.08090508
0.08079470
0.08068433
0.08057395
0.08046358
0.08035320
0.08024283
0.08013245
0.08002208
0.07991170
0.07980132
0.07969095
0.07958057
0.07947020
0.07935982
0.07924945
0.07913907
0.07902870
0.07891832
0.07880795
0.07869757
0.07858720
0.07847682
0.07836645
0.07825607
0.07814570
0.07803532
0.07792494
0.07781457
0.07770419
0.07759382
0.07748344
0.07737307
0.07726269
0.07715232
0.07704194
0.07693157
0.07682119
0.07671082
0.07660044
0.07649007
0.07637969
0.07626932
0.07615894
0.07604857
0.07593819
0.07582781
0.07571744
0.07560706
0.07549669
0.07538631
0.07527594
0.07516556
0.07505519
0.07494481
0.07483444
0.07472406
0.07461369
0.07450331
0.07439294
0.07428256
0.07417219
0.07406181
0.07395143
0.07384106
0.07373068
0.07362031
0.07350993
0.07339956
0.07328918
0.07317881
0.07306843
0.07295806
0.07284768
0.07273731
0.07262693
0.07251656
0.07240618
0.07229581
0.07218543
0.07207506
0.07196468
0.07185430
0.07174393
0.07163355
0.07152318
0.07141280
0.07130243
0.07119205
0.07108168
0.07097130
0.07086093
0.07075055
0.07064018
0.07052980
0.07041943
0.07030905
0.07019868
0.07008830
0.06997792
0.06986755
0.06975717
0.06964680
0.06953642
0.06942605
0.06931567
0.06920530
0.06909492
0.06898455
0.06887417
0.06876380
0.06865342
0.06854305
0.06843267
0.06832230
0.06821192
0.06810155
0.06799117
0.06788079
0.06777042
0.06766004
0.06754967
0.06743929
0.06732892
0.06721854
0.06710817
0.06699779
0.06688742
0.06677704
0.06666667
0.06655629
0.06644592
0.06633554
0.06622517
0.06611479
0.06600442
0.06589404
0.06578366
0.06567329
0.06556291
0.06545254
0.06534216
0.06523179
0.06512141
0.06501104
0.06490066
0.06479029
0.06467991
0.06456954
0.06445916
0.06434879
0.06423841
0.06412804
0.06401766
0.06390728
0.06379691
0.06368653
0.06357616
0.06346578
0.06335541
0.06324503
0.06313466
0.06302428
0.06291391
0.06280353
0.06269316
0.06258278
0.06247241
0.06236203
0.06225166
0.06214128
0.06203091
0.06192053
0.06181015
0.06169978
0.06158940
0.06147903
0.06136865
0.06125828
0.06114790
0.06103753
0.06092715
0.06081678
0.06070640
0.06059603
0.06048565
0.06037528
0.06026490
0.06015453
0.06004415
0.05993377
0.05982340
0.05971302
0.05960265
0.05949227
0.05938190
0.05927152
0.05916115
0.05905077
0.05894040
0.05883002
0.05871965
0.05860927
0.05849890
0.05838852
0.05827815
0.05816777
0.05805740
0.05794702
0.05783664
0.05772627
0.05761589
0.05750552
0.05739514
0.05728477
0.05717439
0.05706402
0.05695364
0.05684327
0.05673289
0.05662252
0.05651214
0.05640177
0.05629139
0.05618102
0.05607064
0.05596026
0.05584989
0.05573951
0.05562914
0.05551876
0.05540839
0.05529801
0.05518764
0.05507726
0.05496689
0.05485651
0.05474614
0.05463576
0.05452539
0.05441501
0.05430464
0.05419426
0.05408389
0.05397351
0.05386313
0.05375276
0.05364238
0.05353201
0.05342163
0.05331126
0.05320088
0.05309051
0.05298013
0.05286976
0.05275938
0.05264901
0.05253863
0.05242826
0.05231788
0.05220751
0.05209713
0.05198675
0.05187638
0.05176600
0.05165563
0.05154525
0.05143488
0.05132450
0.05121413
0.05110375
0.05099338
0.05088300
0.05077263
0.05066225
0.05055188
0.05044150
0.05033113
0.05022075
0.05011038
0.05000000
0.04988962
0.04977925
0.04966887
0.04955850
0.04944812
0.04933775
0.04922737
0.04911700
0.04900662
0.04889625
0.04878587
0.04867550
0.04856512
0.04845475
0.04834437
0.04823400
0.04812362
0.04801325
0.04790287
0.04779249
0.04768212
0.04757174
0.04746137
0.04735099
0.04724062
0.04713024
0.04701987
0.04690949
0.04679912
0.04668874
0.04657837
0.04646799
0.04635762
0.04624724
0.04613687
0.04602649
0.04591611
0.04580574
0.04569536
0.04558499
0.04547461
0.04536424
0.04525386
0.04514349
0.04503311
0.04492274
0.04481236
0.04470199
0.04459161
0.04448124
0.04437086
0.04426049
0.04415011
0.04403974
0.04392936
0.04381898
0.04370861
0.04359823
0.04348786
0.04337748
0.04326711
0.04315673
0.04304636
0.04293598
0.04282561
0.04271523
0.04260486
0.04249448
0.04238411
0.04227373
0.04216336
0.04205298
0.04194260
0.04183223
0.04172185
0.04161148
0.04150110
0.04139073
0.04128035
0.04116998
0.04105960
0.04094923
0.04083885
0.04072848
0.04061810
0.04050773
0.04039735
0.04028698
0.04017660
0.04006623
0.03995585
0.03984547
0.03973510
0.03962472
0.03951435
0.03940397
0.03929360
0.03918322
0.03907285
0.03896247
0.03885210
0.03874172
0.03863135
0.03852097
0.03841060
0.03830022
0.03818985
0.03807947
0.03796909
0.03785872
0.03774834
0.03763797
0.03752759
0.03741722
0.03730684
0.03719647
0.03708609
0.03697572
0.03686534
0.03675497
0.03664459
0.03653422
0.03642384
0.03631347
0.03620309
0.03609272
0.03598234
0.03587196
0.03576159
0.03565121
0.03554084
0.03543046
0.03532009
0.03520971
0.03509934
0.03498896
0.03487859
0.03476821
0.03465784
0.03454746
0.03443709
0.03432671
0.03421634
0.03410596
0.03399558
0.03388521
0.03377483
0.03366446
0.03355408
0.03344371
0.03333333
0.03322296
0.03311258
0.03300221
0.03289183
0.03278146
0.03267108
0.03256071
0.03245033
0.03233996
0.03222958
0.03211921
0.03200883
0.03189845
0.03178808
0.03167770
0.03156733
0.03145695
0.03134658
0.03123620
0.03112583
0.03101545
0.03090508
0.03079470
0.03068433
0.03057395
0.03046358
0.03035320
0.03024283
0.03013245
0.03002208
0.02991170
0.02980132
0.02969095
0.02958057
0.02947020
0.02935982
0.02924945
0.02913907
0.02902870
0.02891832
0.02880795
0.02869757
0.02858720
0.02847682
0.02836645
0.02825607
0.02814570
0.02803532
0.02792494
0.02781457
0.02770419
0.02759382
0.02748344
0.02737307
0.02726269
0.02715232
0.02704194
0.02693157
0.02682119
0.02671082
0.02660044
0.02649007
0.02637969
0.02626932
0.02615894
0.02604857
0.02593819
0.02582781
0.02571744
0.02560706
0.02549669
0.02538631
0.02527594
0.02516556
0.02505519
0.02494481
0.02483444
0.02472406
0.02461369
0.02450331
0.02439294
0.02428256
0.02417219
0.02406181
0.02395143
0.02384106
0.02373068
0.02362031
0.02350993
0.02339956
0.02328918
0.02317881
0.02306843
0.02295806
0.02284768
0.02273731
0.02262693
0.02251656
0.02240618
0.02229581
0.02218543
0.02207506
0.02196468
0.02185430
0.02174393
0.02163355
0.02152318
0.02141280
0.02130243
0.02119205
0.02108168
0.02097130
0.02086093
0.02075055
0.02064018
0.02052980
0.02041943
0.02030905
0.02019868
0.02008830
0.01997792
0.01986755
0.01975717
0.01964680
0.01953642
0.01942605
0.01931567
0.01920530
0.01909492
0.01898455
0.01887417
0.01876380
0.01865342
0.01854305
0.01843267
0.01832230
0.01821192
0.01810155
0.01799117
0.01788079
0.01777042
0.01766004
0.01754967
0.01743929
0.01732892
0.01721854
0.01710817
0.01699779
0.01688742
0.01677704
0.01666667
0.01655629
0.01644592
0.01633554
0.01622517
0.01611479
0.01600442
0.01589404
0.01578366
0.01567329
0.01556291
0.01545254
0.01534216
0.01523179
0.01512141
0.01501104
0.01490066
0.01479029
0.01467991
0.01456954
0.01445916
0.01434879
0.01423841
0.01412804
0.01401766
0.01390728
0.01379691
0.01368653
0.01357616
0.01346578
0.01335541
0.01324503
0.01313466
0.01302428
0.01291391
0.01280353
0.01269316
0.01258278
0.01247241
0.01236203
0.01225166
0.01214128
0.01203091
0.01192053
0.01181015
0.01169978
0.01158940
0.01147903
0.01136865
0.01125828
0.01114790
0.01103753
0.01092715
0.01081678
0.01070640
0.01059603
0.01048565
0.01037528
0.01026490
0.01015453
0.01004415
0.00993377
0.00982340
0.00971302
0.00960265
0.00949227
0.00938190
0.00927152
0.00916115
0.00905077
0.00894040
0.00883002
0.00871965
0.00860927
0.00849890
0.00838852
0.00827815
0.00816777
0.00805740
0.00794702
0.00783664
0.00772627
0.00761589
0.00750552
0.00739514
0.00728477
0.00717439
0.00706402
0.00695364
0.00684327
0.00673289
0.00662252
0.00651214
0.00640177
0.00629139
0.00618102
0.00607064
0.00596026
0.00584989
0.00573951
0.00562914
0.00551876
0.00540839
0.00529801
0.00518764
0.00507726
0.00496689
0.00485651
0.00474614
0.00463576
0.00452539
0.00441501
0.00430464
0.00419426
0.00408389
0.00397351
0.00386313
0.00375276
0.00364238
0.00353201
0.00342163
0.00331126
0.00320088
0.00309051
0.00298013
0.00286976
0.00275938
0.00264901
0.00253863
0.00242826
0.00231788
0.00220751
0.00209713
0.00198675
0.00187638
0.00176600
0.00165563
0.00154525
0.00143488
0.00132450
0.00121413
0.00110375
0.00099338
0.00088300
0.00077263
0.00066225
0.00055188
0.00044150
0.00022075
0.00011038
0.00011038
0.00011038
0.00011038
0.00011038
0.00011038
0.00011038
0.00011038
0.00011038
0.00011038
0.00011038
0.00011038
0.00011038
0.00011038
0.00011038
0.00011038
0.00011038
0.00011038
0.00011038
0.00011038
0.00011038
0.00011038
0.00011038
0.00011038
0.00011038
0.00011038
0.00011038
0.00011038
0.00011038
0.00011038
0.00011038
0.00011038
0.00011038
0.00011038
0.00011038
0.00011038
0.00011038
0.00011038
0.00011038
0.00011038
0.00011038
0.00011038
0.00011038
0.00011038
0.00011038
0.00011038
0.00011038
0.00011038
0.00011038
0.00011038
0.00011038
0.00011038
0.00011038
0.00011038
0.00011038
0.00011038
0.00011038
0.00011038
0.00011038
0.00011038
0.00011038
0.00011038
0.00011038
0.00011038
0.00011038
0.00011038
0.00011038
0.00011038
0.00011038
0.00011038
0.00011038
0.00011038
0.00011038
0.00011038
0.00011038
0.00011038
0.00011038
