0.98835658
0.98823529
0.98811401
0.98799272
0.98787144
0.98775015
0.98762887
0.98750758
0.98738629
0.98726501
0.98714372
0.98702244
0.98690115
0.98677987
0.98665858
0.98653730
0.98641601
0.98629472
0.98617344
0.98605215
0.98593087
0.98580958
0.98568830
0.98556701
0.98544572
0.98532444
0.98520315
0.98508187
0.98496058
0.98483930
0.98471801
0.98459673
0.98447544
0.98435415
0.98423287
0.98411158
0.98399030
0.98386901
0.98374773
0.98362644
0.98350515
0.98338387
0.98326258
0.98314130
0.98302001
0.98289873
0.98277744
0.98265616
0.98253487
0.98241358
0.98229230
0.98217101
0.98204973
0.98192844
0.98180716
0.98168587
0.98156458
0.98144330
0.98132201
0.98120073
0.98107944
0.98095816
0.98083687
0.98071559
0.98059430
0.98047301
0.98035173
0.98023044
0.98010916
0.97998787
0.97986659
0.97974530
0.97962401
0.97950273
0.97938144
0.97926016
0.97913887
0.97901759
0.97889630
0.97877502
0.97865373
0.97853244
0.97841116
0.97828987
0.97816859
0.97804730
0.97792602
0.97780473
0.97768344
0.97756216
0.97744087
0.97731959
0.97719830
0.97707702
0.97695573
0.97683445
0.97671316
0.97659187
0.97647059
0.97634930
0.97622802
0.97610673
0.97598545
0.97586416
0.97574287
0.97562159
0.97550030
0.97537902
0.97525773
0.97513645
0.97501516
0.97489388
0.97477259
0.97465130
0.97453002
0.97440873
0.97428745
0.97416616
0.97404488
0.97392359
0.97380230
0.97368102
0.97355973
0.97343845
0.97331716
0.97319588
0.97307459
0.97295331
0.97283202
0.97271073
0.97258945
0.97246816
0.97234688
0.97222559
0.97210431
0.97198302
0.97186173
0.97174045
0.97161916
0.97149788
0.97137659
0.97125531
0.97113402
0.97101273
0.97089145
0.97077016
0.97064888
0.97052759
0.97040631
0.97028502
0.97016374
0.97004245
0.96992116
0.96979988
0.96967859
0.96955731
0.96943602
0.96931474
0.96919345
0.96907216
0.96895088
0.96882959
0.96870831
0.96858702
0.96846574
0.96834445
0.96822317
0.96810188
0.96798059
0.96785931
0.96773802
0.96761674
0.96749545
0.96737417
0.96725288
0.96713159
0.96701031
0.96688902
0.96676774
0.96664645
0.96652517
0.96640388
0.96628260
0.96616131
0.96604002
0.96591874
0.96579745
0.96567617
0.96555488
0.96543360
0.96531231
0.96519102
0.96506974
0.96494845
0.96482717
0.96470588
0.96458460
0.96446331
0.96434203
0.96422074
0.96409945
0.96397817
0.96385688
0.96373560
0.96361431
0.96312917
0.96300788
0.96288660
0.96276531
0.96264403
0.96252274
0.96240146
0.96228017
0.96215888
0.96203760
0.96191631
0.96179503
0.96167374
0.96155246
0.96143117
0.96130988
0.96118860
0.96106731
0.96094603
0.96082474
0.96070346
0.96058217
0.96046089
0.96033960
0.96021831
0.96009703
0.95997574
0.95985446
0.95973317
0.95961189
0.95949060
0.95936931
0.95924803
0.95912674
0.95900546
0.95888417
0.95876289
0.95864160
0.95852032
0.95839903
0.95827774
0.95815646
0.95803517
0.95791389
0.95779260
0.95767132
0.95755003
0.95742874
0.95730746
0.95718617
0.95706489
0.95694360
0.95682232
0.95670103
0.95657975
0.95645846
0.95633717
0.95621589
0.95609460
0.95597332
0.95585203
0.95573075
0.95560946
0.95548817
0.95536689
0.95524560
0.95512432
0.95500303
0.95488175
0.95476046
0.95463918
0.95451789
0.95439660
0.95427532
0.95415403
0.95403275
0.95391146
0.95379018
0.95366889
0.95354760
0.95342632
0.95330503
0.95318375
0.95306246
0.95294118
0.95281989
0.95269861
0.95257732
0.95245603
0.95233475
0.95221346
0.95209218
0.95197089
0.95184961
0.95172832
0.95160703
0.95148575
0.95136446
0.95124318
0.95112189
0.95100061
0.95087932
0.95075804
0.95063675
0.95051546
0.95039418
0.95027289
0.95015161
0.95003032
0.94990904
0.94978775
0.94966646
0.94954518
0.94942389
0.94930261
0.94918132
0.94906004
0.94893875
0.94881747
0.94869618
0.94857489
0.94845361
0.94833232
0.94821104
0.94808975
0.94796847
0.94784718
0.94772589
0.94760461
0.94748332
0.94736204
0.94724075
0.94711947
0.94699818
0.94687690
0.94675561
0.94663432
0.94651304
0.94639175
0.94627047
0.94614918
0.94602790
0.94590661
0.94578532
0.94566404
0.94554275
0.94542147
0.94530018
0.94517890
0.94505761
0.94493633
0.94481504
0.94469375
0.94457247
0.94445118
0.94432990
0.94420861
0.94408733
0.94396604
0.94384475
0.94372347
0.94360218
0.94348090
0.94335961
0.94323833
0.94311704
0.94299576
0.94287447
0.94275318
0.94263190
0.94251061
0.94238933
0.94226804
0.94214676
0.94202547
0.94190418
0.94178290
0.94166161
0.94154033
0.94141904
0.94129776
0.94117647
0.94105518
0.94093390
0.94081261
0.94069133
0.94057004
0.94044876
0.94032747
0.94020619
0.94008490
0.93996361
0.93984233
0.93972104
0.93959976
0.93947847
0.93935719
0.93923590
0.93911461
0.93899333
0.93887204
0.93875076
0.93862947
0.93850819
0.93838690
0.93826562
0.93814433
0.93802304
0.93790176
0.93778047
0.93765919
0.93753790
0.93741662
0.93729533
0.93717404
0.93705276
0.93693147
0.93681019
0.93668890
0.93656762
0.93644633
0.93632505
0.93620376
0.93608247
0.93596119
0.93583990
0.93571862
0.93559733
0.93547605
0.93535476
0.93523347
0.93511219
0.93499090
0.93486962
0.93474833
0.93462705
0.93450576
0.93438448
0.93426319
0.93414190
0.93402062
0.93389933
0.93377805
0.93365676
0.93353548
0.93341419
0.93329290
0.93317162
0.93305033
0.93292905
0.93280776
0.93268648
0.93256519
0.93244391
0.93232262
0.93220133
0.93208005
0.93195876
0.93183748
0.93171619
0.93159491
0.93147362
0.93135233
0.93123105
0.93110976
0.93098848
0.93086719
0.93074591
0.93062462
0.93050334
0.93038205
0.93026076
0.93013948
0.93001819
0.92989691
0.92977562
0.92965434
0.92953305
0.92941176
0.92929048
0.92916919
0.92904791
0.92892662
0.92880534
0.92868405
0.92856277
0.92844148
0.92832019
0.92819891
0.92807762
0.92795634
0.92783505
0.92771377
0.92759248
0.92747119
0.92734991
0.92722862
0.92710734
0.92698605
0.92686477
0.92674348
0.92662220
0.92650091
0.92637962
0.92625834
0.92613705
0.92601577
0.92589448
0.92577320
0.92565191
0.92553062
0.92540934
0.92528805
0.92516677
0.92504548
0.92492420
0.92480291
0.92468163
0.92456034
0.92443905
0.92431777
0.92419648
0.92407520
0.92395391
0.92383263
0.92371134
0.92359005
0.92346877
0.92334748
0.92322620
0.92310491
0.92298363
0.92286234
0.92274106
0.92261977
0.92249848
0.92237720
0.92225591
0.92213463
0.92201334
0.92189206
0.92177077
0.92164948
0.92152820
0.92140691
0.92128563
0.92116434
0.92104306
0.92092177
0.92080049
0.92067920
0.92055791
0.92043663
0.92031534
0.92019406
0.92007277
0.91995149
0.91983020
0.91970891
0.91958763
0.91946634
0.91934506
0.91922377
0.91910249
0.91898120
0.91885992
0.91873863
0.91861734
0.91849606
0.91837477
0.91825349
0.91813220
0.91801092
0.91788963
0.91776834
0.91764706
0.91752577
0.91740449
0.91728320
0.91716192
0.91704063
0.91691935
0.91679806
0.91667677
0.91655549
0.91643420
0.91631292
0.91619163
0.91607035
0.91594906
0.91582777
0.91570649
0.91558520
0.91546392
0.91534263
0.91522135
0.91510006
0.91497878
0.91485749
0.91473620
0.91461492
0.91449363
0.91437235
0.91425106
0.91412978
0.91400849
0.91388720
0.91376592
0.91364463
0.91352335
0.91340206
0.91328078
0.91315949
0.91303820
0.91291692
0.91279563
0.91267435
0.91255306
0.91243178
0.91231049
0.91218921
0.91206792
0.91194663
0.91182535
0.91170406
0.91158278
0.91146149
0.91134021
0.91121892
0.91109763
0.91097635
0.91085506
0.91073378
0.91061249
0.91049121
0.91036992
0.91024864
0.91012735
0.91000606
0.90988478
0.90976349
0.90964221
0.90952092
0.90939964
0.90927835
0.90915706
0.90903578
0.90891449
0.90879321
0.90867192
0.90855064
0.90842935
0.90830807
0.90818678
0.90806549
0.90794421
0.90782292
0.90770164
0.90758035
0.90745907
0.90733778
0.90721649
0.90709521
0.90697392
0.90685264
0.90673135
0.90661007
0.90648878
0.90636750
0.90624621
0.90612492
0.90600364
0.90588235
0.90576107
0.90563978
0.90551850
0.90539721
0.90527592
0.90515464
0.90503335
0.90491207
0.90479078
0.90466950
0.90454821
0.90442693
0.90430564
0.90418435
0.90406307
0.90394178
0.90382050
0.90369921
0.90357793
0.90345664
0.90333535
0.90321407
0.90309278
0.90297150
0.90285021
0.90272893
0.90260764
0.90248636
0.90236507
0.90224378
0.90212250
0.90200121
0.90187993
0.90175864
0.90163736
0.90151607
0.90139478
0.90127350
0.90115221
0.90103093
0.90090964
0.90078836
0.90066707
0.90054579
0.90042450
0.90030321
0.90018193
0.90006064
0.89993936
0.89981807
0.89969679
0.89957550
0.89945421
0.89933293
0.89921164
0.89909036
0.89896907
0.89884779
0.89872650
0.89860522
0.89848393
0.89836264
0.89824136
0.89812007
0.89799879
0.89787750
0.89775622
0.89763493
0.89751364
0.89739236
0.89727107
0.89714979
0.89702850
0.89690722
0.89678593
0.89666465
0.89654336
0.89642207
0.89630079
0.89617950
0.89605822
0.89593693
0.89581565
0.89569436
0.89557307
0.89545179
0.89533050
0.89520922
0.89508793
0.89496665
0.89484536
0.89472408
0.89460279
0.89448150
0.89436022
0.89423893
0.89411765
0.89399636
0.89387508
0.89375379
0.89363250
0.89351122
0.89338993
0.89326865
0.89314736
0.89302608
0.89290479
0.89278351
0.89266222
0.89254093
0.89241965
0.89229836
0.89217708
0.89205579
0.89193451
0.89181322
0.89169193
0.89157065
0.89144936
0.89132808
0.89120679
0.89108551
0.89096422
0.89084294
0.89072165
0.89060036
0.89047908
0.89035779
0.89023651
0.89011522
0.88999394
0.88987265
0.88975136
0.88963008
0.88950879
0.88938751
0.88926622
0.88914494
0.88902365
0.88890237
0.88878108
0.88865979
0.88853851
0.88841722
0.88829594
0.88817465
0.88805337
0.88793208
0.88781079
0.88768951
0.88756822
0.88744694
0.88732565
0.88720437
0.88708308
0.88696180
0.88684051
0.88671922
0.88659794
0.88647665
0.88635537
0.88623408
0.88611280
0.88599151
0.88587022
0.88574894
0.88562765
0.88550637
0.88538508
0.88526380
0.88514251
0.88502122
0.88489994
0.88477865
0.88465737
0.88453608
0.88441480
0.88429351
0.88417223
0.88405094
0.88392965
0.88380837
0.88368708
0.88356580
0.88344451
0.88332323
0.88320194
0.88308065
0.88295937
0.88283808
0.88271680
0.88259551
0.88247423
0.88235294
0.88223166
0.88211037
0.88198908
0.88186780
0.88174651
0.88162523
0.88150394
0.88138266
0.88126137
0.88114008
0.88101880
0.88089751
0.88077623
0.88065494
0.88053366
0.88041237
0.88029109
0.88016980
0.88004851
0.87992723
0.87980594
0.87968466
0.87956337
0.87944209
0.87932080
0.87919951
0.87907823
0.87895694
0.87883566
0.87871437
0.87859309
0.87847180
0.87835052
0.87822923
0.87810794
0.87798666
0.87786537
0.87774409
0.87762280
0.87750152
0.87738023
0.87725894
0.87713766
0.87701637
0.87689509
0.87677380
0.87665252
0.87653123
0.87640995
0.87628866
0.87616737
0.87604609
0.87592480
0.87580352
0.87568223
0.87556095
0.87543966
0.87531837
0.87519709
0.87507580
0.87495452
0.87483323
0.87471195
0.87459066
0.87446938
0.87434809
0.87422680
0.87410552
0.87398423
0.87386295
0.87374166
0.87362038
0.87349909
0.87337780
0.87325652
0.87313523
0.87301395
0.87289266
0.87277138
0.87265009
0.87252881
0.87240752
0.87228623
0.87216495
0.87204366
0.87192238
0.87180109
0.87167981
0.87155852
0.87143723
0.87131595
0.87119466
0.87107338
0.87095209
0.87083081
0.87070952
0.87058824
0.87046695
0.87034566
0.87022438
0.87010309
0.86998181
0.86986052
0.86973924
0.86961795
0.86949666
0.86937538
0.86925409
0.86913281
0.86901152
0.86889024
0.86876895
0.86864767
0.86852638
0.86840509
0.86828381
0.86816252
0.86804124
0.86791995
0.86779867
0.86767738
0.86755609
0.86743481
0.86731352
0.86719224
0.86707095
0.86694967
0.86682838
0.86670710
0.86658581
0.86646452
0.86634324
0.86622195
0.86610067
0.86597938
0.86585810
0.86573681
0.86561552
0.86549424
0.86537295
0.86525167
0.86513038
0.86500910
0.86488781
0.86476653
0.86464524
0.86452395
0.86440267
0.86428138
0.86416010
0.86403881
0.86391753
0.86379624
0.86367495
0.86355367
0.86343238
0.86331110
0.86318981
0.86306853
0.86294724
0.86282596
0.86270467
0.86258338
0.86246210
0.86234081
0.86221953
0.86209824
0.86197696
0.86185567
0.86173438
0.86161310
0.86149181
0.86137053
0.86124924
0.86112796
0.86100667
0.86088539
0.86076410
0.86064281
0.86052153
0.86040024
0.86027896
0.86015767
0.86003639
0.85991510
0.85979381
0.85967253
0.85955124
0.85942996
0.85930867
0.85918739
0.85906610
0.85894482
0.85882353
0.85870224
0.85858096
0.85845967
0.85833839
0.85821710
0.85809582
0.85797453
0.85785324
0.85773196
0.85761067
0.85748939
0.85736810
0.85724682
0.85712553
0.85700424
0.85688296
0.85676167
0.85664039
0.85651910
0.85639782
0.85627653
0.85615525
0.85603396
0.85591267
0.85579139
0.85567010
0.85554882
0.85542753
0.85530625
0.85518496
0.85506367
0.85494239
0.85482110
0.85469982
0.85457853
0.85445725
0.85433596
0.85421468
0.85409339
0.85397210
0.85385082
0.85372953
0.85360825
0.85348696
0.85336568
0.85324439
0.85312310
0.85300182
0.85288053
0.85275925
0.85263796
0.85251668
0.85239539
0.85227411
0.85215282
0.85203153
0.85191025
0.85178896
0.85166768
0.85154639
0.85142511
0.85130382
0.85118253
0.85106125
0.85093996
0.85081868
0.85069739
0.85057611
0.85045482
0.85033354
0.85021225
0.85009096
0.84996968
0.84984839
0.84972711
0.84960582
0.84948454
0.84936325
0.84924196
0.84912068
0.84899939
0.84887811
0.84875682
0.84863554
0.84851425
0.84839297
0.84827168
0.84815039
0.84802911
0.84790782
0.84778654
0.84766525
0.84754397
0.84742268
0.84730139
0.84718011
0.84705882
0.84693754
0.84681625
0.84669497
0.84657368
0.84645240
0.84633111
0.84620982
0.84608854
0.84596725
0.84584597
0.84572468
0.84560340
0.84548211
0.84536082
0.84523954
0.84511825
0.84499697
0.84487568
0.84475440
0.84463311
0.84451183
0.84439054
0.84426925
0.84414797
0.84402668
0.84390540
0.84378411
0.84366283
0.84354154
0.84342025
0.84329897
0.84317768
0.84305640
0.84293511
0.84281383
0.84269254
0.84257126
0.84244997
0.84232868
0.84220740
0.84208611
0.84196483
0.84184354
0.84172226
0.84160097
0.84147968
0.84135840
0.84123711
0.84111583
0.84099454
0.84087326
0.84075197
0.84063069
0.84050940
0.84038811
0.84026683
0.84014554
0.84002426
0.83990297
0.83978169
0.83966040
0.83953911
0.83941783
0.83929654
0.83905397
0.83893269
0.83881140
0.83869012
0.83856883
0.83844754
0.83832626
0.83820497
0.83808369
0.83796240
0.83784112
0.83771983
0.83759854
0.83747726
0.83735597
0.83723469
0.83711340
0.83699212
0.83687083
0.83674955
0.83662826
0.83650697
0.83638569
0.83626440
0.83614312
0.83602183
0.83590055
0.83577926
0.83565797
0.83553669
0.83541540
0.83529412
0.83517283
0.83505155
0.83493026
0.83480898
0.83468769
0.83456640
0.83444512
0.83432383
0.83420255
0.83408126
0.83395998
0.83383869
0.83371740
0.83359612
0.83347483
0.83335355
0.83323226
0.83311098
0.83298969
0.83286841
0.83274712
0.83262583
0.83250455
0.83238326
0.83226198
0.83214069
0.83201941
0.83189812
0.83177683
0.83165555
0.83153426
0.83141298
0.83129169
0.83117041
0.83104912
0.83092784
0.83080655
0.83068526
0.83056398
0.83044269
0.83032141
0.83020012
0.83007884
0.82995755
0.82983626
0.82971498
0.82959369
0.82947241
0.82935112
0.82922984
0.82910855
0.82898727
0.82886598
0.82874469
0.82862341
0.82850212
0.82838084
0.82825955
0.82813827
0.82801698
0.82789569
0.82777441
0.82765312
0.82753184
0.82741055
0.82728927
0.82716798
0.82704669
0.82692541
0.82680412
0.82668284
0.82656155
0.82644027
0.82631898
0.82619770
0.82607641
0.82595512
0.82583384
0.82571255
0.82559127
0.82546998
0.82534870
0.82522741
0.82510612
0.82498484
0.82486355
0.82474227
0.82462098
0.82449970
0.82437841
0.82425713
0.82413584
0.82401455
0.82389327
0.82377198
0.82365070
0.82352941
0.82340813
0.82328684
0.82316555
0.82304427
0.82292298
0.82280170
0.82268041
0.82255913
0.82243784
0.82231656
0.82219527
0.82207398
0.82195270
0.82183141
0.82171013
0.82158884
0.82146756
0.82134627
0.82122498
0.82110370
0.82098241
0.82086113
0.82073984
0.82061856
0.82049727
0.82037599
0.82025470
0.82013341
0.82001213
0.81989084
0.81976956
0.81964827
0.81952699
0.81940570
0.81928441
0.81916313
0.81904184
0.81892056
0.81879927
0.81867799
0.81855670
0.81843542
0.81831413
0.81819284
0.81807156
0.81795027
0.81782899
0.81770770
0.81758642
0.81746513
0.81734384
0.81722256
0.81710127
0.81697999
0.81685870
0.81673742
0.81661613
0.81649485
0.81637356
0.81625227
0.81613099
0.81600970
0.81552456
0.81540327
0.81528199
0.81516070
0.81503942
0.81491813
0.81479685
0.81467556
0.81455428
0.81443299
0.81431170
0.81419042
0.81406913
0.81394785
0.81382656
0.81370528
0.81358399
0.81346270
0.81334142
0.81322013
0.81309885
0.81297756
0.81285628
0.81273499
0.81261371
0.81249242
0.81237113
0.81224985
0.81212856
0.81200728
0.81188599
0.81176471
0.81140085
0.81127956
0.81115828
0.81103699
0.81091571
0.81079442
0.81067314
0.81055185
0.81043056
0.81030928
0.81018799
0.81006671
0.80994542
0.80982414
0.80970285
0.80958156
0.80946028
0.80933899
0.80921771
0.80909642
0.80897514
0.80885385
0.80873257
0.80861128
0.80848999
0.80836871
0.80824742
0.80800485
0.80788357
0.80776228
0.80764099
0.80751971
0.80739842
0.80727714
0.80715585
0.80703457
0.80691328
0.80679200
0.80667071
0.80654942
0.80642814
0.80630685
0.80618557
0.80606428
0.80594300
0.80582171
0.80570042
0.80557914
0.80545785
0.80533657
0.80521528
0.80509400
0.80497271
0.80485143
0.80473014
0.80460885
0.80448757
0.80436628
0.80424500
0.80412371
0.80400243
0.80388114
0.80375985
0.80363857
0.80351728
0.80339600
0.80327471
0.80315343
0.80303214
0.80291086
0.80278957
0.80266828
0.80254700
0.80242571
0.80230443
0.80218314
0.80206186
0.80194057
0.80181928
0.80169800
0.80157671
0.80145543
0.80133414
0.80121286
0.80097029
0.80084900
0.80072771
0.80060643
0.80048514
0.80036386
0.80024257
0.80012129
0.80000000
0.79987871
0.79975743
0.79963614
0.79951486
0.79939357
0.79927229
0.79915100
0.79902971
0.79890843
0.79878714
0.79866586
0.79854457
0.79842329
0.79830200
0.79818072
0.79805943
0.79793814
0.79781686
0.79769557
0.79757429
0.79745300
0.79733172
0.79721043
0.79708914
0.79696786
0.79684657
0.79672529
0.79660400
0.79648272
0.79636143
0.79624015
0.79611886
0.79599757
0.79587629
0.79575500
0.79563372
0.79551243
0.79539115
0.79526986
0.79514857
0.79502729
0.79490600
0.79478472
0.79466343
0.79454215
0.79442086
0.79417829
0.79405700
0.79393572
0.79381443
0.79369315
0.79357186
0.79345058
0.79332929
0.79320800
0.79308672
0.79296543
0.79284415
0.79272286
0.79260158
0.79248029
0.79235901
0.79223772
0.79211643
0.79199515
0.79187386
0.79175258
0.79163129
0.79151001
0.79138872
0.79126743
0.79114615
0.79102486
0.79090358
0.79078229
0.79066101
0.79053972
0.79041844
0.79029715
0.79017586
0.79005458
0.78993329
0.78969072
0.78956944
0.78944815
0.78932686
0.78920558
0.78908429
0.78896301
0.78884172
0.78872044
0.78859915
0.78847787
0.78835658
0.78823529
0.78811401
0.78799272
0.78787144
0.78775015
0.78762887
0.78750758
0.78738629
0.78726501
0.78714372
0.78702244
0.78690115
0.78677987
0.78641601
0.78629472
0.78617344
0.78605215
0.78593087
0.78580958
0.78568830
0.78556701
0.78544572
0.78532444
0.78520315
0.78508187
0.78496058
0.78483930
0.78471801
0.78459673
0.78447544
0.78435415
0.78423287
0.78411158
0.78399030
0.78386901
0.78374773
0.78362644
0.78338387
0.78326258
0.78314130
0.78302001
0.78289873
0.78277744
0.78253487
0.78241358
0.78229230
0.78217101
0.78204973
0.78192844
0.78132201
0.78120073
0.78107944
0.78095816
0.78083687
0.78071559
0.78059430
0.78047301
0.78010916
0.77998787
0.77986659
0.77974530
0.77962401
0.77950273
0.77938144
0.77926016
0.77913887
0.77901759
0.77889630
0.77877502
0.77865373
0.77853244
0.77828987
0.77816859
0.77804730
0.77792602
0.77780473
0.77768344
0.77756216
0.77744087
0.77731959
0.77719830
0.77707702
0.77695573
0.77683445
0.77671316
0.77659187
0.77647059
0.77634930
0.77622802
0.77610673
0.77598545
0.77586416
0.77574287
0.77562159
0.77550030
0.77537902
0.77525773
0.77513645
0.77501516
0.77489388
0.77477259
0.77465130
0.77453002
0.77440873
0.77428745
0.77416616
0.77404488
0.77392359
0.77368102
0.77355973
0.77343845
0.77331716
0.77319588
0.77307459
0.77295331
0.77283202
0.77271073
0.77258945
0.77246816
0.77234688
0.77222559
0.77210431
0.77198302
0.77186173
0.77174045
0.77161916
0.77149788
0.77137659
0.77125531
0.77113402
0.77101273
0.77089145
0.77077016
0.77064888
0.77052759
0.77040631
0.77028502
0.77016374
0.77004245
0.76992116
0.76979988
0.76967859
0.76955731
0.76943602
0.76931474
0.76919345
0.76907216
0.76895088
0.76882959
0.76870831
0.76858702
0.76846574
0.76834445
0.76822317
0.76810188
0.76798059
0.76785931
0.76773802
0.76761674
0.76749545
0.76737417
0.76725288
0.76713159
0.76701031
0.76652517
0.76640388
0.76628260
0.76616131
0.76604002
0.76591874
0.76579745
0.76567617
0.76555488
0.76543360
0.76531231
0.76519102
0.76506974
0.76494845
0.76482717
0.76470588
0.76458460
0.76446331
0.76434203
0.76409945
0.76397817
0.76385688
0.76373560
0.76361431
0.76349303
0.76337174
0.76325045
0.76312917
0.76300788
0.76288660
0.76276531
0.76264403
0.76252274
0.76240146
0.76228017
0.76215888
0.76203760
0.76191631
0.76179503
0.76167374
0.76155246
0.76143117
0.76130988
0.76118860
0.76106731
0.76094603
0.76082474
0.76058217
0.76046089
0.76009703
0.75997574
0.75985446
0.75973317
0.75961189
0.75949060
0.75936931
0.75924803
0.75912674
0.75900546
0.75888417
0.75876289
0.75864160
0.75852032
0.75839903
0.75827774
0.75815646
0.75803517
0.75791389
0.75779260
0.75767132
0.75755003
0.75742874
0.75730746
0.75718617
0.75706489
0.75694360
0.75682232
0.75670103
0.75657975
0.75645846
0.75633717
0.75621589
0.75609460
0.75597332
0.75585203
0.75573075
0.75560946
0.75548817
0.75536689
0.75524560
0.75512432
0.75500303
0.75488175
0.75476046
0.75463918
0.75451789
0.75439660
0.75403275
0.75391146
0.75379018
0.75366889
0.75354760
0.75342632
0.75330503
0.75318375
0.75306246
0.75294118
0.75281989
0.75269861
0.75257732
0.75245603
0.75233475
0.75221346
0.75209218
0.75197089
0.75184961
0.75172832
0.75160703
0.75148575
0.75136446
0.75124318
0.75112189
0.75100061
0.75087932
0.75075804
0.75063675
0.75051546
0.75039418
0.75027289
0.75015161
0.75003032
0.74990904
0.74978775
0.74966646
0.74954518
0.74942389
0.74930261
0.74918132
0.74906004
0.74893875
0.74881747
0.74869618
0.74857489
0.74845361
0.74833232
0.74821104
0.74796847
0.74784718
0.74772589
0.74760461
0.74748332
0.74736204
0.74724075
0.74711947
0.74699818
0.74687690
0.74675561
0.74663432
0.74651304
0.74639175
0.74627047
0.74614918
0.74602790
0.74590661
0.74578532
0.74566404
0.74554275
0.74542147
0.74530018
0.74517890
0.74505761
0.74493633
0.74481504
0.74469375
0.74457247
0.74445118
0.74432990
0.74420861
0.74408733
0.74396604
0.74384475
0.74372347
0.74360218
0.74348090
0.74335961
0.74323833
0.74311704
0.74299576
0.74275318
0.74263190
0.74251061
0.74238933
0.74226804
0.74214676
0.74202547
0.74190418
0.74178290
0.74166161
0.74154033
0.74141904
0.74129776
0.74117647
0.74105518
0.74093390
0.74081261
0.74069133
0.74057004
0.74044876
0.74032747
0.74020619
0.74008490
0.73996361
0.73984233
0.73972104
0.73959976
0.73947847
0.73935719
0.73923590
0.73911461
0.73899333
0.73887204
0.73875076
0.73862947
0.73850819
0.73838690
0.73826562
0.73814433
0.73802304
0.73790176
0.73778047
0.73765919
0.73753790
0.73741662
0.73729533
0.73717404
0.73705276
0.73693147
0.73681019
0.73668890
0.73656762
0.73644633
0.73632505
0.73620376
0.73608247
0.73571862
0.73559733
0.73535476
0.73523347
0.73511219
0.73499090
0.73486962
0.73474833
0.73462705
0.73450576
0.73438448
0.73426319
0.73414190
0.73402062
0.73389933
0.73377805
0.73365676
0.73353548
0.73341419
0.73329290
0.73317162
0.73305033
0.73292905
0.73280776
0.73268648
0.73256519
0.73208005
0.73195876
0.73183748
0.73171619
0.73159491
0.73147362
0.73135233
0.73110976
0.73098848
0.73062462
0.72977562
0.72965434
0.72953305
0.72941176
0.72929048
0.72916919
0.72904791
0.72892662
0.72880534
0.72868405
0.72856277
0.72832019
0.72819891
0.72807762
0.72795634
0.72783505
0.72771377
0.72759248
0.72747119
0.72734991
0.72722862
0.72710734
0.72698605
0.72686477
0.72674348
0.72662220
0.72650091
0.72637962
0.72625834
0.72613705
0.72577320
0.72565191
0.72553062
0.72540934
0.72528805
0.72516677
0.72504548
0.72492420
0.72480291
0.72431777
0.72419648
0.72407520
0.72395391
0.72383263
0.72371134
0.72359005
0.72346877
0.72334748
0.72310491
0.72298363
0.72286234
0.72274106
0.72237720
0.72225591
0.72177077
0.72164948
0.72152820
0.72140691
0.72116434
0.72104306
0.72092177
0.72080049
0.72067920
0.72055791
0.72043663
0.72031534
0.72019406
0.72007277
0.71983020
0.71970891
0.71958763
0.71946634
0.71922377
0.71898120
0.71885992
0.71873863
0.71861734
0.71849606
0.71837477
0.71825349
0.71813220
0.71801092
0.71788963
0.71776834
0.71764706
0.71740449
0.71728320
0.71716192
0.71704063
0.71691935
0.71679806
0.71667677
0.71655549
0.71643420
0.71631292
0.71619163
0.71607035
0.71594906
0.71582777
0.71570649
0.71558520
0.71546392
0.71534263
0.71522135
0.71510006
0.71497878
0.71485749
0.71473620
0.71461492
0.71449363
0.71437235
0.71425106
0.71412978
0.71388720
0.71376592
0.71364463
0.71352335
0.71340206
0.71328078
0.71315949
0.71303820
0.71291692
0.71279563
0.71267435
0.71255306
0.71243178
0.71231049
0.71218921
0.71206792
0.71194663
0.71182535
0.71170406
0.71158278
0.71146149
0.71134021
0.71121892
0.71109763
0.71097635
0.71085506
0.71073378
0.71061249
0.71049121
0.71036992
0.71024864
0.71012735
0.71000606
0.70988478
0.70976349
0.70964221
0.70952092
0.70939964
0.70927835
0.70915706
0.70903578
0.70891449
0.70879321
0.70867192
0.70855064
0.70842935
0.70830807
0.70818678
0.70806549
0.70794421
0.70782292
0.70745907
0.70733778
0.70721649
0.70709521
0.70697392
0.70685264
0.70673135
0.70661007
0.70648878
0.70636750
0.70624621
0.70612492
0.70600364
0.70588235
0.70576107
0.70563978
0.70551850
0.70539721
0.70527592
0.70515464
0.70503335
0.70491207
0.70479078
0.70466950
0.70454821
0.70442693
0.70430564
0.70418435
0.70406307
0.70369921
0.70357793
0.70345664
0.70333535
0.70321407
0.70309278
0.70297150
0.70285021
0.70272893
0.70260764
0.70248636
0.70236507
0.70224378
0.70212250
0.70200121
0.70187993
0.70175864
0.70163736
0.70151607
0.70139478
0.70127350
0.70115221
0.70103093
0.70090964
0.70078836
0.70066707
0.70054579
0.70042450
0.70030321
0.70018193
0.70006064
0.69981807
0.69969679
0.69957550
0.69945421
0.69933293
0.69921164
0.69909036
0.69896907
0.69860522
0.69848393
0.69836264
0.69812007
0.69799879
0.69775622
0.69739236
0.69727107
0.69714979
0.69702850
0.69690722
0.69678593
0.69666465
0.69654336
0.69642207
0.69630079
0.69617950
0.69605822
0.69593693
0.69581565
0.69569436
0.69557307
0.69545179
0.69520922
0.69508793
0.69496665
0.69484536
0.69472408
0.69460279
0.69448150
0.69436022
0.69423893
0.69411765
0.69399636
0.69387508
0.69363250
0.69351122
0.69338993
0.69326865
0.69314736
0.69302608
0.69290479
0.69278351
0.69266222
0.69254093
0.69241965
0.69229836
0.69217708
0.69205579
0.69193451
0.69181322
0.69169193
0.69157065
0.69132808
0.69120679
0.69108551
0.69096422
0.69084294
0.69072165
0.69047908
0.69035779
0.69023651
0.69011522
0.68999394
0.68987265
0.68975136
0.68963008
0.68950879
0.68938751
0.68926622
0.68914494
0.68902365
0.68890237
0.68878108
0.68865979
0.68841722
0.68829594
0.68805337
0.68793208
0.68781079
0.68768951
0.68756822
0.68744694
0.68732565
0.68720437
0.68708308
0.68696180
0.68684051
0.68671922
0.68659794
0.68647665
0.68635537
0.68623408
0.68587022
0.68574894
0.68562765
0.68550637
0.68538508
0.68526380
0.68514251
0.68502122
0.68489994
0.68477865
0.68465737
0.68453608
0.68441480
0.68429351
0.68417223
0.68405094
0.68392965
0.68380837
0.68368708
0.68356580
0.68344451
0.68332323
0.68320194
0.68308065
0.68295937
0.68283808
0.68271680
0.68259551
0.68247423
0.68235294
0.68223166
0.68211037
0.68198908
0.68186780
0.68174651
0.68162523
0.68150394
0.68138266
0.68126137
0.68114008
0.68101880
0.68089751
0.68077623
0.68065494
0.68053366
0.68041237
0.68029109
0.68016980
0.68004851
0.67992723
0.67980594
0.67968466
0.67956337
0.67944209
0.67932080
0.67919951
0.67907823
0.67895694
0.67883566
0.67871437
0.67859309
0.67847180
0.67835052
0.67822923
0.67810794
0.67798666
0.67786537
0.67774409
0.67762280
0.67750152
0.67738023
0.67725894
0.67713766
0.67701637
0.67689509
0.67677380
0.67665252
0.67653123
0.67640995
0.67628866
0.67616737
0.67604609
0.67592480
0.67556095
0.67543966
0.67531837
0.67519709
0.67507580
0.67495452
0.67483323
0.67471195
0.67459066
0.67446938
0.67434809
0.67422680
0.67410552
0.67398423
0.67386295
0.67374166
0.67362038
0.67349909
0.67337780
0.67325652
0.67313523
0.67301395
0.67289266
0.67277138
0.67265009
0.67252881
0.67240752
0.67228623
0.67216495
0.67204366
0.67192238
0.67180109
0.67143723
0.67131595
0.67119466
0.67107338
0.67095209
0.67083081
0.67070952
0.67058824
0.67046695
0.67034566
0.67022438
0.67010309
0.66998181
0.66986052
0.66973924
0.66961795
0.66949666
0.66937538
0.66925409
0.66913281
0.66876895
0.66864767
0.66852638
0.66840509
0.66828381
0.66816252
0.66804124
0.66791995
0.66779867
0.66755609
0.66743481
0.66731352
0.66719224
0.66707095
0.66694967
0.66682838
0.66670710
0.66658581
0.66646452
0.66634324
0.66634324
0.66622195
0.66610067
0.66597938
0.66585810
0.66573681
0.66561552
0.66549424
0.66537295
0.66525167
0.66513038
0.66500910
0.66488781
0.66476653
0.66464524
0.66452395
0.66440267
0.66428138
0.66416010
0.66403881
0.66391753
0.66379624
0.66367495
0.66355367
0.66343238
0.66331110
0.66318981
0.66294724
0.66282596
0.66270467
0.66258338
0.66246210
0.66221953
0.66209824
0.66197696
0.66185567
0.66173438
0.66161310
0.66149181
0.66137053
0.66124924
0.66112796
0.66100667
0.66088539
0.66076410
0.66064281
0.66052153
0.66040024
0.66027896
0.66015767
0.66003639
0.65991510
0.65979381
0.65967253
0.65955124
0.65942996
0.65930867
0.65918739
0.65906610
0.65894482
0.65882353
0.65845967
0.65833839
0.65821710
0.65809582
0.65797453
0.65785324
0.65773196
0.65761067
0.65748939
0.65736810
0.65724682
0.65712553
0.65700424
0.65688296
0.65676167
0.65664039
0.65651910
0.65639782
0.65627653
0.65615525
0.65603396
0.65591267
0.65579139
0.65567010
0.65554882
0.65542753
0.65530625
0.65518496
0.65506367
0.65494239
0.65482110
0.65469982
0.65457853
0.65445725
0.65433596
0.65421468
0.65409339
0.65397210
0.65385082
0.65324439
0.65312310
0.65300182
0.65288053
0.65275925
0.65263796
0.65251668
0.65239539
0.65227411
0.65215282
0.65203153
0.65191025
0.65178896
0.65166768
0.65154639
0.65142511
0.65130382
0.65118253
0.65106125
0.65093996
0.65081868
0.65069739
0.65057611
0.65045482
0.65033354
0.65021225
0.65009096
0.64996968
0.64984839
0.64972711
0.64960582
0.64924196
0.64912068
0.64899939
0.64887811
0.64875682
0.64863554
0.64851425
0.64839297
0.64827168
0.64815039
0.64802911
0.64790782
0.64778654
0.64766525
0.64754397
0.64742268
0.64730139
0.64718011
0.64705882
0.64693754
0.64681625
0.64669497
0.64657368
0.64645240
0.64633111
0.64620982
0.64608854
0.64596725
0.64584597
0.64572468
0.64560340
0.64548211
0.64536082
0.64523954
0.64511825
0.64451183
0.64439054
0.64426925
0.64414797
0.64402668
0.64390540
0.64378411
0.64366283
0.64354154
0.64342025
0.64329897
0.64317768
0.64305640
0.64293511
0.64281383
0.64269254
0.64257126
0.64244997
0.64232868
0.64220740
0.64208611
0.64196483
0.64184354
0.64172226
0.64160097
0.64147968
0.64135840
0.64123711
0.64111583
0.64099454
0.64087326
0.64075197
0.64063069
0.64050940
0.64014554
0.64002426
0.63990297
0.63978169
0.63966040
0.63953911
0.63941783
0.63929654
0.63917526
0.63905397
0.63893269
0.63881140
0.63869012
0.63856883
0.63844754
0.63832626
0.63820497
0.63808369
0.63796240
0.63759854
0.63747726
0.63735597
0.63723469
0.63711340
0.63699212
0.63687083
0.63674955
0.63662826
0.63650697
0.63638569
0.63626440
0.63614312
0.63602183
0.63590055
0.63577926
0.63565797
0.63553669
0.63541540
0.63529412
0.63517283
0.63505155
0.63493026
0.63480898
0.63468769
0.63456640
0.63444512
0.63432383
0.63420255
0.63408126
0.63395998
0.63383869
0.63371740
0.63359612
0.63347483
0.63335355
0.63323226
0.63311098
0.63298969
0.63286841
0.63274712
0.63262583
0.63250455
0.63238326
0.63226198
0.63214069
0.63201941
0.63189812
0.63177683
0.63165555
0.63153426
0.63141298
0.63129169
0.63117041
0.63104912
0.63092784
0.63080655
0.62886598
0.62874469
0.62862341
0.62850212
0.62838084
0.62825955
0.62813827
0.62801698
0.62789569
0.62777441
0.62765312
0.62753184
0.62741055
0.62728927
0.62716798
0.62704669
0.62692541
0.62680412
0.62668284
0.62656155
0.62644027
0.62631898
0.62619770
0.62607641
0.62583384
0.62571255
0.62559127
0.62546998
0.62534870
0.62522741
0.62510612
0.62498484
0.62486355
0.62437841
0.62425713
0.62413584
0.62401455
0.62389327
0.62377198
0.62365070
0.62352941
0.62340813
0.62328684
0.62316555
0.62304427
0.62292298
0.62280170
0.62268041
0.62255913
0.62243784
0.62231656
0.62219527
0.62207398
0.62195270
0.62183141
0.62171013
0.62158884
0.62146756
0.62134627
0.62122498
0.62110370
0.62098241
0.62086113
0.62073984
0.62061856
0.62049727
0.62037599
0.62025470
0.62013341
0.62001213
0.61989084
0.61976956
0.61964827
0.61952699
0.61940570
0.61928441
0.61916313
0.61904184
0.61892056
0.61879927
0.61867799
0.61855670
0.61843542
0.61831413
0.61819284
0.61807156
0.61795027
0.61782899
0.61770770
0.61758642
0.61746513
0.61734384
0.61722256
0.61710127
0.61697999
0.61685870
0.61673742
0.61661613
0.61649485
0.61637356
0.61625227
0.61613099
0.61600970
0.61588842
0.61540327
0.61528199
0.61516070
0.61503942
0.61491813
0.61479685
0.61467556
0.61455428
0.61443299
0.61431170
0.61419042
0.61406913
0.61394785
0.61382656
0.61370528
0.61358399
0.61346270
0.61334142
0.61322013
0.61309885
0.61297756
0.61285628
0.61273499
0.61261371
0.61249242
0.61237113
0.61224985
0.61212856
0.61200728
0.61188599
0.61176471
0.61164342
0.61152213
0.61140085
0.61127956
0.61115828
0.61103699
0.61091571
0.61079442
0.61043056
0.61030928
0.61018799
0.61006671
0.60994542
0.60982414
0.60970285
0.60958156
0.60946028
0.60933899
0.60921771
0.60909642
0.60873257
0.60861128
0.60848999
0.60836871
0.60824742
0.60812614
0.60800485
0.60788357
0.60751971
0.60739842
0.60727714
0.60715585
0.60703457
0.60691328
0.60679200
0.60667071
0.60654942
0.60642814
0.60630685
0.60618557
0.60606428
0.60594300
0.60582171
0.60570042
0.60557914
0.60545785
0.60533657
0.60521528
0.60509400
0.60497271
0.60485143
0.60473014
0.60460885
0.60448757
0.60436628
0.60424500
0.60412371
0.60400243
0.60388114
0.60375985
0.60363857
0.60351728
0.60339600
0.60327471
0.60315343
0.60303214
0.60291086
0.60278957
0.60266828
0.60254700
0.60242571
0.60230443
0.60218314
0.60206186
0.60194057
0.60181928
0.60169800
0.60157671
0.60145543
0.60133414
0.60121286
0.60109157
0.60097029
0.60084900
0.60072771
0.60060643
0.60048514
0.60036386
0.60024257
0.60012129
0.60000000
0.59987871
0.59975743
0.59963614
0.59951486
0.59939357
0.59927229
0.59915100
0.59902971
0.59890843
0.59878714
0.59866586
0.59854457
0.59842329
0.59830200
0.59818072
0.59805943
0.59793814
0.59781686
0.59769557
0.59757429
0.59745300
0.59733172
0.59721043
0.59721043
0.59721043
0.59708914
0.59696786
0.59684657
0.59672529
0.59660400
0.59648272
0.59636143
0.59624015
0.59611886
0.59599757
0.59587629
0.59575500
0.59563372
0.59551243
0.59539115
0.59526986
0.59514857
0.59502729
0.59490600
0.59478472
0.59466343
0.59454215
0.59442086
0.59429958
0.59417829
0.59405700
0.59393572
0.59381443
0.59369315
0.59357186
0.59345058
0.59332929
0.59320800
0.59308672
0.59296543
0.59284415
0.59272286
0.59260158
0.59248029
0.59235901
0.59223772
0.59211643
0.59199515
0.59187386
0.59175258
0.59163129
0.59151001
0.59138872
0.59126743
0.59114615
0.59102486
0.59090358
0.59078229
0.59066101
0.59053972
0.59041844
0.59029715
0.59017586
0.59005458
0.58993329
0.58981201
0.58969072
0.58956944
0.58944815
0.58932686
0.58920558
0.58908429
0.58896301
0.58884172
0.58872044
0.58859915
0.58847787
0.58835658
0.58823529
0.58811401
0.58799272
0.58787144
0.58775015
0.58762887
0.58750758
0.58738629
0.58726501
0.58714372
0.58702244
0.58690115
0.58677987
0.58665858
0.58653730
0.58641601
0.58629472
0.58617344
0.58605215
0.58593087
0.58580958
0.58568830
0.58556701
0.58544572
0.58532444
0.58520315
0.58508187
0.58496058
0.58483930
0.58471801
0.58459673
0.58447544
0.58435415
0.58423287
0.58411158
0.58399030
0.58399030
0.58399030
0.58386901
0.58374773
0.58362644
0.58350515
0.58338387
0.58326258
0.58314130
0.58302001
0.58289873
0.58277744
0.58265616
0.58253487
0.58241358
0.58229230
0.58217101
0.58204973
0.58192844
0.58180716
0.58168587
0.58156458
0.58144330
0.58132201
0.58120073
0.58120073
0.58120073
0.58120073
0.58120073
0.58120073
0.58120073
0.58120073
0.58107944
0.58095816
0.58083687
0.58071559
0.58059430
0.58059430
0.58047301
0.58035173
0.58023044
0.58010916
0.57986659
0.57962401
0.57962401
0.57962401
0.57950273
0.57938144
0.57926016
0.57913887
0.57901759
0.57889630
0.57877502
0.57865373
0.57853244
0.57841116
0.57828987
0.57816859
0.57804730
0.57792602
0.57780473
0.57768344
0.57756216
0.57744087
0.57731959
0.57719830
0.57707702
0.57695573
0.57683445
0.57671316
0.57659187
0.57647059
0.57634930
0.57610673
0.57598545
0.57586416
0.57574287
0.57562159
0.57550030
0.57525773
0.57513645
0.57501516
0.57489388
0.57489388
0.57477259
0.57465130
0.57453002
0.57440873
0.57428745
0.57416616
0.57404488
0.57392359
0.57380230
0.57368102
0.57355973
0.57343845
0.57331716
0.57319588
0.57307459
0.57295331
0.57283202
0.57271073
0.57258945
0.57246816
0.57234688
0.57222559
0.57210431
0.57198302
0.57186173
0.57174045
0.57161916
0.57149788
0.57137659
0.57125531
0.57113402
0.57101273
0.57089145
0.57077016
0.57064888
0.57052759
0.57040631
0.57028502
0.57016374
0.56992116
0.56979988
0.56967859
0.56955731
0.56943602
0.56931474
0.56919345
0.56907216
0.56895088
0.56882959
0.56870831
0.56858702
0.56846574
0.56834445
0.56822317
0.56810188
0.56810188
0.56810188
0.56810188
0.56810188
0.56810188
0.56810188
0.56810188
0.56810188
0.56810188
0.56810188
0.56810188
0.56810188
0.56810188
0.56810188
0.56810188
0.56798059
0.56798059
0.56798059
0.56798059
0.56798059
0.56798059
0.56798059
0.56798059
0.56798059
0.56798059
0.56798059
0.56798059
0.56785931
0.56773802
0.56761674
0.56749545
0.56737417
0.56725288
0.56713159
0.56701031
0.56688902
0.56676774
0.56676774
0.56676774
0.56676774
0.56676774
0.56676774
0.56676774
0.56676774
0.56676774
0.56676774
0.56676774
0.56676774
0.56676774
0.56676774
0.56676774
0.56676774
0.56676774
0.56676774
0.56676774
0.56676774
0.56676774
0.56676774
0.56676774
0.56676774
0.56676774
0.56676774
0.56676774
0.56676774
0.56676774
0.56676774
0.56676774
0.56676774
0.56676774
0.56676774
0.56676774
0.56676774
0.56676774
0.56676774
0.56676774
0.56676774
0.56676774
0.56676774
0.56676774
0.56676774
0.56676774
0.56676774
0.56676774
0.56676774
0.56676774
0.56676774
0.56676774
0.56676774
0.56676774
0.56676774
0.56676774
0.56676774
0.56676774
0.56676774
0.56664645
0.56652517
0.56640388
0.56640388
0.56628260
0.56616131
0.56604002
0.56591874
0.56579745
0.56567617
0.56555488
0.56543360
0.56531231
0.56519102
0.56506974
0.56494845
0.56482717
0.56470588
0.56458460
0.56446331
0.56434203
0.56422074
0.56409945
0.56397817
0.56385688
0.56373560
0.56361431
0.56349303
0.56337174
0.56325045
0.56312917
0.56300788
0.56288660
0.56276531
0.56264403
0.56252274
0.56240146
0.56228017
0.56215888
0.56203760
0.56191631
0.56179503
0.56167374
0.56155246
0.56143117
0.56130988
0.56118860
0.56106731
0.56094603
0.56082474
0.56070346
0.56058217
0.56046089
0.56033960
0.56021831
0.56009703
0.55997574
0.55985446
0.55973317
0.55961189
0.55949060
0.55936931
0.55924803
0.55912674
0.55900546
0.55888417
0.55876289
0.55864160
0.55852032
0.55839903
0.55827774
0.55815646
0.55803517
0.55791389
0.55779260
0.55767132
0.55755003
0.55742874
0.55730746
0.55718617
0.55706489
0.55694360
0.55682232
0.55670103
0.55657975
0.55645846
0.55633717
0.55621589
0.55609460
0.55597332
0.55585203
0.55573075
0.55560946
0.55548817
0.55536689
0.55524560
0.55512432
0.55500303
0.55488175
0.55476046
0.55463918
0.55451789
0.55439660
0.55427532
0.55415403
0.55403275
0.55391146
0.55379018
0.55366889
0.55354760
0.55342632
0.55330503
0.55318375
0.55306246
0.55294118
0.55281989
0.55269861
0.55257732
0.55245603
0.55233475
0.55221346
0.55209218
0.55197089
0.55184961
0.55172832
0.55160703
0.55148575
0.55136446
0.55124318
0.55112189
0.55100061
0.55087932
0.55075804
0.55063675
0.55051546
0.55039418
0.55027289
0.55015161
0.55003032
0.54990904
0.54978775
0.54966646
0.54954518
0.54942389
0.54930261
0.54918132
0.54906004
0.54893875
0.54881747
0.54869618
0.54857489
0.54845361
0.54833232
0.54821104
0.54808975
0.54796847
0.54784718
0.54772589
0.54760461
0.54748332
0.54736204
0.54724075
0.54711947
0.54699818
0.54687690
0.54675561
0.54663432
0.54651304
0.54639175
0.54627047
0.54614918
0.54602790
0.54590661
0.54578532
0.54566404
0.54554275
0.54542147
0.54530018
0.54517890
0.54505761
0.54493633
0.54481504
0.54469375
0.54457247
0.54445118
0.54432990
0.54420861
0.54408733
0.54396604
0.54384475
0.54372347
0.54360218
0.54348090
0.54335961
0.54323833
0.54311704
0.54299576
0.54287447
0.54275318
0.54263190
0.54251061
0.54238933
0.54226804
0.54214676
0.54202547
0.54190418
0.54178290
0.54166161
0.54154033
0.54141904
0.54129776
0.54117647
0.54105518
0.54093390
0.54081261
0.54069133
0.54057004
0.54044876
0.54032747
0.54020619
0.54008490
0.53996361
0.53984233
0.53972104
0.53959976
0.53947847
0.53935719
0.53923590
0.53911461
0.53899333
0.53887204
0.53875076
0.53862947
0.53850819
0.53838690
0.53826562
0.53814433
0.53802304
0.53790176
0.53778047
0.53765919
0.53753790
0.53741662
0.53729533
0.53717404
0.53705276
0.53693147
0.53681019
0.53668890
0.53656762
0.53644633
0.53632505
0.53620376
0.53608247
0.53596119
0.53583990
0.53571862
0.53559733
0.53547605
0.53535476
0.53523347
0.53511219
0.53499090
0.53486962
0.53474833
0.53462705
0.53450576
0.53438448
0.53426319
0.53414190
0.53402062
0.53389933
0.53377805
0.53365676
0.53353548
0.53341419
0.53329290
0.53317162
0.53305033
0.53292905
0.53280776
0.53268648
0.53256519
0.53244391
0.53232262
0.53220133
0.53208005
0.53195876
0.53183748
0.53171619
0.53159491
0.53147362
0.53135233
0.53123105
0.53110976
0.53098848
0.53086719
0.53074591
0.53062462
0.53050334
0.53038205
0.53026076
0.53013948
0.53001819
0.52989691
0.52977562
0.52965434
0.52953305
0.52941176
0.52929048
0.52916919
0.52904791
0.52892662
0.52880534
0.52868405
0.52856277
0.52844148
0.52832019
0.52819891
0.52807762
0.52795634
0.52783505
0.52771377
0.52759248
0.52747119
0.52734991
0.52722862
0.52710734
0.52698605
0.52686477
0.52674348
0.52662220
0.52650091
0.52637962
0.52625834
0.52613705
0.52601577
0.52589448
0.52577320
0.52565191
0.52553062
0.52540934
0.52528805
0.52516677
0.52504548
0.52492420
0.52480291
0.52468163
0.52456034
0.52443905
0.52431777
0.52419648
0.52407520
0.52395391
0.52383263
0.52371134
0.52359005
0.52346877
0.52334748
0.52322620
0.52310491
0.52298363
0.52286234
0.52274106
0.52261977
0.52249848
0.52237720
0.52225591
0.52213463
0.52201334
0.52189206
0.52177077
0.52164948
0.52152820
0.52140691
0.52128563
0.52116434
0.52104306
0.52092177
0.52080049
0.52067920
0.52055791
0.52043663
0.52031534
0.52019406
0.52007277
0.51995149
0.51983020
0.51970891
0.51958763
0.51946634
0.51934506
0.51922377
0.51910249
0.51898120
0.51885992
0.51873863
0.51861734
0.51849606
0.51837477
0.51825349
0.51813220
0.51801092
0.51788963
0.51776834
0.51764706
0.51752577
0.51740449
0.51728320
0.51716192
0.51704063
0.51691935
0.51679806
0.51667677
0.51655549
0.51643420
0.51631292
0.51619163
0.51607035
0.51594906
0.51582777
0.51570649
0.51558520
0.51546392
0.51534263
0.51522135
0.51510006
0.51497878
0.51485749
0.51473620
0.51461492
0.51449363
0.51437235
0.51425106
0.51412978
0.51400849
0.51388720
0.51376592
0.51364463
0.51352335
0.51340206
0.51328078
0.51315949
0.51303820
0.51291692
0.51279563
0.51267435
0.51255306
0.51243178
0.51231049
0.51218921
0.51206792
0.51194663
0.51182535
0.51170406
0.51158278
0.51146149
0.51134021
0.51121892
0.51109763
0.51097635
0.51085506
0.51073378
0.51061249
0.51049121
0.51036992
0.51024864
0.51012735
0.51000606
0.50988478
0.50976349
0.50964221
0.50952092
0.50939964
0.50927835
0.50915706
0.50903578
0.50891449
0.50879321
0.50867192
0.50855064
0.50842935
0.50830807
0.50818678
0.50806549
0.50794421
0.50782292
0.50770164
0.50758035
0.50745907
0.50733778
0.50721649
0.50709521
0.50697392
0.50685264
0.50673135
0.50661007
0.50648878
0.50636750
0.50624621
0.50612492
0.50600364
0.50588235
0.50576107
0.50563978
0.50551850
0.50539721
0.50527592
0.50515464
0.50503335
0.50491207
0.50479078
0.50466950
0.50454821
0.50442693
0.50430564
0.50418435
0.50406307
0.50394178
0.50382050
0.50369921
0.50357793
0.50345664
0.50333535
0.50321407
0.50309278
0.50297150
0.50285021
0.50272893
0.50260764
0.50248636
0.50236507
0.50224378
0.50212250
0.50200121
0.50187993
0.50175864
0.50163736
0.50151607
0.50139478
0.50127350
0.50115221
0.50103093
0.50090964
0.50078836
0.50066707
0.50054579
0.50042450
0.50030321
0.50018193
0.50006064
0.49993936
0.49981807
0.49969679
0.49957550
0.49945421
0.49933293
0.49921164
0.49909036
0.49896907
0.49884779
0.49872650
0.49860522
0.49848393
0.49836264
0.49824136
0.49812007
0.49799879
0.49787750
0.49775622
0.49763493
0.49751364
0.49739236
0.49727107
0.49714979
0.49702850
0.49690722
0.49678593
0.49666465
0.49654336
0.49642207
0.49630079
0.49617950
0.49605822
0.49593693
0.49581565
0.49569436
0.49557307
0.49545179
0.49533050
0.49520922
0.49508793
0.49496665
0.49484536
0.49472408
0.49460279
0.49448150
0.49436022
0.49423893
0.49411765
0.49399636
0.49387508
0.49375379
0.49363250
0.49351122
0.49338993
0.49326865
0.49314736
0.49302608
0.49290479
0.49278351
0.49266222
0.49254093
0.49241965
0.49229836
0.49217708
0.49205579
0.49193451
0.49181322
0.49169193
0.49157065
0.49144936
0.49132808
0.49120679
0.49108551
0.49096422
0.49084294
0.49072165
0.49060036
0.49047908
0.49035779
0.49023651
0.49011522
0.48999394
0.48987265
0.48975136
0.48963008
0.48950879
0.48938751
0.48926622
0.48914494
0.48902365
0.48890237
0.48878108
0.48865979
0.48853851
0.48841722
0.48829594
0.48817465
0.48805337
0.48793208
0.48781079
0.48768951
0.48756822
0.48744694
0.48732565
0.48720437
0.48708308
0.48696180
0.48684051
0.48671922
0.48659794
0.48647665
0.48635537
0.48623408
0.48611280
0.48599151
0.48587022
0.48574894
0.48562765
0.48550637
0.48538508
0.48526380
0.48514251
0.48502122
0.48489994
0.48477865
0.48465737
0.48453608
0.48441480
0.48429351
0.48417223
0.48405094
0.48392965
0.48380837
0.48368708
0.48356580
0.48344451
0.48332323
0.48320194
0.48308065
0.48295937
0.48283808
0.48271680
0.48259551
0.48247423
0.48235294
0.48223166
0.48211037
0.48198908
0.48186780
0.48174651
0.48162523
0.48150394
0.48138266
0.48126137
0.48114008
0.48101880
0.48089751
0.48077623
0.48065494
0.48053366
0.48041237
0.48029109
0.48016980
0.48004851
0.47992723
0.47980594
0.47968466
0.47956337
0.47944209
0.47932080
0.47919951
0.47907823
0.47895694
0.47883566
0.47871437
0.47859309
0.47847180
0.47835052
0.47822923
0.47810794
0.47798666
0.47786537
0.47774409
0.47762280
0.47750152
0.47738023
0.47725894
0.47713766
0.47701637
0.47689509
0.47677380
0.47665252
0.47653123
0.47640995
0.47628866
0.47616737
0.47604609
0.47592480
0.47580352
0.47568223
0.47556095
0.47543966
0.47531837
0.47519709
0.47507580
0.47495452
0.47483323
0.47471195
0.47459066
0.47446938
0.47434809
0.47422680
0.47410552
0.47398423
0.47386295
0.47374166
0.47362038
0.47349909
0.47337780
0.47325652
0.47313523
0.47301395
0.47289266
0.47277138
0.47265009
0.47252881
0.47240752
0.47228623
0.47216495
0.47204366
0.47192238
0.47180109
0.47167981
0.47155852
0.47143723
0.47131595
0.47119466
0.47107338
0.47095209
0.47083081
0.47070952
0.47058824
0.47046695
0.47034566
0.47022438
0.47010309
0.46998181
0.46986052
0.46973924
0.46961795
0.46949666
0.46937538
0.46925409
0.46913281
0.46901152
0.46889024
0.46876895
0.46864767
0.46852638
0.46840509
0.46828381
0.46816252
0.46804124
0.46791995
0.46779867
0.46767738
0.46755609
0.46743481
0.46731352
0.46719224
0.46707095
0.46694967
0.46682838
0.46670710
0.46658581
0.46646452
0.46634324
0.46622195
0.46610067
0.46597938
0.46585810
0.46573681
0.46561552
0.46549424
0.46537295
0.46525167
0.46513038
0.46500910
0.46488781
0.46476653
0.46464524
0.46452395
0.46440267
0.46428138
0.46416010
0.46403881
0.46391753
0.46379624
0.46367495
0.46355367
0.46343238
0.46331110
0.46318981
0.46306853
0.46294724
0.46282596
0.46270467
0.46258338
0.46246210
0.46234081
0.46221953
0.46209824
0.46197696
0.46185567
0.46173438
0.46161310
0.46149181
0.46137053
0.46124924
0.46112796
0.46100667
0.46088539
0.46076410
0.46064281
0.46052153
0.46040024
0.46027896
0.46015767
0.46003639
0.45991510
0.45979381
0.45967253
0.45955124
0.45942996
0.45930867
0.45918739
0.45906610
0.45894482
0.45882353
0.45870224
0.45858096
0.45845967
0.45833839
0.45821710
0.45809582
0.45797453
0.45785324
0.45773196
0.45761067
0.45748939
0.45736810
0.45724682
0.45712553
0.45700424
0.45688296
0.45676167
0.45664039
0.45651910
0.45639782
0.45627653
0.45615525
0.45603396
0.45591267
0.45579139
0.45567010
0.45554882
0.45542753
0.45530625
0.45518496
0.45506367
0.45494239
0.45482110
0.45469982
0.45457853
0.45445725
0.45433596
0.45421468
0.45409339
0.45397210
0.45385082
0.45372953
0.45360825
0.45348696
0.45336568
0.45324439
0.45312310
0.45300182
0.45288053
0.45275925
0.45263796
0.45251668
0.45239539
0.45227411
0.45215282
0.45203153
0.45191025
0.45178896
0.45166768
0.45154639
0.45142511
0.45130382
0.45118253
0.45106125
0.45093996
0.45081868
0.45069739
0.45057611
0.45045482
0.45033354
0.45021225
0.45009096
0.44996968
0.44984839
0.44972711
0.44960582
0.44948454
0.44936325
0.44924196
0.44912068
0.44899939
0.44887811
0.44875682
0.44863554
0.44851425
0.44839297
0.44827168
0.44815039
0.44802911
0.44790782
0.44778654
0.44766525
0.44754397
0.44742268
0.44730139
0.44718011
0.44705882
0.44693754
0.44681625
0.44669497
0.44657368
0.44645240
0.44633111
0.44620982
0.44608854
0.44596725
0.44584597
0.44572468
0.44560340
0.44548211
0.44536082
0.44523954
0.44511825
0.44499697
0.44487568
0.44475440
0.44463311
0.44451183
0.44439054
0.44426925
0.44414797
0.44402668
0.44390540
0.44378411
0.44366283
0.44354154
0.44342025
0.44329897
0.44317768
0.44305640
0.44293511
0.44281383
0.44269254
0.44257126
0.44244997
0.44232868
0.44220740
0.44208611
0.44196483
0.44184354
0.44172226
0.44160097
0.44147968
0.44135840
0.44123711
0.44111583
0.44099454
0.44087326
0.44075197
0.44063069
0.44050940
0.44038811
0.44026683
0.44014554
0.44002426
0.43990297
0.43978169
0.43966040
0.43953911
0.43941783
0.43929654
0.43917526
0.43905397
0.43893269
0.43881140
0.43869012
0.43856883
0.43844754
0.43832626
0.43820497
0.43808369
0.43796240
0.43784112
0.43771983
0.43759854
0.43747726
0.43735597
0.43723469
0.43711340
0.43699212
0.43687083
0.43674955
0.43662826
0.43650697
0.43638569
0.43626440
0.43614312
0.43602183
0.43590055
0.43577926
0.43565797
0.43553669
0.43541540
0.43529412
0.43517283
0.43505155
0.43493026
0.43480898
0.43468769
0.43456640
0.43444512
0.43432383
0.43420255
0.43408126
0.43395998
0.43383869
0.43371740
0.43359612
0.43347483
0.43335355
0.43323226
0.43311098
0.43298969
0.43286841
0.43274712
0.43262583
0.43250455
0.43238326
0.43226198
0.43214069
0.43201941
0.43189812
0.43177683
0.43165555
0.43153426
0.43141298
0.43129169
0.43117041
0.43104912
0.43092784
0.43080655
0.43068526
0.43056398
0.43044269
0.43032141
0.43020012
0.43007884
0.42995755
0.42983626
0.42971498
0.42959369
0.42947241
0.42935112
0.42922984
0.42910855
0.42898727
0.42886598
0.42874469
0.42862341
0.42850212
0.42838084
0.42825955
0.42813827
0.42801698
0.42789569
0.42777441
0.42765312
0.42753184
0.42741055
0.42728927
0.42716798
0.42704669
0.42692541
0.42680412
0.42668284
0.42656155
0.42644027
0.42631898
0.42619770
0.42607641
0.42595512
0.42583384
0.42571255
0.42559127
0.42546998
0.42534870
0.42522741
0.42510612
0.42498484
0.42486355
0.42474227
0.42462098
0.42449970
0.42437841
0.42425713
0.42413584
0.42401455
0.42389327
0.42377198
0.42365070
0.42352941
0.42340813
0.42328684
0.42316555
0.42304427
0.42292298
0.42280170
0.42268041
0.42255913
0.42243784
0.42231656
0.42219527
0.42207398
0.42195270
0.42183141
0.42171013
0.42158884
0.42146756
0.42134627
0.42122498
0.42110370
0.42098241
0.42086113
0.42073984
0.42061856
0.42049727
0.42037599
0.42025470
0.42013341
0.42001213
0.41989084
0.41976956
0.41964827
0.41952699
0.41940570
0.41928441
0.41916313
0.41904184
0.41892056
0.41879927
0.41867799
0.41855670
0.41843542
0.41831413
0.41819284
0.41807156
0.41795027
0.41782899
0.41770770
0.41758642
0.41746513
0.41734384
0.41722256
0.41710127
0.41697999
0.41685870
0.41673742
0.41661613
0.41649485
0.41637356
0.41625227
0.41613099
0.41600970
0.41588842
0.41576713
0.41564585
0.41552456
0.41540327
0.41528199
0.41516070
0.41503942
0.41491813
0.41479685
0.41467556
0.41455428
0.41443299
0.41431170
0.41419042
0.41406913
0.41394785
0.41382656
0.41370528
0.41358399
0.41346270
0.41334142
0.41322013
0.41309885
0.41297756
0.41285628
0.41273499
0.41261371
0.41249242
0.41237113
0.41224985
0.41212856
0.41200728
0.41188599
0.41176471
0.41164342
0.41152213
0.41140085
0.41127956
0.41115828
0.41103699
0.41091571
0.41079442
0.41067314
0.41055185
0.41043056
0.41030928
0.41018799
0.41006671
0.40994542
0.40982414
0.40970285
0.40958156
0.40946028
0.40933899
0.40921771
0.40909642
0.40897514
0.40885385
0.40873257
0.40861128
0.40848999
0.40836871
0.40824742
0.40812614
0.40800485
0.40788357
0.40776228
0.40764099
0.40751971
0.40739842
0.40727714
0.40715585
0.40703457
0.40691328
0.40679200
0.40667071
0.40654942
0.40642814
0.40630685
0.40618557
0.40606428
0.40594300
0.40582171
0.40570042
0.40557914
0.40545785
0.40533657
0.40521528
0.40509400
0.40497271
0.40485143
0.40473014
0.40460885
0.40448757
0.40436628
0.40424500
0.40412371
0.40400243
0.40388114
0.40375985
0.40363857
0.40351728
0.40339600
0.40327471
0.40315343
0.40303214
0.40291086
0.40278957
0.40266828
0.40254700
0.40242571
0.40230443
0.40218314
0.40206186
0.40194057
0.40181928
0.40169800
0.40157671
0.40145543
0.40133414
0.40121286
0.40109157
0.40097029
0.40084900
0.40072771
0.40060643
0.40048514
0.40036386
0.40024257
0.40012129
0.40000000
0.39987871
0.39975743
0.39963614
0.39951486
0.39939357
0.39927229
0.39915100
0.39902971
0.39890843
0.39878714
0.39866586
0.39854457
0.39842329
0.39830200
0.39818072
0.39805943
0.39793814
0.39781686
0.39769557
0.39757429
0.39745300
0.39733172
0.39721043
0.39708914
0.39696786
0.39684657
0.39672529
0.39660400
0.39648272
0.39636143
0.39624015
0.39611886
0.39599757
0.39587629
0.39575500
0.39563372
0.39551243
0.39539115
0.39526986
0.39514857
0.39502729
0.39490600
0.39478472
0.39466343
0.39454215
0.39442086
0.39429958
0.39417829
0.39405700
0.39393572
0.39381443
0.39369315
0.39357186
0.39345058
0.39332929
0.39320800
0.39308672
0.39296543
0.39284415
0.39272286
0.39260158
0.39248029
0.39235901
0.39223772
0.39211643
0.39199515
0.39187386
0.39175258
0.39163129
0.39151001
0.39138872
0.39126743
0.39114615
0.39102486
0.39090358
0.39078229
0.39066101
0.39053972
0.39041844
0.39029715
0.39017586
0.39005458
0.38993329
0.38981201
0.38969072
0.38956944
0.38944815
0.38932686
0.38920558
0.38908429
0.38896301
0.38884172
0.38872044
0.38859915
0.38847787
0.38835658
0.38823529
0.38811401
0.38799272
0.38787144
0.38775015
0.38762887
0.38750758
0.38738629
0.38726501
0.38714372
0.38702244
0.38690115
0.38677987
0.38665858
0.38653730
0.38641601
0.38629472
0.38617344
0.38605215
0.38593087
0.38580958
0.38568830
0.38556701
0.38544572
0.38532444
0.38520315
0.38508187
0.38496058
0.38483930
0.38471801
0.38459673
0.38447544
0.38435415
0.38423287
0.38411158
0.38399030
0.38386901
0.38374773
0.38362644
0.38350515
0.38338387
0.38326258
0.38314130
0.38302001
0.38289873
0.38277744
0.38265616
0.38253487
0.38241358
0.38229230
0.38217101
0.38204973
0.38192844
0.38180716
0.38168587
0.38156458
0.38144330
0.38132201
0.38120073
0.38107944
0.38095816
0.38083687
0.38071559
0.38059430
0.38047301
0.38035173
0.38023044
0.38010916
0.37998787
0.37986659
0.37974530
0.37962401
0.37950273
0.37938144
0.37926016
0.37913887
0.37901759
0.37889630
0.37877502
0.37865373
0.37853244
0.37841116
0.37828987
0.37816859
0.37804730
0.37792602
0.37780473
0.37768344
0.37756216
0.37744087
0.37731959
0.37719830
0.37707702
0.37695573
0.37683445
0.37671316
0.37659187
0.37647059
0.37634930
0.37622802
0.37610673
0.37598545
0.37586416
0.37574287
0.37562159
0.37550030
0.37537902
0.37525773
0.37513645
0.37501516
0.37489388
0.37477259
0.37465130
0.37453002
0.37440873
0.37428745
0.37416616
0.37404488
0.37392359
0.37380230
0.37368102
0.37355973
0.37343845
0.37331716
0.37319588
0.37307459
0.37295331
0.37283202
0.37271073
0.37258945
0.37246816
0.37234688
0.37222559
0.37210431
0.37198302
0.37186173
0.37174045
0.37161916
0.37149788
0.37137659
0.37125531
0.37113402
0.37101273
0.37089145
0.37077016
0.37064888
0.37052759
0.37040631
0.37028502
0.37016374
0.37004245
0.36992116
0.36979988
0.36967859
0.36955731
0.36943602
0.36931474
0.36919345
0.36907216
0.36895088
0.36882959
0.36870831
0.36858702
0.36846574
0.36834445
0.36822317
0.36810188
0.36798059
0.36785931
0.36773802
0.36761674
0.36749545
0.36737417
0.36725288
0.36713159
0.36701031
0.36688902
0.36676774
0.36664645
0.36652517
0.36640388
0.36628260
0.36616131
0.36604002
0.36591874
0.36579745
0.36567617
0.36555488
0.36543360
0.36531231
0.36519102
0.36506974
0.36494845
0.36482717
0.36470588
0.36458460
0.36446331
0.36434203
0.36422074
0.36409945
0.36397817
0.36385688
0.36373560
0.36361431
0.36349303
0.36337174
0.36325045
0.36312917
0.36300788
0.36288660
0.36276531
0.36264403
0.36252274
0.36240146
0.36228017
0.36215888
0.36203760
0.36191631
0.36179503
0.36167374
0.36155246
0.36143117
0.36130988
0.36118860
0.36106731
0.36094603
0.36082474
0.36070346
0.36058217
0.36046089
0.36033960
0.36021831
0.36009703
0.35997574
0.35985446
0.35973317
0.35961189
0.35949060
0.35936931
0.35924803
0.35912674
0.35900546
0.35888417
0.35876289
0.35864160
0.35852032
0.35839903
0.35827774
0.35815646
0.35803517
0.35791389
0.35779260
0.35767132
0.35755003
0.35742874
0.35730746
0.35718617
0.35706489
0.35694360
0.35682232
0.35670103
0.35657975
0.35645846
0.35633717
0.35621589
0.35609460
0.35597332
0.35585203
0.35573075
0.35560946
0.35548817
0.35536689
0.35524560
0.35512432
0.35500303
0.35488175
0.35476046
0.35463918
0.35451789
0.35439660
0.35427532
0.35415403
0.35403275
0.35391146
0.35379018
0.35366889
0.35354760
0.35342632
0.35330503
0.35318375
0.35306246
0.35294118
0.35281989
0.35269861
0.35257732
0.35245603
0.35233475
0.35221346
0.35209218
0.35197089
0.35184961
0.35172832
0.35160703
0.35148575
0.35136446
0.35124318
0.35112189
0.35100061
0.35087932
0.35075804
0.35063675
0.35051546
0.35039418
0.35027289
0.35015161
0.35003032
0.34990904
0.34978775
0.34966646
0.34954518
0.34942389
0.34930261
0.34918132
0.34906004
0.34893875
0.34881747
0.34869618
0.34857489
0.34845361
0.34833232
0.34821104
0.34808975
0.34796847
0.34784718
0.34772589
0.34760461
0.34748332
0.34736204
0.34724075
0.34711947
0.34699818
0.34687690
0.34675561
0.34663432
0.34651304
0.34639175
0.34627047
0.34614918
0.34602790
0.34590661
0.34578532
0.34566404
0.34554275
0.34542147
0.34530018
0.34517890
0.34505761
0.34493633
0.34481504
0.34469375
0.34457247
0.34445118
0.34432990
0.34420861
0.34408733
0.34396604
0.34384475
0.34372347
0.34360218
0.34348090
0.34335961
0.34323833
0.34311704
0.34299576
0.34287447
0.34275318
0.34263190
0.34251061
0.34238933
0.34226804
0.34214676
0.34202547
0.34190418
0.34178290
0.34166161
0.34154033
0.34141904
0.34129776
0.34117647
0.34105518
0.34093390
0.34081261
0.34069133
0.34057004
0.34044876
0.34032747
0.34020619
0.34008490
0.33996361
0.33984233
0.33972104
0.33959976
0.33947847
0.33935719
0.33923590
0.33911461
0.33899333
0.33887204
0.33875076
0.33862947
0.33850819
0.33838690
0.33826562
0.33814433
0.33802304
0.33790176
0.33778047
0.33765919
0.33753790
0.33741662
0.33729533
0.33717404
0.33705276
0.33693147
0.33681019
0.33668890
0.33656762
0.33644633
0.33632505
0.33620376
0.33608247
0.33596119
0.33583990
0.33571862
0.33559733
0.33547605
0.33535476
0.33523347
0.33511219
0.33499090
0.33486962
0.33474833
0.33462705
0.33450576
0.33438448
0.33426319
0.33414190
0.33402062
0.33389933
0.33377805
0.33365676
0.33353548
0.33341419
0.33329290
0.33317162
0.33305033
0.33292905
0.33280776
0.33268648
0.33256519
0.33244391
0.33232262
0.33220133
0.33208005
0.33195876
0.33183748
0.33171619
0.33159491
0.33147362
0.33135233
0.33123105
0.33110976
0.33098848
0.33086719
0.33074591
0.33062462
0.33050334
0.33038205
0.33026076
0.33013948
0.33001819
0.32989691
0.32977562
0.32965434
0.32953305
0.32941176
0.32929048
0.32916919
0.32904791
0.32892662
0.32880534
0.32868405
0.32856277
0.32844148
0.32832019
0.32819891
0.32807762
0.32795634
0.32783505
0.32771377
0.32759248
0.32747119
0.32734991
0.32722862
0.32710734
0.32698605
0.32686477
0.32674348
0.32662220
0.32650091
0.32637962
0.32625834
0.32613705
0.32601577
0.32589448
0.32577320
0.32565191
0.32553062
0.32540934
0.32528805
0.32516677
0.32504548
0.32492420
0.32480291
0.32468163
0.32456034
0.32443905
0.32431777
0.32419648
0.32407520
0.32395391
0.32383263
0.32371134
0.32359005
0.32346877
0.32334748
0.32322620
0.32310491
0.32298363
0.32286234
0.32274106
0.32261977
0.32249848
0.32237720
0.32225591
0.32213463
0.32201334
0.32189206
0.32177077
0.32164948
0.32152820
0.32140691
0.32128563
0.32116434
0.32104306
0.32092177
0.32080049
0.32067920
0.32055791
0.32043663
0.32031534
0.32019406
0.32007277
0.31995149
0.31983020
0.31970891
0.31958763
0.31946634
0.31934506
0.31922377
0.31910249
0.31898120
0.31885992
0.31873863
0.31861734
0.31849606
0.31837477
0.31825349
0.31813220
0.31801092
0.31788963
0.31776834
0.31764706
0.31752577
0.31740449
0.31728320
0.31716192
0.31704063
0.31691935
0.31679806
0.31667677
0.31655549
0.31643420
0.31631292
0.31619163
0.31607035
0.31594906
0.31582777
0.31570649
0.31558520
0.31546392
0.31534263
0.31522135
0.31510006
0.31497878
0.31485749
0.31473620
0.31461492
0.31449363
0.31437235
0.31425106
0.31412978
0.31400849
0.31388720
0.31376592
0.31364463
0.31352335
0.31340206
0.31328078
0.31315949
0.31303820
0.31291692
0.31279563
0.31267435
0.31255306
0.31243178
0.31231049
0.31218921
0.31206792
0.31194663
0.31182535
0.31170406
0.31158278
0.31146149
0.31134021
0.31121892
0.31109763
0.31097635
0.31085506
0.31073378
0.31061249
0.31049121
0.31036992
0.31024864
0.31012735
0.31000606
0.30988478
0.30976349
0.30964221
0.30952092
0.30939964
0.30927835
0.30915706
0.30903578
0.30891449
0.30879321
0.30867192
0.30855064
0.30842935
0.30830807
0.30818678
0.30806549
0.30794421
0.30782292
0.30770164
0.30758035
0.30745907
0.30733778
0.30721649
0.30709521
0.30697392
0.30685264
0.30673135
0.30661007
0.30648878
0.30636750
0.30624621
0.30612492
0.30600364
0.30588235
0.30576107
0.30563978
0.30551850
0.30539721
0.30527592
0.30515464
0.30503335
0.30491207
0.30479078
0.30466950
0.30454821
0.30442693
0.30430564
0.30418435
0.30406307
0.30394178
0.30382050
0.30369921
0.30357793
0.30345664
0.30333535
0.30321407
0.30309278
0.30297150
0.30285021
0.30272893
0.30260764
0.30248636
0.30236507
0.30224378
0.30212250
0.30200121
0.30187993
0.30175864
0.30163736
0.30151607
0.30139478
0.30127350
0.30115221
0.30103093
0.30090964
0.30078836
0.30066707
0.30054579
0.30042450
0.30030321
0.30018193
0.30006064
0.29993936
0.29981807
0.29969679
0.29957550
0.29945421
0.29933293
0.29921164
0.29909036
0.29896907
0.29884779
0.29872650
0.29860522
0.29848393
0.29836264
0.29824136
0.29812007
0.29799879
0.29787750
0.29775622
0.29763493
0.29751364
0.29739236
0.29727107
0.29714979
0.29702850
0.29690722
0.29678593
0.29666465
0.29654336
0.29642207
0.29630079
0.29617950
0.29605822
0.29593693
0.29581565
0.29569436
0.29557307
0.29545179
0.29533050
0.29520922
0.29508793
0.29496665
0.29484536
0.29472408
0.29460279
0.29448150
0.29436022
0.29423893
0.29411765
0.29399636
0.29387508
0.29375379
0.29363250
0.29351122
0.29338993
0.29326865
0.29314736
0.29302608
0.29290479
0.29278351
0.29266222
0.29254093
0.29241965
0.29229836
0.29217708
0.29205579
0.29193451
0.29181322
0.29169193
0.29157065
0.29144936
0.29132808
0.29120679
0.29108551
0.29096422
0.29084294
0.29072165
0.29060036
0.29047908
0.29035779
0.29023651
0.29011522
0.28999394
0.28987265
0.28975136
0.28963008
0.28950879
0.28938751
0.28926622
0.28914494
0.28902365
0.28890237
0.28878108
0.28865979
0.28853851
0.28841722
0.28829594
0.28817465
0.28805337
0.28793208
0.28781079
0.28768951
0.28756822
0.28744694
0.28732565
0.28720437
0.28708308
0.28696180
0.28684051
0.28671922
0.28659794
0.28647665
0.28635537
0.28623408
0.28611280
0.28599151
0.28587022
0.28574894
0.28562765
0.28550637
0.28538508
0.28526380
0.28514251
0.28502122
0.28489994
0.28477865
0.28465737
0.28453608
0.28441480
0.28429351
0.28417223
0.28405094
0.28392965
0.28380837
0.28368708
0.28356580
0.28344451
0.28332323
0.28320194
0.28308065
0.28295937
0.28283808
0.28271680
0.28259551
0.28247423
0.28235294
0.28223166
0.28211037
0.28198908
0.28186780
0.28174651
0.28162523
0.28150394
0.28138266
0.28126137
0.28114008
0.28101880
0.28089751
0.28077623
0.28065494
0.28053366
0.28041237
0.28029109
0.28016980
0.28004851
0.27992723
0.27980594
0.27968466
0.27956337
0.27944209
0.27932080
0.27919951
0.27907823
0.27895694
0.27883566
0.27871437
0.27859309
0.27847180
0.27835052
0.27822923
0.27810794
0.27798666
0.27786537
0.27774409
0.27762280
0.27750152
0.27738023
0.27725894
0.27713766
0.27701637
0.27689509
0.27677380
0.27665252
0.27653123
0.27640995
0.27628866
0.27616737
0.27604609
0.27592480
0.27580352
0.27568223
0.27556095
0.27543966
0.27531837
0.27519709
0.27507580
0.27495452
0.27483323
0.27471195
0.27459066
0.27446938
0.27434809
0.27422680
0.27410552
0.27398423
0.27386295
0.27374166
0.27362038
0.27349909
0.27337780
0.27325652
0.27313523
0.27301395
0.27289266
0.27277138
0.27265009
0.27252881
0.27240752
0.27228623
0.27216495
0.27204366
0.27192238
0.27180109
0.27167981
0.27155852
0.27143723
0.27131595
0.27119466
0.27107338
0.27095209
0.27083081
0.27070952
0.27058824
0.27046695
0.27034566
0.27022438
0.27010309
0.26998181
0.26986052
0.26973924
0.26961795
0.26949666
0.26937538
0.26925409
0.26913281
0.26901152
0.26889024
0.26876895
0.26864767
0.26852638
0.26840509
0.26828381
0.26816252
0.26804124
0.26791995
0.26779867
0.26767738
0.26755609
0.26743481
0.26731352
0.26719224
0.26707095
0.26694967
0.26682838
0.26670710
0.26658581
0.26646452
0.26634324
0.26622195
0.26610067
0.26597938
0.26585810
0.26573681
0.26561552
0.26549424
0.26537295
0.26525167
0.26513038
0.26500910
0.26488781
0.26476653
0.26464524
0.26452395
0.26440267
0.26428138
0.26416010
0.26403881
0.26391753
0.26379624
0.26367495
0.26355367
0.26343238
0.26331110
0.26318981
0.26306853
0.26294724
0.26282596
0.26270467
0.26258338
0.26246210
0.26234081
0.26221953
0.26209824
0.26197696
0.26185567
0.26173438
0.26161310
0.26149181
0.26137053
0.26124924
0.26112796
0.26100667
0.26088539
0.26076410
0.26064281
0.26052153
0.26040024
0.26027896
0.26015767
0.26003639
0.25991510
0.25979381
0.25967253
0.25955124
0.25942996
0.25930867
0.25918739
0.25906610
0.25894482
0.25882353
0.25870224
0.25858096
0.25845967
0.25833839
0.25821710
0.25809582
0.25797453
0.25785324
0.25773196
0.25761067
0.25748939
0.25736810
0.25724682
0.25712553
0.25700424
0.25688296
0.25676167
0.25664039
0.25651910
0.25639782
0.25627653
0.25615525
0.25603396
0.25591267
0.25579139
0.25567010
0.25554882
0.25542753
0.25530625
0.25518496
0.25506367
0.25494239
0.25482110
0.25469982
0.25457853
0.25445725
0.25433596
0.25421468
0.25409339
0.25397210
0.25385082
0.25372953
0.25360825
0.25348696
0.25336568
0.25324439
0.25312310
0.25300182
0.25288053
0.25275925
0.25263796
0.25251668
0.25239539
0.25227411
0.25215282
0.25203153
0.25191025
0.25178896
0.25166768
0.25154639
0.25142511
0.25130382
0.25118253
0.25106125
0.25093996
0.25081868
0.25069739
0.25057611
0.25045482
0.25033354
0.25021225
0.25009096
0.24996968
0.24984839
0.24972711
0.24960582
0.24948454
0.24936325
0.24924196
0.24912068
0.24899939
0.24887811
0.24875682
0.24863554
0.24851425
0.24839297
0.24827168
0.24815039
0.24802911
0.24790782
0.24778654
0.24766525
0.24754397
0.24742268
0.24730139
0.24718011
0.24705882
0.24693754
0.24681625
0.24669497
0.24657368
0.24645240
0.24633111
0.24620982
0.24608854
0.24596725
0.24584597
0.24572468
0.24560340
0.24548211
0.24536082
0.24523954
0.24511825
0.24499697
0.24487568
0.24475440
0.24463311
0.24451183
0.24439054
0.24426925
0.24414797
0.24402668
0.24390540
0.24378411
0.24366283
0.24354154
0.24342025
0.24329897
0.24317768
0.24305640
0.24293511
0.24281383
0.24269254
0.24257126
0.24244997
0.24232868
0.24220740
0.24208611
0.24196483
0.24184354
0.24172226
0.24160097
0.24147968
0.24135840
0.24123711
0.24111583
0.24099454
0.24087326
0.24075197
0.24063069
0.24050940
0.24038811
0.24026683
0.24014554
0.24002426
0.23990297
0.23978169
0.23966040
0.23953911
0.23941783
0.23929654
0.23917526
0.23905397
0.23893269
0.23881140
0.23869012
0.23856883
0.23844754
0.23832626
0.23820497
0.23808369
0.23796240
0.23784112
0.23771983
0.23759854
0.23747726
0.23735597
0.23723469
0.23711340
0.23699212
0.23687083
0.23674955
0.23662826
0.23650697
0.23638569
0.23626440
0.23614312
0.23602183
0.23590055
0.23577926
0.23565797
0.23553669
0.23541540
0.23529412
0.23517283
0.23505155
0.23493026
0.23480898
0.23468769
0.23456640
0.23444512
0.23432383
0.23420255
0.23408126
0.23395998
0.23383869
0.23371740
0.23359612
0.23347483
0.23335355
0.23323226
0.23311098
0.23298969
0.23286841
0.23274712
0.23262583
0.23250455
0.23238326
0.23226198
0.23214069
0.23201941
0.23189812
0.23177683
0.23165555
0.23153426
0.23141298
0.23129169
0.23117041
0.23104912
0.23092784
0.23080655
0.23068526
0.23056398
0.23044269
0.23032141
0.23020012
0.23007884
0.22995755
0.22983626
0.22971498
0.22959369
0.22947241
0.22935112
0.22922984
0.22910855
0.22898727
0.22886598
0.22874469
0.22862341
0.22850212
0.22838084
0.22825955
0.22813827
0.22801698
0.22789569
0.22777441
0.22765312
0.22753184
0.22741055
0.22728927
0.22716798
0.22704669
0.22692541
0.22680412
0.22668284
0.22656155
0.22644027
0.22631898
0.22619770
0.22607641
0.22595512
0.22583384
0.22571255
0.22559127
0.22546998
0.22534870
0.22522741
0.22510612
0.22498484
0.22486355
0.22474227
0.22462098
0.22449970
0.22437841
0.22425713
0.22413584
0.22401455
0.22389327
0.22377198
0.22365070
0.22352941
0.22340813
0.22328684
0.22316555
0.22304427
0.22292298
0.22280170
0.22268041
0.22255913
0.22243784
0.22231656
0.22219527
0.22207398
0.22195270
0.22183141
0.22171013
0.22158884
0.22146756
0.22134627
0.22122498
0.22110370
0.22098241
0.22086113
0.22073984
0.22061856
0.22049727
0.22037599
0.22025470
0.22013341
0.22001213
0.21989084
0.21976956
0.21964827
0.21952699
0.21940570
0.21928441
0.21916313
0.21904184
0.21892056
0.21879927
0.21867799
0.21855670
0.21843542
0.21831413
0.21819284
0.21807156
0.21795027
0.21782899
0.21770770
0.21758642
0.21746513
0.21734384
0.21722256
0.21710127
0.21697999
0.21685870
0.21673742
0.21661613
0.21649485
0.21637356
0.21625227
0.21613099
0.21600970
0.21588842
0.21576713
0.21564585
0.21552456
0.21540327
0.21528199
0.21516070
0.21503942
0.21491813
0.21479685
0.21467556
0.21455428
0.21443299
0.21431170
0.21419042
0.21406913
0.21394785
0.21382656
0.21370528
0.21358399
0.21346270
0.21334142
0.21322013
0.21309885
0.21297756
0.21285628
0.21273499
0.21261371
0.21249242
0.21237113
0.21224985
0.21212856
0.21200728
0.21188599
0.21176471
0.21164342
0.21152213
0.21140085
0.21127956
0.21115828
0.21103699
0.21091571
0.21079442
0.21067314
0.21055185
0.21043056
0.21030928
0.21018799
0.21006671
0.20994542
0.20982414
0.20970285
0.20958156
0.20946028
0.20933899
0.20921771
0.20909642
0.20897514
0.20885385
0.20873257
0.20861128
0.20848999
0.20836871
0.20824742
0.20812614
0.20800485
0.20788357
0.20776228
0.20764099
0.20751971
0.20739842
0.20727714
0.20715585
0.20703457
0.20691328
0.20679200
0.20667071
0.20654942
0.20642814
0.20630685
0.20618557
0.20606428
0.20594300
0.20582171
0.20570042
0.20557914
0.20545785
0.20533657
0.20521528
0.20509400
0.20497271
0.20485143
0.20473014
0.20460885
0.20448757
0.20436628
0.20424500
0.20412371
0.20400243
0.20388114
0.20375985
0.20363857
0.20351728
0.20339600
0.20327471
0.20315343
0.20303214
0.20291086
0.20278957
0.20266828
0.20254700
0.20242571
0.20230443
0.20218314
0.20206186
0.20194057
0.20181928
0.20169800
0.20157671
0.20145543
0.20133414
0.20121286
0.20109157
0.20097029
0.20084900
0.20072771
0.20060643
0.20048514
0.20036386
0.20024257
0.20012129
0.20000000
0.19987871
0.19975743
0.19963614
0.19951486
0.19939357
0.19927229
0.19915100
0.19902971
0.19890843
0.19878714
0.19866586
0.19854457
0.19842329
0.19830200
0.19818072
0.19805943
0.19793814
0.19781686
0.19769557
0.19757429
0.19745300
0.19733172
0.19721043
0.19708914
0.19696786
0.19684657
0.19672529
0.19660400
0.19648272
0.19636143
0.19624015
0.19611886
0.19599757
0.19587629
0.19575500
0.19563372
0.19551243
0.19539115
0.19526986
0.19514857
0.19502729
0.19490600
0.19478472
0.19466343
0.19454215
0.19442086
0.19429958
0.19417829
0.19405700
0.19393572
0.19381443
0.19369315
0.19357186
0.19345058
0.19332929
0.19320800
0.19308672
0.19296543
0.19284415
0.19272286
0.19260158
0.19248029
0.19235901
0.19223772
0.19211643
0.19199515
0.19187386
0.19175258
0.19163129
0.19151001
0.19138872
0.19126743
0.19114615
0.19102486
0.19090358
0.19078229
0.19066101
0.19053972
0.19041844
0.19029715
0.19017586
0.19005458
0.18993329
0.18981201
0.18969072
0.18956944
0.18944815
0.18932686
0.18920558
0.18908429
0.18896301
0.18884172
0.18872044
0.18859915
0.18847787
0.18835658
0.18823529
0.18811401
0.18799272
0.18787144
0.18775015
0.18762887
0.18750758
0.18738629
0.18726501
0.18714372
0.18702244
0.18690115
0.18677987
0.18665858
0.18653730
0.18641601
0.18629472
0.18617344
0.18605215
0.18593087
0.18580958
0.18568830
0.18556701
0.18544572
0.18532444
0.18520315
0.18508187
0.18496058
0.18483930
0.18471801
0.18459673
0.18447544
0.18435415
0.18423287
0.18411158
0.18399030
0.18386901
0.18374773
0.18362644
0.18350515
0.18338387
0.18326258
0.18314130
0.18302001
0.18289873
0.18277744
0.18265616
0.18253487
0.18241358
0.18229230
0.18217101
0.18204973
0.18192844
0.18180716
0.18168587
0.18156458
0.18144330
0.18132201
0.18120073
0.18107944
0.18095816
0.18083687
0.18071559
0.18059430
0.18047301
0.18035173
0.18023044
0.18010916
0.17998787
0.17986659
0.17974530
0.17962401
0.17950273
0.17938144
0.17926016
0.17913887
0.17901759
0.17889630
0.17877502
0.17865373
0.17853244
0.17841116
0.17828987
0.17816859
0.17804730
0.17792602
0.17780473
0.17768344
0.17756216
0.17744087
0.17731959
0.17719830
0.17707702
0.17695573
0.17683445
0.17671316
0.17659187
0.17647059
0.17634930
0.17622802
0.17610673
0.17598545
0.17586416
0.17574287
0.17562159
0.17550030
0.17537902
0.17525773
0.17513645
0.17501516
0.17489388
0.17477259
0.17465130
0.17453002
0.17440873
0.17428745
0.17416616
0.17404488
0.17392359
0.17380230
0.17368102
0.17355973
0.17343845
0.17331716
0.17319588
0.17307459
0.17295331
0.17283202
0.17271073
0.17258945
0.17246816
0.17234688
0.17222559
0.17210431
0.17198302
0.17186173
0.17174045
0.17161916
0.17149788
0.17137659
0.17125531
0.17113402
0.17101273
0.17089145
0.17077016
0.17064888
0.17052759
0.17040631
0.17028502
0.17016374
0.17004245
0.16992116
0.16979988
0.16967859
0.16955731
0.16943602
0.16931474
0.16919345
0.16907216
0.16895088
0.16882959
0.16870831
0.16858702
0.16846574
0.16834445
0.16822317
0.16810188
0.16798059
0.16785931
0.16773802
0.16761674
0.16749545
0.16737417
0.16725288
0.16713159
0.16701031
0.16688902
0.16676774
0.16664645
0.16652517
0.16640388
0.16628260
0.16616131
0.16604002
0.16591874
0.16579745
0.16567617
0.16555488
0.16543360
0.16531231
0.16519102
0.16506974
0.16494845
0.16482717
0.16470588
0.16458460
0.16446331
0.16434203
0.16422074
0.16409945
0.16397817
0.16385688
0.16373560
0.16361431
0.16349303
0.16337174
0.16325045
0.16312917
0.16300788
0.16288660
0.16276531
0.16264403
0.16252274
0.16240146
0.16228017
0.16215888
0.16203760
0.16191631
0.16179503
0.16167374
0.16155246
0.16143117
0.16130988
0.16118860
0.16106731
0.16094603
0.16082474
0.16070346
0.16058217
0.16046089
0.16033960
0.16021831
0.16009703
0.15997574
0.15985446
0.15973317
0.15961189
0.15949060
0.15936931
0.15924803
0.15912674
0.15900546
0.15888417
0.15876289
0.15864160
0.15852032
0.15839903
0.15827774
0.15815646
0.15803517
0.15791389
0.15779260
0.15767132
0.15755003
0.15742874
0.15730746
0.15718617
0.15706489
0.15694360
0.15682232
0.15670103
0.15657975
0.15645846
0.15633717
0.15621589
0.15609460
0.15597332
0.15585203
0.15573075
0.15560946
0.15548817
0.15536689
0.15524560
0.15512432
0.15500303
0.15488175
0.15476046
0.15463918
0.15451789
0.15439660
0.15427532
0.15415403
0.15403275
0.15391146
0.15379018
0.15366889
0.15354760
0.15342632
0.15330503
0.15318375
0.15306246
0.15294118
0.15281989
0.15269861
0.15257732
0.15245603
0.15233475
0.15221346
0.15209218
0.15197089
0.15184961
0.15172832
0.15160703
0.15148575
0.15136446
0.15124318
0.15112189
0.15100061
0.15087932
0.15075804
0.15063675
0.15051546
0.15039418
0.15027289
0.15015161
0.15003032
0.14990904
0.14978775
0.14966646
0.14954518
0.14942389
0.14930261
0.14918132
0.14906004
0.14893875
0.14881747
0.14869618
0.14857489
0.14845361
0.14833232
0.14821104
0.14808975
0.14796847
0.14784718
0.14772589
0.14760461
0.14748332
0.14736204
0.14724075
0.14711947
0.14699818
0.14687690
0.14675561
0.14663432
0.14651304
0.14639175
0.14627047
0.14614918
0.14602790
0.14590661
0.14578532
0.14566404
0.14554275
0.14542147
0.14530018
0.14517890
0.14505761
0.14493633
0.14481504
0.14469375
0.14457247
0.14445118
0.14432990
0.14420861
0.14408733
0.14396604
0.14384475
0.14372347
0.14360218
0.14348090
0.14335961
0.14323833
0.14311704
0.14299576
0.14287447
0.14275318
0.14263190
0.14251061
0.14238933
0.14226804
0.14214676
0.14202547
0.14190418
0.14178290
0.14166161
0.14154033
0.14141904
0.14129776
0.14117647
0.14105518
0.14093390
0.14081261
0.14069133
0.14057004
0.14044876
0.14032747
0.14020619
0.14008490
0.13996361
0.13984233
0.13972104
0.13959976
0.13947847
0.13935719
0.13923590
0.13911461
0.13899333
0.13887204
0.13875076
0.13862947
0.13850819
0.13838690
0.13826562
0.13814433
0.13802304
0.13790176
0.13778047
0.13765919
0.13753790
0.13741662
0.13729533
0.13717404
0.13705276
0.13693147
0.13681019
0.13668890
0.13656762
0.13644633
0.13632505
0.13620376
0.13608247
0.13596119
0.13583990
0.13571862
0.13559733
0.13547605
0.13535476
0.13523347
0.13511219
0.13499090
0.13486962
0.13474833
0.13462705
0.13450576
0.13438448
0.13426319
0.13414190
0.13402062
0.13389933
0.13377805
0.13365676
0.13353548
0.13341419
0.13329290
0.13317162
0.13305033
0.13292905
0.13280776
0.13268648
0.13256519
0.13244391
0.13232262
0.13220133
0.13208005
0.13195876
0.13183748
0.13171619
0.13159491
0.13147362
0.13135233
0.13123105
0.13110976
0.13098848
0.13086719
0.13074591
0.13062462
0.13050334
0.13038205
0.13026076
0.13013948
0.13001819
0.12989691
0.12977562
0.12965434
0.12953305
0.12941176
0.12929048
0.12916919
0.12904791
0.12892662
0.12880534
0.12868405
0.12856277
0.12844148
0.12832019
0.12819891
0.12807762
0.12795634
0.12783505
0.12771377
0.12759248
0.12747119
0.12734991
0.12722862
0.12710734
0.12698605
0.12686477
0.12674348
0.12662220
0.12650091
0.12637962
0.12625834
0.12613705
0.12601577
0.12589448
0.12577320
0.12565191
0.12553062
0.12540934
0.12528805
0.12516677
0.12504548
0.12492420
0.12480291
0.12468163
0.12456034
0.12443905
0.12431777
0.12419648
0.12407520
0.12395391
0.12383263
0.12371134
0.12359005
0.12346877
0.12334748
0.12322620
0.12310491
0.12298363
0.12286234
0.12274106
0.12261977
0.12249848
0.12237720
0.12225591
0.12213463
0.12201334
0.12189206
0.12177077
0.12164948
0.12152820
0.12140691
0.12128563
0.12116434
0.12104306
0.12092177
0.12080049
0.12067920
0.12055791
0.12043663
0.12031534
0.12019406
0.12007277
0.11995149
0.11983020
0.11970891
0.11958763
0.11946634
0.11934506
0.11922377
0.11910249
0.11898120
0.11885992
0.11873863
0.11861734
0.11849606
0.11837477
0.11825349
0.11813220
0.11801092
0.11788963
0.11776834
0.11764706
0.11752577
0.11740449
0.11728320
0.11716192
0.11704063
0.11691935
0.11679806
0.11667677
0.11655549
0.11643420
0.11631292
0.11619163
0.11607035
0.11594906
0.11582777
0.11570649
0.11558520
0.11546392
0.11534263
0.11522135
0.11510006
0.11497878
0.11485749
0.11473620
0.11461492
0.11449363
0.11437235
0.11425106
0.11412978
0.11400849
0.11388720
0.11376592
0.11364463
0.11352335
0.11340206
0.11328078
0.11315949
0.11303820
0.11291692
0.11279563
0.11267435
0.11255306
0.11243178
0.11231049
0.11218921
0.11206792
0.11194663
0.11182535
0.11170406
0.11158278
0.11146149
0.11134021
0.11121892
0.11109763
0.11097635
0.11085506
0.11073378
0.11061249
0.11049121
0.11036992
0.11024864
0.11012735
0.11000606
0.10988478
0.10976349
0.10964221
0.10952092
0.10939964
0.10927835
0.10915706
0.10903578
0.10891449
0.10879321
0.10867192
0.10855064
0.10842935
0.10830807
0.10818678
0.10806549
0.10794421
0.10782292
0.10770164
0.10758035
0.10745907
0.10733778
0.10721649
0.10709521
0.10697392
0.10685264
0.10673135
0.10661007
0.10648878
0.10636750
0.10624621
0.10612492
0.10600364
0.10588235
0.10576107
0.10563978
0.10551850
0.10539721
0.10527592
0.10515464
0.10503335
0.10491207
0.10479078
0.10466950
0.10454821
0.10442693
0.10430564
0.10418435
0.10406307
0.10394178
0.10382050
0.10369921
0.10357793
0.10345664
0.10333535
0.10321407
0.10309278
0.10297150
0.10285021
0.10272893
0.10260764
0.10248636
0.10236507
0.10224378
0.10212250
0.10200121
0.10187993
0.10175864
0.10163736
0.10151607
0.10139478
0.10127350
0.10115221
0.10103093
0.10090964
0.10078836
0.10066707
0.10054579
0.10042450
0.10030321
0.10018193
0.10006064
0.09993936
0.09981807
0.09969679
0.09957550
0.09945421
0.09933293
0.09921164
0.09909036
0.09896907
0.09884779
0.09872650
0.09860522
0.09848393
0.09836264
0.09824136
0.09812007
0.09799879
0.09787750
0.09775622
0.09763493
0.09751364
0.09739236
0.09727107
0.09714979
0.09702850
0.09690722
0.09678593
0.09666465
0.09654336
0.09642207
0.09630079
0.09617950
0.09605822
0.09593693
0.09581565
0.09569436
0.09557307
0.09545179
0.09533050
0.09520922
0.09508793
0.09496665
0.09484536
0.09472408
0.09460279
0.09448150
0.09436022
0.09423893
0.09411765
0.09399636
0.09387508
0.09375379
0.09363250
0.09351122
0.09338993
0.09326865
0.09314736
0.09302608
0.09290479
0.09278351
0.09266222
0.09254093
0.09241965
0.09229836
0.09217708
0.09205579
0.09193451
0.09181322
0.09169193
0.09157065
0.09144936
0.09132808
0.09120679
0.09108551
0.09096422
0.09084294
0.09072165
0.09060036
0.09047908
0.09035779
0.09023651
0.09011522
0.08999394
0.08987265
0.08975136
0.08963008
0.08950879
0.08938751
0.08926622
0.08914494
0.08902365
0.08890237
0.08878108
0.08865979
0.08853851
0.08841722
0.08829594
0.08817465
0.08805337
0.08793208
0.08781079
0.08768951
0.08756822
0.08744694
0.08732565
0.08720437
0.08708308
0.08696180
0.08684051
0.08671922
0.08659794
0.08647665
0.08635537
0.08623408
0.08611280
0.08599151
0.08587022
0.08574894
0.08562765
0.08550637
0.08538508
0.08526380
0.08514251
0.08502122
0.08489994
0.08477865
0.08465737
0.08453608
0.08441480
0.08429351
0.08417223
0.08405094
0.08392965
0.08380837
0.08368708
0.08356580
0.08344451
0.08332323
0.08320194
0.08308065
0.08295937
0.08283808
0.08271680
0.08259551
0.08247423
0.08235294
0.08223166
0.08211037
0.08198908
0.08186780
0.08174651
0.08162523
0.08150394
0.08138266
0.08126137
0.08114008
0.08101880
0.08089751
0.08077623
0.08065494
0.08053366
0.08041237
0.08029109
0.08016980
0.08004851
0.07992723
0.07980594
0.07968466
0.07956337
0.07944209
0.07932080
0.07919951
0.07907823
0.07895694
0.07883566
0.07871437
0.07859309
0.07847180
0.07835052
0.07822923
0.07810794
0.07798666
0.07786537
0.07774409
0.07762280
0.07750152
0.07738023
0.07725894
0.07713766
0.07701637
0.07689509
0.07677380
0.07665252
0.07653123
0.07640995
0.07628866
0.07616737
0.07604609
0.07592480
0.07580352
0.07568223
0.07556095
0.07543966
0.07531837
0.07519709
0.07507580
0.07495452
0.07483323
0.07471195
0.07459066
0.07446938
0.07434809
0.07422680
0.07410552
0.07398423
0.07386295
0.07374166
0.07362038
0.07349909
0.07337780
0.07325652
0.07313523
0.07301395
0.07289266
0.07277138
0.07265009
0.07252881
0.07240752
0.07228623
0.07216495
0.07204366
0.07192238
0.07180109
0.07167981
0.07155852
0.07143723
0.07131595
0.07119466
0.07107338
0.07095209
0.07083081
0.07070952
0.07058824
0.07046695
0.07034566
0.07022438
0.07010309
0.06998181
0.06986052
0.06973924
0.06961795
0.06949666
0.06937538
0.06925409
0.06913281
0.06901152
0.06889024
0.06876895
0.06864767
0.06852638
0.06840509
0.06828381
0.06816252
0.06804124
0.06791995
0.06779867
0.06767738
0.06755609
0.06743481
0.06731352
0.06719224
0.06707095
0.06694967
0.06682838
0.06670710
0.06658581
0.06646452
0.06634324
0.06622195
0.06610067
0.06597938
0.06585810
0.06573681
0.06561552
0.06549424
0.06537295
0.06525167
0.06513038
0.06500910
0.06488781
0.06476653
0.06464524
0.06452395
0.06440267
0.06428138
0.06416010
0.06403881
0.06391753
0.06379624
0.06367495
0.06355367
0.06343238
0.06331110
0.06318981
0.06306853
0.06294724
0.06282596
0.06270467
0.06258338
0.06246210
0.06234081
0.06221953
0.06209824
0.06197696
0.06185567
0.06173438
0.06161310
0.06149181
0.06137053
0.06124924
0.06112796
0.06100667
0.06088539
0.06076410
0.06064281
0.06052153
0.06040024
0.06027896
0.06015767
0.06003639
0.05991510
0.05979381
0.05967253
0.05955124
0.05942996
0.05930867
0.05918739
0.05906610
0.05894482
0.05882353
0.05870224
0.05858096
0.05845967
0.05833839
0.05821710
0.05809582
0.05797453
0.05785324
0.05773196
0.05761067
0.05748939
0.05736810
0.05724682
0.05712553
0.05700424
0.05688296
0.05676167
0.05664039
0.05651910
0.05639782
0.05627653
0.05615525
0.05603396
0.05591267
0.05579139
0.05567010
0.05554882
0.05542753
0.05530625
0.05518496
0.05506367
0.05494239
0.05482110
0.05469982
0.05457853
0.05445725
0.05433596
0.05421468
0.05409339
0.05397210
0.05385082
0.05372953
0.05360825
0.05348696
0.05336568
0.05324439
0.05312310
0.05300182
0.05288053
0.05275925
0.05263796
0.05251668
0.05239539
0.05227411
0.05215282
0.05203153
0.05191025
0.05178896
0.05166768
0.05154639
0.05142511
0.05130382
0.05118253
0.05106125
0.05093996
0.05081868
0.05069739
0.05057611
0.05045482
0.05033354
0.05021225
0.05009096
0.04996968
0.04984839
0.04972711
0.04960582
0.04948454
0.04936325
0.04924196
0.04912068
0.04899939
0.04887811
0.04875682
0.04863554
0.04851425
0.04839297
0.04827168
0.04815039
0.04802911
0.04790782
0.04778654
0.04766525
0.04754397
0.04742268
0.04730139
0.04718011
0.04705882
0.04693754
0.04681625
0.04669497
0.04657368
0.04645240
0.04633111
0.04620982
0.04608854
0.04596725
0.04584597
0.04572468
0.04560340
0.04548211
0.04536082
0.04523954
0.04511825
0.04499697
0.04487568
0.04475440
0.04463311
0.04451183
0.04439054
0.04426925
0.04414797
0.04402668
0.04390540
0.04378411
0.04366283
0.04354154
0.04342025
0.04329897
0.04317768
0.04305640
0.04293511
0.04281383
0.04269254
0.04257126
0.04244997
0.04232868
0.04220740
0.04208611
0.04196483
0.04184354
0.04172226
0.04160097
0.04147968
0.04135840
0.04123711
0.04111583
0.04099454
0.04087326
0.04075197
0.04063069
0.04050940
0.04038811
0.04026683
0.04014554
0.04002426
0.03990297
0.03978169
0.03966040
0.03953911
0.03941783
0.03929654
0.03917526
0.03905397
0.03893269
0.03881140
0.03869012
0.03856883
0.03844754
0.03832626
0.03820497
0.03808369
0.03796240
0.03784112
0.03771983
0.03759854
0.03747726
0.03735597
0.03723469
0.03711340
0.03699212
0.03687083
0.03674955
0.03662826
0.03650697
0.03638569
0.03626440
0.03614312
0.03602183
0.03590055
0.03577926
0.03565797
0.03553669
0.03541540
0.03529412
0.03517283
0.03505155
0.03493026
0.03480898
0.03468769
0.03456640
0.03444512
0.03432383
0.03420255
0.03408126
0.03395998
0.03383869
0.03371740
0.03359612
0.03347483
0.03335355
0.03323226
0.03311098
0.03298969
0.03286841
0.03274712
0.03262583
0.03250455
0.03238326
0.03226198
0.03214069
0.03201941
0.03189812
0.03177683
0.03165555
0.03153426
0.03141298
0.03129169
0.03117041
0.03104912
0.03092784
0.03080655
0.03068526
0.03056398
0.03044269
0.03032141
0.03020012
0.03007884
0.02995755
0.02983626
0.02971498
0.02959369
0.02947241
0.02935112
0.02922984
0.02910855
0.02898727
0.02886598
0.02874469
0.02862341
0.02850212
0.02838084
0.02825955
0.02813827
0.02801698
0.02789569
0.02777441
0.02765312
0.02753184
0.02741055
0.02728927
0.02716798
0.02704669
0.02692541
0.02680412
0.02668284
0.02656155
0.02644027
0.02631898
0.02619770
0.02607641
0.02595512
0.02583384
0.02571255
0.02559127
0.02546998
0.02534870
0.02522741
0.02510612
0.02498484
0.02486355
0.02474227
0.02462098
0.02449970
0.02437841
0.02425713
0.02413584
0.02401455
0.02389327
0.02377198
0.02365070
0.02352941
0.02340813
0.02328684
0.02316555
0.02304427
0.02292298
0.02280170
0.02268041
0.02255913
0.02243784
0.02231656
0.02219527
0.02207398
0.02195270
0.02183141
0.02171013
0.02158884
0.02146756
0.02134627
0.02122498
0.02110370
0.02098241
0.02086113
0.02073984
0.02061856
0.02049727
0.02037599
0.02025470
0.02013341
0.02001213
0.01989084
0.01976956
0.01964827
0.01952699
0.01940570
0.01928441
0.01916313
0.01904184
0.01892056
0.01879927
0.01867799
0.01855670
0.01843542
0.01831413
0.01819284
0.01807156
0.01795027
0.01782899
0.01770770
0.01758642
0.01746513
0.01734384
0.01722256
0.01710127
0.01697999
0.01685870
0.01673742
0.01661613
0.01649485
0.01637356
0.01625227
0.01613099
0.01600970
0.01588842
0.01576713
0.01564585
0.01552456
0.01540327
0.01528199
0.01516070
0.01503942
0.01491813
0.01479685
0.01467556
0.01455428
0.01443299
0.01431170
0.01419042
0.01406913
0.01394785
0.01382656
0.01370528
0.01358399
0.01346270
0.01334142
0.01322013
0.01309885
0.01297756
0.01285628
0.01273499
0.01261371
0.01249242
0.01237113
0.01224985
0.01212856
0.01200728
0.01188599
0.01176471
0.01164342
0.01152213
0.01140085
0.01127956
0.01115828
0.01103699
0.01091571
0.01079442
0.01067314
0.01055185
0.01043056
0.01030928
0.01018799
0.01006671
0.00994542
0.00982414
0.00970285
0.00958156
0.00946028
0.00933899
0.00921771
0.00909642
0.00897514
0.00885385
0.00873257
0.00861128
0.00848999
0.00836871
0.00824742
0.00812614
0.00800485
0.00788357
0.00776228
0.00764099
0.00751971
0.00739842
0.00727714
0.00715585
0.00703457
0.00691328
0.00679200
0.00667071
0.00654942
0.00642814
0.00630685
0.00618557
0.00606428
0.00594300
0.00582171
0.00570042
0.00557914
0.00545785
0.00533657
0.00521528
0.00509400
0.00497271
0.00485143
0.00473014
0.00460885
0.00448757
0.00436628
0.00424500
0.00412371
0.00400243
0.00388114
0.00375985
0.00363857
0.00351728
0.00339600
0.00327471
0.00315343
0.00303214
0.00291086
0.00278957
0.00266828
0.00254700
0.00242571
0.00230443
0.00218314
0.00206186
0.00194057
0.00181928
0.00169800
0.00157671
0.00145543
0.00133414
0.00121286
0.00109157
0.00097029
0.00084900
0.00072771
0.00060643
0.00048514
0.00036386
0.00024257
0.00012129
0.00012129
0.00012129
0.00012129
0.00012129
0.00012129
0.00012129
0.00012129
0.00012129
0.00012129
0.00012129
0.00012129
0.00012129
0.00012129
0.00012129
0.00012129
0.00012129
0.00012129
0.00012129
0.00012129
0.00012129
0.00012129
0.00012129
0.00012129
0.00012129
0.00012129
0.00012129
0.00012129
0.00012129
0.00012129
0.00012129
0.00012129
0.00012129
0.00012129
0.00012129
0.00012129
0.00012129
0.00012129
0.00012129
0.00012129
0.00012129
0.00012129
0.00012129
0.00012129
0.00012129
0.00012129
0.00012129
0.00012129
0.00012129
0.00012129
0.00012129
0.00012129
0.00012129
0.00012129
0.00012129
0.00012129
0.00012129
0.00012129
0.00012129
0.00012129
0.00012129
0.00012129
0.00012129
0.00012129
0.00012129
0.00012129
0.00012129
0.00012129
0.00012129
0.00012129
0.00012129
0.00012129
0.00012129
0.00012129
0.00012129
0.00012129
0.00012129
0.00012129
0.00012129
0.00012129
0.00012129
0.00012129
0.00012129
0.00012129
0.00012129
0.00012129
0.00012129
0.00012129
0.00012129
0.00012129
0.00012129
0.00012129
0.00012129
0.00012129
0.00012129
0.00012129
0.00012129
0.00012129
0.00012129
0.00012129
0.00012129
0.00012129
0.00012129
0.00012129
0.00012129
0.00012129
0.00012129
0.00012129
0.00012129
0.00012129
0.00012129
0.00012129
0.00012129
0.00012129
0.00012129
0.00012129
0.00012129
0.00012129
0.00012129
0.00012129
0.00012129
0.00012129
0.00012129
0.00012129
0.00012129
0.00012129
0.00012129
0.00012129
0.00012129
0.00012129
0.00012129
0.00012129
0.00012129
0.00012129
0.00012129
0.00012129
0.00012129
0.00012129
0.00012129
0.00012129
0.00012129
0.00012129
0.00012129
