433
337
65
30
353
379
497
197
320
121
460
398
318
175
454
75
338
68
261
495
302
481
208
74
359
345
424
260
125
299
108
41
93
140
18
416
455
207
214
161
199
328
348
168
22
360
165
103
285
128
420
470
330
412
269
316
219
169
195
349
87
498
446
430
310
240
313
287
421
333
336
368
461
438
472
48
381
291
210
290
31
308
369
164
204
322
234
494
384
429
237
212
57
50
341
366
104
394
24
163
382
457
265
350
224
480
196
37
151
13
10
363
436
51
489
105
72
35
441
203
113
247
275
47
443
55
491
211
309
249
124
187
83
388
253
294
223
405
423
3
230
229
440
476
193
198
279
215
323
238
397
251
112
304
235
315
435
52
89
248
136
159
192
115
26
380
177
117
391
500
374
358
243
469
365
36
76
221
321
91
95
367
482
85
184
176
483
271
417
62
118
181
141
356
119
408
126
144
90
242
120
61
94
142
343
231
97
501
306
335
209
44
185
411
246
375
344
463
462
257
101
296
466
29
479
138
227
392
410
354
266
422
303
146
329
8
447
415
458
84
170
145
69
267
364
133
389
33
111
280
268
276
4
340
153
319
201
361
317
401
147
102
289
98
186
478
402
282
456
188
378
38
451
450
393
245
152
40
122
20
376
172
200
19
205
256
1
272
233
220
300
148
413
492
71
232
202
155
216
409
