238
212
118
505
1051
949
329
975
765
1033
332
130
615
700
177
673
6
917
675
411
556
398
41
481
239
24
773
709
1104
889
603
69
567
147
927
761
401
44
433
899
1018
907
560
193
112
482
420
854
551
265
976
327
951
102
283
717
516
791
1064
88
139
1076
601
772
545
457
45
195
1052
344
861
301
1066
1122
243
68
51
894
174
223
303
1093
111
693
422
413
206
943
197
783
758
1046
450
436
826
1000
753
946
27
788
263
87
109
279
488
394
570
848
876
168
471
291
304
277
587
94
913
990
746
467
945
402
751
802
392
1106
1057
1035
1037
585
527
621
441
748
759
264
82
115
914
213
763
14
808
20
307
255
288
479
1024
8
74
571
779
89
956
1045
919
67
49
947
77
838
1070
300
752
138
533
205
107
292
308
572
163
1102
1101
588
242
421
103
258
0
1034
564
86
70
360
262
1025
511
435
939
548
1078
1022
1081
261
160
774
437
738
575
631
284
529
244
504
925
618
998
877
1014
1069
320
449
1123
1100
496
1004
151
706
171
1113
929
214
310
412
964
305
963
321
298
639
590
466
465
56
458
404
391
862
92
289
18
156
21
172
922
158
629
1129
931
932
930
831
994
202
696
944
554
912
85
438
1068
407
565
247
253
256
257
918
916
908
275
276
282
722
981
980
180
728
973
184
729
187
970
190
750
898
1019
1090
688
133
314
128
689
140
695
835
525
199
935
801
600
452
16
610
12
114
656
549
33
358
804
857
370
229
1109
716
531
966
636
997
349
942
809
626
353
810
712
338
376
39
43
557
578
290
418
747
52
196
592
1103
1099
866
569
576
1001
659
120
99
377
270
1053
786
690
643
794
104
823
528
543
161
725
287
218
1095
969
847
