3817
1191
866
2616
3608
2815
3917
2568
2346
3377
3423
2454
2026
295
871
2121
2482
3740
4111
1652
1740
1416
927
3518
4089
1980
2922
3868
4026
3074
3800
1339
368
985
732
3632
3121
3024
4065
3799
3885
536
2667
796
3014
4157
4033
2838
3690
686
2327
4023
3870
3256
1450
1210
2029
3552
3318
646
1201
3697
2681
959
1794
3245
3775
1356
3288
817
455
1047
803
3433
3694
3772
2465
3516
2134
3745
758
3261
3852
1887
3475
4006
2708
3770
2049
810
1987
3767
3337
4102
2958
4010
3238
2796
2909
3218
2497
1571
2978
1230
3418
3916
2358
2604
1397
4109
3978
924
438
3247
3965
1839
2563
1308
1365
3127
3672
2573
4121
4013
1452
1895
3735
2710
2752
3330
3839
4051
999
3639
2000
3798
3533
3995
4087
4079
2956
3760
3785
3317
737
1956
3683
2441
382
6
1812
1319
3062
3910
3287
2862
2872
1607
3811
1373
1393
2942
1631
2027
2771
4098
4034
3350
2431
3709
1813
3813
1360
2444
3524
3485
1888
1116
2648
3032
4133
2606
1820
3979
2938
3420
3674
3835
3966
3363
3259
3229
2866
3940
1202
725
2806
2502
3064
1325
2865
3122
3240
3621
431
3336
436
647
1142
2900
2632
3239
1476
1315
3022
1311
1859
1020
4020
1504
2896
3974
1597
4058
2138
64
1225
4130
3592
1287
787
3819
2062
2564
4064
2478
512
1737
4008
2357
3889
3997
2789
2165
4144
3173
2397
377
4054
947
2268
4082
3999
1656
3858
388
1349
2345
1603
2799
3970
957
1296
2218
673
2529
1226
3016
3626
3877
913
1952
4103
2985
3643
1693
4
973
2500
3998
4164
3795
3366
2972
3083
434
1166
1532
3884
3334
4056
1698
4131
3991
2961
2019
3351
2652
3053
3045
3729
2174
3678
1321
2162
1223
3499
3033
2310
976
2775
2337
2380
1716
4138
2931
2598
2680
2893
2853
3260
389
3574
1292
3065
2021
3738
3292
2658
4159
2164
2920
1599
2792
1788
1376
1612
3618
1114
3463
3703
602
1725
965
3865
3636
4030
3025
1821
1246
3862
3440
3526
4062
780
3540
2001
3679
3822
3637
1221
4066
4114
853
2088
921
421
2004
101
2591
433
1113
1611
2991
1304
3502
1867
2745
2659
3607
2662
4108
2013
3759
3983
1574
1443
333
1990
2898
1253
4117
4007
2127
3466
4009
3661
3717
3203
2539
1595
2695
4086
4088
3471
2270
1854
1027
1578
1730
1573
1780
2209
3275
3844
3597
2766
1288
1967
2467
3905
3855
2974
2602
3184
578
1766
4095
1988
1692
2332
1891
3519
2289
3389
1060
2682
3476
2329
3942
1084
3103
2221
2984
3695
3303
2560
982
2679
208
3001
850
2650
3504
1286
3079
3268
2335
1756
374
1994
2430
3655
3971
3430
3872
3461
2363
3954
1083
3406
1816
891
1485
2895
4139
1277
2967
2903
3992
3306
3578
1464
3414
3677
4128
1643
3710
1565
3044
2932
3906
3212
2966
2946
3528
2968
1683
3726
3415
4049
4160
2852
2544
3529
3698
2083
4022
3506
2468
2396
2101
1323
3920
3390
1422
2724
3929
3908
1810
2611
3761
3080
4015
3096
665
3846
1981
3493
47
3766
531
3133
1684
2132
1101
2605
226
4017
2185
1682
2613
2195
848
2764
2053
3810
1689
2953
2194
1498
1940
2261
2643
3442
1819
3728
2486
2198
1283
1635
3711
3048
3521
746
3781
2859
207
3556
2607
2756
3967
4162
1479
2850
2409
2884
2737
2055
670
1092
2259
405
3269
3403
3101
1144
1751
3207
385
2676
3231
3831
3082
1400
3479
3300
82
499
1965
1691
484
1596
2191
2494
1950
4037
2686
3962
3900
1915
3059
1176
1579
1216
1217
3100
3752
600
3773
2589
3614
2366
1072
2298
2608
552
4047
4046
818
2731
1942
3176
920
1787
2291
3904
2673
2458
3302
3590
378
1204
3606
3750
2906
3274
2594
723
471
3056
3299
2975
2803
2910
1959
1808
2317
3899
2002
768
3354
3106
2437
3849
3208
3124
1811
1803
3719
2995
3930
3667
3094
3757
3531
3911
3052
3912
2452
2918
2712
2726
3864
3821
2858
936
2376
2933
2746
3028
3640
1386
3665
2450
1831
1174
2318
103
3386
1462
2216
1937
1869
3847
3339
2587
3628
2836
3246
2723
3195
3948
2702
2576
2948
2692
3656
2233
458
3097
4071
3976
972
1795
3342
3087
2988
3450
3226
2983
3512
2359
2323
3307
2459
3541
3472
2229
1847
3722
3201
887
2061
3823
288
3474
814
3183
2793
2118
1235
4039
58
896
1947
2623
2888
2672
1797
3949
2160
3376
2635
3876
3294
2256
3837
4115
3990
1970
3383
2405
3699
1432
1646
1379
3989
3854
2889
3874
2513
3434
1921
2908
3946
3845
1883
2822
2805
2342
198
2426
1537
4120
2599
722
1351
2823
3110
3399
1594
364
1562
3624
3281
2557
3503
2476
1772
2126
708
3987
3957
2488
1385
2421
3437
2601
1248
3188
2391
4000
3021
3039
1943
2846
2693
2388
2292
1918
1697
3409
3664
3988
106
1715
2286
3113
3381
3829
2999
3720
1753
3702
3107
1029
3598
1240
3277
3833
3410
2561
4161
3986
1280
3116
3579
3573
2729
4025
2772
3561
2556
2246
2907
1676
107
562
1996
3880
2571
3296
1657
3057
907
1410
2787
3663
2463
3564
313
337
4073
3075
2542
4163
3969
3952
3441
2351
3517
1492
4016
2201
2741
3754
2211
2096
2699
3328
1118
1919
1778
3137
2136
2395
2039
3538
2461
1954
3994
1978
2353
3924
3371
2548
4045
3244
2035
2171
3944
3838
3255
3126
2142
4119
4127
1982
3436
3682
3960
2412
2432
3806
1433
3771
118
3154
31
1159
2128
3602
3926
3470
3605
2225
1112
2525
3063
3776
1800
1718
4081
3736
2364
1095
2698
2518
2532
1721
137
1850
1474
2271
2952
3049
1761
2092
3458
2301
1139
2037
2374
961
3982
2199
709
2688
3068
3557
1154
3020
1326
2559
303
1849
785
1302
2878
380
2299
2533
857
3483
513
2582
3224
4156
2507
3135
3515
2705
2305
3782
3546
3478
3972
2879
2751
2581
3387
1946
821
2642
3744
3289
77
2424
1714
2283
4078
2590
1444
2154
1440
3112
3359
2082
1508
2384
2284
529
3922
2546
3060
1468
263
3163
2008
1857
1329
2130
3871
2694
1471
2389
4014
3037
3427
90
2123
1993
3570
3780
1871
3285
282
1335
1429
2005
2236
1392
3034
663
349
2056
1137
3480
2758
1533
3587
1690
3763
628
1054
1448
75
2977
63
3465
3505
786
1734
2163
1564
1157
1625
3136
1447
1964
611
2965
3733
1521
3411
3553
1085
2736
1620
2834
1489
2382
3223
365
74
2422
542
2
1490
1158
2716
612
3291
1542
1520
4074
975
3251
2418
2631
3091
1449
3131
3165
3507
688
4041
199
285
2081
2653
3015
3786
2753
3002
1986
3630
1668
2089
2090
3662
3190
3850
2960
1627
2814
655
3248
1425
2625
1529
2644
1120
1866
22
3803
4101
3312
3151
3730
2167
1979
2265
2579
2226
4063
4107
764
4093
3043
317
1728
1350
3396
2006
1880
3143
2666
4050
2629
698
2837
2044
3104
2892
3322
3042
1651
3162
530
2352
3273
2610
1199
2113
3038
2821
1463
1208
738
3684
2577
1056
2628
3513
2093
3804
300
1151
1409
1398
716
3109
3090
1717
302
3332
1752
807
3487
2832
2307
1006
2157
3202
694
2954
3009
3422
3758
876
523
2804
3959
3544
3257
3272
1781
1405
1126
1893
3937
3156
2189
4048
3265
4052
2734
1265
2017
2370
1123
2341
1671
312
2203
1925
3765
851
3675
2612
2078
3301
3873
3523
3155
4011
1303
969
2210
791
1975
3011
3907
3459
2150
3796
808
2527
2215
3549
3405
1196
2868
3394
2989
3977
3701
3713
2553
2773
1833
1472
2207
4061
1963
2496
2873
3963
3230
3078
2235
3040
671
461
2818
2519
3168
3357
3378
2558
1681
3092
3620
3217
4091
3393
2800
736
3496
3329
2306
2072
565
3375
1630
2514
3649
2848
3638
964
2786
3826
2492
1782
3128
3676
3645
3249
4134
4100
4155
501
3073
2293
3324
3903
1908
619
3089
3254
3270
3712
2294
1743
2371
2847
1032
3445
1524
1783
1852
3961
3241
173
3696
4068
3213
3500
2425
3139
3358
3340
84
2440
2041
3751
3985
4060
482
3221
3426
2574
3548
2626
2881
1600
2119
2111
1473
1992
2313
2784
1075
2314
2112
831
1324
2575
3214
1713
83
1969
2287
3860
2031
2841
4053
3805
2411
2980
2435
2768
2273
2640
3830
2095
3453
1383
1340
1071
462
2148
2869
2885
1723
3069
2711
724
974
2173
636
1559
2534
1503
1033
3035
3432
4027
825
2356
1806
2649
1920
2833
3267
1678
1829
1885
1300
783
3715
3596
1834
3385
360
3145
3932
3814
2034
1583
3490
4040
222
2505
1243
3582
3650
3843
1535
4145
2311
1696
1736
2794
3374
2820
3802
4029
1180
1835
717
2700
2285
2377
2584
2936
4075
2280
3984
3262
3599
2490
2108
2032
4044
3668
3797
4057
979
3286
3084
4122
2701
2743
3892
3429
2785
3457
3489
2455
2446
3859
2321
2316
3293
3179
3174
3568
1801
3290
1759
1745
4024
2239
3584
2309
4019
1672
264
827
1900
2911
3737
3725
2795
1354
4141
1828
1870
3066
3883
3928
2645
3732
3931
1569
3653
4146
3755
3421
3170
2812
3167
3497
3792
3284
356
2217
2375
1827
3824
2578
2586
2333
3514
3258
922
3808
3693
3898
1727
154
3895
4085
2776
370
3314
3603
3353
3194
3384
946
3370
37
2474
3367
2506
2614
3402
4113
3834
2223
3700
4124
2288
642
1268
3369
3604
2777
3010
2110
149
3581
910
890
2665
1510
3416
1514
1868
2099
1420
4077
3794
4096
3633
2973
1939
3114
2840
138
1011
4094
3704
3567
3851
3250
3818
2955
4090
2508
3562
4154
4067
4143
1378
4123
2449
2783
1344
2618
742
893
3263
3644
3627
3601
3840
3828
1074
1519
2790
3951
3993
3144
2520
1832
4035
2829
2964
3670
3494
3232
3355
3542
644
3572
3019
3365
2439
1861
3197
1536
2204
4038
3941
2754
3689
3036
1640
2040
3600
2669
3313
2192
4001
4151
4005
2755
3161
4069
3473
466
4097
3123
3395
1720
2979
1512
3812
2456
905
878
3550
3707
3953
2526
1527
223
888
3439
4092
2434
3392
1390
194
3333
2825
3577
645
1124
657
752
2810
2545
167
816
4099
4126
1228
1399
3017
2684
2593
2924
1815
2780
3532
1722
3341
2485
3832
1922
2934
4135
3629
3327
3216
1708
4002
2238
3753
3511
4116
3691
4142
3456
2428
1173
3571
2925
1014
2926
2059
3067
2334
1747
112
1951
2349
3610
2849
3718
3182
2740
1621
1436
3242
540
1663
1700
3714
3681
4021
1431
3171
3809
3827
3018
2445
1387
1419
3492
2765
3160
2328
2094
2867
1758
3747
2677
2877
1999
34
588
3452
1843
3654
1043
2897
3566
3955
1989
3594
2551
1858
2322
2156
1703
2146
3896
3266
3790
3585
3866
3115
2254
3205
3688
3199
3680
2902
2982
1927
3311
3727
3863
2232
1082
1962
2274
2816
2537
3613
2949
3088
3449
2797
3484
1162
1791
1984
2355
1125
3308
3132
1675
720
3588
2410
2781
2228
3425
231
908
3150
3346
1837
1770
2930
1161
3041
3545
1840
3148
4153
2079
3901
4104
4112
3198
2636
2718
617
597
3077
3657
2944
3413
3117
1754
2883
1793
3894
2857
3648
2531
852
3027
3836
3950
3535
1012
3335
1748
1127
561
3915
3716
3298
2565
1628
1330
2891
3641
3642
2266
3047
3705
2399
3140
2709
713
3801
1438
3026
1128
3536
3368
2453
1591
843
1451
3555
1906
3890
2521
3325
2996
1779
3724
3853
1632
1251
3593
2202
952
1249
3913
3634
3310
3919
2670
3857
2176
794
3789
3669
3345
1705
2413
3401
3933
1445
3583
3769
3939
1602
1333
2045
1961
2549
3685
109
2003
651
3304
2487
2493
3861
4125
2186
4070
2152
3046
577
3660
2107
2552
2277
4083
3721
2802
3779
3305
2220
3558
4149
3005
4059
3793
2129
3000
3271
4129
2296
1732
3749
2347
909
3149
1618
3379
3400
463
1998
2477
3909
3050
3147
1664
299
1165
1380
114
2748
2106
2263
1046
3921
3283
3947
2929
3447
3968
3227
3070
2637
4148
1215
4118
3708
3647
3105
2290
2943
3081
2747
2105
115
3460
3323
443
3469
4137
4072
1312
3879
2393
3887
2057
2030
3927
3692
606
3893
1877
3108
2767
430
4004
3739
2727
4140
1735
3886
3443
3666
3102
3996
3617
3560
3646
2369
3419
3520
3559
3742
2935
605
2819
2770
2438
934
4018
3219
4003
2419
2963
2739
625
2343
3783
423
3319
1541
2159
3129
1916
3235
1842
3743
2998
3006
3455
3980
2880
3196
2774
2940
3902
3482
3527
1997
2365
711
3658
2863
3320
2769
2212
769
3451
2720
570
3058
3206
730
1016
3547
1884
3157
2947
3282
3352
2562
3734
1407
1317
3756
3791
3923
3938
4032
3388
2251
3748
3762
3408
2619
2403
2890
2842
3093
2657
2392
3186
2491
483
1160
3356
1406
1414
1318
1822
2722
2641
621
2917
2690
3945
3635
1580
3007
2634
1261
3687
1567
2010
487
1570
2530
2512
3243
2638
1614
3076
3008
1804
2945
3807
2275
2073
3918
3431
3878
1960
3382
1188
3856
2480
775
2023
2801
268
3498
2295
2473
632
3706
4158
1297
2348
691
3825
2860
3569
3297
3295
1088
1838
86
4076
3187
633
3237
3362
3784
341
196
860
3178
4031
1809
3589
3815
2870
877
3279
3522
4152
3486
3934
87
1523
2140
16
3023
1382
3211
3180
3276
2344
3897
1934
4105
2654
2719
1309
427
3565
4043
2379
4106
616
3576
1179
3029
3841
2624
3788
3964
1258
2894
2732
2749
1991
3958
4055
3631
3764
1274
3956
997
1266
2427
1313
3891
2451
3344
4150
1145
2051
3925
2080
1441
2243
917
3625
400
2923
1619
1636
1557
2541
3099
2097
2828
882
2992
996
2647
1851
3380
3166
217
1401
3428
3454
2855
3481
2856
2646
3882
3881
1227
244
1855
916
788
1232
3551
2183
756
563
1343
3177
1058
2161
1368
1526
3936
2141
1771
3234
2714
265
2075
2757
17
1377
2471
1818
2921
2048
3172
1081
3348
1412
1262
2886
1789
9
3233
2230
3189
1437
2149
2501
3534
3215
3280
2928
2252
2987
13
743
1525
1901
3848
3364
3615
4110
2338
4036
2339
2875
1522
2566
2257
1633
3686
2237
967
2808
2807
1634
968
3537
3098
2567
2012
3398
2969
1655
2970
441
1566
1093
744
1516
2166
3191
1744
1375
3787
329
2372
328
2373
1935
683
2262
668
1110
586
760
819
409
1977
1050
863
1653
2882
2633
987
2234
3373
339
719
1381
2086
2184
383
2281
3659
2639
2390
685
2570
1775
3777
3731
1917
1245
3225
3338
3981
2515
2959
2462
2543
3153
2950
2851
2250
2402
2350
1494
3372
2499
2730
930
1140
1933
1936
1465
3586
3236
3013
2495
2509
2498
1408
2417
1109
1622
1334
2033
2241
648
334
2941
3142
1814
1077
200
1358
533
1601
532
2844
1546
2585
3435
2385
662
981
1669
1896
2114
1923
1348
2460
3210
1674
3397
2678
2015
2798
1768
1260
945
828
1860
1111
1362
2125
1212
28
1738
765
2258
29
1417
2143
397
1299
1121
3085
2735
666
1168
555
178
1254
894
318
2447
1904
2464
1724
2135
1749
1926
1042
2592
1733
2312
24
1008
652
3072
2084
1413
1912
3051
1119
2826
556
1069
269
993
3030
2227
2336
2904
838
2824
1585
1515
189
3055
2116
1576
1052
2242
1666
2572
3543
757
1853
2728
3031
1644
437
435
1388
500
411
3152
3185
2320
1320
575
2279
1045
571
592
2367
21
2697
1874
3326
2622
1750
1688
3316
1659
1458
937
2196
510
1455
1739
2433
1543
3491
1454
2466
661
1547
1477
1244
989
2674
234
2861
604
2759
2117
1776
1577
3146
3444
56
1148
3671
653
3741
1890
2994
731
3061
2706
1593
1706
740
2689
2887
3120
1135
3820
159
553
2068
2206
1341
1132
1530
1396
3086
1929
684
1587
1327
3138
2169
2071
865
3407
521
1039
1914
2408
3361
480
2104
2547
901
584
2224
1294
522
1019
2839
3252
844
2809
320
1499
2615
1685
507
1106
2264
3612
1044
1892
1589
1604
1146
2240
362
2102
2014
2109
3309
3012
699
2208
3228
2047
524
1028
2070
615
1913
3118
1974
2340
2782
408
459
759
1894
2325
2583
257
3488
1742
2124
3438
1061
2188
3071
559
2555
931
1150
3220
1680
2761
2483
1802
2249
1094
3193
2854
3477
2569
1592
1876
2401
904
2630
416
401
2511
2489
3575
1415
2831
829
2843
2058
546
1649
2871
1031
2423
928
1898
1418
2971
2993
622
1560
1353
3349
2028
2472
679
1511
1295
3204
3468
1507
677
68
2668
960
1185
2282
65
2813
3391
1878
2596
2144
2762
1233
2222
1000
2691
2042
1181
2535
919
2621
1264
2763
1442
2368
912
50
715
1495
2300
1371
1478
2213
3495
278
1932
1169
801
2115
1763
2205
128
1163
1790
371
2016
2899
2627
1549
2326
1242
76
351
2721
1090
1777
2914
1087
2830
2703
721
1824
1606
1545
3347
2901
2876
3134
1773
1902
2103
493
2063
1531
1879
948
1558
2913
1955
249
2661
2253
2588
2155
1022
119
3467
472
2951
277
1257
2696
1710
1552
2131
690
3054
2603
1186
2319
1875
797
492
3611
638
2817
3130
3448
1205
2219
872
2479
956
1639
2600
2429
1290
3412
895
3343
395
239
846
1911
1291
703
650
1694
1211
323
332
338
2151
2087
1483
2523
2905
1282
153
2145
847
702
2414
1910
1038
2448
2442
1062
942
2919
1316
359
170
1493
1762
3525
963
1662
3508
745
2077
2404
2597
1263
1255
1863
271
1065
80
1207
1953
849
100
311
2916
410
3321
447
3003
1957
815
1502
2400
413
943
1053
1278
319
1930
1972
2516
2420
705
861
93
5
784
2179
1769
1372
301
1491
2595
1774
1068
1404
751
1197
1687
1049
898
276
414
971
1453
1089
2387
1051
1764
1305
1588
1719
1198
266
2120
246
1709
2536
1178
1192
182
1164
771
3095
1273
1391
144
2469
1881
955
2036
1067
1660
1108
2835
152
637
2707
1650
789
1924
1332
1626
1250
2147
3264
958
1856
2046
478
92
1487
1513
609
906
1897
262
2066
2170
2187
2742
994
1968
11
3591
1864
1147
1017
1534
19
49
1553
966
3723
1985
781
1882
308
623
950
1481
2779
1798
3278
701
511
874
179
1661
162
2050
1189
498
2022
1184
25
2267
2297
954
1187
1460
161
1590
1423
710
593
1757
1337
426
1346
1456
2651
2247
802
918
180
1105
2181
2302
358
1712
1667
1403
2272
439
564
1247
2303
1359
1555
1825
939
384
1796
1944
2361
566
343
1272
733
23
660
1025
304
1070
695
2024
1785
515
2153
460
1572
1616
630
1501
2231
2504
2957
1677
3125
1193
2522
2383
184
204
1648
1886
2025
211
2550
175
806
1872
748
1222
839
868
2620
1459
1055
1647
992
126
804
10
1307
2538
428
823
322
1482
1469
2193
639
1563
932
345
656
1206
1457
772
1615
2009
2937
1219
1830
1035
2100
1699
1310
1941
706
1958
1704
1276
704
1421
1374
1279
2738
1544
2011
1076
2436
342
158
707
2760
1582
1755
1336
2554
1695
1195
134
676
1155
538
1497
2308
1496
697
2398
864
1480
727
640
1256
2683
2475
1234
944
297
2180
2617
2133
1293
3119
406
197
169
2020
245
1026
2528
1509
1638
1182
2354
543
2177
243
2725
1551
1817
2122
1836
941
1506
490
680
2067
1613
2524
1097
1357
1862
2443
545
1765
2415
2168
1066
1175
2517
2260
1786
886
2052
826
608
1799
81
2939
1846
1907
1021
314
1190
1177
1220
3209
1807
2990
1446
2060
1467
315
674
1122
899
1561
1209
799
2076
988
54
1171
779
2178
795
583
978
1236
892
3111
2330
1844
580
1172
3360
2381
935
1259
1841
590
682
1156
2827
1679
1424
2248
2671
755
1345
148
718
1707
767
2470
2085
393
464
1237
2715
1702
897
418
1556
1355
991
376
885
2656
225
610
1608
1637
2139
2255
258
834
990
192
479
326
181
1214
2845
940
1342
102
3164
929
1411
1034
2663
1141
230
1550
2675
2386
1015
481
914
1238
618
951
2331
2018
164
214
867
544
798
485
1658
693
2503
572
855
506
470
1928
678
750
30
1402
1767
32
171
316
873
595
805
2788
1538
88
1306
2137
2912
1064
284
1048
1389
596
96
475
260
392
2704
2324
911
1136
1905
714
1426
1903
72
1130
1899
1971
2733
824
210
495
841
212
1036
476
631
889
1138
1805
219
1966
728
3253
1281
1370
777
1129
1099
1040
1134
99
1670
601
1845
607
1584
1889
669
629
1686
603
833
1041
130
206
1361
983
202
432
1009
379
1352
123
949
1384
548
1624
1873
453
770
573
1605
1701
444
2481
550
1270
854
1229
1394
1103
735
1267
664
2245
1475
1115
2007
2172
1395
488
2394
336
574
1641
766
1484
2182
2744
1586
1528
133
782
95
136
1078
122
537
1784
1826
176
547
1271
1466
1949
1461
1107
557
1568
1367
923
2580
1364
1369
953
1023
1366
1013
394
884
1746
127
42
2360
1328
836
270
520
1439
85
1167
589
273
287
45
984
1673
591
1434
218
514
1488
1284
800
424
59
391
2158
1726
534
1200
1909
1322
915
1002
1435
298
811
309
2043
190
1231
452
649
396
469
259
614
135
163
1213
2069
177
762
1104
497
729
1848
1486
289
1100
324
654
43
1729
327
1983
986
726
1183
1298
1331
293
1004
1073
2197
1057
1133
1629
1427
1598
739
558
568
281
2244
227
700
446
879
325
832
2276
26
240
505
335
442
840
837
468
275
496
835
140
188
1098
186
2655
1001
1973
2091
1005
307
2406
1581
2200
582
1548
2064
830
474
305
1194
233
224
1539
2416
776
241
747
1096
995
267
145
1079
113
1609
1617
110
962
73
1517
242
624
1865
859
675
429
1252
812
361
778
422
658
1430
712
1931
353
185
1010
809
454
252
2609
1149
626
1575
407
875
1241
598
357
2175
1741
465
667
519
1080
330
467
1
842
2074
111
238
1554
1760
1500
774
925
1938
822
870
120
1203
516
2190
1275
147
1642
1338
48
672
1347
560
398
1540
8
539
1995
1470
1363
503
403
237
440
331
220
856
420
201
294
402
57
381
0
366
146
793
12
754
235
457
933
627
51
581
1003
141
1030
1518
1823
286
1285
2915
69
902
634
35
903
594
1711
977
813
117
1301
862
261
620
121
417
46
279
70
280
156
535
247
517
1091
1143
845
250
489
347
39
160
290
1131
1610
659
125
386
1018
354
215
213
528
687
1731
373
363
753
168
450
404
221
938
1665
41
1170
900
355
613
15
504
283
38
272
1059
585
425
1976
491
635
205
1024
569
477
306
143
27
549
1218
1007
518
79
274
763
509
525
741
344
980
255
1289
67
734
643
166
681
18
174
352
78
292
256
142
473
494
195
1063
579
251
165
486
89
52
229
883
1152
551
1117
254
216
228
390
526
7
1102
567
139
1086
587
399
761
445
193
749
321
14
451
36
869
790
541
689
449
55
60
576
108
773
131
412
191
20
692
508
71
155
291
40
792
248
116
880
387
527
3
183
641
696
104
105
1239
1505
150
456
1037
203
375
346
348
33
419
253
132
970
53
151
62
998
448
554
1792
129
97
187
340
236
232
66
310
91
502
926
372
124
599
157
1428
44
61
98
172
94
