1.00000000
0.99975990
0.99951981
0.99927971
0.99903962
0.99879952
0.99855942
0.99831933
0.99807923
0.99783914
0.99759904
0.99735894
0.99711885
0.99687875
0.99543818
0.99519808
0.99495798
0.99471789
0.99447779
0.99423770
0.99399760
0.99375750
0.99351741
0.99327731
0.99303721
0.99279712
0.99255702
0.99231693
0.99207683
0.99183673
0.99159664
0.99135654
0.99111645
0.98991597
0.98967587
0.98943577
0.98919568
0.98895558
0.98871549
0.98847539
0.98823529
0.98799520
0.98775510
0.98751501
0.98727491
0.98703481
0.98679472
0.98655462
0.98631453
0.98607443
0.98583433
0.98559424
0.98535414
0.98511405
0.98487395
0.98463385
0.98439376
0.98415366
0.98391357
0.98367347
0.98343337
0.98319328
0.98295318
0.98271309
0.98247299
0.98223289
0.98199280
0.98175270
0.98151261
0.98127251
0.98103241
0.98079232
0.98055222
0.98031212
0.98007203
0.97983193
0.97959184
0.97935174
0.97911164
0.97887155
0.97863145
0.97815126
0.97791116
0.97767107
0.97743097
0.97719088
0.97695078
0.97671068
0.97647059
0.97623049
0.97599040
0.97575030
0.97551020
0.97527011
0.97503001
0.97478992
0.97454982
0.97430972
0.97406963
0.97382953
0.97358944
0.97334934
0.97310924
0.97286915
0.97262905
0.97238896
0.97214886
0.97190876
0.97166867
0.97142857
0.97118848
0.97094838
0.97070828
0.97022809
0.96998800
0.96974790
0.96950780
0.96926771
0.96902761
0.96878752
0.96854742
0.96830732
0.96806723
0.96782713
0.96758703
0.96734694
0.96710684
0.96686675
0.96662665
0.96638655
0.96614646
0.96590636
0.96566627
0.96542617
0.96518607
0.96494598
0.96470588
0.96446579
0.96422569
0.96398559
0.96374550
0.96350540
0.96326531
0.96302521
0.96278511
0.96230492
0.96206483
0.96182473
0.96158463
0.96134454
0.96062425
0.96038415
0.96014406
0.95990396
0.95966387
0.95942377
0.95918367
0.95894358
0.95870348
0.95846339
0.95822329
0.95774310
0.95750300
0.95726291
0.95702281
0.95678271
0.95654262
0.95630252
0.95606242
0.95582233
0.95558223
0.95534214
0.95510204
0.95486194
0.95462185
0.95438175
0.95414166
0.95390156
0.95366146
0.95342137
0.95318127
0.95294118
0.95270108
0.95246098
0.95222089
0.95198079
0.95174070
0.95150060
0.95126050
0.95102041
0.95078031
0.95054022
0.95030012
0.95006002
0.94981993
0.94957983
0.94933974
0.94909964
0.94885954
0.94861945
0.94789916
0.94669868
0.94645858
0.94621849
0.94597839
0.94573830
0.94549820
0.94525810
0.94477791
0.94453782
0.94429772
0.94405762
0.94381753
0.94357743
0.94333733
0.94309724
0.94285714
0.94261705
0.94237695
0.94213685
0.94189676
0.94165666
0.94141657
0.94117647
0.94093637
0.94069628
0.94045618
0.94021609
0.93997599
0.93973589
0.93949580
0.93925570
0.93901561
0.93877551
0.93853541
0.93829532
0.93805522
0.93781513
0.93757503
0.93733493
0.93709484
0.93685474
0.93661465
0.93637455
0.93613445
0.93589436
0.93565426
0.93541417
0.93517407
0.93493397
0.93469388
0.93445378
0.93421369
0.93397359
0.93373349
0.93349340
0.93301321
0.93229292
0.93205282
0.93181273
0.93157263
0.93133253
0.93109244
0.93085234
0.93061224
0.93037215
0.93013205
0.92989196
0.92965186
0.92941176
0.92917167
0.92893157
0.92869148
0.92845138
0.92821128
0.92797119
0.92773109
0.92749100
0.92725090
0.92701080
0.92677071
0.92653061
0.92629052
0.92605042
0.92581032
0.92557023
0.92533013
0.92484994
0.92460984
0.92436975
0.92412965
0.92388956
0.92364946
0.92340936
0.92316927
0.92292917
0.92268908
0.92244898
0.92220888
0.92196879
0.92172869
0.92148860
0.92124850
0.92100840
0.92076831
0.92052821
0.92004802
0.91980792
0.91956783
0.91884754
0.91836735
0.91812725
0.91788715
0.91764706
0.91740696
0.91716687
0.91692677
0.91668667
0.91644658
0.91620648
0.91596639
0.91572629
0.91548619
0.91524610
0.91500600
0.91476591
0.91452581
0.91428571
0.91404562
0.91380552
0.91356543
0.91332533
0.91308523
0.91260504
0.91212485
0.91188475
0.91140456
0.91116447
0.91092437
0.91068427
0.91044418
0.91020408
0.90996399
0.90972389
0.90948379
0.90924370
0.90900360
0.90876351
0.90852341
0.90804322
0.90780312
0.90756303
0.90732293
0.90708283
0.90684274
0.90660264
0.90636255
0.90612245
0.90588235
0.90564226
0.90540216
0.90516206
0.90492197
0.90468187
0.90444178
0.90420168
0.90396158
0.90372149
0.90348139
0.90324130
0.90300120
0.90276110
0.90252101
0.90228091
0.90204082
0.90180072
0.90156062
0.90132053
0.90108043
0.90084034
0.90060024
0.90036014
0.90012005
0.89939976
0.89915966
0.89891957
0.89867947
0.89843938
0.89819928
0.89795918
0.89771909
0.89747899
0.89723890
0.89699880
0.89675870
0.89651861
0.89627851
0.89603842
0.89579832
0.89555822
0.89531813
0.89507803
0.89483794
0.89459784
0.89435774
0.89411765
0.89387755
0.89363745
0.89339736
0.89315726
0.89291717
0.89267707
0.89243697
0.89219688
0.89195678
0.89171669
0.89147659
0.89123649
0.89099640
0.89075630
0.89051621
0.89027611
0.89003601
0.88979592
0.88955582
0.88931573
0.88907563
0.88883553
0.88859544
0.88835534
0.88787515
0.88763505
0.88739496
0.88715486
0.88691477
0.88667467
0.88643457
0.88619448
0.88595438
0.88571429
0.88547419
0.88499400
0.88475390
0.88451381
0.88427371
0.88403361
0.88379352
0.88355342
0.88331333
0.88307323
0.88235294
0.88211285
0.88187275
0.88163265
0.88139256
0.88115246
0.88091236
0.88067227
0.88043217
0.88019208
0.87995198
0.87971188
0.87947179
0.87923169
0.87899160
0.87875150
0.87851140
0.87827131
0.87779112
0.87755102
0.87731092
0.87707083
0.87683073
0.87659064
0.87635054
0.87611044
0.87587035
0.87563025
0.87490996
0.87466987
0.87442977
0.87418968
0.87394958
0.87370948
0.87346939
0.87322929
0.87298920
0.87274910
0.87250900
0.87178872
0.87154862
0.87130852
0.87106843
0.87082833
0.87058824
0.87034814
0.87010804
0.86986795
0.86962785
0.86938776
0.86914766
0.86890756
0.86866747
0.86842737
0.86818727
0.86794718
0.86770708
0.86722689
0.86698679
0.86674670
0.86650660
0.86626651
0.86602641
0.86578631
0.86554622
0.86530612
0.86506603
0.86482593
0.86458583
0.86434574
0.86410564
0.86386555
0.86362545
0.86338535
0.86314526
0.86290516
0.86266507
0.86242497
0.86218487
0.86194478
0.86170468
0.86146459
0.86122449
0.86098439
0.86074430
0.86050420
0.86026411
0.86002401
0.85978391
0.85954382
0.85930372
0.85906363
0.85882353
0.85858343
0.85834334
0.85810324
0.85786315
0.85762305
0.85738295
0.85714286
0.85690276
0.85666267
0.85642257
0.85594238
0.85570228
0.85546218
0.85522209
0.85498199
0.85474190
0.85450180
0.85426170
0.85402161
0.85378151
0.85354142
0.85330132
0.85306122
0.85282113
0.85258103
0.85234094
0.85210084
0.85186074
0.85162065
0.85138055
0.85114046
0.85090036
0.85066026
0.85018007
0.84993998
0.84969988
0.84897959
0.84873950
0.84849940
0.84825930
0.84801921
0.84777911
0.84705882
0.84681873
0.84657863
0.84633854
0.84609844
0.84585834
0.84561825
0.84537815
0.84513806
0.84489796
0.84465786
0.84441777
0.84417767
0.84393758
0.84369748
0.84345738
0.84321729
0.84297719
0.84273709
0.84249700
0.84225690
0.84201681
0.84177671
0.84153661
0.84129652
0.84105642
0.84081633
0.84057623
0.84033613
0.84009604
0.83985594
0.83961585
0.83937575
0.83913565
0.83889556
0.83865546
0.83841537
0.83817527
0.83793517
0.83769508
0.83745498
0.83721489
0.83697479
0.83673469
0.83649460
0.83625450
0.83601441
0.83577431
0.83553421
0.83529412
0.83505402
0.83481393
0.83457383
0.83433373
0.83337335
0.83313325
0.83289316
0.83241297
0.83217287
0.83193277
0.83169268
0.83145258
0.83121248
0.83049220
0.83025210
0.83001200
0.82977191
0.82953181
0.82857143
0.82833133
0.82809124
0.82785114
0.82761104
0.82737095
0.82713085
0.82689076
0.82665066
0.82641056
0.82617047
0.82593037
0.82569028
0.82545018
0.82521008
0.82496999
0.82472989
0.82448980
0.82424970
0.82400960
0.82376951
0.82352941
0.82328932
0.82304922
0.82280912
0.82256903
0.82232893
0.82208884
0.82184874
0.82160864
0.82136855
0.82112845
0.82088836
0.82064826
0.82040816
0.82016807
0.81992797
0.81968788
0.81944778
0.81920768
0.81896759
0.81872749
0.81848739
0.81824730
0.81800720
0.81776711
0.81752701
0.81728691
0.81704682
0.81680672
0.81656663
0.81632653
0.81608643
0.81584634
0.81560624
0.81536615
0.81512605
0.81488595
0.81464586
0.81440576
0.81416567
0.81392557
0.81368547
0.81344538
0.81320528
0.81296519
0.81272509
0.81248499
0.81224490
0.81200480
0.81176471
0.81152461
0.81128451
0.81104442
0.81080432
0.81056423
0.81032413
0.81008403
0.80984394
0.80960384
0.80936375
0.80912365
0.80888355
0.80864346
0.80840336
0.80816327
0.80792317
0.80768307
0.80744298
0.80720288
0.80696279
0.80672269
0.80648259
0.80528211
0.80504202
0.80480192
0.80456182
0.80432173
0.80408163
0.80384154
0.80360144
0.80336134
0.80312125
0.80240096
0.80216086
0.80192077
0.80168067
0.80144058
0.80120048
0.80096038
0.80072029
0.80048019
0.80024010
0.80000000
0.79975990
0.79951981
0.79927971
0.79903962
0.79879952
0.79855942
0.79831933
0.79807923
0.79735894
0.79687875
0.79663866
0.79639856
0.79615846
0.79591837
0.79567827
0.79543818
0.79519808
0.79495798
0.79471789
0.79447779
0.79423770
0.79399760
0.79375750
0.79351741
0.79327731
0.79303721
0.79279712
0.79255702
0.79231693
0.79207683
0.79087635
0.79063625
0.79039616
0.79015606
0.78991597
0.78967587
0.78943577
0.78919568
0.78895558
0.78871549
0.78847539
0.78823529
0.78799520
0.78751501
0.78727491
0.78703481
0.78679472
0.78655462
0.78607443
0.78583433
0.78559424
0.78535414
0.78511405
0.78463385
0.78439376
0.78415366
0.78391357
0.78343337
0.78319328
0.78247299
0.78223289
0.78199280
0.78175270
0.78151261
0.78127251
0.78103241
0.78079232
0.78055222
0.78031212
0.78007203
0.77983193
0.77959184
0.77935174
0.77911164
0.77887155
0.77863145
0.77839136
0.77815126
0.77791116
0.77767107
0.77743097
0.77719088
0.77695078
0.77671068
0.77647059
0.77623049
0.77599040
0.77575030
0.77551020
0.77527011
0.77503001
0.77478992
0.77454982
0.77430972
0.77406963
0.77358944
0.77334934
0.77310924
0.77286915
0.77262905
0.77238896
0.77214886
0.77190876
0.77166867
0.77142857
0.77118848
0.77094838
0.77070828
0.77046819
0.77022809
0.76998800
0.76974790
0.76950780
0.76926771
0.76902761
0.76878752
0.76854742
0.76830732
0.76806723
0.76782713
0.76758703
0.76734694
0.76710684
0.76686675
0.76662665
0.76638655
0.76614646
0.76590636
0.76566627
0.76542617
0.76518607
0.76494598
0.76470588
0.76446579
0.76422569
0.76398559
0.76374550
0.76350540
0.76326531
0.76302521
0.76278511
0.76254502
0.76230492
0.76206483
0.76182473
0.76158463
0.76134454
0.76110444
0.76086435
0.76062425
0.76038415
0.76014406
0.75990396
0.75966387
0.75942377
0.75918367
0.75894358
0.75870348
0.75846339
0.75822329
0.75798319
0.75774310
0.75750300
0.75726291
0.75702281
0.75678271
0.75654262
0.75606242
0.75582233
0.75558223
0.75534214
0.75510204
0.75486194
0.75462185
0.75438175
0.75414166
0.75390156
0.75366146
0.75342137
0.75318127
0.75294118
0.75270108
0.75246098
0.75222089
0.75198079
0.75174070
0.75150060
0.75126050
0.75102041
0.75078031
0.75030012
0.75006002
0.74981993
0.74957983
0.74861945
0.74837935
0.74813926
0.74789916
0.74765906
0.74741897
0.74717887
0.74693878
0.74669868
0.74645858
0.74621849
0.74597839
0.74549820
0.74525810
0.74501801
0.74477791
0.74453782
0.74429772
0.74405762
0.74381753
0.74357743
0.74333733
0.74309724
0.74285714
0.74261705
0.74237695
0.74213685
0.74189676
0.74165666
0.74141657
0.74117647
0.74093637
0.74069628
0.73997599
0.73973589
0.73949580
0.73925570
0.73901561
0.73877551
0.73853541
0.73805522
0.73781513
0.73757503
0.73685474
0.73661465
0.73637455
0.73613445
0.73589436
0.73565426
0.73493397
0.73469388
0.73445378
0.73373349
0.73301321
0.73277311
0.73253301
0.73229292
0.73205282
0.73181273
0.73157263
0.73133253
0.73109244
0.73085234
0.73061224
0.73037215
0.73013205
0.72989196
0.72965186
0.72941176
0.72917167
0.72893157
0.72869148
0.72845138
0.72821128
0.72797119
0.72773109
0.72749100
0.72725090
0.72701080
0.72677071
0.72653061
0.72629052
0.72605042
0.72581032
0.72557023
0.72533013
0.72509004
0.72484994
0.72460984
0.72436975
0.72412965
0.72388956
0.72364946
0.72340936
0.72316927
0.72292917
0.72268908
0.72244898
0.72220888
0.72196879
0.72172869
0.72100840
0.72076831
0.72052821
0.72028812
0.71980792
0.71956783
0.71932773
0.71908764
0.71884754
0.71860744
0.71836735
0.71812725
0.71788715
0.71764706
0.71740696
0.71716687
0.71692677
0.71668667
0.71644658
0.71620648
0.71596639
0.71572629
0.71548619
0.71524610
0.71500600
0.71476591
0.71452581
0.71428571
0.71404562
0.71380552
0.71356543
0.71332533
0.71308523
0.71236495
0.71212485
0.71188475
0.71164466
0.71140456
0.71116447
0.71092437
0.71068427
0.71044418
0.71020408
0.70948379
0.70924370
0.70900360
0.70876351
0.70852341
0.70828331
0.70804322
0.70780312
0.70756303
0.70732293
0.70708283
0.70684274
0.70660264
0.70636255
0.70612245
0.70588235
0.70564226
0.70540216
0.70516206
0.70492197
0.70468187
0.70444178
0.70420168
0.70396158
0.70372149
0.70348139
0.70324130
0.70300120
0.70276110
0.70252101
0.70228091
0.70204082
0.70180072
0.70156062
0.70132053
0.70108043
0.70084034
0.70060024
0.70036014
0.70012005
0.69987995
0.69963986
0.69939976
0.69915966
0.69891957
0.69867947
0.69843938
0.69819928
0.69795918
0.69771909
0.69747899
0.69723890
0.69699880
0.69675870
0.69651861
0.69627851
0.69603842
0.69579832
0.69555822
0.69531813
0.69507803
0.69483794
0.69459784
0.69435774
0.69411765
0.69387755
0.69363745
0.69291717
0.69267707
0.69243697
0.69219688
0.69195678
0.69171669
0.69147659
0.69123649
0.69099640
0.69075630
0.69051621
0.69027611
0.69003601
0.68979592
0.68955582
0.68931573
0.68907563
0.68883553
0.68859544
0.68835534
0.68811525
0.68787515
0.68763505
0.68739496
0.68715486
0.68691477
0.68667467
0.68643457
0.68619448
0.68595438
0.68571429
0.68547419
0.68523409
0.68499400
0.68475390
0.68451381
0.68427371
0.68355342
0.68331333
0.68307323
0.68283313
0.68259304
0.68235294
0.68211285
0.68187275
0.68163265
0.68139256
0.68115246
0.68091236
0.68067227
0.68043217
0.68019208
0.67995198
0.67971188
0.67947179
0.67923169
0.67899160
0.67875150
0.67851140
0.67827131
0.67803121
0.67779112
0.67755102
0.67731092
0.67707083
0.67683073
0.67659064
0.67635054
0.67611044
0.67587035
0.67563025
0.67539016
0.67515006
0.67490996
0.67466987
0.67442977
0.67418968
0.67394958
0.67370948
0.67346939
0.67322929
0.67298920
0.67274910
0.67250900
0.67226891
0.67202881
0.67178872
0.67154862
0.67130852
0.67106843
0.67082833
0.67058824
0.67034814
0.67010804
0.66986795
0.66962785
0.66938776
0.66866747
0.66842737
0.66818727
0.66794718
0.66770708
0.66746699
0.66722689
0.66698679
0.66674670
0.66650660
0.66626651
0.66602641
0.66530612
0.66506603
0.66482593
0.66458583
0.66434574
0.66410564
0.66386555
0.66362545
0.66338535
0.66314526
0.66290516
0.66266507
0.66242497
0.66218487
0.66194478
0.66170468
0.66146459
0.66122449
0.66098439
0.66074430
0.66050420
0.66026411
0.66002401
0.65978391
0.65954382
0.65930372
0.65906363
0.65882353
0.65858343
0.65834334
0.65810324
0.65786315
0.65762305
0.65738295
0.65714286
0.65690276
0.65666267
0.65642257
0.65618247
0.65594238
0.65570228
0.65546218
0.65522209
0.65498199
0.65474190
0.65450180
0.65426170
0.65402161
0.65378151
0.65354142
0.65330132
0.65306122
0.65282113
0.65258103
0.65234094
0.65210084
0.65186074
0.65162065
0.65138055
0.65114046
0.65090036
0.65066026
0.65042017
0.65018007
0.64993998
0.64969988
0.64945978
0.64921969
0.64897959
0.64873950
0.64849940
0.64825930
0.64801921
0.64777911
0.64753902
0.64729892
0.64705882
0.64681873
0.64657863
0.64633854
0.64609844
0.64585834
0.64561825
0.64537815
0.64513806
0.64489796
0.64465786
0.64441777
0.64417767
0.64393758
0.64369748
0.64345738
0.64321729
0.64297719
0.64273709
0.64249700
0.64225690
0.64201681
0.64177671
0.64153661
0.64129652
0.64105642
0.64081633
0.64057623
0.64033613
0.64009604
0.63985594
0.63961585
0.63937575
0.63913565
0.63889556
0.63865546
0.63841537
0.63817527
0.63793517
0.63769508
0.63745498
0.63721489
0.63697479
0.63673469
0.63649460
0.63625450
0.63601441
0.63577431
0.63553421
0.63529412
0.63505402
0.63481393
0.63457383
0.63433373
0.63409364
0.63385354
0.63361345
0.63337335
0.63313325
0.63289316
0.63265306
0.63241297
0.63217287
0.63193277
0.63169268
0.63145258
0.63121248
0.63097239
0.63073229
0.63049220
0.63025210
0.63001200
0.62977191
0.62953181
0.62929172
0.62905162
0.62881152
0.62857143
0.62833133
0.62809124
0.62785114
0.62761104
0.62737095
0.62713085
0.62689076
0.62665066
0.62641056
0.62617047
0.62593037
0.62569028
0.62545018
0.62521008
0.62496999
0.62472989
0.62448980
0.62424970
0.62400960
0.62376951
0.62352941
0.62328932
0.62304922
0.62232893
0.62208884
0.62184874
0.62160864
0.62136855
0.62112845
0.62088836
0.62064826
0.62040816
0.62016807
0.61992797
0.61968788
0.61944778
0.61704682
0.61680672
0.61656663
0.61632653
0.61608643
0.61584634
0.61560624
0.61536615
0.61512605
0.61488595
0.61464586
0.61440576
0.61416567
0.61392557
0.61368547
0.61344538
0.61320528
0.61296519
0.61272509
0.61248499
0.61224490
0.61200480
0.61176471
0.61152461
0.61128451
0.61104442
0.61080432
0.61056423
0.61032413
0.61008403
0.60984394
0.60960384
0.60936375
0.60912365
0.60888355
0.60864346
0.60840336
0.60816327
0.60792317
0.60768307
0.60744298
0.60720288
0.60696279
0.60672269
0.60648259
0.60624250
0.60600240
0.60576230
0.60552221
0.60528211
0.60504202
0.60480192
0.60456182
0.60432173
0.60408163
0.60384154
0.60360144
0.60336134
0.60312125
0.60288115
0.60264106
0.60240096
0.60216086
0.60192077
0.60168067
0.60144058
0.60120048
0.60096038
0.60072029
0.60048019
0.60024010
0.60000000
0.59975990
0.59951981
0.59927971
0.59903962
0.59879952
0.59855942
0.59783914
0.59759904
0.59735894
0.59711885
0.59687875
0.59663866
0.59639856
0.59615846
0.59591837
0.59567827
0.59543818
0.59519808
0.59495798
0.59471789
0.59447779
0.59423770
0.59399760
0.59375750
0.59351741
0.59327731
0.59303721
0.59279712
0.59255702
0.59231693
0.59207683
0.59183673
0.59159664
0.59135654
0.59111645
0.59039616
0.59015606
0.58991597
0.58967587
0.58943577
0.58919568
0.58895558
0.58871549
0.58847539
0.58823529
0.58799520
0.58727491
0.58703481
0.58679472
0.58655462
0.58631453
0.58607443
0.58583433
0.58559424
0.58535414
0.58511405
0.58415366
0.58391357
0.58367347
0.58343337
0.58319328
0.58295318
0.58271309
0.58247299
0.58223289
0.58199280
0.58175270
0.58151261
0.58127251
0.58103241
0.58079232
0.58055222
0.58031212
0.58007203
0.57935174
0.57911164
0.57887155
0.57863145
0.57839136
0.57815126
0.57791116
0.57767107
0.57743097
0.57719088
0.57695078
0.57671068
0.57647059
0.57623049
0.57599040
0.57575030
0.57551020
0.57527011
0.57503001
0.57478992
0.57454982
0.57430972
0.57406963
0.57382953
0.57358944
0.57334934
0.57310924
0.57286915
0.57262905
0.57214886
0.57190876
0.57166867
0.57142857
0.57118848
0.57094838
0.57070828
0.57046819
0.57022809
0.56998800
0.56974790
0.56950780
0.56926771
0.56902761
0.56878752
0.56854742
0.56854742
0.56782713
0.56758703
0.56734694
0.56710684
0.56686675
0.56662665
0.56638655
0.56614646
0.56590636
0.56566627
0.56542617
0.56518607
0.56494598
0.56470588
0.56446579
0.56422569
0.56398559
0.56374550
0.56350540
0.56326531
0.56302521
0.56278511
0.56254502
0.56230492
0.56206483
0.56182473
0.56158463
0.56134454
0.56110444
0.56086435
0.56062425
0.56038415
0.56014406
0.55990396
0.55966387
0.55942377
0.55918367
0.55894358
0.55870348
0.55846339
0.55822329
0.55798319
0.55726291
0.55702281
0.55678271
0.55654262
0.55630252
0.55606242
0.55582233
0.55558223
0.55534214
0.55510204
0.55486194
0.55462185
0.55438175
0.55414166
0.55390156
0.55366146
0.55342137
0.55318127
0.55294118
0.55270108
0.55246098
0.55222089
0.55198079
0.55174070
0.55150060
0.55126050
0.55102041
0.55078031
0.55054022
0.55030012
0.55006002
0.54981993
0.54957983
0.54933974
0.54909964
0.54885954
0.54861945
0.54837935
0.54813926
0.54717887
0.54693878
0.54669868
0.54645858
0.54621849
0.54597839
0.54573830
0.54549820
0.54525810
0.54501801
0.54477791
0.54453782
0.54429772
0.54405762
0.54381753
0.54357743
0.54333733
0.54309724
0.54285714
0.54261705
0.54237695
0.54213685
0.54189676
0.54165666
0.54141657
0.54093637
0.54069628
0.54045618
0.54045618
0.54021609
0.53997599
0.53973589
0.53949580
0.53925570
0.53901561
0.53877551
0.53853541
0.53829532
0.53805522
0.53781513
0.53757503
0.53733493
0.53709484
0.53685474
0.53661465
0.53637455
0.53613445
0.53589436
0.53565426
0.53541417
0.53517407
0.53493397
0.53469388
0.53445378
0.53421369
0.53397359
0.53373349
0.53349340
0.53325330
0.53301321
0.53277311
0.53253301
0.53229292
0.53205282
0.53181273
0.53157263
0.53133253
0.53109244
0.53085234
0.53061224
0.53037215
0.53013205
0.52989196
0.52965186
0.52941176
0.52917167
0.52893157
0.52869148
0.52845138
0.52821128
0.52797119
0.52773109
0.52749100
0.52725090
0.52701080
0.52677071
0.52653061
0.52629052
0.52605042
0.52581032
0.52557023
0.52533013
0.52509004
0.52484994
0.52460984
0.52436975
0.52412965
0.52388956
0.52364946
0.52340936
0.52316927
0.52292917
0.52268908
0.52244898
0.52220888
0.52196879
0.52172869
0.52148860
0.52124850
0.52100840
0.52076831
0.52052821
0.52028812
0.52004802
0.51980792
0.51956783
0.51932773
0.51908764
0.51884754
0.51860744
0.51836735
0.51812725
0.51788715
0.51764706
0.51740696
0.51716687
0.51692677
0.51668667
0.51644658
0.51620648
0.51596639
0.51572629
0.51548619
0.51524610
0.51500600
0.51476591
0.51452581
0.51428571
0.51404562
0.51380552
0.51356543
0.51332533
0.51308523
0.51284514
0.51260504
0.51236495
0.51212485
0.51188475
0.51164466
0.51140456
0.51116447
0.51092437
0.51068427
0.51044418
0.51020408
0.50996399
0.50972389
0.50948379
0.50924370
0.50900360
0.50876351
0.50852341
0.50828331
0.50804322
0.50780312
0.50756303
0.50732293
0.50708283
0.50684274
0.50660264
0.50636255
0.50612245
0.50588235
0.50564226
0.50540216
0.50516206
0.50492197
0.50468187
0.50444178
0.50420168
0.50396158
0.50372149
0.50348139
0.50324130
0.50300120
0.50276110
0.50252101
0.50228091
0.50204082
0.50180072
0.50156062
0.50132053
0.50108043
0.50084034
0.50060024
0.50036014
0.50012005
0.49987995
0.49963986
0.49939976
0.49915966
0.49891957
0.49867947
0.49843938
0.49819928
0.49795918
0.49771909
0.49747899
0.49675870
0.49651861
0.49627851
0.49603842
0.49579832
0.49555822
0.49531813
0.49507803
0.49483794
0.49459784
0.49435774
0.49411765
0.49387755
0.49363745
0.49339736
0.49315726
0.49291717
0.49267707
0.49243697
0.49219688
0.49195678
0.49171669
0.49147659
0.49123649
0.49099640
0.49075630
0.49051621
0.49027611
0.49003601
0.48979592
0.48955582
0.48931573
0.48907563
0.48883553
0.48859544
0.48835534
0.48811525
0.48787515
0.48763505
0.48739496
0.48715486
0.48691477
0.48667467
0.48643457
0.48619448
0.48595438
0.48571429
0.48547419
0.48523409
0.48499400
0.48475390
0.48451381
0.48427371
0.48403361
0.48379352
0.48355342
0.48331333
0.48307323
0.48283313
0.48259304
0.48235294
0.48211285
0.48187275
0.48115246
0.48091236
0.48067227
0.48043217
0.48019208
0.47995198
0.47971188
0.47947179
0.47923169
0.47899160
0.47875150
0.47851140
0.47827131
0.47803121
0.47779112
0.47755102
0.47731092
0.47707083
0.47683073
0.47659064
0.47635054
0.47611044
0.47587035
0.47563025
0.47539016
0.47515006
0.47490996
0.47466987
0.47442977
0.47418968
0.47394958
0.47370948
0.47346939
0.47322929
0.47298920
0.47274910
0.47250900
0.47226891
0.47202881
0.47178872
0.47154862
0.47130852
0.47106843
0.47082833
0.47058824
0.47034814
0.47010804
0.46986795
0.46962785
0.46938776
0.46914766
0.46890756
0.46866747
0.46842737
0.46818727
0.46794718
0.46770708
0.46746699
0.46722689
0.46698679
0.46674670
0.46650660
0.46626651
0.46602641
0.46578631
0.46554622
0.46530612
0.46506603
0.46482593
0.46458583
0.46434574
0.46410564
0.46386555
0.46362545
0.46338535
0.46314526
0.46290516
0.46266507
0.46242497
0.46218487
0.46194478
0.46170468
0.46146459
0.46122449
0.46098439
0.46074430
0.46050420
0.46026411
0.46002401
0.45978391
0.45954382
0.45906363
0.45882353
0.45858343
0.45834334
0.45810324
0.45786315
0.45762305
0.45738295
0.45714286
0.45690276
0.45666267
0.45642257
0.45618247
0.45594238
0.45570228
0.45546218
0.45522209
0.45498199
0.45474190
0.45450180
0.45426170
0.45402161
0.45378151
0.45354142
0.45330132
0.45306122
0.45282113
0.45258103
0.45234094
0.45210084
0.45186074
0.45162065
0.45138055
0.45114046
0.45090036
0.45066026
0.45042017
0.45018007
0.44993998
0.44969988
0.44945978
0.44921969
0.44897959
0.44873950
0.44849940
0.44825930
0.44801921
0.44777911
0.44753902
0.44729892
0.44705882
0.44681873
0.44657863
0.44633854
0.44609844
0.44585834
0.44561825
0.44537815
0.44513806
0.44489796
0.44465786
0.44441777
0.44417767
0.44393758
0.44369748
0.44345738
0.44321729
0.44297719
0.44273709
0.44249700
0.44225690
0.44201681
0.44177671
0.44153661
0.44129652
0.44105642
0.44081633
0.44057623
0.44033613
0.44009604
0.43985594
0.43961585
0.43937575
0.43913565
0.43889556
0.43865546
0.43841537
0.43817527
0.43793517
0.43769508
0.43745498
0.43721489
0.43697479
0.43673469
0.43649460
0.43625450
0.43601441
0.43577431
0.43553421
0.43529412
0.43505402
0.43481393
0.43457383
0.43433373
0.43409364
0.43385354
0.43361345
0.43337335
0.43313325
0.43289316
0.43265306
0.43241297
0.43217287
0.43193277
0.43169268
0.43145258
0.43121248
0.43097239
0.43073229
0.43049220
0.43025210
0.43001200
0.42977191
0.42953181
0.42929172
0.42905162
0.42881152
0.42857143
0.42833133
0.42809124
0.42785114
0.42761104
0.42737095
0.42713085
0.42689076
0.42665066
0.42641056
0.42617047
0.42593037
0.42569028
0.42545018
0.42521008
0.42496999
0.42472989
0.42448980
0.42424970
0.42400960
0.42376951
0.42352941
0.42328932
0.42304922
0.42280912
0.42256903
0.42232893
0.42208884
0.42184874
0.42160864
0.42136855
0.42112845
0.42088836
0.42064826
0.42040816
0.42016807
0.41992797
0.41968788
0.41944778
0.41920768
0.41896759
0.41872749
0.41848739
0.41824730
0.41800720
0.41776711
0.41752701
0.41728691
0.41704682
0.41680672
0.41656663
0.41632653
0.41608643
0.41584634
0.41560624
0.41536615
0.41512605
0.41488595
0.41464586
0.41440576
0.41416567
0.41392557
0.41368547
0.41344538
0.41320528
0.41296519
0.41272509
0.41248499
0.41224490
0.41200480
0.41176471
0.41152461
0.41128451
0.41104442
0.41080432
0.41056423
0.41032413
0.41008403
0.40984394
0.40960384
0.40936375
0.40912365
0.40888355
0.40864346
0.40840336
0.40816327
0.40792317
0.40792317
0.40792317
0.40792317
0.40768307
0.40744298
0.40696279
0.40672269
0.40648259
0.40624250
0.40600240
0.40576230
0.40552221
0.40504202
0.40456182
0.40456182
0.40456182
0.40456182
0.40432173
0.40408163
0.40384154
0.40360144
0.40336134
0.40312125
0.40288115
0.40264106
0.40240096
0.40216086
0.40192077
0.40168067
0.40144058
0.40120048
0.40096038
0.40072029
0.40048019
0.40024010
0.40000000
0.39975990
0.39951981
0.39927971
0.39903962
0.39879952
0.39855942
0.39831933
0.39807923
0.39783914
0.39759904
0.39735894
0.39711885
0.39687875
0.39663866
0.39639856
0.39615846
0.39591837
0.39567827
0.39543818
0.39519808
0.39495798
0.39471789
0.39447779
0.39423770
0.39399760
0.39375750
0.39351741
0.39327731
0.39303721
0.39279712
0.39255702
0.39231693
0.39207683
0.39183673
0.39159664
0.39135654
0.39111645
0.39111645
0.39111645
0.39111645
0.39111645
0.39111645
0.39111645
0.39111645
0.39111645
0.39111645
0.39111645
0.39111645
0.39111645
0.39111645
0.39111645
0.39111645
0.39111645
0.39111645
0.39111645
0.39111645
0.39111645
0.39111645
0.39111645
0.39111645
0.39111645
0.39111645
0.39111645
0.39111645
0.39087635
0.39063625
0.39039616
0.39015606
0.38991597
0.38967587
0.38967587
0.38967587
0.38967587
0.38967587
0.38967587
0.38967587
0.38967587
0.38967587
0.38943577
0.38919568
0.38895558
0.38871549
0.38847539
0.38823529
0.38799520
0.38775510
0.38751501
0.38727491
0.38703481
0.38679472
0.38655462
0.38631453
0.38607443
0.38583433
0.38559424
0.38535414
0.38511405
0.38487395
0.38463385
0.38439376
0.38415366
0.38391357
0.38367347
0.38343337
0.38319328
0.38295318
0.38271309
0.38247299
0.38223289
0.38199280
0.38175270
0.38151261
0.38127251
0.38103241
0.38079232
0.38055222
0.38031212
0.38007203
0.37983193
0.37959184
0.37935174
0.37911164
0.37887155
0.37863145
0.37839136
0.37815126
0.37791116
0.37767107
0.37743097
0.37719088
0.37695078
0.37671068
0.37647059
0.37623049
0.37599040
0.37575030
0.37551020
0.37527011
0.37503001
0.37478992
0.37454982
0.37430972
0.37406963
0.37382953
0.37358944
0.37334934
0.37310924
0.37286915
0.37262905
0.37238896
0.37214886
0.37190876
0.37166867
0.37142857
0.37118848
0.37094838
0.37070828
0.37046819
0.37022809
0.36998800
0.36974790
0.36950780
0.36926771
0.36902761
0.36878752
0.36854742
0.36830732
0.36806723
0.36782713
0.36758703
0.36734694
0.36710684
0.36686675
0.36662665
0.36638655
0.36614646
0.36590636
0.36566627
0.36542617
0.36518607
0.36494598
0.36470588
0.36446579
0.36422569
0.36398559
0.36374550
0.36350540
0.36326531
0.36302521
0.36278511
0.36254502
0.36230492
0.36206483
0.36182473
0.36158463
0.36134454
0.36110444
0.36086435
0.36062425
0.36038415
0.36014406
0.35990396
0.35966387
0.35942377
0.35918367
0.35894358
0.35870348
0.35846339
0.35822329
0.35798319
0.35774310
0.35750300
0.35726291
0.35702281
0.35678271
0.35654262
0.35630252
0.35606242
0.35582233
0.35558223
0.35534214
0.35510204
0.35486194
0.35462185
0.35438175
0.35414166
0.35390156
0.35366146
0.35342137
0.35318127
0.35294118
0.35270108
0.35246098
0.35222089
0.35198079
0.35174070
0.35150060
0.35126050
0.35102041
0.35078031
0.35054022
0.35030012
0.35006002
0.34981993
0.34957983
0.34933974
0.34909964
0.34885954
0.34861945
0.34837935
0.34813926
0.34789916
0.34765906
0.34741897
0.34717887
0.34693878
0.34669868
0.34645858
0.34621849
0.34597839
0.34573830
0.34549820
0.34525810
0.34501801
0.34477791
0.34453782
0.34429772
0.34405762
0.34381753
0.34357743
0.34333733
0.34309724
0.34285714
0.34261705
0.34237695
0.34213685
0.34189676
0.34165666
0.34141657
0.34117647
0.34093637
0.34069628
0.34045618
0.34021609
0.33997599
0.33973589
0.33949580
0.33925570
0.33901561
0.33877551
0.33853541
0.33829532
0.33805522
0.33781513
0.33757503
0.33733493
0.33709484
0.33685474
0.33661465
0.33637455
0.33613445
0.33589436
0.33565426
0.33541417
0.33517407
0.33493397
0.33469388
0.33445378
0.33421369
0.33397359
0.33373349
0.33349340
0.33325330
0.33301321
0.33277311
0.33253301
0.33229292
0.33205282
0.33181273
0.33157263
0.33133253
0.33109244
0.33085234
0.33061224
0.33037215
0.33013205
0.32989196
0.32965186
0.32941176
0.32917167
0.32893157
0.32869148
0.32845138
0.32821128
0.32797119
0.32773109
0.32749100
0.32725090
0.32701080
0.32677071
0.32653061
0.32629052
0.32605042
0.32581032
0.32557023
0.32533013
0.32509004
0.32484994
0.32460984
0.32436975
0.32412965
0.32388956
0.32364946
0.32340936
0.32316927
0.32292917
0.32268908
0.32244898
0.32220888
0.32196879
0.32172869
0.32148860
0.32124850
0.32100840
0.32076831
0.32052821
0.32028812
0.32004802
0.31980792
0.31956783
0.31932773
0.31908764
0.31884754
0.31860744
0.31836735
0.31812725
0.31788715
0.31764706
0.31740696
0.31716687
0.31692677
0.31668667
0.31644658
0.31620648
0.31596639
0.31572629
0.31548619
0.31524610
0.31500600
0.31476591
0.31452581
0.31428571
0.31404562
0.31380552
0.31356543
0.31332533
0.31308523
0.31284514
0.31260504
0.31236495
0.31212485
0.31188475
0.31164466
0.31140456
0.31116447
0.31092437
0.31068427
0.31044418
0.31020408
0.30996399
0.30972389
0.30948379
0.30924370
0.30900360
0.30876351
0.30852341
0.30828331
0.30804322
0.30780312
0.30756303
0.30732293
0.30708283
0.30684274
0.30660264
0.30636255
0.30612245
0.30588235
0.30564226
0.30540216
0.30516206
0.30492197
0.30468187
0.30444178
0.30420168
0.30396158
0.30372149
0.30348139
0.30324130
0.30300120
0.30276110
0.30252101
0.30228091
0.30204082
0.30180072
0.30156062
0.30132053
0.30108043
0.30084034
0.30060024
0.30036014
0.30012005
0.29987995
0.29963986
0.29939976
0.29915966
0.29891957
0.29867947
0.29843938
0.29819928
0.29795918
0.29771909
0.29747899
0.29723890
0.29699880
0.29675870
0.29651861
0.29627851
0.29603842
0.29579832
0.29555822
0.29531813
0.29507803
0.29483794
0.29459784
0.29435774
0.29411765
0.29387755
0.29363745
0.29339736
0.29315726
0.29291717
0.29267707
0.29243697
0.29219688
0.29195678
0.29171669
0.29147659
0.29123649
0.29099640
0.29075630
0.29051621
0.29027611
0.29003601
0.28979592
0.28955582
0.28931573
0.28907563
0.28883553
0.28859544
0.28835534
0.28811525
0.28787515
0.28763505
0.28739496
0.28715486
0.28691477
0.28667467
0.28643457
0.28619448
0.28595438
0.28571429
0.28547419
0.28523409
0.28499400
0.28475390
0.28451381
0.28427371
0.28403361
0.28379352
0.28355342
0.28331333
0.28307323
0.28283313
0.28259304
0.28235294
0.28211285
0.28187275
0.28163265
0.28139256
0.28115246
0.28091236
0.28067227
0.28043217
0.28019208
0.27995198
0.27971188
0.27947179
0.27923169
0.27899160
0.27875150
0.27851140
0.27827131
0.27803121
0.27779112
0.27755102
0.27731092
0.27707083
0.27683073
0.27659064
0.27635054
0.27611044
0.27587035
0.27563025
0.27539016
0.27515006
0.27490996
0.27466987
0.27442977
0.27418968
0.27394958
0.27370948
0.27346939
0.27322929
0.27298920
0.27274910
0.27250900
0.27226891
0.27202881
0.27178872
0.27154862
0.27130852
0.27106843
0.27082833
0.27058824
0.27034814
0.27010804
0.26986795
0.26962785
0.26938776
0.26914766
0.26890756
0.26866747
0.26842737
0.26818727
0.26794718
0.26770708
0.26746699
0.26722689
0.26698679
0.26674670
0.26650660
0.26626651
0.26602641
0.26578631
0.26554622
0.26530612
0.26506603
0.26482593
0.26458583
0.26434574
0.26410564
0.26386555
0.26362545
0.26338535
0.26314526
0.26290516
0.26266507
0.26242497
0.26218487
0.26194478
0.26170468
0.26146459
0.26122449
0.26098439
0.26074430
0.26050420
0.26026411
0.26002401
0.25978391
0.25954382
0.25930372
0.25906363
0.25882353
0.25858343
0.25834334
0.25810324
0.25786315
0.25762305
0.25738295
0.25714286
0.25690276
0.25666267
0.25642257
0.25618247
0.25594238
0.25570228
0.25546218
0.25522209
0.25498199
0.25474190
0.25450180
0.25426170
0.25402161
0.25378151
0.25354142
0.25330132
0.25306122
0.25282113
0.25258103
0.25234094
0.25210084
0.25186074
0.25162065
0.25138055
0.25114046
0.25090036
0.25066026
0.25042017
0.25018007
0.24993998
0.24969988
0.24945978
0.24921969
0.24897959
0.24873950
0.24849940
0.24825930
0.24801921
0.24777911
0.24753902
0.24729892
0.24705882
0.24681873
0.24657863
0.24633854
0.24609844
0.24585834
0.24561825
0.24537815
0.24513806
0.24489796
0.24465786
0.24441777
0.24417767
0.24393758
0.24369748
0.24345738
0.24321729
0.24297719
0.24273709
0.24249700
0.24225690
0.24201681
0.24177671
0.24153661
0.24129652
0.24105642
0.24081633
0.24057623
0.24033613
0.24009604
0.23985594
0.23961585
0.23937575
0.23913565
0.23889556
0.23865546
0.23841537
0.23817527
0.23793517
0.23769508
0.23745498
0.23721489
0.23697479
0.23673469
0.23649460
0.23625450
0.23601441
0.23577431
0.23553421
0.23529412
0.23505402
0.23481393
0.23457383
0.23433373
0.23409364
0.23385354
0.23361345
0.23337335
0.23313325
0.23289316
0.23265306
0.23241297
0.23217287
0.23193277
0.23169268
0.23145258
0.23121248
0.23097239
0.23073229
0.23049220
0.23025210
0.23001200
0.22977191
0.22953181
0.22929172
0.22905162
0.22881152
0.22857143
0.22833133
0.22809124
0.22785114
0.22761104
0.22737095
0.22713085
0.22689076
0.22665066
0.22641056
0.22617047
0.22593037
0.22569028
0.22545018
0.22521008
0.22496999
0.22472989
0.22448980
0.22424970
0.22400960
0.22376951
0.22352941
0.22328932
0.22304922
0.22280912
0.22256903
0.22232893
0.22208884
0.22184874
0.22160864
0.22136855
0.22112845
0.22088836
0.22064826
0.22040816
0.22016807
0.21992797
0.21968788
0.21944778
0.21920768
0.21896759
0.21872749
0.21848739
0.21824730
0.21800720
0.21776711
0.21752701
0.21728691
0.21704682
0.21680672
0.21656663
0.21632653
0.21608643
0.21584634
0.21560624
0.21536615
0.21512605
0.21488595
0.21464586
0.21440576
0.21416567
0.21392557
0.21368547
0.21344538
0.21320528
0.21296519
0.21272509
0.21248499
0.21224490
0.21200480
0.21176471
0.21152461
0.21128451
0.21104442
0.21080432
0.21056423
0.21032413
0.21008403
0.20984394
0.20960384
0.20936375
0.20912365
0.20888355
0.20864346
0.20840336
0.20816327
0.20792317
0.20768307
0.20744298
0.20720288
0.20696279
0.20672269
0.20648259
0.20624250
0.20600240
0.20576230
0.20552221
0.20528211
0.20504202
0.20480192
0.20456182
0.20432173
0.20408163
0.20384154
0.20360144
0.20336134
0.20312125
0.20288115
0.20264106
0.20240096
0.20216086
0.20192077
0.20168067
0.20144058
0.20120048
0.20096038
0.20072029
0.20048019
0.20024010
0.20000000
0.19975990
0.19951981
0.19927971
0.19903962
0.19879952
0.19855942
0.19831933
0.19807923
0.19783914
0.19759904
0.19735894
0.19711885
0.19687875
0.19663866
0.19639856
0.19615846
0.19591837
0.19567827
0.19543818
0.19519808
0.19495798
0.19471789
0.19447779
0.19423770
0.19399760
0.19375750
0.19351741
0.19327731
0.19303721
0.19279712
0.19255702
0.19231693
0.19207683
0.19183673
0.19159664
0.19135654
0.19111645
0.19087635
0.19063625
0.19039616
0.19015606
0.18991597
0.18967587
0.18943577
0.18919568
0.18895558
0.18871549
0.18847539
0.18823529
0.18799520
0.18775510
0.18751501
0.18727491
0.18703481
0.18679472
0.18655462
0.18631453
0.18607443
0.18583433
0.18559424
0.18535414
0.18511405
0.18487395
0.18463385
0.18439376
0.18415366
0.18391357
0.18367347
0.18343337
0.18319328
0.18295318
0.18271309
0.18247299
0.18223289
0.18199280
0.18175270
0.18151261
0.18127251
0.18103241
0.18079232
0.18055222
0.18031212
0.18007203
0.17983193
0.17959184
0.17935174
0.17911164
0.17887155
0.17863145
0.17839136
0.17815126
0.17791116
0.17767107
0.17743097
0.17719088
0.17695078
0.17671068
0.17647059
0.17623049
0.17599040
0.17575030
0.17551020
0.17527011
0.17503001
0.17478992
0.17454982
0.17430972
0.17406963
0.17382953
0.17358944
0.17334934
0.17310924
0.17286915
0.17262905
0.17238896
0.17214886
0.17190876
0.17166867
0.17142857
0.17118848
0.17094838
0.17070828
0.17046819
0.17022809
0.16998800
0.16974790
0.16950780
0.16926771
0.16902761
0.16878752
0.16854742
0.16830732
0.16806723
0.16782713
0.16758703
0.16734694
0.16710684
0.16686675
0.16662665
0.16638655
0.16614646
0.16590636
0.16566627
0.16542617
0.16518607
0.16494598
0.16470588
0.16446579
0.16422569
0.16398559
0.16374550
0.16350540
0.16326531
0.16302521
0.16278511
0.16254502
0.16230492
0.16206483
0.16182473
0.16158463
0.16134454
0.16110444
0.16086435
0.16062425
0.16038415
0.16014406
0.15990396
0.15966387
0.15942377
0.15918367
0.15894358
0.15870348
0.15846339
0.15822329
0.15798319
0.15774310
0.15750300
0.15726291
0.15702281
0.15678271
0.15654262
0.15630252
0.15606242
0.15582233
0.15558223
0.15534214
0.15510204
0.15486194
0.15462185
0.15438175
0.15414166
0.15390156
0.15366146
0.15342137
0.15318127
0.15294118
0.15270108
0.15246098
0.15222089
0.15198079
0.15174070
0.15150060
0.15126050
0.15102041
0.15078031
0.15054022
0.15030012
0.15006002
0.14981993
0.14957983
0.14933974
0.14909964
0.14885954
0.14861945
0.14837935
0.14813926
0.14789916
0.14765906
0.14741897
0.14717887
0.14693878
0.14669868
0.14645858
0.14621849
0.14597839
0.14573830
0.14549820
0.14525810
0.14501801
0.14477791
0.14453782
0.14429772
0.14405762
0.14381753
0.14357743
0.14333733
0.14309724
0.14285714
0.14261705
0.14237695
0.14213685
0.14189676
0.14165666
0.14141657
0.14117647
0.14093637
0.14069628
0.14045618
0.14021609
0.13997599
0.13973589
0.13949580
0.13925570
0.13901561
0.13877551
0.13853541
0.13829532
0.13805522
0.13781513
0.13757503
0.13733493
0.13709484
0.13685474
0.13661465
0.13637455
0.13613445
0.13589436
0.13565426
0.13541417
0.13517407
0.13493397
0.13469388
0.13445378
0.13421369
0.13397359
0.13373349
0.13349340
0.13325330
0.13301321
0.13277311
0.13253301
0.13229292
0.13205282
0.13181273
0.13157263
0.13133253
0.13109244
0.13085234
0.13061224
0.13037215
0.13013205
0.12989196
0.12965186
0.12941176
0.12917167
0.12893157
0.12869148
0.12845138
0.12821128
0.12797119
0.12773109
0.12749100
0.12725090
0.12701080
0.12677071
0.12653061
0.12629052
0.12605042
0.12581032
0.12557023
0.12533013
0.12509004
0.12484994
0.12460984
0.12436975
0.12412965
0.12388956
0.12364946
0.12340936
0.12316927
0.12292917
0.12268908
0.12244898
0.12220888
0.12196879
0.12172869
0.12148860
0.12124850
0.12100840
0.12076831
0.12052821
0.12028812
0.12004802
0.11980792
0.11956783
0.11932773
0.11908764
0.11884754
0.11860744
0.11836735
0.11812725
0.11788715
0.11764706
0.11740696
0.11716687
0.11692677
0.11668667
0.11644658
0.11620648
0.11596639
0.11572629
0.11548619
0.11524610
0.11500600
0.11476591
0.11452581
0.11428571
0.11404562
0.11380552
0.11356543
0.11332533
0.11308523
0.11284514
0.11260504
0.11236495
0.11212485
0.11188475
0.11164466
0.11140456
0.11116447
0.11092437
0.11068427
0.11044418
0.11020408
0.10996399
0.10972389
0.10948379
0.10924370
0.10900360
0.10876351
0.10852341
0.10828331
0.10804322
0.10780312
0.10756303
0.10732293
0.10708283
0.10684274
0.10660264
0.10636255
0.10612245
0.10588235
0.10564226
0.10540216
0.10516206
0.10492197
0.10468187
0.10444178
0.10420168
0.10396158
0.10372149
0.10348139
0.10324130
0.10300120
0.10276110
0.10252101
0.10228091
0.10204082
0.10180072
0.10156062
0.10132053
0.10108043
0.10084034
0.10060024
0.10036014
0.10012005
0.09987995
0.09963986
0.09939976
0.09915966
0.09891957
0.09867947
0.09843938
0.09819928
0.09795918
0.09771909
0.09747899
0.09723890
0.09699880
0.09675870
0.09651861
0.09627851
0.09603842
0.09579832
0.09555822
0.09531813
0.09507803
0.09483794
0.09459784
0.09435774
0.09411765
0.09387755
0.09363745
0.09339736
0.09315726
0.09291717
0.09267707
0.09243697
0.09219688
0.09195678
0.09171669
0.09147659
0.09123649
0.09099640
0.09075630
0.09051621
0.09027611
0.09003601
0.08979592
0.08955582
0.08931573
0.08907563
0.08883553
0.08859544
0.08835534
0.08811525
0.08787515
0.08763505
0.08739496
0.08715486
0.08691477
0.08667467
0.08643457
0.08619448
0.08595438
0.08571429
0.08547419
0.08523409
0.08499400
0.08475390
0.08451381
0.08427371
0.08403361
0.08379352
0.08355342
0.08331333
0.08307323
0.08283313
0.08259304
0.08235294
0.08211285
0.08187275
0.08163265
0.08139256
0.08115246
0.08091236
0.08067227
0.08043217
0.08019208
0.07995198
0.07971188
0.07947179
0.07923169
0.07899160
0.07875150
0.07851140
0.07827131
0.07803121
0.07779112
0.07755102
0.07731092
0.07707083
0.07683073
0.07659064
0.07635054
0.07611044
0.07587035
0.07563025
0.07539016
0.07515006
0.07490996
0.07466987
0.07442977
0.07418968
0.07394958
0.07370948
0.07346939
0.07322929
0.07298920
0.07274910
0.07250900
0.07226891
0.07202881
0.07178872
0.07154862
0.07130852
0.07106843
0.07082833
0.07058824
0.07034814
0.07010804
0.06986795
0.06962785
0.06938776
0.06914766
0.06890756
0.06866747
0.06842737
0.06818727
0.06794718
0.06770708
0.06746699
0.06722689
0.06698679
0.06674670
0.06650660
0.06626651
0.06602641
0.06578631
0.06554622
0.06530612
0.06506603
0.06482593
0.06458583
0.06434574
0.06410564
0.06386555
0.06362545
0.06338535
0.06314526
0.06290516
0.06266507
0.06242497
0.06218487
0.06194478
0.06170468
0.06146459
0.06122449
0.06098439
0.06074430
0.06050420
0.06026411
0.06002401
0.05978391
0.05954382
0.05930372
0.05906363
0.05882353
0.05858343
0.05834334
0.05810324
0.05786315
0.05762305
0.05738295
0.05714286
0.05690276
0.05666267
0.05642257
0.05618247
0.05594238
0.05570228
0.05546218
0.05522209
0.05498199
0.05474190
0.05450180
0.05426170
0.05402161
0.05378151
0.05354142
0.05330132
0.05306122
0.05282113
0.05258103
0.05234094
0.05210084
0.05186074
0.05162065
0.05138055
0.05114046
0.05090036
0.05066026
0.05042017
0.05018007
0.04993998
0.04969988
0.04945978
0.04921969
0.04897959
0.04873950
0.04849940
0.04825930
0.04801921
0.04777911
0.04753902
0.04729892
0.04705882
0.04681873
0.04657863
0.04633854
0.04609844
0.04585834
0.04561825
0.04537815
0.04513806
0.04489796
0.04465786
0.04441777
0.04417767
0.04393758
0.04369748
0.04345738
0.04321729
0.04297719
0.04273709
0.04249700
0.04225690
0.04201681
0.04177671
0.04153661
0.04129652
0.04105642
0.04081633
0.04057623
0.04033613
0.04009604
0.03985594
0.03961585
0.03937575
0.03913565
0.03889556
0.03865546
0.03841537
0.03817527
0.03793517
0.03769508
0.03745498
0.03721489
0.03697479
0.03673469
0.03649460
0.03625450
0.03601441
0.03577431
0.03553421
0.03529412
0.03505402
0.03481393
0.03457383
0.03433373
0.03409364
0.03385354
0.03361345
0.03337335
0.03313325
0.03289316
0.03265306
0.03241297
0.03217287
0.03193277
0.03169268
0.03145258
0.03121248
0.03097239
0.03073229
0.03049220
0.03025210
0.03001200
0.02977191
0.02953181
0.02929172
0.02905162
0.02881152
0.02857143
0.02833133
0.02809124
0.02785114
0.02761104
0.02737095
0.02713085
0.02689076
0.02665066
0.02641056
0.02617047
0.02593037
0.02569028
0.02545018
0.02521008
0.02496999
0.02472989
0.02448980
0.02424970
0.02400960
0.02376951
0.02352941
0.02328932
0.02304922
0.02280912
0.02256903
0.02232893
0.02208884
0.02184874
0.02160864
0.02136855
0.02112845
0.02088836
0.02064826
0.02040816
0.02016807
0.01992797
0.01968788
0.01944778
0.01920768
0.01896759
0.01872749
0.01848739
0.01824730
0.01800720
0.01776711
0.01752701
0.01728691
0.01704682
0.01680672
0.01656663
0.01632653
0.01608643
0.01584634
0.01560624
0.01536615
0.01512605
0.01488595
0.01464586
0.01440576
0.01416567
0.01392557
0.01368547
0.01344538
0.01320528
0.01296519
0.01272509
0.01248499
0.01224490
0.01200480
0.01176471
0.01152461
0.01128451
0.01104442
0.01080432
0.01056423
0.01032413
0.01008403
0.00984394
0.00960384
0.00936375
0.00912365
0.00888355
0.00864346
0.00840336
0.00816327
0.00792317
0.00768307
0.00744298
0.00720288
0.00696279
0.00672269
0.00648259
0.00624250
0.00600240
0.00576230
0.00552221
0.00528211
0.00504202
0.00480192
0.00456182
0.00432173
0.00408163
0.00384154
0.00360144
0.00336134
0.00312125
0.00288115
0.00264106
0.00240096
0.00216086
0.00192077
0.00168067
0.00144058
0.00120048
0.00096038
0.00072029
0.00048019
0.00024010
0.00024010
0.00024010
0.00024010
0.00024010
0.00024010
0.00024010
0.00024010
0.00024010
0.00024010
0.00024010
0.00024010
0.00024010
0.00024010
0.00024010
0.00024010
0.00024010
0.00024010
0.00024010
0.00024010
0.00024010
0.00024010
0.00024010
0.00024010
0.00024010
0.00024010
0.00024010
0.00024010
0.00024010
0.00024010
0.00024010
0.00024010
0.00024010
0.00024010
0.00024010
0.00024010
0.00024010
0.00024010
0.00024010
0.00024010
0.00024010
0.00024010
0.00024010
0.00024010
0.00024010
0.00024010
0.00024010
0.00024010
0.00024010
0.00024010
0.00024010
0.00024010
0.00024010
0.00024010
0.00024010
0.00024010
0.00024010
0.00024010
0.00024010
0.00024010
0.00024010
0.00024010
0.00024010
0.00024010
0.00024010
0.00024010
0.00024010
0.00024010
0.00024010
0.00024010
0.00024010
0.00024010
0.00024010
0.00024010
0.00024010
0.00024010
0.00024010
0.00024010
0.00024010
0.00024010
0.00024010
0.00024010
0.00024010
0.00024010
0.00024010
0.00024010
0.00024010
0.00024010
0.00024010
0.00024010
0.00024010
0.00024010
0.00024010
0.00024010
0.00024010
0.00024010
0.00024010
0.00024010
0.00024010
0.00024010
0.00024010
0.00024010
0.00024010
0.00024010
0.00024010
0.00024010
0.00024010
0.00024010
0.00024010
0.00024010
