1.00000000
0.85000468
0.77120271
0.70216885
0.64166094
0.58432089
0.52707325
0.47288936
0.42104018
0.36518416
0.31098381
0.25106931
0.18321312
0.11347303
0.02209711
0.00117867
0.00020639
0.00011264
0.00007751
0.00005752
0.00004260
0.00003379
0.00002916
0.00002503
0.00002084
0.00001704
0.00001350
0.00001078
0.00000983
0.00000884
0.00000775
0.00000659
0.00000542
0.00000418
0.00000293
0.00000162
0.00000040
0.00000000
0.00000000
0.00000000
0.00000000
0.00000000
0.00000000
0.00000000
0.00000000
0.00000000
0.00000000
0.00000000
0.00000000
0.00000000
0.00000000
0.00000000
0.00000000
0.00000000
0.00000000
0.00000000
0.00000000
0.00000000
0.00000000
0.00000000
0.00000000
0.00000000
0.00000000
0.00000000
0.00000000
0.00000000
0.00000000
0.00000000
0.00000000
0.00000000
0.00000000
0.00000000
0.00000000
0.00000000
0.00000000
0.00000000
0.00000000
0.00000000
0.00000000
0.00000000
0.00000000
0.00000000
0.00000000
0.00000000
0.00000000
0.00000000
0.00000000
0.00000000
0.00000000
0.00000000
0.00000000
0.00000000
0.00000000
0.00000000
0.00000000
0.00000000
0.00000000
0.00000000
0.00000000
0.00000000
0.00000000
0.00000000
