1.00000000
0.99015606
0.98031212
0.97046819
0.96062425
0.95078031
0.94093637
0.93109244
0.92124850
0.91140456
0.90156062
0.89171669
0.88187275
0.87202881
0.86218487
0.85234094
0.84249700
0.83265306
0.82280912
0.81296519
0.80312125
0.79327731
0.78343337
0.77358944
0.76374550
0.75390156
0.74405762
0.73421369
0.72436975
0.71452581
0.70468187
0.69483794
0.68499400
0.67515006
0.66530612
0.65546218
0.64561825
0.63577431
0.62593037
0.61608643
0.60624250
0.59639856
0.58655462
0.57671068
0.56686675
0.55702281
0.54717887
0.53733493
0.52749100
0.51740696
0.50756303
0.49771909
0.48787515
0.47803121
0.46794718
0.45810324
0.44825930
0.43841537
0.42857143
0.41872749
0.40888355
0.39903962
0.38919568
0.37935174
0.36950780
0.35966387
0.34981993
0.33997599
0.33013205
0.32028812
0.31044418
0.30060024
0.29075630
0.28091236
0.27106843
0.26122449
0.25018007
0.24033613
0.23049220
0.22064826
0.21080432
0.20096038
0.19111645
0.18127251
0.17142857
0.16158463
0.15174070
0.14189676
0.13205282
0.12220888
0.11236495
0.10252101
0.09267707
0.08259304
0.07274910
0.06290516
0.05306122
0.04321729
0.03337335
0.02352941
0.01368547
0.00360144
0.00024010
