1034
1134
1313
665
1394
1019
398
1334
487
1428
1263
736
1259
369
1496
630
448
50
718
571
905
699
1120
15
723
196
1426
422
936
918
587
850
486
113
1037
110
118
662
1339
1342
1093
311
786
675
186
880
1395
878
304
466
431
1192
1443
1503
940
459
951
1488
134
703
1142
885
1013
209
671
477
33
1276
191
468
67
218
1131
877
7
1144
171
310
650
32
1033
689
1420
198
615
576
954
99
98
1175
1402
775
779
473
1177
387
74
600
355
621
241
1277
337
183
555
1167
1063
596
826
681
1114
472
585
1105
395
405
1022
1156
1425
1085
1493
927
1225
498
178
626
911
529
373
1415
825
1107
1012
700
1087
836
69
391
1041
336
658
232
693
132
1287
407
1043
298
116
768
972
1452
811
1178
319
1119
996
895
1098
1181
537
1021
408
1187
1433
902
357
538
1451
556
363
35
1305
411
223
1413
202
1086
713
1388
1478
79
1068
78
356
458
76
1255
697
898
1132
1473
1220
169
1481
561
41
831
1164
684
1476
428
1154
238
584
1231
484
233
743
334
1227
253
858
432
242
976
1130
787
1273
741
59
1470
770
63
476
176
1203
1288
525
266
502
638
312
342
329
415
678
81
419
1406
1046
851
1319
1074
1076
117
439
523
802
1397
1241
945
281
83
795
512
1320
908
922
1323
1325
941
1230
492
452
1485
52
455
1139
860
1047
341
740
1382
574
417
121
179
1014
620
631
677
514
1257
1421
454
1249
599
1465
205
884
258
277
776
612
1233
771
30
1329
278
1374
1408
1126
40
229
1031
679
445
1462
1244
959
296
424
100
606
845
1141
641
834
1147
344
683
1118
725
737
1092
444
167
168
1082
256
237
73
734
388
160
1363
520
215
149
1171
142
855
1123
1195
702
402
1346
964
1336
1298
893
208
1248
1262
773
550
1269
549
1281
1165
706
798
396
816
688
837
962
815
17
1272
327
1210
95
44
75
899
568
482
985
1376
1377
490
788
833
984
932
1387
42
1396
34
39
744
1379
293
25
107
1456
695
1065
608
1292
1234
830
569
1007
127
1484
1414
848
891
1447
70
1075
316
938
1159
8
511
252
1115
994
842
259
659
1326
1059
226
503
965
449
997
1122
409
824
16
211
888
1208
1209
1218
616
814
577
106
320
1289
510
1317
1322
254
708
442
579
947
71
348
651
1392
897
271
172
1254
382
536
351
340
729
731
868
48
1403
421
929
1023
1104
554
1030
170
516
210
869
873
960
794
1344
501
980
175
526
301
1410
201
810
58
582
1152
917
1121
586
1430
219
126
1168
1353
1381
317
790
747
108
903
1383
314
796
1350
1084
101
148
365
719
1150
227
1137
1101
128
966
1291
82
610
295
1265
1275
541
1133
756
38
864
213
315
919
749
1424
1200
540
800
780
1042
429
1027
956
1060
1125
967
946
36
1002
785
1302
313
1417
204
1300
995
515
12
628
414
250
1138
150
243
913
931
1062
1268
617
248
359
93
633
460
1437
1207
240
1386
1475
595
1153
712
294
1226
447
563
710
757
557
892
752
326
190
339
909
573
739
552
60
346
1020
136
20
440
1199
1461
1015
111
1052
330
1285
1366
1412
1343
1113
1367
66
613
1306
505
207
970
362
969
1053
1054
1204
462
978
245
1191
738
1243
1026
146
1018
646
625
1048
939
835
746
1427
1162
640
379
193
122
261
921
820
135
1429
1213
493
358
425
423
832
1454
230
479
494
488
655
1194
303
531
270
977
513
1315
1212
1490
1468
1176
1411
220
1124
31
14
269
1330
1333
434
1445
165
854
85
781
485
1370
1399
124
268
456
664
724
521
6
166
1491
1335
926
1463
394
1242
507
676
981
992
141
161
309
10
1222
668
1449
109
461
332
263
1355
645
189
1008
244
705
797
383
345
1318
560
273
1378
882
654
496
604
1260
838
94
846
11
1304
575
156
1088
1172
1311
963
692
937
1183
1148
1149
1112
1474
1198
401
910
1247
687
856
217
1166
1186
26
84
1283
467
22
292
153
1110
753
1151
163
1081
483
1140
603
275
1035
87
1432
123
1409
65
666
1219
1240
397
19
274
862
159
1290
874
221
1297
104
225
624
324
728
914
1155
1145
1189
272
636
1401
420
504
674
1061
698
789
942
144
809
551
805
56
934
200
465
1056
1362
686
62
852
1215
777
1453
92
381
1161
920
89
282
90
377
1235
1398
347
1316
1418
751
979
581
1010
47
570
562
55
1384
1096
1128
1174
372
368
43
1090
1251
297
1368
1341
1459
784
335
1364
544
1389
162
1338
1029
1216
380
707
998
875
715
822
823
97
774
1416
726
88
495
299
185
843
1349
291
876
578
1206
328
711
1078
1252
457
879
1238
436
601
572
375
433
427
145
1170
767
783
151
1184
53
987
354
1441
192
828
1049
1479
714
988
543
1436
566
1375
1245
321
1358
881
331
598
1055
973
619
1266
1032
203
306
9
1050
844
1073
1089
982
1324
49
759
1356
139
1038
1135
399
545
632
1077
119
1009
287
534
1024
264
760
532
236
125
300
157
1095
115
643
742
1116
889
1280
13
235
1483
1435
519
1158
367
18
1163
453
558
4
696
667
154
1357
1347
1354
912
1371
680
890
51
247
1448
1295
286
660
1422
322
1169
717
1286
508
1
1352
782
944
173
866
817
765
285
390
1108
509
91
588
307
793
1337
