1058
1185
1418
3575
2871
1000
1343
463
584
1081
2010
2615
400
1377
1604
3495
2471
2307
1205
1207
1379
2256
1558
2179
2496
2814
3230
3963
2555
966
1881
2424
3400
100
2404
1493
3744
3634
1723
955
602
3820
2597
3490
2450
2412
3665
1353
2299
3352
562
1996
2763
1985
2047
19
1970
2905
1132
3075
3741
575
1151
1902
3361
2571
3901
2782
2538
2951
2861
3055
956
1668
3005
239
2030
1056
3624
2698
571
937
1028
1148
3427
513
2476
1396
3982
971
2767
1728
414
1972
1930
1123
276
1751
2123
780
3994
2226
1264
2652
2157
1526
262
1429
1925
2203
2301
3513
2527
1463
2821
1890
3086
1473
3095
2983
1954
2433
1360
3675
1856
3289
277
2191
461
2102
2370
1870
1011
2569
2642
2833
1585
3649
2971
1326
2831
2507
3038
677
3282
311
3226
3367
3515
1290
1749
2736
1773
282
2046
459
1700
1666
3340
1327
2081
1580
1878
159
1022
3146
3557
1415
1553
2869
2884
1254
3459
3056
1199
1212
2132
1472
2336
3314
1712
2758
90
2340
1847
3437
1940
736
3605
1690
3423
1982
204
2832
1204
2273
1495
3514
4
1147
2993
985
3632
732
3817
1184
5
1053
1978
2711
1993
3505
68
1587
1639
3792
866
1191
1332
2519
3168
3659
1341
3163
2309
21
2919
931
3121
1560
1532
3696
3584
1242
3353
1678
3267
2087
1606
1885
1300
1829
1879
359
1979
3204
2696
2086
2312
3780
1776
3611
3284
2818
1898
3118
173
3241
540
1596
484
2616
2155
1195
2922
1980
2583
685
3326
2558
483
1105
2390
441
960
2071
3685
3458
1572
1385
3496
1869
271
50
249
1699
401
1186
1062
462
1450
2621
1295
2367
1055
3444
2286
959
3391
2813
184
656
3281
257
339
4019
2169
1090
1163
1913
556
2914
2199
2817
3349
623
1739
3800
958
109
2762
1233
2144
2222
2224
2400
2426
2721
668
1181
733
3550
2511
1243
2308
2489
3699
278
651
796
2454
3125
1416
2578
2092
1941
2253
234
1977
593
2325
2207
3119
1404
371
536
2235
1483
1346
2728
2383
1630
3868
928
3120
3248
2885
2026
1687
3491
942
2745
2004
2662
101
3607
421
1304
1867
2659
4108
853
921
2088
3502
2991
3194
1357
2564
2062
512
1287
4064
2478
3819
787
803
901
2352
1777
2779
2377
3269
1469
2121
383
2596
3500
2425
2472
2849
827
2456
2265
1761
1169
2703
2145
2514
2815
3718
2595
1531
2800
2016
3830
1900
2068
2103
1844
2423
1733
2846
3438
1706
3252
2627
2210
969
2205
2592
1549
740
2876
715
3674
3363
3966
3835
3259
3229
3377
3737
2911
3725
3693
3808
3898
2147
695
2282
65
3329
3885
3799
126
2063
3136
1511
1135
1172
3488
2333
1507
3468
411
2382
1329
1250
592
1247
2104
2798
3024
2672
2588
1703
2628
1525
1391
3162
604
784
3245
1278
2078
699
3895
397
3917
1533
1031
2330
1932
2668
3612
92
2466
3740
2889
1273
785
1764
2706
865
871
2667
3587
1146
1019
4020
2896
1504
1020
1577
1718
3483
2469
3309
1815
2697
2994
2113
2689
3321
3014
2229
745
701
2674
1478
1583
1908
1339
1196
1458
1182
1740
3316
1510
783
1822
2746
2841
3448
3681
892
2614
3420
3979
4133
1820
2938
2606
3032
1356
2586
1045
844
4023
1530
1704
2535
2681
1460
3745
706
707
1374
1791
428
1582
3758
2300
1371
49
1910
1887
2109
2306
2188
395
1047
3723
3477
2844
416
1071
3258
2603
1210
2206
3694
3433
4033
37
3761
3929
3390
1422
3920
3908
2611
2724
3080
1810
1663
1638
1125
3306
3710
1643
3578
3677
3414
1464
4128
1206
498
2683
1173
1901
4121
2573
4013
679
3318
1788
2441
3020
2448
1038
4065
3035
1119
963
2809
1691
80
480
1070
4026
3074
600
2014
2531
2133
642
852
3648
2857
849
2742
615
2835
3772
2465
2028
413
3224
4111
194
3347
2285
3412
246
2482
1825
1515
3337
676
2148
1502
531
3954
2568
2346
1790
2908
382
2329
3476
3217
2159
910
2904
1929
1263
2973
1255
1709
1763
1875
1234
553
1808
2288
3247
2067
1924
3978
2052
2355
3796
1550
3128
686
2327
3655
4054
1658
693
828
2134
3516
2196
4089
3037
1068
2242
4008
1737
563
894
2084
3072
1537
1953
1497
839
724
2941
154
1912
1506
1897
1222
4130
909
3608
555
1895
1452
1671
2021
1674
3256
3870
342
945
612
3173
3525
829
2181
583
3785
472
918
3031
3533
927
3518
1008
1446
655
2249
1794
924
511
2442
804
992
510
3475
990
2042
2483
2302
878
2487
3552
1563
1442
3770
719
3480
1097
1644
2995
939
2584
1920
2303
1987
3574
2853
3260
2431
2978
4102
3626
1226
3016
3877
1892
2414
1120
3942
1491
158
189
3193
2854
3060
3494
2429
2464
1637
912
3503
3690
2838
1042
4157
3995
771
119
3839
2720
3451
769
3320
3658
2863
1669
144
4120
103
1830
351
2029
2177
162
3971
3461
3872
3430
3618
2556
861
1065
1667
717
1337
2899
846
1077
1647
1798
1608
1420
4046
2608
2589
2366
4047
1072
818
552
3176
3614
1942
3773
2298
2731
772
991
532
874
3775
2547
4010
3413
2281
1771
3852
3261
182
2219
2208
817
1336
455
954
1052
447
952
3233
3795
2972
4164
3366
3083
4079
2956
3760
2594
1545
2862
3287
3910
3062
2872
1742
1476
2725
2708
1683
2958
2961
1315
3022
3317
3040
1589
1447
885
2268
3940
725
1202
748
301
2617
897
2354
152
1555
2223
1968
3683
3220
11
1260
948
999
3639
1839
2563
148
2000
1217
4051
1111
2916
1789
2461
345
2939
674
2415
362
1403
2164
2020
2486
102
2692
2836
2723
3976
3097
2702
1919
3948
3628
2233
3195
3246
2576
458
3656
4071
3339
2587
3763
3375
2418
2058
3043
2523
680
1944
1093
1481
2201
3969
3952
4163
2351
1492
2741
4016
2542
3441
3517
3754
855
3767
4109
3116
3107
2561
4025
2665
1208
2045
1016
3593
1240
1029
1280
3573
3579
3702
2999
3410
3598
2729
3986
3277
4161
1753
3833
3562
3117
4061
1408
1681
3479
3231
3831
2676
385
3082
1400
646
1201
3127
2397
1398
3304
650
1230
3064
23
2502
3373
2138
1882
1833
358
2153
3003
2387
630
559
3044
1501
951
1462
1719
898
1974
3529
4049
3415
2852
4160
1094
1397
2604
3418
3916
810
2150
2560
2170
671
1963
3134
4103
2985
2395
1778
3137
479
3273
3328
2136
3538
2039
2699
2096
1888
2319
482
1841
1750
1089
1480
2008
1765
789
653
2739
2419
1350
3278
1754
1067
2546
2174
3729
542
2839
2497
1602
1282
1652
1087
2178
1661
1650
3965
3238
3218
3714
1512
2909
2796
1054
684
492
2626
586
493
950
1421
3001
3079
2650
1756
3504
374
2335
1286
3268
4006
3350
1060
1891
2289
3519
3389
1039
1534
2710
3735
957
2345
3970
2799
847
1720
2979
1601
1477
1921
2120
2271
439
2804
2600
566
1967
1261
2427
3824
3025
1523
2887
2260
3983
1474
3209
2227
731
2320
1640
1622
112
1850
2231
3738
3188
2272
1106
2679
982
1724
2620
322
3697
1812
1319
2522
2549
2901
3508
2005
2059
2236
1588
2131
2421
906
3811
1373
690
2707
315
1802
332
1571
2633
3561
4082
1656
3999
1256
264
1175
2358
930
243
545
661
2722
764
1684
2630
994
2015
1116
2648
2910
2694
1423
2622
608
1293
1685
1876
2135
1220
640
490
932
2599
1305
522
1381
2124
3240
3621
1935
1836
4034
4098
1676
3471
3874
2957
2267
1411
2070
2060
1308
1214
47
3766
2049
192
2165
3889
2789
3997
4144
3239
2241
718
81
521
2270
2640
3223
2122
3071
2907
2381
3467
408
2024
3470
2942
1631
2771
2027
4030
3636
3865
297
3974
1597
4058
2752
2963
1730
543
1727
1482
2468
2396
1762
1409
2076
597
2126
697
2898
1050
779
384
2077
1859
2656
3228
2401
904
2524
338
1139
2788
711
3945
2234
211
2017
180
1567
1457
2625
1616
1307
781
2550
3671
2447
1227
1648
919
1818
2920
609
2866
816
3855
3905
2090
460
175
2243
1682
2117
1513
326
2436
1355
3354
3124
768
3208
1811
1959
2437
2002
3899
3849
3106
1177
759
1984
628
96
2554
777
1118
1136
2391
93
1615
3265
3422
1405
3937
2189
1893
3544
1126
3257
3009
694
3959
3061
2264
799
2954
3272
1781
4048
2212
1559
1390
1672
1928
2003
3860
507
895
1291
1547
3295
3110
767
2761
1122
3512
475
9
1958
1276
2183
621
1311
138
1710
1868
1886
1141
590
2695
4086
2539
1595
4088
3189
798
3152
3360
2912
1108
2168
2368
3100
989
834
1109
1296
1259
4077
1237
1785
2827
393
210
806
890
2926
943
54
478
802
1316
2216
2733
2035
4119
2171
2142
3371
3944
2548
3838
3244
3255
1824
2361
1579
3924
4045
3126
2180
1677
751
1362
2845
710
580
2100
742
1817
1715
1294
1211
1813
219
4138
2680
2893
2931
1716
2598
823
2099
3804
2093
3051
2858
2712
2726
936
2452
3864
3052
3912
3911
506
3531
3821
2918
365
10
3368
1370
314
2050
3498
3045
1246
3862
3440
944
2353
2990
2116
2314
843
3122
3591
965
524
3416
1168
2900
815
3485
200
2686
1915
3900
1950
3962
2494
4037
2443
1590
1561
1216
2036
978
1076
30
2812
392
3232
523
3073
389
1342
795
595
2146
1846
3383
1952
2025
1189
161
3432
530
2048
1417
570
1576
2297
2658
3292
107
2458
1551
639
1236
838
1348
2953
2194
2101
1323
2678
1389
1426
3264
660
88
1456
515
801
1807
2764
848
1988
3184
578
4095
2602
1766
2089
72
3296
4073
3564
2463
3663
313
2787
3057
907
1410
1657
337
1529
3291
501
3157
284
260
1627
914
2760
940
1279
2738
2618
1702
3826
153
2324
1451
1509
1899
841
470
889
495
1713
1134
1695
418
128
1487
2513
32
618
2337
1334
2459
3541
1128
893
2873
4007
1253
4117
3135
179
1613
3132
2057
74
2810
3112
1127
561
1219
1190
1040
4035
2826
3406
1816
1083
3234
1345
3288
2859
207
1786
2591
2022
1755
2475
360
702
1159
2663
2504
533
2248
1757
1803
3712
1659
637
1593
1009
167
2545
2651
3435
1383
1340
1860
872
2255
1198
1694
1209
2137
2528
1499
1017
2334
1767
2247
1310
3156
1270
2310
935
2388
2470
1612
1021
2671
1626
1971
574
170
538
2130
438
1335
476
2115
500
2937
2575
922
3720
1032
2143
1459
1611
2056
1384
573
1484
1453
1707
572
2112
464
2371
2294
1956
1805
1680
2187
2184
25
1496
2460
308
949
2517
1034
3253
1873
2966
2140
1454
3913
1774
1975
2948
2824
1084
3991
1156
3599
2701
979
3859
323
631
304
603
4122
2490
2108
3457
2455
1736
2743
3179
3174
3489
3668
4075
3084
2446
2032
3429
4057
4044
3797
3984
1696
4024
3290
3293
2936
3892
1759
1801
3286
2239
2280
3262
2794
1745
3568
2795
873
1514
3812
2263
1178
1251
1584
1103
851
2785
2316
2321
814
58
3474
3183
2793
4039
2118
1235
3344
1155
629
708
1862
610
831
1475
1130
3717
3203
1911
3794
258
564
2386
2675
2331
886
3524
3907
1721
303
974
1780
1467
760
2311
3111
123
750
1033
3214
1193
263
2033
2018
430
4009
1835
1171
1546
1166
1701
1907
376
1099
596
83
1015
824
1573
2139
312
1386
3640
1049
1679
1503
3604
2605
226
4017
1101
3069
2398
1858
2322
318
805
1538
1624
1066
3781
2
911
1516
3092
1662
3858
1603
378
1324
1440
225
864
171
214
1229
1238
1783
406
122
2449
2847
1905
1607
230
1800
164
791
2417
2704
1402
2612
99
2516
1524
1044
1368
2161
2384
854
1359
2777
2485
2641
2318
1025
316
744
3130
3164
3374
356
1845
1636
1154
544
1796
1966
212
1366
1352
2714
601
988
1075
1140
1999
4062
3526
2715
3802
1192
3397
2326
755
1670
2085
1937
1110
2213
669
682
2768
2240
1903
1949
2343
481
683
1180
2544
2772
485
1621
3428
826
1272
3212
770
3369
1599
1121
1299
3653
607
1556
2964
1014
3359
1896
2151
2375
1041
1957
343
1528
2700
2217
705
1035
2066
1248
127
3407
388
176
1064
1367
929
2843
2757
4107
4063
29
727
208
4029
2110
833
2453
2580
273
953
2506
1769
2585
1164
548
2820
1565
130
1686
3085
797
1395
589
850
1138
788
821
1435
3201
2061
887
3823
1743
133
1853
1605
1036
1281
2009
666
704
42
319
2451
1364
2279
868
1306
3010
1799
1244
3143
1880
2006
3396
1424
735
2877
136
1107
1535
3221
2011
3610
1618
453
1095
1660
56
2691
181
728
1784
1864
3555
1257
1826
3543
3185
452
546
743
1943
424
2925
1394
202
3021
410
664
1439
2693
2376
3556
899
1002
622
2643
1793
3275
3844
984
2479
2533
3343
13
2644
1069
2481
1267
550
333
270
368
206
1361
1048
514
1023
3167
1889
1129
591
2385
3138
1271
432
2830
782
295
2245
1673
2193
1115
1026
1726
1249
287
336
3199
3613
3585
1962
3484
95
134
1872
1568
2023
941
3688
3680
3896
3205
3311
2274
3449
2254
3266
2232
2537
1927
3727
2949
3790
2982
1082
3866
2816
3863
2797
3308
2947
2883
45
547
638
1369
394
2007
649
867
1746
1586
3103
1632
2283
24
2917
3115
2769
983
2158
3088
2902
1320
3551
1328
645
2536
324
2865
2172
1137
327
1187
488
520
1437
1388
1466
923
811
721
1321
1344
1167
884
997
654
28
765
1738
3936
2394
350
3180
1461
85
1200
2783
1376
2420
678
163
1434
2740
534
298
3365
4001
3197
3941
4151
4038
3123
3313
4069
3395
4005
2192
3473
466
1861
3600
4097
3689
2669
2204
2754
1536
1013
1488
766
2360
1268
266
1649
1884
2439
3161
2755
752
2040
1413
2661
1372
2182
1486
1543
2744
1566
1909
1104
177
537
1284
915
218
16
190
832
836
288
1848
77
240
2069
976
739
726
59
1641
800
2114
437
26
299
986
269
762
293
135
557
469
227
879
497
2276
2406
1983
391
1098
1004
275
1598
714
76
1729
2655
17
614
380
2878
1298
3670
1955
2913
3054
188
2105
468
444
3148
3894
2228
3041
231
3346
1078
409
3588
908
3425
3150
720
1840
2781
1675
3545
2930
1770
1161
1874
259
1231
110
379
1609
981
113
233
568
186
496
396
2043
335
1322
729
442
305
446
429
626
722
1213
775
1133
140
2410
1837
307
558
325
145
830
875
1100
776
1001
422
1894
1787
3336
1619
43
73
454
505
245
1183
1073
241
2197
582
1331
837
1057
1629
835
420
700
465
1427
1079
2244
995
747
267
1158
252
467
330
519
1080
667
1194
1539
474
224
1096
778
2064
3059
2881
1973
2986
1517
1992
242
840
3426
2091
1005
361
2974
357
1554
1
185
281
1575
809
598
1581
434
111
2200
1114
1252
1617
440
503
331
842
774
1010
3548
2363
859
2975
407
169
624
822
857
1432
1741
516
2503
2416
812
398
962
1548
712
2055
3403
1969
6
2357
197
238
1500
870
147
309
1865
658
560
2013
737
539
48
120
201
289
8
1149
353
672
1931
1347
1275
675
294
1544
426
1224
925
1338
1430
2163
2162
1223
57
1241
1760
2175
381
1203
1995
0
1938
856
2190
2074
220
2609
3191
2855
2257
436
403
12
1823
366
1470
793
146
2915
1540
237
1363
1642
620
329
2097
2828
967
1522
882
3595
2969
1375
973
2488
2037
2432
2305
754
1518
1489
3417
2751
3536
1946
370
617
3581
2775
64
647
2562
235
261
402
594
51
1393
1387
2083
758
2967
1947
2582
2261
2581
1349
862
2262
627
933
35
457
1003
141
1030
121
117
517
1285
417
581
489
286
634
813
69
1711
903
46
845
902
3570
279
70
213
363
160
39
373
1301
535
977
156
280
247
938
290
450
1091
528
250
1610
1143
1131
347
168
687
15
659
215
125
354
386
1731
221
404
1007
1018
3846
1665
2705
753
525
2031
1646
2409
1625
3182
115
2819
2792
1758
2215
2341
1821
1692
1866
2753
1725
431
1145
3101
149
3271
1365
3298
4036
2734
3066
3381
1318
1153
961
2590
2012
3546
1317
2935
1406
2874
1655
657
3749
2237
283
41
1170
355
635
38
549
900
67
585
613
272
344
425
255
1059
306
166
569
504
509
1024
205
1976
763
643
143
681
491
3571
3836
3108
3882
606
2095
2748
3453
4110
2646
4076
3834
79
518
27
741
274
1218
78
18
174
352
734
473
477
292
3848
3481
3734
3398
3843
2567
3953
1877
1828
2807
3692
86
3027
3497
2802
3721
2338
2526
2373
1634
4147
222
142
251
579
87
1633
256
254
883
551
195
567
229
216
165
486
89
1063
52
1152
587
7
139
228
980
761
1289
390
1117
449
1086
749
526
321
193
399
541
494
14
576
869
1102
20
790
55
60
451
36
108
689
131
773
692
191
792
412
248
40
155
696
104
71
387
880
641
116
105
291
445
508
3
183
527
970
150
203
1239
375
419
456
348
346
1505
132
448
97
33
1037
253
151
53
62
554
998
1792
340
129
187
232
502
236
310
66
599
1428
926
157
91
372
44
124
98
61
172
94
