778
763
102
3142
3233
2600
2140
546
1083
2189
1275
3048
2682
1127
1355
1436
1669
111
2084
2689
853
467
690
417
1404
1471
2586
2819
2777
506
307
2767
1516
2632
989
2611
2567
2236
3350
2368
634
642
1798
193
2002
1360
1970
1573
1462
2283
1143
470
1925
2243
1431
982
2709
2082
1765
1787
291
2455
2659
155
795
201
443
2613
10
2431
2205
180
1982
268
2438
1178
2104
2540
2202
410
2498
2828
1670
1238
1882
1764
1428
984
2796
1470
3022
2701
2568
2905
1117
1664
1657
492
2735
1160
1465
1599
731
1155
2143
373
1420
1966
2658
2890
2048
3265
1866
3113
783
2080
2750
231
132
1783
2139
1781
2990
1735
1533
1959
1260
3312
1563
992
2270
1282
1771
439
2813
2983
2344
468
1791
1401
479
855
2046
710
1702
3222
2112
806
2242
598
2047
2934
33
1192
1503
2321
1769
2106
1561
2509
847
2289
1994
2420
2822
1594
3256
1460
1707
223
1303
77
1243
544
3039
568
2465
1614
495
2937
2129
2957
2170
383
2407
2408
1564
3062
2430
308
833
324
601
2135
773
3024
2711
1271
481
2035
1972
1639
1622
2812
325
636
1983
71
1328
2306
2059
1290
57
1070
2699
2741
1421
265
954
407
2865
656
3208
2153
1965
1203
125
2576
1889
3001
3101
2606
1294
2078
1018
2975
2285
1853
1986
1162
1779
2998
1829
2274
629
2829
355
3259
1786
336
1352
2745
1305
2433
3199
2638
2870
1194
788
677
764
2447
2757
1329
2518
2058
3353
604
1759
1944
1490
885
737
2864
3077
2811
358
2022
229
2410
1722
1887
2087
934
18
2026
1341
3144
701
1078
2385
2304
225
455
2736
814
666
55
3089
745
946
1570
1862
2641
2397
302
1255
266
240
359
2583
1663
2513
732
584
3188
1363
432
1973
1806
696
2232
1637
2351
2042
1580
3334
2149
1695
3058
2109
555
2345
221
430
118
2118
801
3047
1045
2173
1177
910
1712
14
1948
2029
2167
845
1876
472
1132
476
2667
1969
586
924
2717
1870
366
78
3105
2070
28
1163
535
3180
1843
431
1656
2827
84
3014
3018
1689
2959
1489
747
2199
2123
1941
672
658
522
1985
2786
2857
1716
1030
2390
3295
2021
1440
1011
2356
2328
800
1511
2005
3170
665
1257
2286
517
2817
1785
3268
3284
2008
2531
2150
2547
2672
3145
2301
2103
1084
2826
2293
937
1515
2145
44
2676
2851
1174
382
1598
2734
2138
1719
1306
1504
1390
1212
575
3149
3243
1898
2102
2508
1827
697
91
2575
485
2101
1435
865
172
1841
1056
2843
1875
171
1229
493
3167
2069
3045
254
17
3071
1097
2065
2801
856
930
2422
1208
1105
749
1756
318
105
1176
2378
2220
1510
2107
1138
1019
1681
2958
2687
2183
1995
2295
3066
943
1478
2446
1602
1545
3007
615
3035
2670
1627
2883
3134
1879
1951
2892
453
482
714
900
121
1438
1050
2426
450
3154
1467
2012
1063
993
1566
48
1185
1905
2581
1604
1383
1890
3286
754
952
602
252
1067
2249
3344
1354
1091
1775
2402
514
141
590
1851
1933
723
1708
497
8
1284
2095
2869
1698
2578
2706
2861
1916
2476
895
2922
906
1031
285
2610
1059
3232
3108
1351
1935
2737
3342
3030
2355
742
1021
35
662
181
3051
1457
2560
2007
2782
2316
327
2267
385
24
2557
1309
2445
2020
830
2114
1704
1209
427
958
2719
1406
501
609
1487
2193
1199
1447
1412
1321
242
1672
864
2053
2212
1451
1439
1071
1033
2478
1154
1860
1949
1125
74
401
3333
145
2584
1370
2398
2341
1463
2710
1861
1316
2335
1469
337
2942
702
1262
1617
1963
2733
650
3140
627
45
1410
1706
2867
241
2258
792
1198
1402
2154
1576
1881
159
1749
1525
2536
188
2522
1531
2955
2723
3330
1480
2718
3109
2620
2444
1583
2936
2264
149
2120
2382
2848
844
1380
1388
3210
2961
1567
1662
2030
305
49
935
1373
1728
1213
669
2763
620
1907
2061
2918
2370
3124
1278
1584
2837
2424
1739
2896
2966
670
922
3346
3135
3305
2265
809
901
2499
1233
2809
950
3337
197
496
2353
902
1709
1331
163
420
2946
2698
124
2986
1371
2176
2643
3229
1726
3270
2367
2700
2496
22
1256
3320
1222
2545
1164
939
547
2337
2650
2943
1922
944
556
2252
2165
3003
1999
2525
1223
72
426
892
1234
316
3147
276
2652
947
424
440
338
1258
3253
2589
1872
2396
2688
140
2862
53
1678
988
1757
3133
1903
3046
2501
1844
2487
3060
1359
255
1253
1603
1330
2973
1414
577
484
2546
2064
2565
2462
2255
3238
719
1501
40
2551
2063
368
1643
2591
2097
1456
2780
1586
926
162
3244
1498
513
2592
346
968
317
2740
2831
1621
375
475
1226
1751
1646
3264
1180
3355
955
1518
2054
2045
2847
2996
777
681
2024
1605
284
600
3292
1493
2599
1389
322
2244
3196
3
391
1251
793
1052
2694
480
868
904
3303
2852
2846
644
477
113
1422
1852
1537
333
823
3234
2441
2386
1485
1051
1267
1450
1505
364
2096
1087
161
1620
2204
3255
2319
1854
5
1552
1254
1116
408
3223
1927
2872
2646
1247
3354
1638
483
2543
2761
2504
1631
2590
1145
1991
1126
1729
1917
1886
534
2100
2798
2348
1964
399
2814
3311
2628
3092
2778
2490
1349
659
2685
512
224
1396
2163
1322
292
550
889
131
1869
2894
1693
1477
2299
684
700
1880
2086
148
1124
621
1332
899
1522
2178
1202
1106
553
871
1308
2977
3193
3266
1809
438
1263
3251
1849
2099
3357
3097
3025
1911
2226
554
1855
2239
1196
953
2556
2209
2991
19
2891
706
2146
521
2627
2182
1507
1934
576
3242
1265
3218
1981
1891
1130
1043
940
2832
1215
1227
1542
1482
2089
2902
729
112
2612
1921
578
1840
1587
2458
2671
3056
3323
2121
2200
2332
46
2416
1761
257
2795
1962
195
2399
2716
660
2349
2198
986
272
3326
2574
2666
787
2217
887
2309
301
115
1237
2792
1483
606
713
718
977
931
2307
850
3300
3177
1831
2111
1269
3176
641
1845
1897
2374
109
1479
2310
3252
81
948
1324
1807
1828
1165
150
1714
699
2818
1526
1273
463
2486
903
2532
3224
2428
2771
1416
26
852
1449
3034
130
1387
323
663
3074
2507
1221
1362
2815
1747
1805
1623
1883
2754
2898
1210
2533
1452
3138
3327
3279
983
1993
3049
1920
561
979
1252
2756
2334
724
79
2760
2004
1074
2450
1372
3166
20
50
1572
1789
2323
1884
2009
2529
392
2263
1014
1042
1506
3005
1856
3245
2783
1207
3280
2951
296
339
2090
2210
2250
185
2452
2585
831
3276
639
354
2361
2820
1711
2952
1762
433
1296
137
2939
980
1377
2849
271
927
1734
3126
1568
524
2134
707
2092
0
259
23
1810
1264
2224
2072
3356
1466
3189
435
736
2357
133
893
2494
1191
2858
2609
3348
3160
2823
541
2982
1434
154
2196
3090
1527
919
3178
3321
3083
1569
2195
3059
217
3331
913
1028
2640
2503
1591
1110
230
2225
2079
2142
2653
2669
2577
471
2391
3185
2879
2664
9
3282
2068
1958
1081
2257
2542
1850
1337
3197
967
1090
1582
1006
2770
3116
3136
418
326
2514
1551
2320
1241
758
1292
1980
1500
235
1650
2511
770
1710
294
607
2907
1912
1152
2921
680
2266
2926
2469
2237
1918
2442
2477
1297
500
2028
3306
2908
412
1350
608
2933
2626
2618
2419
277
4
2481
1691
2467
1776
3269
448
2279
1384
2727
686
486
2644
2115
93
1195
1652
1079
1149
2298
404
152
1838
3069
3168
1913
2515
2091
573
1277
237
2388
466
1326
2038
2552
2764
129
398
2379
1068
1867
51
3228
1971
2506
3009
963
872
60
2427
2800
2466
328
13
3258
1
179
2483
2474
3123
562
603
2654
1553
2342
1319
1743
1425
1900
3309
2928
1314
2789
2903
2459
186
972
2631
2797
2300
2034
1049
343
136
3139
1159
2192
999
2893
1357
2387
1556
2775
2040
1270
261
1814
2691
1899
1374
1641
2932
880
3129
421
2108
2181
203
2704
1119
863
3050
798
2052
1445
3015
1626
2296
3171
560
3070
196
165
2622
1386
3042
3041
3043
817
2492
2413
508
3287
2839
3336
2878
2363
2972
2853
465
769
1285
1590
2211
812
2742
238
1585
2414
1065
2746
1792
2315
1939
387
503
2131
3063
3308
2085
976
597
3153
2147
1085
381
1113
709
2722
2842
3158
2550
743
348
1989
3204
371
2094
2495
626
1720
3091
353
548
2787
1502
1817
315
1699
166
374
2523
499
857
533
25
1077
2519
3118
789
1475
632
281
1161
3239
3164
1659
2841
2790
2317
2948
557
464
2081
1365
1800
1642
1606
2914
187
1929
2726
156
1715
3163
1782
3141
1674
2793
175
3031
1629
388
2859
846
1206
2489
2418
1495
1797
998
2997
879
2282
3000
2633
2406
3068
959
646
2060
2056
2791
1003
2781
592
1878
1803
2697
2538
3002
2166
311
2006
3198
406
389
2057
3203
1634
945
877
2604
2705
1976
2681
73
1848
2524
32
2816
1108
2845
2288
3277
3099
2960
1366
47
75
2461
2969
2017
1688
1312
321
1497
2409
775
280
62
613
588
881
147
30
2728
2860
1733
673
2677
90
1685
144
2788
2365
1089
3019
815
1799
2530
2031
3161
2686
94
2674
3249
2234
157
1653
532
2985
2595
68
2597
1214
1683
3080
3156
1750
2651
2071
3029
1579
2621
821
3023
1978
1660
1857
3107
2276
3081
2443
2434
651
2729
1794
2897
15
2401
103
2326
1940
938
2863
1342
829
622
1175
1228
2155
1109
260
614
1235
2261
2292
1433
3236
126
2917
43
1131
264
1666
3302
2238
2766
80
2662
1426
583
207
2360
2625
2185
2505
2222
875
2636
2974
273
981
599
83
1956
2661
2956
1724
274
306
1394
191
1610
92
652
1679
3130
1230
6
1673
1001
1648
740
2642
1633
1424
216
734
1385
2128
2537
1555
270
2835
784
1318
1211
840
3298
1494
1816
2327
1871
1024
3106
173
2963
525
3241
2512
1395
3174
3261
1069
1581
419
3226
824
2995
1535
1813
2873
727
1607
3216
1543
219
2528
1520
2730
199
1153
1640
1283
2602
2308
1289
3088
1613
3079
256
3219
3304
2405
1035
796
1538
507
1008
572
1361
135
2889
3293
2558
2077
585
3313
715
2113
2696
164
3067
2488
3131
1304
738
2971
997
2362
1655
1725
581
628
3179
122
505
341
779
2160
2758
991
664
2425
929
3148
917
1200
1740
2453
178
761
849
1574
813
12
1169
236
914
1592
1073
595
2186
780
2615
2569
297
3157
2023
1454
828
1311
437
1062
574
128
1248
2227
1932
2708
2343
1753
117
3262
711
2888
362
776
2721
1721
2440
1877
1261
3225
941
2318
2739
2856
2806
2752
2278
2555
3053
2970
1755
2808
2927
2753
2779
2929
2247
3165
2262
2137
3061
2372
3215
1135
1320
3345
1671
867
2233
3294
2393
289
3026
2785
728
2520
2665
3358
765
211
971
1029
1286
538
287
1245
2207
3096
1943
1197
3004
2219
1835
698
2273
502
176
2151
2432
1804
1996
2594
1842
1571
120
1086
1481
759
2804
691
2930
215
1578
654
675
2886
3201
2731
851
3052
2866
2553
2692
286
1885
1770
1723
915
589
564
2876
720
405
1950
220
2417
565
1741
3190
1423
3202
3182
2044
2358
1892
3329
3340
810
86
2330
2944
527
2157
2915
2707
647
2799
504
2784
2329
757
1315
2838
2475
2992
873
1974
142
3214
3250
244
3150
1687
313
1301
618
964
2214
2608
1015
2098
918
2403
3055
2435
3072
352
1801
3285
973
3094
99
2471
1788
107
2639
1134
3235
882
2392
1219
1417
1790
177
233
2561
2987
616
1953
1231
320
3095
839
2093
2359
1718
2291
2037
834
1901
282
208
2338
1017
3117
3317
1335
859
1730
1333
1334
1680
390
2634
1225
1955
1947
2136
245
2073
2836
951
3104
1101
295
542
854
667
3263
2380
1272
232
594
1904
528
1398
394
319
866
456
1836
1133
2480
1064
876
1536
1802
1945
278
2456
909
3100
2018
1745
1280
2500
1034
2526
1376
2825
1239
1240
717
649
689
1300
2421
655
653
1754
678
1055
1930
1032
3011
3290
2180
1491
1381
2984
2981
2177
1484
446
2110
452
2400
357
334
442
2660
360
2369
1705
2593
2548
1597
1246
3186
2464
1894
2962
1768
1236
1378
2025
2871
1686
314
894
1523
2566
2460
827
65
1517
2158
1004
16
1772
790
379
2423
2294
2412
2230
2126
1744
1812
2559
2994
58
826
3296
2269
1528
1737
1946
1184
3016
138
2762
739
234
350
540
692
1774
657
687
2648
345
1777
781
2347
2429
886
1530
2830
3246
1665
119
1540
1544
791
3237
2162
1658
139
1546
631
2647
3087
303
1048
1325
462
676
97
98
3078
100
101
1690
2437
2364
1168
41
1157
214
2366
985
1379
2067
1448
995
1382
61
1446
1565
2179
2141
1112
2880
2331
2336
2834
1441
1430
1025
249
3227
2844
2935
741
1437
400
1007
310
2484
3110
2013
837
1513
1129
2083
330
2877
3128
2668
1931
1618
2663
2275
3299
1151
1323
3260
54
1990
2436
531
1010
843
2346
1942
3027
2759
587
1107
1027
1909
1651
518
637
974
2656
593
1476
304
2712
896
2439
2411
76
2235
1368
377
393
1595
1364
168
2049
3221
1356
52
2949
1345
415
1411
335
2033
169
1575
3040
2596
1444
329
2350
907
3086
566
3322
192
1046
746
1036
1824
2383
804
3283
1615
1413
1977
1758
725
2281
3159
3155
2679
1123
1005
2725
2695
693
969
332
520
3152
543
3020
1012
1244
2510
146
2603
2188
2805
2614
2491
1611
454
3318
1468
1928
1717
721
1000
2075
1967
1205
848
2840
2968
151
3231
2479
3213
2302
2649
1858
2493
3073
1532
1820
2999
1902
2887
2769
2680
2171
2324
2290
441
1957
862
1625
536
2203
2744
2743
2673
3103
1987
1914
2197
378
3012
1140
1961
1778
2256
247
428
2713
799
1821
384
3065
965
1596
1189
559
1144
2168
2373
361
1022
1403
3114
253
2133
1496
1677
2190
1975
2032
1616
2821
752
2194
2016
1742
751
3205
1992
1348
685
2794
3297
298
2965
1190
596
3121
87
2148
1259
1926
2394
2215
966
1472
961
275
860
908
