3046
3966
1623
7690
2309
4481
3156
6540
2377
7699
7582
3119
4709
7464
2286
8230
3676
287
6259
5967
8296
6688
4085
1544
4899
4118
7423
1961
7226
8759
4638
4785
4770
4963
1801
704
4841
4506
2191
7369
3787
72
444
6076
7304
709
3577
6728
6483
961
7636
5754
972
3482
4868
1040
1910
3101
3364
7134
1408
1005
7245
4567
8526
771
2115
2929
765
6862
4277
4828
6154
2248
5905
4984
5629
1488
4621
3002
6078
2370
5638
468
4216
5461
308
173
7661
87
5406
6334
3737
3929
1074
7082
7508
3008
4198
8062
6016
395
7866
3481
1825
6158
2193
1652
4152
5376
8004
4990
2020
5237
1984
1841
1472
1654
2992
4461
7407
3841
1681
7737
4155
7921
1829
4004
3636
6502
6916
2770
6126
1548
991
958
3957
7411
435
4807
4112
2089
5174
368
5887
5828
5619
6083
5986
2017
7074
4830
1395
5260
1159
6044
5263
1363
6650
6797
5301
2197
2434
516
5020
136
3249
4023
6602
3428
1333
2525
2217
2535
8744
8441
1120
4821
1701
1422
6818
5957
8451
53
3725
5101
6520
1477
3736
7430
7924
6359
2532
1028
4261
6225
5961
6313
1892
4838
7007
881
86
1297
8701
2510
1316
3395
8625
4928
4308
4944
8662
1157
7186
1674
3499
4380
5950
7567
4191
2349
8555
3412
7680
7447
2214
1273
1881
4909
7443
2074
5926
6881
4060
2204
7773
1968
7788
4596
1736
3749
6189
6435
537
1072
705
7321
3264
3892
3849
5416
1166
7947
2957
6276
5536
2511
6985
5830
7787
5343
5023
6512
4073
6933
5558
860
5866
3032
3616
5051
4647
1691
4502
9000
5129
1293
8747
7212
1458
652
8271
8293
180
1641
1988
4487
2867
5243
4579
4940
4482
8531
4655
2920
9027
4790
199
6209
4788
1727
5787
3535
6166
1964
4568
5695
4949
6163
1509
1554
7767
7635
6434
5913
7475
397
3318
1459
1605
1482
821
1303
5210
7377
8209
7557
8532
2538
7149
5092
8201
4587
2353
5044
4170
3431
3446
1791
1196
1930
799
6832
7691
7696
7061
621
1618
5046
4845
8612
576
3589
7822
5626
3974
3020
6202
7474
6423
6816
698
4145
7110
2472
1977
1999
7250
416
6618
8016
7300
1071
7553
2474
6266
2661
1312
1890
8742
273
7685
4883
8418
222
452
3881
3016
1163
2382
5107
3764
7392
3928
5518
6073
3099
3236
2405
8554
6743
3497
3273
2336
4217
169
3103
2647
7029
1744
4181
6150
6527
7959
1195
1098
2312
7912
3607
7030
1921
5708
7328
6567
157
2829
2223
8561
3822
4331
2852
434
1427
6536
7520
7292
3840
3778
4991
3674
4969
813
56
6865
1696
3117
7836
5745
6203
4563
5313
5478
3489
5849
2750
8686
8284
8283
5907
8510
6739
4488
4033
8741
8294
6713
752
8868
8480
6637
4416
7261
458
4616
4667
6463
831
359
8229
8729
1232
2575
2734
6727
4769
8151
2130
3288
291
1719
297
4375
155
487
3522
8191
8401
7231
3179
2367
6421
8773
9030
8273
8322
442
4078
8342
462
1083
5655
1141
3718
3853
2413
6418
6788
1204
673
1822
5679
2229
4072
6271
2256
2975
1317
3235
3372
1944
233
6279
490
4121
4717
4835
4119
1436
5614
2895
1258
2430
6614
4019
3203
8671
3971
6857
4939
1971
2737
5956
8728
2862
3758
7484
7667
8876
4504
1269
645
659
690
8115
504
8752
5965
1660
311
5160
8144
5966
5197
568
6444
544
2259
8275
4269
4702
1683
1
4100
1853
9034
164
5134
4359
7196
2471
3405
4250
2363
2716
6497
59
2288
4657
6061
3544
7353
4087
7473
3121
2026
3345
1489
8950
2212
5578
2270
7762
2865
6025
1540
3859
2190
6652
244
3330
7051
4212
3631
3665
5369
3091
5064
6994
3310
3874
4973
3605
2752
6836
8588
3413
3663
8285
4549
1525
8864
670
2124
5686
8160
5580
8104
4057
6689
6709
7918
8173
3484
218
1376
882
506
4452
2878
3365
4327
3450
4076
5351
1572
7612
4258
2263
6094
2180
5572
3600
2242
5386
2938
2156
7001
24
3613
4617
1251
5297
6959
8472
2851
5104
6090
4443
5592
7016
3313
226
3519
992
4823
5454
6063
3657
4962
1995
4853
2726
6620
8806
1608
2384
7772
4301
7133
4559
8264
5028
2148
389
1401
139
7639
3779
64
4075
7204
3142
288
1926
2493
7360
7
3206
5296
7153
1741
3943
7995
7950
1528
1932
2334
1013
3371
5404
6358
6286
5238
5719
1044
8817
25
5533
1277
7746
1234
1949
3658
7600
3197
7144
3424
2445
596
2640
8385
3937
5502
1082
639
999
8493
6201
8174
3148
8133
1622
6702
7211
2998
3258
8904
2215
8566
6045
8463
5022
8330
783
8804
2213
902
5015
5170
6036
8710
4399
587
6067
3576
5955
1017
1717
7359
8824
3341
3866
2996
2153
2523
1380
3768
2496
2571
5798
6826
8691
3735
5503
8204
4986
5637
2025
4832
114
5365
2448
4061
6993
726
7552
2024
1527
2695
5390
8400
370
7654
5217
4779
3037
240
3845
6213
1351
2553
1779
5841
2947
1720
6450
1161
4578
6311
8544
2182
7073
4432
8724
4724
5333
7077
3400
2927
4809
7004
3161
5756
3807
3654
2792
4193
3802
7246
1441
2824
236
7933
6466
4293
4062
6194
7616
3298
7312
7975
3553
8704
789
7387
6295
7802
4728
5513
6839
6167
8276
7530
6752
1460
6224
2075
2264
7307
5534
3692
7485
7659
4234
5444
4721
850
2989
764
326
2840
3492
6576
3886
7903
3010
7551
5853
7702
7570
6810
2618
4698
4590
2806
8975
9033
8957
1705
349
3952
3507
5305
7494
8618
3566
5362
7208
7513
6458
1951
57
2718
2988
450
6677
6034
7743
5433
2843
6119
569
2416
5714
133
1698
6888
7173
37
3167
4772
6288
2313
894
3185
2426
3696
9003
4051
6596
5396
8891
8917
1375
280
4415
5733
7066
1576
5996
3808
6843
8787
7386
4813
6380
7601
4130
3655
1596
2834
6698
4780
4248
3869
7445
3890
6755
8028
7991
6410
924
2907
5873
3251
2675
5449
3924
3659
600
729
6335
2401
578
5293
2446
3471
6050
7287
2665
6234
3322
5819
329
95
6114
6097
688
1815
8732
4167
3628
4528
5667
5257
8218
6920
5481
2704
2812
7939
5959
7823
1515
1800
7843
5589
6303
2509
5405
3510
8039
1000
8357
6617
2594
5951
3307
4496
4664
6479
2066
4777
1421
7780
8379
49
1146
6226
6787
4336
1263
1938
829
7532
2917
2869
3201
8032
1748
6481
2847
5711
5581
7401
1480
6043
7897
8149
8861
7446
8721
6385
7075
8973
8964
9017
9040
2104
3460
8430
6038
1769
2225
31
4872
6350
1494
5298
5530
7795
6199
4950
4901
7905
5136
2822
4773
5361
3207
2161
1836
8390
5043
7556
42
5939
1974
6853
2069
4908
604
6455
4384
3186
2347
6516
7972
4889
113
4811
7467
8047
8143
6647
4926
7302
3805
8681
1900
6136
6847
129
2589
1260
5835
1972
6346
5419
1762
2857
3848
3359
3879
2238
1483
2289
4633
5620
495
7807
7716
7396
7096
8632
8232
6670
5864
7945
8001
6835
1632
3368
6287
8445
8356
5314
839
7038
2943
7849
6322
2876
294
2635
2828
1677
5782
80
2973
5456
4172
7337
8648
4157
5099
5748
3440
6103
168
5642
3284
2359
3618
4846
125
3795
248
4689
8922
5462
826
8736
8362
4352
1513
2562
82
5380
3528
890
1731
4799
8866
6553
2404
4794
3017
715
2693
5777
4781
1374
7666
5068
1315
3703
8346
8819
2889
3930
3182
3467
1751
8287
2698
5002
8827
8499
3575
4195
8597
1790
6514
4613
4952
7426
6014
8929
8909
2699
6174
6655
2681
995
3470
3373
4493
5529
5066
2260
1309
2295
3705
8946
2354
3500
7857
3793
8722
5033
3918
8025
6002
4377
1985
969
6095
7993
3742
3297
7234
7937
5393
8965
2091
1337
2403
2703
5338
3967
2267
5718
1164
4367
2372
7335
1882
5693
1350
7722
2300
5411
3015
1440
3496
8323
2117
776
5327
997
8153
2808
8877
6112
5280
1539
7332
2141
2842
8163
3475
4662
3609
6603
5299
5436
3338
8314
5057
7999
3073
2119
945
8411
1834
3212
5999
4696
2838
6937
1915
4146
5705
7273
1675
3418
3608
616
7478
8992
2707
8427
692
1008
2274
3245
4736
7432
3921
4244
8316
4011
885
6292
4766
176
6863
2982
3814
2114
6737
8280
2122
1876
5025
4006
2709
851
4220
6612
102
4581
7625
8118
818
694
405
185
2466
7812
5692
3913
4464
4166
8478
6661
2735
3908
7260
8517
6875
2914
7941
6566
4439
1746
8650
8216
7518
6082
7753
8448
3072
4499
4369
1771
2458
7844
5082
4349
4594
8450
8185
4814
6318
560
2380
1474
2632
1522
5139
1591
4188
846
8563
8205
350
2967
3926
2139
8409
8792
6123
1419
2569
8638
36
3096
6940
8795
6703
2290
6035
6156
6157
5213
457
3216
944
4843
941
8148
2954
1176
6859
5069
7219
5885
5332
7456
7734
3473
2539
7490
6528
2557
8171
3317
7227
5205
8694
1978
3394
5152
6042
7891
6490
5784
2348
5421
1858
7663
3754
6277
101
2482
1160
1342
7873
3080
6945
6694
8211
549
1412
3916
7129
5797
2369
7920
8772
7150
8763
2006
7862
4024
8240
3349
322
319
6640
4084
1030
8774
4975
3760
6659
2939
1667
4142
2880
8344
1965
8834
1614
845
1778
4022
3021
3806
6786
1551
1685
2397
8146
2250
2314
7390
399
3965
768
1585
6302
6543
8684
5610
7804
7493
6365
2740
7525
1935
3208
8791
1740
6406
5125
531
6706
920
346
833
7660
310
8599
256
877
4351
5519
6451
8488
8325
6040
4668
2696
3024
3812
375
1296
6386
3769
7692
1500
4113
2522
1735
6443
1169
7874
786
2794
1833
1243
2402
5731
4477
5526
8513
3480
4209
4652
3347
2255
5599
4861
20
6770
7533
3247
7727
6453
2495
5195
1020
1909
4401
8022
6690
4855
8731
8447
1969
1089
8867
5575
8753
6820
3131
1656
2407
3239
5627
5768
4774
8055
6109
4746
7274
6913
4014
7571
7269
6300
3007
4745
6315
6773
7546
849
3498
4203
4761
1580
6323
3639
4054
952
2470
6361
751
521
2948
6495
6191
2164
4430
1119
8613
745
2037
8040
7558
4608
270
8580
857
5422
3059
571
2221
6193
5765
2662
5582
622
2109
4334
6665
3362
6104
1438
1747
3155
247
5827
300
203
3950
7550
8516
7604
7994
541
3311
2143
3491
8790
4462
3828
1750
8548
4888
6560
899
9021
6808
284
7193
143
2986
6412
7339
2960
8899
4239
8801
2504
5571
4444
5239
5095
6425
8182
8815
1529
1284
6329
2132
7797
6072
1948
1694
7850
1644
4291
1927
6291
6018
5102
756
4079
7529
1217
2799
6874
987
6374
3932
6149
6400
1381
2460
5117
4140
8622
8668
6568
7009
3149
591
367
4091
7506
3708
2598
2823
417
946
7218
6482
2940
8788
6809
8443
6039
7613
489
3268
1824
6493
2749
7213
8794
8456
8233
1663
6486
5123
7138
5027
7240
4512
6962
3560
4178
1795
8658
4339
503
4364
119
861
7760
275
6793
2175
2282
5763
2100
238
478
8351
6966
5991
6870
6923
4148
5517
8087
8020
7408
5521
7735
8215
1437
8952
665
4333
8675
1367
933
5202
1077
5755
1450
7706
2836
4631
7450
3579
8348
8590
2813
5684
4497
4403
3172
5645
5184
5493
8194
2779
2868
4637
7768
6503
1261
6593
1732
5909
1526
2392
7592
6861
864
6424
8958
8058
4042
7952
7801
4744
7201
5820
6086
7751
1485
4251
7120
6838
7090
7214
4133
4731
8735
492
6392
3542
1767
4337
5352
3537
2763
4619
2736
1630
8836
2785
7444
4270
8260
801
6232
3104
1434
8793
71
4226
2284
5403
2908
6118
695
1225
6631
6265
2848
3531
3105
2280
4044
3774
2555
312
5062
6909
45
1728
658
1447
7799
3817
5443
1937
2687
3728
7872
1574
1612
3213
4692
3668
6135
9028
5823
8026
1065
643
2047
5554
4893
793
7139
5760
1323
5161
3514
6723
2673
4556
4417
1047
6651
583
3291
8960
7100
2981
7015
4346
7297
8855
167
3370
3693
5460
1857
5179
8840
3731
1262
6281
5648
6447
2990
4733
728
8679
2894
9053
7816
1603
7698
586
4775
1185
4948
2105
4312
5469
2142
1190
4386
3829
100
7288
1194
1761
2926
76
1085
4486
334
1577
2082
437
3132
1384
660
6397
190
2597
5425
3343
4451
7022
2486
6056
8667
8539
4674
934
3269
8045
2376
8857
3689
1056
8114
4604
2949
6549
2273
1346
4569
1496
5374
5201
123
2765
8851
6478
6922
2072
2613
4246
2155
2831
5878
1855
951
8547
8777
4730
2051
6696
8180
3259
2744
3004
1433
3263
4456
6415
7314
1397
5651
2389
4877
4428
2918
713
1103
4930
6796
6749
1578
8915
1520
44
219
1718
4626
2076
5604
1637
8077
8334
477
358
5300
8776
3027
6430
7744
938
2590
2764
1893
1175
3111
7108
8664
6446
6115
4491
3040
780
7581
4516
7683
554
3783
1742
7587
8709
5567
8600
90
8364
5880
7630
5084
2881
6507
6275
4095
3695
4545
427
7345
6356
5837
6006
8492
2615
3671
6387
8676
2796
1592
1010
3656
8367
8847
6523
1651
1307
7195
3385
5933
5036
4086
1063
8998
973
1813
8872
3861
27
5143
7602
3864
5595
6172
1499
1721
5429
3753
9011
4533
6957
2135
8386
8961
8476
8302
5209
7969
1819
8105
1131
6758
4371
1712
2536
8808
7191
1191
3586
1538
7455
2209
2055
6632
8355
3225
3591
6592
2196
7130
7875
5729
7366
7781
8737
4171
5318
6179
7031
5200
4557
1117
5758
4007
315
7343
1738
5137
1923
4672
6015
7440
2003
5649
205
8748
5009
7298
4982
209
5712
4318
5724
98
7192
3028
1155
1149
5276
7156
5865
5657
1838
4957
4537
7755
2892
5289
5316
5334
2925
5252
2331
517
8617
526
1639
1385
5412
8641
5190
2582
5605
588
2360
5566
5547
5522
2584
7491
1286
7544
8654
4450
5133
1292
2583
1665
4513
6656
6060
2729
8266
6668
6064
6671
8059
6855
8097
6904
7055
6997
4053
6439
8090
1084
8974
2587
1096
6785
740
3094
6488
8053
336
6533
3210
1473
6419
6934
4669
4700
2692
3079
2469
1766
796
6991
3938
5997
4890
2045
4177
272
7644
2738
289
23
7162
3894
2181
3931
7457
2772
9038
1059
637
5070
2257
241
2648
2773
2701
8746
4634
2559
4920
1142
4622
2061
8933
7979
1942
2059
2030
4237
6731
5646
2790
2315
4649
7922
8088
8343
3049
7046
994
5509
4180
2585
8074
2956
3316
3998
6079
7104
2567
5230
1227
1894
7984
7174
7385
486
4176
6321
5761
8361
7580
718
5452
47
1349
2328
5854
130
5816
1271
3882
1594
7782
3968
3541
5665
5716
7573
8607
8138
2976
7409
876
6833
2805
1066
303
5899
7577
1975
4476
4882
1749
5165
4878
3691
3593
7980
6422
3883
1809
1866
4397
4625
3442
6783
4058
4980
1007
4374
5612
5172
4465
8169
8535
1818
2085
2850
50
8318
6760
7927
22
6882
1244
6183
2558
6238
147
2298
3660
3917
4659
3472
733
7566
3933
6616
4879
4609
8281
8279
651
1130
7290
274
7358
2449
7305
2338
3448
4215
1695
3023
3681
5894
1994
3583
3130
7296
1035
6789
8421
2233
7336
4931
7054
6263
6921
8247
7189
6565
6680
6239
7158
880
2747
7059
8584
4020
8320
1832
3977
4240
5072
2970
3878
2362
4192
3811
724
584
3985
847
6151
2199
8826
2383
4508
2375
7103
1770
1570
1268
5222
4614
2043
4573
4008
7838
7886
585
3309
3176
6563
1739
1871
914
81
3550
7126
6800
7966
900
5269
1379
6108
1955
8543
5387
4802
3506
466
4576
2412
7538
5322
8029
8075
5335
4555
6011
5277
8354
5969
5726
3995
6891
7963
8324
3483
1764
706
6471
2078
2629
7177
3477
6821
8869
3029
2232
46
1064
6759
1024
8859
8199
3596
6269
8498
7783
3978
5698
2160
6417
97
6912
4313
2646
4243
7522
5903
3340
4757
8404
7593
6854
7588
553
1532
8085
3038
4111
3757
2081
8220
235
8009
545
8881
8660
8797
1845
6935
1601
445
6129
3407
1661
5846
6587
5372
4665
3067
5611
1723
601
3056
7428
2936
7164
5286
5728
8542
7949
6955
3872
6272
4228
731
1737
8800
5409
3704
3180
6524
3796
1127
7131
2467
8999
3810
2494
1970
1952
522
646
6547
6969
1053
7748
5801
1469
7622
4201
6515
1455
8060
4891
2464
2311
1879
3
198
7449
1792
804
6764
1150
6376
2297
6878
3994
8056
8715
3281
5689
409
1621
1848
2368
8636
8550
109
7763
5608
2468
6776
3946
5924
330
7142
1507
5664
4910
3003
4749
1134
6682
2928
7452
454
5874
396
6309
4685
1239
406
7404
1256
4871
5097
3543
7063
8071
3991
8596
8673
2547
887
8888
7132
3457
8497
9054
19
3651
2650
6020
4253
447
4249
919
4527
1133
3321
6220
6448
7252
5577
7501
8248
61
1048
5370
6531
5512
2396
4141
1214
4804
8954
7882
8416
936
5440
6717
8558
7081
6229
5085
4548
5561
1124
4880
8831
3449
5001
7413
6381
6990
4210
4682
2576
3996
6023
428
7203
1582
111
3611
1255
353
8389
6887
3684
35
14
422
7160
2239
6464
3432
4839
5106
7800
187
7281
723
2129
8486
6988
5795
5998
5553
259
301
473
7026
5126
8646
8515
7829
21
2303
2390
3391
657
3231
3782
4979
1992
276
1913
3873
2064
6370
1814
1888
7752
4466
4184
6691
7238
7495
2070
7116
2276
4064
7143
6403
2620
6763
3990
2651
7658
8538
3981
215
8198
2008
3803
6873
528
2366
3831
433
6537
3150
3011
8682
4729
7689
1797
5898
366
8993
5408
7171
8649
3214
4066
6804
7712
4627
1339
2120
4219
7465
3261
2825
2056
3927
2645
8387
1038
8871
7141
4747
615
4202
2841
6084
6268
1406
6699
7375
557
1872
7928
4092
7410
4912
674
4005
982
5598
3827
2063
1319
3436
470
8582
430
565
1144
4037
8905
3120
2732
2506
2757
3748
449
2254
496
2281
269
8382
347
589
8495
6140
6296
1571
1018
7363
566
3219
4347
3667
7688
7835
5116
8762
3416
5378
5181
7536
8484
6513
4522
9025
2552
1843
7642
4089
8102
4560
5751
7895
7791
4517
8297
4695
8835
1645
3178
5785
2095
453
8268
5565
7989
234
420
8210
4034
7334
3355
4795
4789
3602
5515
115
7681
725
7155
6186
6946
1479
7412
177
117
5778
4276
7985
757
78
6669
7118
7354
2541
7560
8466
3614
6105
5187
8018
4806
5601
1358
1772
7085
6176
6102
4675
6604
4470
8019
1581
7169
2227
2236
2683
1846
8503
1215
4292
463
2158
5625
1062
4543
4713
421
2237
6844
2964
870
8520
1859
6099
1648
5052
827
6768
6554
6257
2041
7803
1357
8
8095
3138
189
3830
4510
1034
8897
3191
770
4803
4670
8854
4526
1631
8111
7002
3319
1542
2001
4676
344
5917
1887
4197
4328
2676
6298
5914
6405
5715
8862
3082
714
266
1180
5746
6369
5162
8145
7606
834
8825
8822
7370
3860
4460
5474
4056
5366
5254
6981
5669
5812
7217
4771
4693
7826
4169
5466
5872
7709
3854
4938
2483
1781
3992
6979
2428
7062
7325
1567
8444
7813
1439
3084
1387
1362
889
4398
8670
5791
2984
2702
8403
142
4295
5661
2203
2952
3279
5587
7962
8422
7831
12
6675
5041
3223
5381
1868
5574
216
6028
4505
4758
4156
4326
4600
1774
3234
4329
6221
5843
7322
7127
2691
3702
5342
6664
8388
6781
3863
4536
5235
2891
5814
7841
60
5395
3852
7504
6529
4434
2391
6180
5818
7072
7701
6610
4233
6305
664
753
3763
1366
7084
538
4125
3057
6574
9046
7864
8705
6908
2768
6582
5275
3064
6845
8760
4256
6708
6583
8363
2208
3809
459
5670
8849
6815
4469
1465
7714
6811
4495
4088
922
5779
2791
5232
8766
2531
4865
6585
2912
5021
4207
3958
460
3948
763
5734
7308
3061
5135
2379
3063
65
3415
5749
5312
2476
7037
1216
7182
3486
4425
2512
1490
6738
4763
915
1452
4722
2097
3093
8012
3378
3358
5632
4362
5848
8995
2503
3246
923
1091
373
2423
8610
7821
6000
5389
1076
2980
7442
3549
3623
855
8399
3325
6649
869
6594
7468
2760
6504
520
5259
3837
1487
4474
993
1839
4521
8823
5643
1619
7279
5672
8703
2015
3445
6591
4903
3951
3847
2659
7326
6132
7439
8157
6442
2009
7855
2049
4863
5360
3823
2617
4236
620
1533
6476
1702
3538
148
7568
7749
611
5467
2497
5928
5744
812
6324
5940
4090
7759
641
337
5420
7032
4363
7535
1588
306
8996
8935
4368
1743
6714
2690
6877
8873
202
6398
345
1248
8490
567
594
6825
6357
1920
7806
8170
8491
374
2436
6899
1167
1456
5432
154
809
4335
4305
6672
3487
4103
3441
4221
8414
4917
3562
2564
5470
2605
2339
4900
327
1052
7662
4306
1219
3353
3959
4009
4070
1842
6579
4046
6823
4218
6987
1891
5942
7865
954
1301
7930
6250
2722
3923
239
7057
8015
4750
2896
1573
4315
8084
6217
118
93
6674
7259
2627
7981
546
1956
3724
4050
8394
3337
7728
8963
2093
935
6111
5283
5234
6007
1275
759
1320
6687
3516
6261
5792
8749
5438
2177
1311
8262
3183
1107
8785
7638
425
6735
737
1817
1563
500
712
4572
8619
1903
3495
3911
3716
1088
7537
7460
4623
2
1182
6901
1257
1897
8944
4577
401
3594
4154
2714
2622
5482
4850
8940
3941
5267
4534
5428
5520
1310
5204
5805
8119
8926
8925
719
1827
4077
467
2453
3821
644
8080
4650
548
811
6769
3000
5929
1831
4734
3144
3785
7112
6744
8903
8832
8716
1207
7998
2821
6307
2178
3479
8685
6511
8005
3675
2169
1624
971
362
3598
830
1634
540
6996
4431
4467
2498
2508
940
2421
8164
4535
1019
8713
6561
2969
579
3034
4727
8139
7094
2906
5119
6120
6267
1678
8633
2935
5633
6837
2971
2524
7497
4102
3238
760
4808
3266
8620
6236
6181
3558
2642
1560
2803
3797
7167
4421
2361
8473
5764
1042
7289
1254
4859
4298
3767
8644
619
3339
5038
6525
7333
2337
1026
6489
2711
2606
5994
1396
8799
2784
231
2875
4993
4742
6206
3530
8405
4514
8573
4027
5080
5208
3152
2719
193
4663
8850
8870
5274
853
700
5696
633
7394
4620
3360
2748
4455
551
513
4093
1756
5586
8843
5844
5641
7301
781
7083
6207
7341
7035
2916
1724
6308
3305
6426
1672
3331
6517
4106
879
3135
9048
7458
1669
8907
5934
5168
918
4446
4756
953
3521
1692
4115
4222
194
7111
6210
1360
4129
721
6474
7391
8589
3030
1659
5295
6343
8761
5348
7437
2515
4426
5039
5974
8689
3022
7154
1283
372
5588
3102
1238
390
232
6595
5363
2388
4494
5013
104
8096
4080
3739
7181
2265
2787
3242
3721
5086
8305
6693
3679
2959
3969
5550
5026
84
7591
7251
2905
4272
3053
5049
9015
4977
8069
5060
7285
8623
5383
1199
6390
66
3899
2934
736
6312
2166
3503
5279
4827
2478
1835
4720
6373
2461
3303
1782
1370
8663
8601
509
7858
774
8249
2544
5034
4000
2502
7233
7811
6008
1413
7024
5011
4065
5772
7033
539
4801
2985
2415
515
9018
5815
1754
3005
5288
5306
3224
2885
6624
7840
3935
7320
3366
8494
7842
1768
8458
8162
8743
361
8844
6834
2712
8024
4710
1331
4552
3039
174
341
4035
2021
5271
4834
3200
6571
5732
3026
4268
8042
33
8236
5953
6215
4454
2897
7349
7433
727
2972
6936
4406
2275
1550
7951
3751
4593
4390
4330
307
6337
6198
4935
3327
4819
3501
3143
4936
4448
3459
3095
4194
8267
1173
2168
2046
4778
5108
6641
1122
2251
1306
6100
4787
4414
8176
4190
6505
580
8523
4660
4132
7828
605
7052
1851
69
1650
5781
369
1763
5096
5562
6113
1959
8186
465
1428
5347
6494
7329
6051
7798
3086
5281
3720
3833
8639
2490
1514
624
8161
6627
5594
8471
4409
5803
4796
7598
7479
6930
2034
7184
5579
5680
7599
3944
4639
5806
7940
7935
9012
8987
9043
5932
6842
3711
4705
3125
7492
1820
2616
7805
4884
6638
4126
3520
4110
6402
647
7976
2060
8502
4025
5008
2206
1335
5311
8050
8030
4518
524
7770
1025
5962
8672
4671
1575
6182
4998
5683
2170
4242
2607
7870
7028
357
8086
6499
5979
121
9039
2655
408
2804
2054
5911
3315
3697
26
5583
4224
1629
1918
7087
2065
730
67
6029
1568
5936
5186
3650
3745
4607
3129
2789
313
4284
3425
7547
4719
3740
5148
8882
243
8739
8697
8335
8420
5118
5869
2604
5465
3662
3556
5193
4530
5112
685
1505
2946
7915
7902
3590
1471
7611
1429
7564
5423
1282
819
2316
484
7319
8508
3376
5968
1780
3256
5485
5713
2882
4640
2163
3255
6375
456
4410
3877
1991
4394
3699
6910
2243
2373
1454
5250
1270
7859
5303
451
3700
5272
108
3909
4501
2684
2244
2798
5858
8780
3075
805
7832
7793
4648
4783
8949
3733
5535
816
1729
1983
1209
3181
227
7140
3168
9059
8630
9058
2146
6159
2815
5925
6117
8188
5682
1775
7406
8581
5357
6254
8094
1318
2625
6306
6147
4189
3743
2697
8541
4247
8603
1997
8971
8345
8614
8557
8677
6950
988
6003
498
7178
1418
2945
1901
1305
7202
9022
9026
4636
5127
8370
5954
4918
2400
3205
3504
3237
1671
5980
8172
4995
7614
1516
4844
8628
7637
386
8692
7721
1686
7936
8875
8651
5131
608
8406
6830
6751
6548
6256
8310
6093
6924
6941
5948
7242
7317
1206
5639
249
682
8360
2406
2580
2234
8986
2845
7548
2595
260
3961
4701
3254
6338
2958
8579
7720
6069
3290
1158
1598
3295
533
7665
1963
926
8193
5573
1807
572
3116
6027
7095
5918
7809
3293
1953
6248
6643
3922
2198
4532
424
3076
5635
1121
4929
1027
5549
5946
3001
2610
3762
6742
3071
2810
7668
8156
8936
348
1171
2987
4739
5287
1852
4153
702
8054
5448
5194
3267
7179
1242
2322
7750
9002
5078
7161
2530
592
762
8041
6961
5384
299
7925
8943
686
7896
268
4144
3137
8910
3638
2708
225
4479
2435
6822
868
4981
4036
8190
5702
8852
4187
4492
2038
8052
2755
5206
4943
4294
4381
8134
1709
6467
841
8606
7113
5445
183
8107
4342
2542
5616
2455
1547
7000
8565
609
290
8893
6080
5700
8098
6684
4997
5721
4396
2820
3280
1285
6784
8270
2872
8559
4361
1353
7718
1699
1108
7511
1443
1006
5492
778
7117
8101
5246
7983
4820
91
6919
2457
2602
4551
7758
7764
7968
7294
3653
916
817
6544
2183
6214
512
5382
2577
815
5012
3533
7200
4290
2245
3557
7249
6492
1981
2527
3685
5166
577
6918
3221
6984
4473
5113
5557
6995
7187
2355
7687
3409
1816
4678
8591
4429
7673
5294
8288
1417
8046
2083
4585
5264
1980
7027
6057
4136
6407
7291
4892
3794
8154
6249
3565
943
4299
7348
4792
1476
5794
974
7065
4857
4829
6952
5337
4376
4864
6438
6526
534
2340
4300
3146
7596
398
7256
3973
7060
3570
3361
3107
6791
4353
3285
6347
7583
3375
3069
8717
1950
9056
4458
2451
4812
8665
8783
4782
3972
1635
5673
7418
3324
1777
2172
4378
4966
942
1880
2579
4699
2292
2855
2951
7097
906
6841
3752
3174
5266
4697
7534
8377
5808
4002
5985
4468
978
5400
6581
1745
6204
552
2067
3367
7736
8252
2329
8459
8140
917
3775
263
8537
8883
1324
2440
7088
5253
2246
8551
3572
1415
2639
7168
3816
7136
1405
5377
7814
8506
8178
2745
2835
2087
1556
1811
5196
2596
6545
8556
137
6629
3683
5810
8858
178
867
1925
3048
9023
7723
7820
9008
6081
2743
2861
5056
7824
5927
138
6152
5262
4039
1135
525
8812
3715
3712
4635
8312
3308
7845
7643
5358
354
4897
5472
4735
4199
7938
3070
1562
8578
4382
4658
131
277
335
4013
5621
7724
2667
4529
1922
7079
741
6893
6074
3218
928
8784
5652
8303
5634
806
211
4715
3592
3624
6055
2409
2352
5075
10
1442
2666
7414
7048
1519
6009
3065
5418
5944
1611
1914
5499
149
5236
3202
9055
7122
5345
4213
7901
1445
8064
2965
1321
3396
6712
6900
8947
5735
7705
697
5457
5484
488
6982
3988
6445
8426
3891
1393
3982
8065
7078
1812
436
3548
4348
8879
7166
8079
8353
3165
7398
485
7942
5159
6884
6678
3333
5743
3635
7710
4732
4945
7295
7996
4964
9004
9044
8959
8939
8976
9042
8061
8934
9013
9016
7973
8985
7163
1979
6673
2395
8811
1649
7403
7362
2310
9
7856
8829
4976
2499
1152
519
4341
8642
342
30
6628
7584
8680
8507
8927
3160
4082
2249
8810
4737
3036
8274
2128
6395
6754
2271
3792
7165
7425
2048
4164
6686
8991
2393
1352
2780
675
6792
5340
4433
73
4887
5876
1212
213
3698
188
3220
4561
4869
224
7565
6740
1810
4010
8187
3452
7102
3302
4611
7879
4825
1602
6089
476
4597
5401
6368
5901
989
8258
3525
7971
6500
5094
8919
6314
4041
5850
1640
3606
3905
6925
4898
1031
2921
153
4047
4442
5053
4703
5920
6573
5570
134
5867
4205
8202
8175
8014
2351
1934
426
5987
5074
2501
735
7664
8813
2186
5569
1760
3798
6866
6575
7210
1954
937
2833
1636
6856
7887
1189
11
4043
7230
9029
7747
7299
2677
2450
2570
4032
5315
1518
6623
7427
4373
2517
7572
5019
678
8655
9035
9014
8945
8227
96
6948
3088
5146
6942
722
6404
1886
4162
2884
5884
2005
3564
2447
171
1604
2593
8126
4989
5006
1192
7424
640
3536
2071
5463
6746
4411
5882
4404
1341
250
2321
563
6663
210
4741
8567
2272
6048
286
4965
5546
5225
7476
6032
6795
7053
6929
4055
1399
8984
1115
383
2717
7521
1481
5591
5576
5564
8616
6164
5447
3722
960
4436
4644
3781
3187
2103
5171
6030
7590
8576
8057
3786
3447
3401
3173
1680
6460
103
1181
332
3342
5248
3517
7017
7248
7206
1448
5879
7652
3406
3292
2099
5504
3750
4354
6461
6125
8912
1569
5568
4632
3649
2185
5510
5451
8725
766
4923
1793
5723
4666
5528
3643
2343
2886
4810
1706
1599
3630
52
6519
4471
617
4159
3887
6153
8511
5278
3641
3871
8037
2888
75
4716
581
7225
7883
3488
4267
2968
5224
4762
1503
7884
320
3561
5424
536
800
2643
8341
3403
7310
7318
1559
4858
5319
4480
1673
7239
8109
5707
6701
8277
8254
612
9007
7877
629
2477
99
3204
3430
5710
6542
5149
4360
3299
8197
7953
5431
4370
5325
5666
1111
6869
7402
1202
3410
3707
8830
6812
8465
1947
3381
5349
1896
2922
1869
6960
2706
4642
3262
3090
8166
3919
4283
5982
127
8887
1403
8621
775
385
3690
2279
4776
8802
8082
6879
5559
4941
2966
1021
4852
844
7352
6070
590
3077
7441
3970
3494
5704
4281
2411
6459
5993
5464
5516
3089
3759
4182
4916
8652
1929
873
6710
6715
4797
3192
8366
2621
4985
2723
2007
1466
3949
1402
2721
6860
3194
7827
6360
3512
5623
2039
6555
8368
3701
559
4574
5977
5488
6569
472
5120
6601
6237
1895
1298
9057
1404
7848
1917
162
8545
1276
1099
2669
4907
5130
8043
672
8733
3408
687
1884
1670
5388
3414
8429
8412
9052
3275
2102
9047
3334
8913
7008
5706
4656
7176
8455
8031
4485
2357
3241
4104
1205
3035
5268
8727
6320
2050
4571
7784
5889
4160
5273
7266
5774
1132
4418
5541
5941
6938
893
4200
8221
5915
1967
152
5881
2549
2308
1583
6139
5943
6765
840
3986
7524
4714
1051
4849
5678
3547
7092
51
5014
3747
1517
6851
5895
4942
3083
6999
3461
8846
2612
7682
4837
1137
4688
2995
8860
8549
2741
7894
5831
3363
6465
2797
3677
2240
4958
2092
4915
671
4791
7023
6283
5762
1329
304
2766
5555
17
5896
3402
1543
3465
2241
3573
5617
3601
8521
3230
2565
8583
6066
792
5775
8372
8413
5532
5552
6327
8200
2121
6599
8848
161
3526
4683
5145
4134
7397
7379
4902
5832
1823
1266
4279
5392
262
5859
3244
980
1123
6914
333
7264
2624
2556
1372
1679
5442
8243
507
6753
2365
88
5863
8487
4525
1789
626
3888
5292
3417
3271
8315
3434
6538
120
2098
7885
4725
5304
4764
3100
6732
182
6928
9010
3804
788
7067
6902
7324
2386
814
5088
4896
2664
2720
201
3776
883
2439
2870
6667
480
2325
3954
3527
8213
784
3513
3260
271
5371
7327
7754
8536
8317
9009
1224
2901
2900
6273
8942
6240
8719
4206
6362
6971
4387
1140
1291
1373
1300
1075
5100
8066
8982
3112
2769
2454
8820
2154
5545
2809
929
1911
1898
5350
1982
5147
413
163
627
3694
5497
5904
636
3582
1230
912
6062
6289
2931
3211
7272
1241
8304
642
7603
939
8147
1802
2068
6414
6290
1354
443
6621
5922
4677
4589
5132
3644
6790
4325
8457
7881
2410
229
7655
1960
2278
2540
6326
1211
5483
1029
5860
6363
3062
5813
4630
5175
1425
5164
5173
573
7338
8007
5124
3907
4392
7543
5691
8514
7515
7926
7555
1278
5455
6521
8257
1193
3999
7523
4691
2492
2364
7808
3842
7540
2408
3427
7253
623
7223
3621
7741
2032
5893
5323
3282
8699
1546
4740
7498
6106
2649
4603
4127
3283
6989
2261
3645
429
502
6819
3983
7123
6722
2963
318
2634
8754
638
1226
3127
2759
2753
8309
7483
3587
1410
1916
5886
981
7429
708
4143
3819
6817
1610
3012
2660
8529
8771
3419
4690
8734
3463
8624
6408
5188
5600
4071
4311
4252
1143
3688
8136
402
5703
2437
7282
7356
842
3893
7909
7656
455
5115
3963
2774
8845
2600
5921
8359
4856
5385
2742
2195
3578
8159
380
2094
7152
2573
1849
5227
3274
3640
3766
4255
8338
5061
5157
7372
4886
403
5697
711
4743
4937
838
2323
1228
7235
8489
5054
8528
5602
34
4137
3074
5647
2609
1432
4956
8464
2262
8637
6317
1600
6110
4919
996
251
2019
4542
5971
2519
7265
2224
4366
292
1102
6609
7944
6416
8289
1492
3648
2781
1174
3789
7382
7761
8408
2864
1287
5446
2346
8980
8865
2955
4870
3199
282
3136
2042
5662
5802
6951
2866
2898
7970
5923
979
854
7954
7293
6367
5111
5207
1826
1330
283
6413
5937
8805
6679
7779
438
7383
4987
8932
3588
7889
4584
5776
8608
6577
6858
7462
7466
5228
2192
4564
6721
200
1086
625
4096
4161
5214
8073
2879
7676
7268
7695
5861
7871
7632
246
7505
7243
4582
497
6931
2252
6293
5807
4001
5427
6462
3429
3523
2414
5180
3545
5103
2131
7040
5947
3243
8035
7194
2997
3051
1919
4122
1478
6905
1613
2345
1369
1870
6634
8195
1558
3629
1666
6472
2294
4694
3960
5415
2560
8152
6227
4592
3398
5397
4848
5394
1259
2269
1966
6824
4343
3392
165
9049
7106
1218
3682
6059
2614
4319
1229
2268
2167
9006
4599
4358
5048
2974
1236
4953
3233
7209
4183
8629
3534
3855
6626
957
8809
3619
758
2887
2528
4805
7145
602
8687
891
192
3456
7276
2689
7316
156
6
4765
4321
2398
343
514
4211
9051
8231
8955
8880
4067
7045
5636
4101
7487
4885
7071
6750
1885
802
3377
3123
8533
2599
8319
5109
1962
5597
8158
5059
4978
4684
7496
907
2776
1873
7578
7628
1939
5379
6310
3139
2859
1753
3126
4881
4553
8051
5156
1905
3226
252
3788
5490
7330
5494
7861
6562
5441
3563
5542
794
2818
5676
3383
6992
4029
5203
5256
7839
3571
5699
3228
62
8433
1908
4618
2700
3153
70
1015
1039
1097
691
4128
1267
3850
5675
8127
2219
6871
5178
8419
1856
6541
7833
3476
8013
2266
1676
7627
4413
6195
7482
8477
5373
5110
5439
6116
3014
3585
2441
2226
888
7183
206
4296
7830
8272
5740
930
5757
7914
1733
8519
5407
5004
6235
6091
5450
5511
5142
150
9036
2572
7043
2746
324
8167
2588
3744
720
2188
5836
6970
1105
1378
8781
635
6590
5727
8841
8838
6600
6379
3393
4108
749
124
5817
3314
7388
7852
3217
699
6192
6730
8321
8674
2079
7732
4873
41
1498
7562
2235
221
4748
3352
3993
4245
5183
4340
493
3490
4472
8524
2950
7089
3141
2561
4751
6734
7119
6049
6457
8150
8398
5701
3171
6570
2601
2247
7686
2394
3844
963
8397
39
4303
5908
7519
7229
8972
5076
668
2145
8460
5615
1147
1002
6388
6498
1468
1201
2930
5992
1203
3451
3159
5851
6230
1279
7745
4323
6586
1931
7064
4138
5919
3666
6868
3081
3052
2578
1344
6508
7361
2566
267
8604
8902
3485
4229
7932
6756
106
4960
4768
8789
3626
4851
4925
5413
3045
975
6846
4275
4906
5709
1453
7670
8023
8328
5029
7700
606
4419
8914
8708
2961
5654
7834
3455
2860
7708
7597
3622
970
3875
3976
8586
7254
1168
3087
4904
7021
1073
5624
2387
6886
4754
6046
4933
8707
145
5495
2793
1642
1033
8837
8751
18
4304
1060
9050
1359
7649
2022
6301
3914
3124
245
3784
6605
1200
1658
1606
7315
6299
4718
2819
5434
1183
8683
1589
7742
3838
2775
8968
352
8605
4546
1711
7180
4405
281
4643
3936
7575
1945
6852
6827
7904
1411
4280
8371
6017
8920
7641
1220
6336
1222
166
4759
824
761
1095
7371
3730
3896
1854
2680
4149
6588
555
6619
116
7579
3323
212
7650
1531
5091
527
1986
797
6054
6849
2827
7733
6530
1361
3306
863
767
1803
2484
8669
393
2296
8775
2187
323
835
7172
5215
4511
6216
6799
6733
3839
4704
1759
2291
107
2044
4681
3404
6211
8384
1805
4583
632
3939
2641
279
7790
7340
5226
6010
2332
4550
4540
2611
8392
8560
7018
4254
739
5491
7499
340
2062
7489
4059
7434
6440
8449
2724
8962
6270
4753
1990
874
1386
2381
6700
382
2505
446
448
3584
6654
1475
195
8100
6175
3835
1690
6491
2944
4478
2431
4441
511
8645
7257
1638
4895
2837
8730
2520
8587
4818
3597
7451
6692
6986
5824
7986
3940
607
5105
5055
1796
4445
2807
5128
1414
6896
1179
0
7595
1710
3147
7034
7420
2442
3162
8130
7634
6065
8311
7190
5507
6477
5375
7846
2932
8990
1993
13
7069
2159
7554
8666
8081
8425
7080
1889
4168
8168
614
2378
8479
7957
1444
1495
5871
214
8631
2514
8768
6917
2301
6196
6608
2592
6401
4165
7774
2138
2715
9031
8235
3568
1106
2090
1647
6898
1061
8807
7148
3110
3195
5514
3846
6130
7624
6778
8786
1541
8911
2623
4515
6218
6954
913
5302
2554
744
6429
8381
3559
6729
5786
962
6101
6903
3604
1356
1431
716
2923
2991
7070
1249
8452
1398
4402
5309
8189
5435
356
4988
4285
8206
7076
2433
8505
5560
5
2657
4016
1946
3964
871
693
2546
8238
2630
7220
474
6572
1037
6676
2016
8089
3154
5668
4083
1054
8997
5077
5501
8924
7421
217
4241
1295
7704
410
8878
325
2678
3009
1036
3901
8966
7435
7237
5659
2140
5964
6144
7906
564
1055
5650
5167
6771
3248
6145
8000
3145
2863
3335
5410
5399
8263
4052
6325
7796
5040
1924
1844
746
1616
773
6911
5770
558
5459
392
1392
4726
6704
6801
48
158
1491
2035
1093
6880
3502
7068
8183
6437
3300
2106
2979
7931
8120
1101
2631
5344
5970
898
1208
7907
8828
3709
3193
5868
7347
2777
2475
6233
4580
2581
6155
5307
1100
6774
703
4265
8327
3771
2674
1788
4786
4120
1400
7044
2858
6578
7278
8916
6864
1009
5310
1050
1087
5453
7036
3433
4992
5875
1847
7531
5498
1828
309
858
8923
6383
5663
144
7786
1423
6161
8898
5240
3157
2725
6187
4862
7258
3270
5972
948
3140
2705
676
7967
7480
471
384
3296
6895
7101
8261
7888
6366
896
146
469
5144
4385
5737
6088
4186
8983
1700
1390
7415
8796
5016
5603
8121
680
2619
6469
6185
8657
1383
5291
3113
4422
6294
7825
6748
790
1643
7010
848
265
7351
5730
5320
6391
3444
1523
461
2915
7355
2174
2795
4440
2685
4646
4026
6630
677
2018
6889
4484
6648
1148
6695
3637
1213
381
6625
6037
832
3906
656
2133
7955
3884
4287
3033
1382
4048
5471
4463
3240
5414
7563
5694
8306
197
3815
2771
5856
2526
3777
7509
2529
8886
7395
5114
518
653
5618
947
5809
2899
905
8522
4289
4924
5018
6282
5527
7086
1467
7964
1806
6636
5973
5083
4968
5978
3726
4435
1011
8269
8756
6033
6241
8569
5261
6598
7221
5630
184
3277
1187
5750
998
5270
4232
3018
2563
8410
2173
983
6319
2136
949
3106
5983
3453
371
186
7615
6963
7713
8244
3380
7617
8938
1116
7898
8313
8295
2107
5176
4679
8969
2052
4286
4974
8358
2756
5031
1773
2782
6134
6766
8615
7020
2586
5081
3546
5556
1537
1865
5063
8393
2211
1861
8308
1347
7818
1765
911
305
8349
3569
7607
1943
2636
8177
1274
7373
3043
6506
55
4519
2811
3617
8592
6944
7707
8767
1524
4711
1407
6615
8720
4045
8892
4150
6071
7393
6171
8500
3843
8239
8142
242
8333
892
2658
7672
8434
8034
8407
8076
4793
4905
7539
7851
6509
2162
5324
8653
3903
2422
2633
3118
6685
7769
8931
6330
8874
1345
5211
7121
1154
6551
5653
8286
7125
798
8179
8006
6377
4498
5090
328
5609
1299
376
7198
696
5000
7005
8063
4097
4842
2277
772
529
4208
6556
4260
2427
5883
7678
8116
4706
1237
2628
6162
338
2108
2327
7633
782
4996
170
364
2002
2028
1138
3719
2374
2452
8340
1657
3910
6939
6205
6906
7454
1502
7170
2893
7050
3687
6646
5089
8092
1252
6975
1371
1617
6642
6947
3580
5477
683
4541
4355
4388
4379
562
8647
112
8300
5888
550
8219
388
6243
1584
2358
54
4914
7419
4983
6253
8778
6178
8483
6280
4068
5426
2419
4273
8595
418
2330
8518
8562
4131
8988
3164
3997
2473
1776
4457
6012
5796
1188
7965
7789
1902
3055
8402
4423
4158
5834
6534
1178
5780
649
1325
5543
2176
1534
7674
8818
822
8839
901
3025
1012
3078
603
7679
2151
5185
1783
1079
3610
1609
6564
1461
4954
667
7222
4570
464
4994
2783
6580
1837
6255
8461
1862
7711
1799
8738
2933
6409
7159
3772
4297
2883
4500
8930
8755
959
7911
807
1247
2077
2873
7739
4003
7756
8889
6142
3984
4686
2417
3257
3227
204
4389
1840
1928
6557
8821
8446
4932
597
2399
1757
8553
3098
7819
3980
8265
6803
4970
7380
2801
3567
2846
5067
5789
379
3493
4815
4105
1506
8609
6169
6883
1688
1940
6047
5437
1294
3466
1486
3612
6633
1877
8246
1446
3426
3540
5505
3379
8291
4116
2694
5476
5155
412
6798
6767
3232
8217
5229
532
3953
3122
8207
3386
5857
5769
2305
2679
5182
4332
8981
1821
2903
5890
836
4114
910
1557
8011
669
1530
986
2080
2682
8585
4021
5800
4320
8282
191
6168
7640
6212
6428
363
1684
7367
5747
6745
8234
976
4539
1510
501
5398
5685
8181
3390
630
1221
8552
5799
7197
5402
8470
7669
1633
2977
1240
968
820
3646
7471
6772
1620
6741
7853
6024
6328
5821
3897
6058
7569
5341
4175
4391
3286
6468
2853
2937
7124
3945
3464
5544
1752
4972
7247
6978
3824
4723
1110
6718
3642
8504
7417
5540
7810
8894
6724
7047
3825
4123
6606
1001
6496
7776
179
6441
5839
7350
7817
8223
5788
8564
8123
7357
5631
2342
4235
7576
8890
5037
1586
5845
7514
1989
1463
7216
7224
7114
8241
6645
7137
5007
984
2040
3987
3013
2551
3399
1114
5198
4030
8301
32
2324
4503
5364
4755
9041
4798
8496
8921
8896
2942
2638
1553
8278
6431
8380
3756
5981
1512
3518
2871
599
3627
3068
5233
295
4163
8485
5930
8714
1332
8481
9019
5753
6141
5783
6622
8534
5216
6807
5417
4489
8352
3354
6052
1595
8003
1693
7868
598
2058
8250
5098
6949
955
1280
1566
6662
1246
3555
3862
1936
440
4913
7488
5468
8259
4437
1464
7469
6831
3344
8901
3328
3469
1549
2086
6138
5192
6382
6124
7729
220
6304
7725
1615
8690
6264
6420
5622
8424
5523
4961
6958
5988
1109
4875
151
6998
8290
5219
4107
878
795
4591
8225
8602
3801
3369
1552
2111
3790
7620
3031
828
6535
1069
8329
6341
4595
5003
3826
5430
7486
1058
8634
859
8803
6223
7244
5223
3332
4147
6092
3581
5317
8816
5496
7974
5963
1302
4214
8956
8184
2113
8298
6926
9001
365
4767
4712
8833
2993
3791
1391
2230
208
5241
3717
4408
4338
1125
2481
6613
2671
8108
5916
4612
1787
4921
6127
4230
3818
7837
2444
8391
2147
684
7128
1049
5593
4707
1355
1501
5640
6840
2356
966
701
1941
7517
5902
5759
5093
1364
6539
4946
4412
404
3388
1281
8350
8212
7105
6980
2205
7542
8482
7585
2521
2786
4324
2317
2568
2253
6013
3773
2207
6907
223
4565
6001
787
967
3661
6780
4999
4259
7589
1003
1713
2778
5249
6965
904
1511
1068
5480
6456
293
1253
8036
230
5995
7344
1327
5265
3134
2507
2010
8365
6222
5826
2341
6927
6872
1322
2545
1726
6022
5331
7389
7777
2962
4554
253
8347
7880
5221
4598
7472
7958
1973
6200
4302
852
1662
7815
689
6666
7684
3673
5671
8453
4151
2144
6177
4459
5220
7146
5458
5752
2767
921
2826
4520
3437
6480
7541
8750
8099
2548
3320
302
92
8141
7205
4223
2830
4357
5688
7629
2371
707
4038
6121
6262
4817
5790
5607
1785
3336
5563
6258
5717
2652
4049
6964
3962
1365
8895
6364
2710
1057
3647
7012
6068
8137
7049
7135
6228
3439
8661
3215
6394
1250
5508
3895
8475
1424
4927
2814
4345
6726
1564
8049
6316
1497
2672
6077
7405
779
8117
6188
1314
3633
5725
2184
6885
105
1593
5169
575
3198
2027
5681
5960
6137
5475
4098
7609
7056
908
196
964
391
1470
3727
8853
2924
1231
7438
8856
7188
3151
264
7013
3686
4971
7185
1904
4860
6242
4
3515
172
5487
2465
8383
314
4605
5690
5877
3603
4424
1308
360
5644
7384
7854
7453
3422
1172
1186
1067
7284
6148
5952
6251
6639
4483
8112
2012
5531
810
6354
6681
8525
785
4524
7199
3312
3900
6597
3738
5766
8093
1707
3085
1113
2285
2919
3384
2333
5613
6372
1957
3834
2326
1245
4645
128
610
355
7516
2574
7399
2218
8070
769
8842
2485
4847
6098
1590
3524
1906
3042
1014
950
6716
628
8251
6589
7416
431
1784
7151
2902
1128
38
2116
5030
7545
7042
8723
6956
3175
5247
4317
3599
8428
7236
3420
8214
7277
1435
2543
662
5330
7919
8375
2761
7990
6611
6005
8906
4490
3942
3755
6943
74
4738
3858
613
755
5945
1394
4395
5660
2489
7470
5910
8474
7961
3975
5938
8021
1264
8106
316
7631
5825
317
654
7948
5741
6246
661
5140
4831
5367
3857
2688
6165
3595
1521
2004
83
7988
3350
5935
2513
4309
5242
6351
1210
3190
6285
8122
5687
7448
2287
1198
732
7271
1451
1153
8779
7677
7738
7157
2201
407
7878
1343
8192
3632
2911
5900
7765
956
6352
6890
6892
4179
7586
7477
7943
5773
68
5606
1094
7147
666
6019
8255
4967
6974
1716
4606
1998
8527
3615
1090
4069
6384
6848
2730
3670
8253
743
3462
4225
6777
6635
6683
5590
6297
4784
1722
631
1139
5722
1265
6813
7378
3474
5010
1304
5656
1607
7847
5736
3287
8110
6454
6087
7910
9005
6775
140
419
1587
3389
2500
1883
7527
1129
8978
2733
1725
4124
2137
5793
5931
5391
3468
3820
9020
7241
679
1758
3912
2202
1046
1078
8442
5017
6953
7876
530
663
7956
7717
1162
2874
985
7778
5050
6972
15
3870
8640
1627
7917
2832
2653
7422
4449
6897
5506
3209
2533
5153
7507
3006
5829
8378
5479
6550
2231
4322
648
4350
6085
6757
4262
8918
7346
5218
8678
6247
8374
3458
3868
5720
1597
6558
2816
3836
1080
4615
7605
1223
3357
717
6660
6522
6432
6894
825
7574
7115
6805
7731
40
122
6711
5282
7785
8068
207
8574
2462
5354
5486
6284
7283
2999
3170
8700
1555
1646
3066
6345
4094
3902
1041
2751
808
4081
4523
595
4507
5138
2849
1976
5833
6170
7270
5628
5024
7099
8593
5151
3652
5975
5855
3508
339
5811
135
2134
4407
2727
1328
6532
2817
8369
7019
4538
3184
4959
4231
2644
4951
63
547
8659
2228
6190
8937
5087
3351
7863
7726
7381
6041
5141
5525
5912
7368
3397
4687
3723
7719
394
3955
29
2456
77
3229
2854
5189
2013
7309
8440
8125
2603
5353
2438
3289
3041
8656
8611
8336
8337
8626
2220
3348
3672
1504
927
8798
7481
6867
1561
7890
1118
6915
4135
856
1112
1664
1734
8740
6983
4874
4824
1493
7011
7703
650
990
734
1165
1626
58
5524
3166
865
7275
5958
543
415
6146
4015
2713
4012
2788
6470
126
5677
6075
5071
8196
6967
8132
1136
321
4278
862
3109
4040
7262
7757
6584
7502
556
7003
6031
6339
1368
748
5290
4588
8129
483
5548
1334
6353
3443
3813
441
535
5073
1338
7431
6342
2293
2459
7025
2762
7510
4673
2110
5767
8928
505
8726
3714
5065
482
4566
6244
7549
5244
2637
3128
4314
6411
3620
574
5121
7621
6736
8770
6806
6004
4383
6332
1786
1184
7039
5538
742
6782
8594
4271
494
3554
5891
1348
3438
6427
8067
6932
884
5990
6349
750
7463
2304
1628
8203
4816
7313
634
1704
6473
2029
3898
7715
2802
4365
7618
6552
4680
2118
7794
4282
2550
6184
3509
8002
85
681
7626
5191
5285
1864
8782
2011
7623
7923
2909
4629
2754
931
7977
5154
8764
6829
3050
7400
7694
895
8540
4911
1022
7610
5870
1508
5551
378
4393
7306
423
7594
823
7286
2910
5212
2953
1016
1389
3551
7175
7091
7671
5906
1668
6260
6340
2424
866
5005
6518
475
4840
1420
1912
5199
7461
7006
3252
3505
7500
3664
43
2350
2626
8454
8948
2023
738
8900
3832
872
4641
582
2320
6487
3920
5308
2516
298
2123
5231
2432
181
439
6779
2318
3856
1197
6607
3865
4752
6355
3478
7892
16
4453
5771
4894
8078
1023
8208
377
3734
5822
2463
7263
791
3058
2150
2096
8008
7946
6644
8292
1032
4288
351
3169
3956
7982
8438
1830
4031
4531
1687
3713
8863
2335
8435
254
5949
3189
8711
1804
8437
6245
5852
1430
3276
6697
1535
5658
8299
2306
1377
2420
6378
2036
7041
2983
6725
7093
2189
3454
6452
5585
4344
6219
7860
7374
7997
3294
2890
5079
5163
3904
3880
7893
2877
7014
4274
414
6828
1043
7697
2668
6396
3301
8326
4876
710
7899
8627
8332
2670
1536
7232
258
6333
8696
1907
89
6252
3634
3387
8417
6348
7740
1874
977
6278
2222
925
7619
3222
4653
2033
5321
1462
8765
8698
6653
8509
8572
5339
228
3770
400
4372
7775
6762
3800
4196
8439
6485
8038
8396
3177
561
8745
6053
8135
6559
3680
8224
5058
1703
7215
8436
8575
3529
5984
3108
965
6133
4586
7653
1714
1798
7528
8712
5328
7867
875
1625
8468
8432
7766
8757
7651
7526
7647
8431
8113
4310
6705
8951
8376
7978
7646
8307
5329
8577
7561
4826
4074
5035
7657
5473
7559
6436
8702
8467
8570
2210
8546
8885
8941
6344
7608
7645
8769
8395
1579
8695
8814
8688
7693
8331
7992
7934
