5557
5889
2732
1457
864
5910
2835
1599
3303
6879
6050
6769
4027
2044
7533
3741
2066
2800
2783
256
785
5652
6556
7967
7942
5822
2850
63
3161
7471
6730
4670
7767
5009
3211
3406
4050
6624
3127
6063
4228
1359
4296
1266
6470
5774
4859
1890
4369
5483
5427
4909
898
96
3003
626
4346
1610
940
4568
3647
4283
1803
4162
3126
406
326
424
8021
1482
2121
3840
8048
79
856
984
396
65
1750
5859
6088
3020
5719
4474
1958
5062
5485
7960
7760
1334
4334
4105
5377
1224
7939
6681
7028
5302
2695
5425
1633
4149
3598
5875
6955
3352
6263
3906
3628
2864
1481
7748
734
1637
1411
6931
6420
2626
4802
5528
1741
5453
1773
1960
4008
676
273
4413
2931
886
1928
3966
4706
2856
6559
7061
4832
4387
3452
6814
6413
5395
344
6082
1545
4506
7263
7780
6716
853
1387
3661
7320
3393
1038
3605
4727
3139
4883
23
2096
5367
3077
322
6719
5559
7104
1690
3555
6546
1198
350
7359
4336
959
5371
5620
5245
219
6230
1980
3855
370
4188
920
6014
6228
5968
6974
3733
6749
6280
6154
6545
1852
1324
7843
2485
5479
1472
4178
8199
7193
5361
2686
4028
7753
1182
2460
6737
4063
2519
3615
2269
4583
1032
7588
1866
4764
3049
7056
7777
3826
5059
388
2272
2275
4614
119
4480
2981
2249
2869
5664
820
1439
1553
3548
969
1369
5606
5857
4649
458
6833
2574
4404
1680
2248
7869
2650
5884
3348
1964
5339
6638
7211
4279
2781
4421
1067
3027
3650
1505
2289
2056
4607
2263
8152
1758
174
7458
1392
3570
2707
7074
415
549
7576
4383
1178
5386
2291
7530
4999
4315
5447
3133
4010
7754
5326
8109
1362
2978
2217
336
1278
2224
1042
958
4439
1697
4350
1329
3773
121
2069
8164
4560
476
6853
3435
2801
7645
5588
5186
4535
6897
4725
2392
1143
2932
5320
4209
7667
4251
1537
6907
2745
6174
3202
4435
5939
2032
1786
1910
4248
4653
1452
7885
6521
7717
2561
5801
3668
207
7790
2352
3934
7950
3357
3889
2180
2245
6984
5208
3648
7955
1160
5480
6961
5551
3791
4012
2374
1036
2798
7379
1977
3684
5512
1183
6107
3649
7652
5247
5411
1164
5525
7832
5505
402
2910
5855
1169
4046
2133
3660
2105
8111
5666
4299
5575
1068
5962
6778
2466
7953
594
4115
3687
51
1121
6930
1783
6667
7776
3017
4443
1130
5265
1757
7531
3748
6329
4293
276
8188
7677
4239
4344
6856
4838
738
5906
3478
6925
2684
553
3724
3451
1737
7174
7294
7275
1105
1309
1045
1855
3817
4509
37
5281
2719
6069
1753
7470
7549
6401
54
243
1745
4671
6371
2190
2654
874
3290
5102
3497
2387
6821
3292
1516
4065
3931
7629
3341
6016
2950
666
2020
2940
1283
8088
5979
5669
8212
2134
5610
195
5934
5567
8007
2102
5258
5167
1071
566
4949
4144
2572
7364
3196
3833
6531
5252
6561
5132
263
433
5130
867
3285
2250
6896
3397
909
6187
205
3607
5282
693
6391
1078
5659
4925
3666
2546
3701
4929
2977
4170
7558
1139
8010
6338
3182
2599
2114
1277
3129
3301
576
2560
6181
3664
7513
6788
7034
3322
6544
1186
4235
2354
1498
1257
6210
259
6979
3284
7994
837
5892
7184
4566
7405
7734
4048
6332
2576
7704
5065
7877
4825
6306
478
2053
4570
593
7698
6073
2152
612
3481
6620
387
6537
3672
316
5434
6087
3786
3537
1978
2895
792
3079
482
2468
6627
7510
5602
7866
6474
536
5435
823
5812
1335
2231
8063
8023
122
3463
1976
5936
7512
155
5138
6587
1657
1630
6645
6577
883
4841
5369
3981
3097
5375
7938
5798
4964
1442
1147
2681
5843
5016
1557
3663
7
3543
1330
7516
7518
5295
4745
3287
1090
8123
8104
5376
5600
6345
2703
4753
6095
6674
3917
6948
8215
1634
448
4808
887
3694
198
3469
4087
3066
6216
3356
4882
2004
3059
2070
4761
4481
2365
2234
1897
4373
4455
5218
7036
6696
2882
221
1720
6465
7419
435
983
5084
506
4730
7214
7916
1812
5010
729
2355
2928
1766
5684
2723
1308
400
2436
3990
2914
7355
6995
8032
7406
3475
504
6783
7460
4645
1899
2235
6895
8167
8149
8220
3260
3905
1370
6796
2840
3327
2369
6098
3529
4508
873
2242
1408
6360
3383
1381
3174
8221
2541
7980
3770
1684
2135
6479
7899
1929
4959
6002
6852
293
2845
2192
8217
1705
7502
4101
3885
4603
3048
1811
8191
7431
8232
1484
3239
5111
5129
1259
7614
5405
2997
1115
1816
3998
4531
518
4276
3924
3642
82
5070
7564
5199
702
8065
7085
372
2259
539
4707
2704
2506
1586
5180
1905
4850
3001
582
3282
2585
1314
4793
1767
4479
87
2028
2089
3232
4304
7252
5985
4282
5937
6644
5474
7674
714
7837
8012
7787
4259
2921
4858
4857
7118
4097
2176
552
7827
6039
5178
7287
6570
4114
1743
2341
1549
3190
4241
6610
726
3056
6237
5720
4864
4019
2963
4286
4291
6102
72
2672
7628
1580
4973
3388
1320
28
4762
7079
1988
1973
5735
7060
4444
8103
5346
7922
7049
6933
6267
1098
5366
2579
2878
4821
1810
2642
6575
2019
5418
5050
3839
6196
6831
7718
5742
1561
610
3999
3950
3495
4185
2128
4040
4729
3520
7284
2751
1845
1218
4175
3484
2970
7808
5219
1917
7932
6059
4476
1726
6412
3793
1950
191
910
2665
2855
629
2238
5564
2635
88
8116
4514
2677
5288
5443
1535
2306
512
7432
1026
1957
6105
5170
309
2829
44
2191
7175
1289
5667
6438
59
6867
5767
670
4694
2788
6192
153
116
2400
2101
4837
6770
4817
2233
3965
1641
7522
4613
4767
7609
3169
3755
1992
6052
8001
6064
3423
527
3521
1818
6508
2551
5026
1851
905
1181
6960
3328
4552
931
3680
434
231
292
3856
1848
3149
7722
8239
5675
150
7260
6180
6189
5280
7671
5676
3023
4145
2697
6898
4976
3526
3491
1239
6224
7999
3377
6752
1018
7089
3646
5135
6673
3425
3021
4798
1495
2465
4939
6697
675
5236
5014
8028
4758
5538
1824
4871
2594
597
4676
7123
2624
5362
289
1212
4928
531
7105
3865
2022
135
4977
7395
249
1236
7508
22
4669
2276
4328
5731
4931
5054
7764
7081
827
998
6206
7151
1357
4011
8075
2935
5019
2215
3458
2554
7448
4685
6409
5836
5502
8030
7917
5500
6287
5710
3018
6405
2698
8184
4548
5886
3405
5871
5944
6166
3318
1327
7587
111
3295
1894
5837
3144
2565
3387
3735
7639
2298
721
4354
3768
1648
6899
6309
4319
5464
1163
5983
6772
6153
5004
1204
4897
4678
4189
6586
7237
4528
4910
4351
4446
2678
2756
3904
5507
5451
5821
1293
4845
1141
3330
1574
471
2106
2304
2123
6292
2100
10
1681
3498
7420
4639
7656
7258
3209
6534
2553
819
2496
2629
7033
6692
3312
8138
1914
6351
1360
7517
2071
2010
6700
353
4038
7941
1879
2193
7126
3265
5450
2322
1355
4242
3522
3485
6834
5621
4043
3894
3877
7934
5024
2150
6711
3362
7164
6378
4285
21
6200
4487
3414
3158
2764
6528
3219
2994
6739
3358
5318
4254
3673
3286
2821
4173
2652
3568
1215
7990
3373
4902
7018
4550
2479
3175
3336
5029
2293
2456
7409
146
2047
5923
5704
5913
7653
5408
3240
7205
5470
2261
5715
2947
5300
4263
3936
704
6269
7951
1892
7559
2702
1292
2058
7014
4787
7188
4862
1344
4287
3028
2890
227
8175
4136
1069
2406
2708
7737
4103
6428
120
4836
4511
4705
3745
5516
2862
8198
2631
33
1124
1361
74
6011
4712
7981
3250
4321
2874
3122
55
7168
7177
6131
7723
4389
1564
6632
5269
2000
515
840
3033
4893
2157
2525
4972
3426
1538
7873
862
6793
3604
3532
2186
440
3413
261
900
6220
5154
2326
4292
6144
7850
3951
5763
52
2418
1984
3237
5489
2151
8055
4245
1213
3135
4889
4465
5888
8036
1754
5743
1448
1588
1728
2510
750
564
2025
3614
1057
2251
2575
2886
7961
6225
2513
6809
6830
3667
1091
669
3268
5689
788
2839
6176
331
2213
847
2973
6096
1907
5187
4612
7937
5702
1842
1483
3586
1774
2388
2859
7856
1321
5789
1731
6212
32
2958
8042
1237
7057
2784
3899
2929
6221
3822
4306
6751
6733
2922
6028
4751
6112
2427
6735
620
1514
6404
1873
6705
2919
3517
2786
6720
1171
4179
7301
1290
1475
2015
1846
6055
4963
3114
912
1944
6111
7417
1850
6469
2711
1709
6025
4596
7305
3653
6846
4258
2424
2583
6850
4247
4158
3225
6957
5176
7145
548
5053
5490
6260
5969
2156
1364
4403
5468
3118
1617
5294
1642
7031
6359
7026
3088
2159
3005
7394
6122
8000
1661
7073
5804
4578
7428
4708
6795
6114
496
2164
7553
7920
8108
5158
2420
2202
5677
275
1022
4546
7578
1677
5407
3897
380
4434
7560
5681
1275
3567
6173
1794
8074
7449
8095
2675
7740
5598
3809
3616
5627
6954
4461
3424
6353
1175
5185
5866
4640
7931
2782
2636
6616
2209
3737
359
6920
616
5117
7094
5205
4629
6284
3764
1662
5080
3695
2003
2956
5322
4137
2807
7313
2587
6015
6702
3530
4783
4995
5182
937
3967
6475
1188
3153
4392
703
4637
2398
6083
6448
4094
2757
4394
6057
5553
5977
2841
324
1721
4895
3146
3381
5550
6143
5355
6717
4962
4026
3107
1523
3015
5658
754
2016
1683
682
5741
6659
2658
217
6622
277
7125
6750
889
7889
996
4500
4684
1437
8079
6991
7769
7984
3014
3248
2312
1835
199
617
5000
18
5013
4107
4320
4023
2500
1609
6289
2694
975
185
2204
3979
736
5590
7833
1823
245
2453
6992
4216
2017
4081
922
6848
5957
2925
2799
1772
6826
2823
2146
6908
5520
381
1294
816
3813
2588
7137
1550
1024
765
5770
7082
3431
1706
4892
2227
1536
8090
5345
4343
6366
4467
1832
1896
3767
2113
6265
5585
4674
4830
3730
109
486
2481
7318
2078
882
5899
8225
6855
91
7904
550
780
7770
253
8094
8208
6164
7997
801
5592
1301
7281
4275
1839
6191
2145
2834
5876
3621
6612
3367
855
2568
917
4249
7132
7773
178
2863
7025
4856
4309
4908
2617
95
7334
4541
2887
266
3273
5028
5444
5680
6762
2350
6128
5446
892
3983
8187
2536
2897
6214
7316
3634
5493
6981
7766
8150
7041
7084
5237
3222
4262
3055
7426
1659
2
1806
2131
468
1337
2548
3441
3816
3720
4425
5299
2692
4675
3655
7676
5996
5555
4055
6756
2526
3953
7580
3213
7810
5109
4041
8121
6302
723
6485
7297
1431
7234
4456
517
3834
7970
633
7008
6456
5831
24
3180
4849
5824
446
8051
5631
2564
5828
1413
6256
3954
3986
6807
7291
8107
6352
4156
522
7203
5077
3778
7586
3645
2726
4036
6446
1255
2608
3089
6149
7983
3787
6175
40
5880
315
463
6257
5448
5782
240
6999
836
1875
5854
5240
6337
545
5415
5577
8238
3603
1228
832
3140
4831
2330
6869
1755
4222
7206
5517
5060
2785
710
5378
5573
3025
6433
3224
1043
1627
7231
3112
951
4150
3039
7616
3398
3612
3790
7439
7890
6547
560
4872
4072
6530
2127
5018
779
1132
4940
2494
4658
5691
2111
3155
5118
3581
3909
7253
39
783
2463
5074
1539
1343
4878
3372
7384
6708
4109
280
1429
7069
7998
5424
7716
3867
5304
988
1578
3895
4809
5748
5858
5423
3298
5769
7875
5270
3892
3617
1922
7879
4032
2690
1348
665
8070
1621
8038
1464
6851
2149
1427
4284
2653
3726
4192
165
296
583
4194
1412
2329
4874
1859
1244
5779
6266
2508
638
7068
7882
7761
2598
5793
637
4615
2014
4415
1400
4411
1622
490
6657
7303
1446
2160
6250
3872
8144
3492
5486
6442
115
3226
7242
1735
5997
4401
1555
390
1480
5895
4553
3891
8014
1211
1777
1133
1643
3749
2437
1039
4377
1926
2119
3698
5279
7415
4955
7817
7724
1154
7592
2613
2559
1862
2008
1626
6564
3513
7288
268
5902
4826
4106
1004
1576
627
3128
4363
7648
6146
5139
563
4382
5795
5379
4900
4022
42
6672
2207
4391
927
2488
2971
911
7731
5035
6042
4372
4052
4142
1793
1884
3842
6550
3679
3321
950
1053
2792
6782
5312
2480
3195
6019
2344
2295
4095
1002
3565
4301
2091
3784
6150
411
3488
6747
4289
3713
7279
1029
5759
581
2126
6651
7170
2401
6270
7111
7739
7310
5656
2747
6526
591
1640
6874
1764
941
4556
2557
6917
2543
3699
5149
3590
1856
5093
4819
6983
7539
2423
3901
2426
7946
4778
6459
6386
942
2803
45
953
7315
1416
2142
2373
1117
3524
5981
7498
1560
5938
423
1368
7557
3601
1746
2443
3573
6499
7632
6207
489
4272
6885
6889
2619
1530
7921
4470
4601
1689
6434
5458
3099
2976
3187
2649
7331
4569
6836
192
100
2375
3065
4529
3810
5954
4828
1488
5262
8059
916
8067
6077
2294
2273
5802
5105
5797
2818
3563
5289
5698
404
6758
1556
6695
6877
3968
6625
1515
6453
1849
6797
1996
6806
5157
5632
5558
6493
5787
4970
1497
4722
4736
7765
5556
1606
6675
1562
8003
5959
1417
5692
2669
6392
7083
1241
972
6141
945
3279
4647
3638
375
230
2969
1623
1088
1128
7711
5173
5046
532
1541
6718
7804
2853
1585
7225
7314
6441
2084
5206
2549
3665
6177
5531
3061
5582
7443
1795
1379
6761
2742
4405
4442
1880
2438
8157
7191
1601
1015
1023
239
6551
6495
6259
752
4513
1864
6805
5420
4232
8060
2118
4426
4979
888
3
6466
5917
3591
7894
1600
575
8214
4218
7228
2143
2817
3376
4049
2130
6517
2348
6108
4584
175
3095
5357
7802
6462
3676
5244
6823
5848
6157
6400
3480
6753
690
6985
1933
7973
3459
3580
5662
3443
483
1759
2827
7926
4093
6172
5920
3395
7150
784
3693
5140
4058
5190
4795
6227
2893
7038
173
7682
4599
7487
7524
7042
7854
1895
5122
3574
4380
1455
7863
4604
5826
5002
7039
4885
3884
6952
1763
718
650
841
6676
7152
6240
5432
2899
6398
7158
2377
3119
5011
6497
5896
3415
6467
2689
1010
168
1501
6297
5522
722
7772
4086
1554
5514
4834
6536
6049
679
13
5947
8006
1744
4098
3394
1843
5542
868
4782
6652
1478
2857
1374
7507
7784
7238
2611
394
6524
1089
188
3652
6419
5351
5708
5183
1306
2068
4958
6484
6247
2141
7486
3104
2662
7353
7713
6268
3772
6117
3550
7120
143
7940
1829
516
3602
3564
7709
3589
4661
479
4205
7277
4314
360
383
6541
7568
4505
2926
2623
1573
4053
4099
7367
4312
7897
1966
7285
1409
4197
645
7594
5203
6435
3977
4679
6373
3442
8146
5297
3430
351
7268
1547
4803
2039
2362
4407
5037
4797
4059
7534
8153
7615
3045
1760
6394
6283
4554
7241
8127
8205
6975
681
814
1889
5078
4611
89
3876
1070
459
1790
6208
466
3900
183
4720
4664
1830
4743
2316
4754
6491
3644
5406
7956
4988
1691
6527
5005
3754
2448
2454
4863
5471
4794
2320
2317
1645
970
6618
4776
297
5041
3538
5864
6341
7859
4495
6388
5086
4472
3997
7350
2715
2087
7345
7045
2884
8166
4219
7836
656
5817
1245
6861
706
1034
2212
2161
6335
7245
6252
6281
5799
8100
5813
2112
519
5136
6844
4390
2417
7819
6033
242
6020
6031
7782
2763
7317
5147
2776
257
1
7311
4076
432
6938
1066
2625
2109
5225
7927
596
7820
6755
2535
4385
7743
5887
3795
4307
1111
2446
5034
1240
2061
345
1788
4196
305
3626
4182
4186
70
6653
2679
3499
6800
2487
6763
2415
1100
4317
6857
3887
493
1112
4537
341
4338
4067
7433
414
6557
6478
5784
3439
3927
2505
3948
1782
2810
6145
2710
1687
6282
1252
1040
7895
6331
3799
3487
5820
1011
3473
3677
3792
3593
3379
4867
3930
4084
73
441
3080
4246
204
6411
4007
6825
4082
5924
6126
5650
1916
4746
1380
271
1007
7005
162
1679
4327
6779
5601
407
2117
3760
6231
5092
2055
3689
4961
6568
6937
5823
2657
5537
4161
3068
2359
2691
419
642
513
4447
7196
6584
1717
1470
5040
6706
6293
1326
4133
580
4469
3401
1780
246
2905
3974
3789
812
3599
2750
3823
6068
7968
6198
4586
2137
4994
2637
4215
1487
8037
6516
2429
3576
7618
3310
6236
3084
2001
5841
2040
101
3852
5752
5168
6819
2172
8069
6477
5316
2996
7328
5885
1102
4822
5442
1870
5254
7692
3246
1465
4138
7865
2888
7779
7399
4238
5786
5327
7453
7077
142
7391
4212
7213
5665
2633
4580
2674
6901
6870
6642
2952
3354
3364
4792
4742
4842
5878
2140
4198
2279
877
2346
7254
2724
1872
4240
6226
6423
6488
417
4598
98
3245
5593
5233
7979
3557
4688
3546
403
1318
6121
3585
1990
4300
3234
7689
3294
6982
2416
374
1999
1223
3210
2378
209
1185
3514
2912
4213
6799
1583
3113
4172
7343
2735
3629
8093
7397
2967
2908
5907
7555
19
7195
6118
7389
5015
2278
6668
6859
2632
7002
6346
696
8066
8045
5753
2281
3011
4763
4003
1632
4202
2311
7149
3181
6402
5452
206
3929
2918
977
6134
3421
3009
48
7732
4221
8049
5970
7342
7884
5212
3705
2743
5287
4914
6959
4948
4066
6139
7617
6072
8155
1220
1770
6506
8182
7363
2766
8061
5473
160
3243
6967
6628
5099
6604
1453
1520
1107
6504
7336
409
3404
1650
5919
5006
2643
5409
484
2357
5694
8054
715
1715
477
6165
3093
3464
4433
6650
1227
307
1701
6468
8085
5276
5900
2219
643
3054
6977
1582
1299
502
5266
634
614
298
6372
5695
2154
2434
1724
5058
1931
4536
4801
1663
2340
6911
7670
1291
7095
5008
7019
4704
7266
7117
6713
4844
2670
2775
8071
1841
5384
3732
3227
3131
7124
7627
653
1420
1686
3179
5223
85
104
2484
569
5213
773
6837
974
5911
4521
6037
3925
8057
3315
6643
7403
4398
2385
3549
7436
5534
3457
6746
7108
5497
926
5616
212
1801
3176
501
4068
3893
4677
5388
4379
6617
3654
2442
1014
1202
4253
3984
7445
2476
6773
462
4020
5960
5877
1333
3138
154
234
5400
103
5200
7577
7224
5791
7113
772
6013
4866
6036
5975
6994
3412
1021
7887
7816
2868
3562
2858
1962
3636
3311
3734
838
41
6639
6463
3715
2959
6032
1382
4918
3197
4184
389
1083
1568
1058
6249
3871
5020
5509
2716
6160
6051
7585
4744
3531
751
503
525
3132
3961
4655
7246
1604
5491
177
363
3556
4208
2828
7720
7299
2995
7669
4355
3547
3747
2811
6238
6878
6956
6472
7643
4180
3173
8
1219
4147
7456
7893
2909
1046
1307
4881
7271
2898
4768
215
7715
3944
329
3347
4703
6511
3618
5264
3920
7003
5654
2860
4562
8190
5581
2422
699
397
709
6962
5166
1398
3324
1407
7278
4013
3959
3368
7144
7400
1649
3658
5097
7204
2714
5687
8034
8099
3686
3742
3949
4311
2934
5095
4190
7087
8216
56
7500
405
7385
7840
7883
5068
5391
1963
2758
5101
3777
1176
5436
2412
3255
27
2749
1546
737
1134
4499
465
1336
6097
2523
1230
849
5643
4341
7197
7902
5481
7103
6579
5772
3504
3888
3942
1177
4887
2214
2660
791
1635
3070
2023
2502
5128
6838
6167
4039
3674
5825
822
1295
5352
2391
7052
4015
720
3980
2720
4774
3204
7830
6953
5829
4693
6585
3230
318
5416
1145
7943
2881
6450
5883
3302
7898
7264
1946
8025
546
2169
3783
1625
3283
713
6868
4305
6074
1559
1542
2615
3344
2205
1639
672
2911
7122
6432
5353
3434
5274
2211
6989
5803
355
6489
328
1153
740
6803
4424
6630
4877
8129
8185
1049
2954
2268
5232
2600
1074
7841
4839
2471
3641
6682
8029
8027
4574
488
4002
4255
5951
7593
323
4129
7257
1081
2534
2663
2262
129
3525
5617
804
3753
6840
759
1458
2628
1714
7088
5403
1694
1129
6323
3587
2174
7520
5372
7521
4361
6396
6574
2569
1646
7274
2198
3860
2979
1986
5051
5108
992
7992
3016
4148
2464
6704
3306
6054
5805
1496
3050
3454
1935
473
4739
4507
7106
2459
6127
4523
7702
64
3371
5012
648
7454
8005
203
2499
2318
4118
5429
4806
6637
3416
2517
6502
7794
4056
7633
866
4152
4460
3075
3781
6276
5931
2661
7924
5324
4266
6307
7043
1260
6522
461
6188
5914
7289
7308
4773
4494
4060
7915
663
244
7809
2717
6701
4701
5851
1471
4681
7339
3759
6277
5025
6794
2185
7027
4471
4643
5757
7886
6621
6655
5605
691
5073
1730
6421
6375
5341
2688
7416
1939
7138
7597
3092
1269
6171
7392
834
2046
7349
8202
607
265
1827
1418
933
3160
4031
2099
2871
1655
1716
3096
7244
2031
6060
6764
4340
7332
4741
622
4159
1524
1356
1704
4073
4734
1208
7861
80
818
4290
4113
7143
1152
4873
6863
3223
727
6906
1303
671
2332
4921
3026
1589
7838
1371
6377
1906
1486
4735
3541
3854
8134
2725
1196
4090
3819
4760
5293
810
3470
4991
632
83
4211
6003
4759
3794
169
6348
4524
3975
4265
3258
764
7727
2439
646
4564
2831
4680
1948
4431
1620
4592
6888
151
5629
1619
2284
2321
2814
6509
2432
1404
5348
3278
1844
4660
5437
647
61
1189
1807
2616
3846
4167
4335
7435
7719
7341
5580
3194
6006
756
1938
2777
5504
4588
7504
3106
3769
1831
1051
1005
272
290
4575
2163
825
5756
1137
4593
544
4497
3932
3386
3343
3445
7857
3552
2936
76
4512
1833
523
4294
2139
2005
8091
124
4033
4359
7631
3141
5066
2851
4252
3238
211
6328
4815
6090
7803
899
1367
4805
4579
2540
325
1575
5515
1284
2987
815
2034
3428
7407
2582
2236
4501
5809
4915
961
5144
2552
5723
1426
7987
3335
5344
6195
4110
6715
2277
302
587
6340
1712
2607
457
4854
7438
6101
6197
4738
3472
1242
5961
4288
4322
3938
1172
1987
5021
2092
4353
842
1903
8137
3797
1463
3836
4533
2739
6496
5365
2495
3031
1254
1013
4818
6370
2770
6393
4014
5260
7090
7659
455
2984
2452
6103
107
4869
6422
1628
1820
6449
5607
6500
3535
78
3910
1200
7408
7684
1579
7952
3956
1389
2033
7215
2822
2009
771
2254
5337
2512
7848
8243
6476
8244
2846
7051
5227
6325
6780
5685
1853
2968
2545
2201
164
5709
2302
1710
2085
7050
7636
7230
2011
4016
2337
835
6498
5647
371
902
444
5780
7851
6865
2153
278
214
7948
3847
6847
3360
745
2504
2809
7569
7910
4625
4237
5565
4620
1184
5106
6519
6894
5017
3544
2518
362
1838
1270
5768
5152
3812
2769
8196
7102
7015
8068
8050
3820
2077
2975
5661
1350
3989
7091
3159
3706
571
4978
725
7078
4171
755
7200
8142
7114
4295
5392
4316
7763
8163
3710
7619
3765
7823
3815
1456
8181
4577
1272
724
2065
5560
3964
7098
2778
4757
2116
8008
2104
6535
4037
6514
3051
7542
3281
1518
3143
5131
1086
2267
6998
2651
1779
3766
5660
913
4181
4153
158
5216
6572
4009
5359
1080
6635
4485
6185
7013
4609
604
2555
220
6932
538
6271
1563
6288
1507
3440
6909
8073
7418
1358
7891
342
7634
2155
4349
4388
5071
1997
7547
5930
7202
7846
5499
5918
7867
2314
8177
7905
6110
7591
5649
7194
5049
508
4543
7404
3717
1972
6892
782
7479
2327
1591
8077
2445
4623
5926
4163
2589
535
5137
4932
3063
7880
3166
4636
5777
1378
2577
2409
4582
4045
1273
7744
619
7304
7478
7583
6313
2547
3289
4913
4667
3193
7647
2336
4069
68
2243
5284
971
4597
117
6344
6666
3316
7786
8234
5965
806
2916
4733
6178
2181
4025
3267
2428
6385
2676
7337
5201
7638
5031
6339
2331
3911
4990
3886
686
4191
3722
4891
1016
608
4074
7410
454
7040
2187
6835
5124
5396
919
5897
6591
5104
4071
7641
4412
3241
6771
8080
1752
7010
893
3168
1052
640
4260
1951
5988
2038
2310
5081
2754
163
8018
923
3721
3659
2079
7778
1965
5126
3117
7572
5309
6881
6812
6304
6046
2760
7159
4436
1615
6454
6299
6142
3569
4498
6595
3506
4966
3329
1386
2533
7157
4220
3558
6619
2797
2683
507
2195
1297
5314
5751
4160
7600
4605
4017
7797
2774
7326
2431
399
2338
796
5865
4559
2334
4250
1723
7799
6125
6490
7697
7811
6070
1847
5641
5067
6513
4540
1445
260
2199
5340
5982
1263
2644
3631
5331
3233
5942
6458
3156
7925
1468
5873
2371
3801
3802
1711
7442
4370
1708
1397
7759
395
2528
5338
7322
5177
1503
5454
6444
4357
241
7699
1302
993
4475
4277
7690
5335
6148
6662
8240
2879
5562
5844
1527
159
7380
7131
7826
7357
3857
6383
2351
5898
4919
869
6308
3853
5993
2991
4814
7801
4438
6503
5478
5603
7169
4458
4935
5519
4957
3740
7523
7735
113
377
4451
8119
8120
2990
3596
6744
5705
4217
9
3818
3716
6613
4731
5465
6369
4119
5788
1769
1860
1394
4318
6611
6582
437
4715
7352
6943
5383
5762
7421
7273
308
2537
5967
3978
7067
7525
6053
5333
5463
6261
770
2511
2892
746
1494
8242
6298
1631
2645
4365
1479
3675
303
1274
6707
2755
6864
1727
5999
2067
3137
3047
6023
6731
66
352
3670
6326
2006
2591
1079
4539
3382
7446
8209
8213
6399
5750
1423
4397
1006
6887
3779
3619
4888
3323
4298
6152
4635
8017
431
2894
3510
6343
5488
3276
8084
7312
624
7673
3731
554
4257
1656
4896
4752
4668
817
2596
2659
7424
8210
7491
4946
2325
1316
7220
2748
3422
7207
7086
311
3583
3624
2343
7053
7048
3363
2457
7637
7554
4140
2767
7497
2461
963
3370
5133
2671
7540
2012
3320
1436
210
5893
7393
3199
1719
4641
2734
2883
1433
6275
3635
3164
3578
11
2988
4779
3482
5611
7607
4775
2115
3264
4395
451
3339
7551
4234
7160
7233
6636
875
7414
641
2144
6035
7991
5940
2877
5155
7300
4001
2664
5612
3533
5364
30
644
3625
1410
6663
3832
2713
3921
6740
6721
4905
2521
5568
285
5597
4430
134
1101
1065
5891
3496
3186
2953
4695
3528
2656
609
6569
6946
379
4721
6426
5120
6936
4264
3206
197
3271
6272
6367
176
631
3982
6204
4804
4440
7685
6040
6880
7995
1624
2647
4483
2196
2948
3030
7928
3120
5732
4005
1742
8241
6233
5701
8113
2305
7096
4833
7730
5785
677
4987
833
1267
1551
4998
2773
5496
2402
2386
2771
130
5116
3577
973
2960
3844
5712
7870
6099
6417
7130
3633
7896
7835
7892
5146
6440
3627
7515
6248
6295
4911
6048
4233
6786
5838
5630
184
2029
3411
6113
4840
6209
7323
7839
6732
7860
3600
2998
186
865
2699
6278
4450
1590
1959
1692
4396
8158
4930
3094
1262
7012
3861
4595
1671
8140
6734
3712
3916
6822
148
4996
5296
2030
4418
811
600
4654
5622
443
6005
5412
4332
3744
1792
295
7640
6712
294
3082
577
2722
5394
3417
8019
652
1572
6958
2240
6217
1954
3738
4648
7140
1138
5291
6361
3185
1685
8173
93
5456
3060
7032
6543
1937
990
2256
5402
3702
1328
4983
7422
3325
2124
1146
401
1140
4719
3946
1305
749
6027
4410
1500
3314
1469
1739
2441
4187
7216
4785
5047
1000
3926
6194
6501
3995
4437
4717
3345
449
127
3229
4402
251
8237
339
565
521
3037
7037
8227
6414
8204
8156
8165
7878
1231
7821
4602
3918
2308
3108
1438
2592
1315
2721
6437
5231
2567
2680
8201
8222
7468
8139
3907
2440
6787
2179
4165
567
356
4610
5440
7562
4128
7738
6615
1214
1611
1261
5275
2761
46
4880
5945
2315
255
3400
6875
5438
7596
2772
2989
7412
6843
3207
6539
4697
6213
2286
5498
1300
7868
5457
106
6922
7590
2938
456
5150
5678
7681
1602
7758
5541
2037
6598
694
6075
5672
201
5679
7070
426
5554
141
7771
5094
5184
4360
4912
4950
1874
1953
7935
4956
4899
4646
3369
5007
1405
3912
5527
8106
3277
4157
5839
269
3758
829
904
47
3594
987
595
6487
2904
4608
6334
7714
6430
5513
6683
5842
4843
4740
1165
6976
6590
5477
3019
2482
3493
3378
2458
3304
4898
6641
1877
1834
222
6748
5682
6091
2052
4210
6736
2158
2394
3110
2300
16
3130
1529
31
90
7154
7514
2880
7493
541
556
4626
5912
3078
5134
8195
2220
6062
8233
7541
3843
2292
5317
5796
3069
7290
7552
50
460
7755
2002
2509
7978
3883
6565
3165
5626
3293
5196
1383
2570
5354
7655
7855
1131
7888
5310
4756
6693
7691
3332
6168
8033
7398
2313
2520
3102
5908
7044
4203
1027
6902
233
776
6689
2383
5248
985
3870
5197
7444
2376
133
1194
5707
3690
758
7472
543
2036
6123
5467
1325
4993
6970
2475
304
7236
2390
2573
7482
4766
6518
5249
3955
1975
568
3152
1699
8047
3850
2021
4975
8194
5358
4622
3062
1825
495
7598
4111
3151
7109
5925
5056
3326
5744
4243
5794
4875
1156
5713
2621
3067
6483
5033
4155
7602
1502
5955
551
6949
4302
6406
533
613
4525
5510
6554
3560
3671
3714
4386
6950
6670
698
6592
1085
7382
2907
4876
7167
4847
4662
283
4545
1598
7496
7121
3162
4650
4827
4944
6552
2081
2593
7344
6816
6601
3032
1114
2586
2414
2966
7912
5038
7683
8160
6333
252
5971
1913
8083
5469
5226
3216
2162
921
5628
3220
2946
4572
1233
1216
786
3408
1099
3453
5746
4848
3685
5251
3707
1868
4448
6480
7185
3253
1195
2027
6081
7881
340
2296
4619
2961
6030
2885
5308
1749
929
2833
7217
6767
843
4633
7209
8126
4477
6606
1444
5127
4308
6724
3512
2183
930
2815
2945
6824
890
876
6147
3518
7712
7485
2469
4273
1805
6093
747
7396
3098
4589
1653
4371
4851
4724
5986
2539
7751
4890
7962
1118
4244
1279
4204
2927
2364
5301
925
4132
3269
5334
2666
357
1491
3272
2007
4414
250
2900
6251
5036
1281
8064
8172
1440
3460
5381
3308
4903
2738
4122
382
7509
1385
7440
1148
1919
8102
8011
800
4432
5349
3385
3708
7333
2531
2489
7181
2915
991
2258
5039
2532
3923
1447
845
2876
3154
491
4538
948
7828
6684
1109
5057
4261
128
4428
4591
744
5222
3256
5125
762
4698
1869
2627
7842
8046
223
6893
7450
5624
2571
4941
1396
1338
7526
1768
639
5123
6594
7546
3259
5121
5949
3592
1287
7812
4214
2891
939
5277
6041
2601
5253
2930
5840
1434
7413
5198
6211
5849
5846
5584
6291
5207
6253
6798
5283
1076
7703
3969
4907
4594
3858
7309
3198
3052
1808
7919
4585
3952
711
7330
3221
1268
5090
1566
2737
136
2765
6244
6410
4860
5721
2345
928
3691
1271
3212
1304
7232
1499
6380
3046
6576
7162
5069
3609
4835
6988
5336
2802
793
6791
7900
1092
4356
8078
4278
4102
8147
2333
2147
1828
1342
2974
7429
805
2648
2349
4515
7115
6927
6010
3449
7548
1982
4381
4091
5082
144
5594
7556
1113
2685
6089
4085
7750
2098
5267
2872
6408
1450
1989
8013
4473
5614
4502
4124
3218
3864
4953
598
6336
3963
7035
4146
615
907
4984
944
1528
807
6403
3251
1674
1264
86
3595
7338
287
3718
3403
1857
537
6542
4894
1660
2838
1673
6315
4468
5163
5932
6109
7646
6647
3785
8236
438
3183
4829
2477
2265
3739
6573
1286
4937
4116
2701
442
5690
420
6634
1821
3588
2806
5974
660
3257
790
4657
6219
1713
6529
180
3134
1473
3407
5518
2405
5234
6222
3805
6384
1732
3863
6
5953
858
6997
7501
1840
5966
6891
960
8235
982
2820
7374
4780
3091
673
5546
7996
8186
4561
1149
6633
7974
2491
57
1317
6980
166
5688
6418
7112
1751
4201
2026
7128
3879
5487
7847
7127
167
6969
5991
1936
3465
8015
1199
7024
1031
5259
2194
6179
2638
1077
1162
2421
7434
6330
1519
5699
6923
5096
8207
3205
1881
7229
621
2297
1206
6374
1904
5172
5872
7176
5835
3572
5591
5948
4884
7959
2283
8043
8040
1075
2360
4861
2462
965
4587
7182
2832
5595
813
5608
1955
7272
4018
7742
6365
1781
4855
6698
3123
110
3455
7806
7626
5401
2902
2307
2705
7325
131
562
3536
4166
6235
7601
5332
194
2849
1725
7824
8098
6685
6964
2024
5726
5246
7134
2787
774
262
8110
6603
2301
1998
2384
1251
34
5241
4590
4491
3266
8114
1390
4281
7023
6515
1125
4267
6966
2731
5079
8223
5941
5083
2490
1430
7728
3814
7062
981
1605
6427
4399
190
3743
6455
5321
870
2507
3111
5881
7746
4297
138
2013
5179
2614
3456
7872
763
6354
5422
7625
6115
7116
891
6820
2791
1802
500
366
3297
6993
5160
7975
895
313
6722
6525
1047
7988
2497
6754
3340
5426
659
3008
1221
579
599
3081
3898
2129
1789
36
2138
6264
3992
4853
6580
6451
1096
216
3881
5112
1296
3622
3696
7001
7282
2804
1424
3913
1110
3334
237
878
145
4784
602
2361
364
1055
986
7348
4326
5569
8193
6757
1485
7376
7686
558
2566
2264
7705
2366
6201
8039
5472
3700
6136
3390
6199
1915
4409
4942
4270
6258
4236
6056
4982
6415
857
6872
2992
7475
12
7807
5984
7651
2867
6047
8118
2253
4771
3254
7247
8031
7179
7199
7825
1644
4606
1658
943
3040
5286
6533
1059
2353
3396
7550
4230
1349
6854
2729
4453
2824
6132
3501
1094
8076
7678
3034
7368
6460
5298
4478
7295
2403
1056
49
4420
8180
6038
1738
7451
1340
589
2218
739
2435
8218
4482
4651
3540
2920
6439
708
3058
1243
1592
5711
1932
5001
6727
6001
347
5853
7849
605
3746
17
2188
2059
0
1943
6661
3727
4737
2870
213
1688
3142
3236
343
1477
6553
7218
4765
7198
2324
1122
5532
6523
7993
635
4206
6205
6182
5783
684
732
1666
1593
2241
7178
4960
418
3643
7171
1775
8024
6968
6929
337
274
4632
4769
625
494
4429
1173
2982
1373
3828
6944
102
228
3561
7589
5462
467
707
5
6566
4313
767
2271
3610
6079
3450
6349
1693
3774
741
286
678
6092
1947
4229
4686
2054
1612
4100
4096
7982
1571
1191
5613
2225
4054
6876
2408
1920
1054
2049
71
2986
6560
7966
7030
1867
700
2173
1250
2826
2795
5545
453
398
5419
2050
1654
301
4544
5625
2370
2132
2342
170
7076
5576
6061
3447
248
7862
258
6654
1511
338
3821
3217
559
7613
1246
852
5045
5771
5663
4117
1222
7621
884
935
4088
4079
4024
3172
2177
7390
1103
5818
7818
7985
1256
7283
4269
655
6741
2244
6801
2257
4980
1740
8154
6018
2444
7545
2290
5374
5706
3038
6728
2230
2741
6919
2197
1614
2148
3429
6215
2399
7161
7477
1019
1665
3681
2425
2813
43
7630
4364
7226
410
187
4728
6273
4642
6669
7080
6246
2216
949
5879
288
2095
1597
2957
6567
4621
7815
6301
3848
2913
5749
2472
291
3830
4419
5586
6229
3656
7532
5382
1651
2819
2580
5547
5192
2562
4057
6129
1718
2492
6159
5445
2590
6065
6158
4709
1120
5209
7729
6376
5904
7227
4772
7608
5980
4716
2794
4901
1924
901
3349
1540
5808
7611
3811
5815
5380
7745
5272
7635
3941
8206
844
4169
2063
2696
5765
3824
6742
6784
1161
5088
979
5290
3937
3639
6012
5963
3825
2943
6457
161
5671
1584
2687
2937
1451
1258
6390
5670
7183
4547
5544
5413
7259
6407
8117
2363
126
2074
2836
3849
4879
4463
753
3987
5091
6709
3167
5052
4504
6355
416
1298
3467
2280
4933
5845
4672
5964
4486
5648
7499
3971
3762
236
695
4581
7622
1474
6665
5946
5153
7687
798
2524
1249
1365
7852
1082
3508
6310
6832
1126
270
7506
7072
5387
3782
4199
6862
1028
1804
1636
3203
1942
1836
1310
6163
2622
5421
5995
3410
7543
2712
573
1063
2413
5228
5191
1652
3837
4323
5683
4800
1332
7369
179
4042
5536
3163
7964
5905
172
2486
8161
5119
3890
6776
1934
1207
3043
5634
7610
5810
5773
5570
7829
332
3489
4030
7567
8002
4945
327
5730
6243
6505
5495
7660
7581
590
4687
5214
3342
7388
8072
7708
3100
6424
4466
3053
1087
1073
7133
6810
4865
1001
1733
1702
2299
5220
4362
7107
6286
5410
3933
5441
6972
5563
4573
6912
8132
5217
4080
5990
5414
53
1144
3637
6124
6839
1346
7058
8125
2266
3551
7371
5305
2358
6318
1882
320
2602
6364
4517
317
3201
5882
4154
6928
4971
1736
2768
4347
7000
1669
5646
1858
1084
6792
5063
4997
3184
469
7725
7129
6294
4565
1166
4061
487
1577
1150
4659
2110
7537
4952
7834
2410
5998
4078
1209
4108
3350
5760
7101
7004
7490
1372
2170
412
3511
7930
7265
7423
742
5159
4567
3178
2083
6703
5640
7293
7365
6910
5972
3728
2082
5064
1265
5716
299
854
692
7099
5256
7503
6232
5273
6482
5572
5044
5503
6322
4400
534
1569
5397
3597
3261
8089
5202
7321
705
5636
7425
1366
3249
7347
8124
7483
683
1033
7006
903
5714
1190
4303
3436
4489
2226
6319
7706
2035
2852
1352
5579
1232
6461
2167
3270
906
3859
1911
1375
5303
6245
3035
5766
3214
7741
5195
5604
4225
7100
6078
7574
171
4682
2515
6254
529
6395
3515
2319
6007
4616
1509
4924
3878
3940
5221
728
5107
7153
1419
7963
472
2125
4454
2762
592
6760
8041
3313
6759
4777
3807
6726
2165
6745
6973
7046
4004
572
4044
6597
5342
5115
4280
5870
794
1798
1587
1814
2843
335
6100
4352
3972
4484
730
6387
7075
3711
7092
4490
7783
7563
7135
1064
2073
6004
3613
1629
2478
3244
1403
618
7528
1883
4951
803
6130
5370
5921
4464
2780
4886
6532
894
147
2086
3985
2498
4656
4699
99
2419
1534
6963
5210
7459
6026
7864
5460
7538
3391
557
7270
5175
4985
6342
6494
1608
4665
62
5635
6729
2597
2830
3192
1891
5927
5390
7461
1119
8086
6866
2501
2080
2610
498
2901
8178
7947
3438
716
3242
3752
5987
1454
3943
8115
2043
5790
7427
1506
1722
3359
7672
3136
4551
4427
1443
1969
7805
3076
2906
3502
3231
4710
4702
2718
1312
8056
6589
5543
719
955
2407
2875
3736
1466
3274
1432
202
5609
6873
7147
6104
5933
2753
4271
2630
6934
8053
1945
7474
1513
2380
445
7775
4047
2088
954
4790
149
3579
1531
2728
4922
7584
6155
6239
578
6845
4408
196
7489
4852
3044
528
5739
1647
5261
8026
995
29
5169
6084
3215
999
6473
114
4986
1565
2634
8087
1462
3575
6255
3446
5455
8022
6690
871
4923
3688
881
2605
859
1826
281
1319
735
3392
3682
4522
2700
6486
5819
6664
5292
997
6817
3756
156
7756
2556
1354
279
668
5539
5238
7535
4256
392
235
6915
4462
680
6076
6262
5639
7464
1678
4943
3841
7064
5755
7249
2404
5717
2270
6363
5644
7457
1395
7262
3235
6790
1421
319
7480
6815
863
6679
4820
5433
3545
2667
1778
6808
4617
879
6009
5807
6671
2949
5466
4493
7913
2578
1095
3703
5619
8009
4934
1174
7774
5110
1050
5250
7519
4718
1863
8228
2985
6133
6775
2493
3157
7494
1353
7696
7721
3571
4868
6043
5363
7785
1313
6904
6723
3973
4
2972
3437
3013
2200
4034
4168
3471
7612
7822
956
5832
7280
7361
7700
1700
1441
3375
555
1168
4916
4459
3516
6555
4035
346
1993
7710
5956
6305
5549
6608
3582
6818
3010
6186
5373
1785
936
321
1729
4666
7136
1197
1062
4732
5540
7430
3374
94
6694
7327
6785
5075
3073
6549
4125
6520
4029
1765
6303
2288
1991
5764
584
7155
5526
1388
5976
5356
2309
6774
2208
6290
4974
3024
3071
7189
6781
658
282
3947
697
2223
1525
4375
850
2618
1104
781
8035
530
3147
7250
6312
7020
3896
5404
5181
4134
3788
8148
1391
7358
4690
3420
312
6883
5978
4989
947
2368
3116
6357
7527
3000
8097
5657
5800
4967
5693
7016
7903
1886
7466
4123
132
3803
182
3409
7650
8189
193
4416
6296
7119
821
5055
1225
3288
1596
606
5329
1449
6464
5529
1008
1734
4141
3915
994
2396
1952
1888
1921
5834
6193
3958
7986
896
540
586
4226
1363
7620
3725
6382
3962
7747
1041
623
760
5061
3875
5188
6886
7933
7054
5315
7604
384
6804
808
4441
3505
3042
2252
1425
3228
1345
4516
5030
1981
3280
3432
1136
2108
2189
1217
358
6443
5072
861
1192
938
7582
7707
4576
6882
1970
6223
5655
3882
7455
2655
6324
6842
6138
4927
1544
7221
2246
5141
4006
1762
2260
1187
5909
4644
6658
2282
5431
7595
1151
1796
2094
5003
2303
3729
1971
7579
7156
224
7679
6274
4488
611
7065
6777
6699
4691
6029
5243
4692
4092
6978
6481
757
4127
3862
5599
5856
5098
5618
3300
7958
5174
4906
5578
1918
84
5674
2538
4791
5043
7668
5113
2483
6538
7097
6841
7387
2993
3085
1401
628
3275
4062
1594
267
2285
6311
7366
5475
3796
2542
7383
6924
7351
2430
1123
7876
5211
3640
4422
2122
2889
2980
5523
3630
4325
2379
5747
8092
6471
5623
3500
5651
1280
3087
5776
1226
946
6389
6356
6714
3559
7701
1341
4954
2527
6086
3903
5703
1135
1180
2397
5484
7307
689
5587
6234
5148
3262
1428
510
2604
1570
5085
1012
1288
3468
5313
976
7749
542
6602
4337
4496
2790
1813
964
67
4630
6045
5323
4846
373
6116
5048
7223
4064
492
5042
7605
75
846
5566
1791
4663
1747
7192
108
1994
5952
3477
5143
1885
7654
851
6571
649
2045
2447
4711
8044
766
3868
5737
636
5242
3704
5903
7212
585
58
4135
1253
5089
5350
7437
6241
4689
6492
717
1912
1205
3121
5164
181
5343
5734
7029
14
1422
1020
361
6926
932
7208
5686
5724
7989
966
5347
6300
3006
3479
980
7356
7219
5736
526
733
3105
6688
3678
1968
2184
826
4823
6971
7187
4557
7599
3433
6588
6169
4445
2239
3109
2693
3945
4571
1893
5027
35
5673
6316
601
7011
7360
8004
3798
3542
7370
6828
5145
1461
2449
3880
3804
5494
3827
6691
6452
3247
1543
2451
1476
7007
6596
2727
3657
3908
6000
8131
880
7066
3346
3148
1170
6900
1097
6871
2203
2581
1003
4077
123
3507
7441
6024
7492
5890
4503
5428
3427
2752
3090
3115
4331
5928
4969
3606
5385
2530
6607
485
7009
6135
1799
1347
2544
5894
8170
481
3448
4555
2848
3608
3996
2861
7071
470
2529
2335
2808
5439
768
6660
8112
3957
4104
6242
1522
1201
5492
7874
2866
1983
1682
7022
1393
3835
6768
5449
4324
4510
1044
26
5589
1229
6161
5645
6811
5571
5727
3007
4549
4534
4992
4926
1193
2736
6327
2467
5548
69
574
885
7858
7666
7375
5325
3632
3669
5725
4628
7324
1909
3124
7142
5922
7373
6071
300
4747
4051
2558
2372
5811
664
3338
475
1399
4143
3086
369
3922
2393
4810
5271
2062
6279
509
118
2103
7163
6184
4811
2951
3188
731
2844
7261
3291
349
5230
651
5792
7813
7795
376
2563
8141
7680
6738
1552
3004
7949
2051
1210
1490
5863
7017
4207
4452
4193
7936
1339
6379
2470
2903
5399
3553
5637
4713
4755
2516
5368
6431
6218
428
2503
6600
4374
7814
6680
662
429
284
7831
7571
7570
7871
7844
4750
4618
1460
6347
6629
4968
5850
5806
2076
2433
657
3299
5193
603
5738
112
1668
1276
6996
701
1707
1809
1595
2178
7845
5103
5482
7977
6609
3845
6314
6162
3503
6631
787
4121
3466
8122
6368
7243
3191
393
7047
561
5306
4492
7378
4600
3935
3873
3444
5973
5847
1493
5583
6429
7447
934
1017
6510
77
4981
1815
5189
1521
2367
1351
6626
797
4700
514
4345
6987
2646
4393
6965
830
6890
2356
5653
5239
1060
1508
421
3851
4164
6766
2609
775
5761
6137
3252
7762
1871
264
4631
2744
391
4070
3838
439
3474
310
1898
1822
6140
334
6350
654
6849
8096
1797
5740
3523
1248
1638
2595
2064
914
4200
3486
447
8062
2255
1376
1985
6686
872
7267
5319
915
5285
2090
7139
7239
3355
333
38
225
4673
4406
15
6802
3101
6921
6916
1238
1923
7566
5268
2287
2955
3337
7172
4770
2168
6913
4683
157
6918
769
2923
3623
2584
908
7536
5087
3554
5638
7529
2206
5615
6085
2673
5023
6381
6990
3902
6183
1956
4638
3509
924
4268
7335
6058
5830
7256
7210
1072
7166
1285
1377
4563
7561
6358
7165
630
2942
5778
7911
2395
4376
5733
2847
7971
7452
368
4781
6710
6008
1703
5718
3041
3263
1613
5360
3771
1675
6905
4000
2962
6017
5668
6562
7661
7909
7296
3928
2854
229
7663
5861
5929
824
7954
81
1311
7664
2171
1819
7662
6120
4176
7644
7793
3307
354
5461
7381
6914
2896
497
3419
3389
200
7063
7796
7733
4542
778
7972
2789
860
4799
1607
7465
7665
5535
6548
5393
1532
4120
7624
1459
6829
6947
7923
7914
4788
8143
7146
7658
7694
6941
6945
7965
7055
6066
3869
6940
1974
4920
7657
6827
4333
7362
7693
4789
7240
7606
3662
7798
6858
6939
7791
5814
7544
7623
6860
8082
8135
7976
6951
4520
7768
6903
1414
7908
5729
7201
7901
6986
8020
7565
7251
