5221
1046
2025
2876
5468
1248
3796
3697
5891
2012
5261
569
2698
3903
58
2422
5501
2697
3605
2841
637
5933
2687
5618
3484
2200
481
3328
127
266
3374
591
5834
1014
3849
1391
1812
236
1489
4976
1261
4842
2115
4734
271
1644
3320
938
1675
1665
2801
4537
3005
2996
2884
860
4154
319
5196
1374
5430
3382
1773
5589
3805
4153
276
2260
399
4030
1426
5685
258
3260
1174
2479
4957
2287
4575
5091
1693
3409
4757
2180
5646
384
148
3602
5329
960
1941
1892
352
4979
2700
568
2694
2813
2990
5490
1226
3241
1182
2483
5864
787
5199
5056
3000
81
230
1253
4754
3917
2258
3918
5521
22
1605
5059
1530
3501
1558
5025
2032
82
4010
1978
2337
4116
3283
5233
2794
4213
4618
3216
252
4224
420
1832
4730
5399
875
4025
1084
3644
3693
1734
716
4199
5321
2011
2580
3811
315
1119
1806
873
2323
1305
5245
1329
121
1639
2897
4949
1030
2683
2571
4656
4157
3724
5172
2276
559
2519
1200
761
1870
3749
955
3597
4577
1869
3698
5546
320
5201
3066
4766
4162
240
5276
1698
1555
3719
1311
1792
4044
3699
205
989
4739
3049
4368
3728
1708
4609
1878
1037
3155
3474
3985
2464
4792
2562
612
5571
3689
2759
5936
5947
5932
2735
4722
2235
1431
1225
1868
979
2783
3127
3935
1907
1929
2923
621
3198
2036
4437
5654
3071
2252
5955
4211
5844
4934
833
186
5559
1216
3488
1181
2364
253
5620
4723
5931
2899
2255
564
1725
3511
1715
3177
1013
4830
2702
1148
2716
3291
288
1731
5248
1303
1018
812
4216
4674
2695
534
1418
806
3445
2321
4481
27
3544
2601
1169
4790
3896
1249
5082
4886
354
986
1985
3266
311
2649
221
2166
844
4867
2881
4579
5435
5882
1717
3232
2790
3286
3455
3301
655
5908
2004
596
150
2523
3296
2449
3832
1768
3165
1625
1790
1834
4632
4250
5489
940
5914
1208
3907
2574
4055
580
4370
455
5017
4014
2311
3980
4801
3372
4008
336
4620
2774
5484
1325
2857
3334
2729
4768
5808
4967
5810
3310
4020
511
2224
2194
5315
201
370
1394
1130
3246
1440
670
4515
1645
2494
762
5012
3038
497
345
2789
3125
4189
1442
5642
3037
4489
5727
1618
263
1330
3845
4947
4716
1384
2721
593
4253
2031
673
330
1811
2915
351
4050
3874
3287
5182
2030
5252
5073
4483
1029
755
4307
272
3537
1641
492
4384
4316
1622
3850
4130
2950
397
797
5007
129
5696
3638
3114
1166
1430
69
4475
3270
3215
5515
4034
3363
3931
2017
1076
1262
3252
4876
4356
4856
2158
1237
2681
5856
4835
2863
4669
1524
2645
2215
3607
3940
4381
4246
419
5313
4643
4661
4969
3487
4488
2651
5805
1893
3228
4594
4983
71
5203
4184
4432
5629
5628
5176
1131
3819
4756
4268
3429
2067
2577
1707
2680
5209
3384
3577
5772
3494
4414
4265
5884
5858
4442
1666
2117
364
3223
3354
1913
5206
4633
1919
3527
3349
3072
2617
969
2948
365
851
894
2045
4005
3087
4096
2600
512
1987
77
5625
1781
460
5273
5407
4062
2599
123
2734
468
2398
3738
4541
4866
3357
3513
4128
801
3236
33
1944
3229
1128
1203
2984
1903
2484
2141
4172
402
5415
865
3512
2127
5158
3955
2548
1635
2086
2982
5509
1256
3631
3189
4180
680
3129
5335
2855
1638
4765
3827
3882
5573
1587
15
577
2042
496
4054
2648
16
4375
5912
5115
1865
5090
5657
5656
5113
1682
1448
2643
1657
5667
5249
170
2294
1906
1521
4135
2814
1831
689
3389
4201
2542
4230
1815
3706
4808
3992
3210
2724
4627
4549
2547
5341
2059
5141
1491
4051
5391
2159
3774
5552
1572
1592
4138
1083
2347
3196
707
589
2185
4608
5028
5213
1402
270
4149
1845
942
2860
1400
2230
151
2995
3481
5658
3726
4477
808
1043
4417
1403
3043
2421
741
964
434
2678
5566
724
648
803
2619
507
499
3503
830
5830
5187
538
656
2403
235
2686
108
5281
1023
4681
5455
5907
5779
4482
259
3275
5585
4858
385
583
2886
4207
118
4619
3973
2406
4286
1749
3815
5809
3982
1456
2906
5650
1273
5152
2309
5526
2289
5171
3237
5181
5735
3529
217
584
5220
1006
4592
2773
1344
5673
4427
5046
2277
5450
3609
248
4749
3323
4314
1609
3566
5212
2929
763
3762
1178
730
67
4743
4254
2408
1382
5944
4737
5722
1007
917
1304
3715
5392
5013
2331
411
1170
2712
1220
4685
3147
1069
3921
5845
5348
628
1718
2665
1393
3221
2358
366
5787
4016
3812
3703
2362
2495
2672
675
4405
5422
2940
210
237
753
660
4474
905
4994
2208
4330
3161
1822
2373
5120
4968
4666
1568
1010
4248
4870
447
5511
3833
3452
3065
4517
5507
4282
1196
197
936
5664
4336
966
1156
2272
2752
4753
1132
1658
4612
3426
333
2564
5627
4046
903
2624
5076
2612
3289
889
4924
3619
619
1640
5591
1522
75
1246
2237
2462
2922
646
5578
2438
2301
4775
3414
3727
3778
1771
3227
5847
1881
1896
3067
2937
3367
1047
3852
881
2282
4509
1365
5488
5270
1740
10
4396
274
1105
494
5675
5767
2983
3276
4479
1395
2137
4447
4450
453
1574
876
1973
134
78
1223
4084
5619
4708
2632
3070
2558
1551
2737
5287
1632
4063
4697
2410
5340
5185
2482
3826
2704
1229
3754
218
3496
4305
3234
3041
1462
1236
3022
5200
4249
1439
2606
5813
1754
3668
2271
4850
4502
5846
1080
5786
2587
3124
4391
3702
5272
2365
4290
3804
2874
2871
1270
1075
2733
2357
2894
639
1451
3565
5848
941
1367
758
5674
5630
5695
4891
299
3948
2273
888
3245
690
5796
4582
1103
858
5225
3458
2498
1129
4258
740
3573
3840
400
1871
1399
2849
2304
983
3978
4284
1755
398
4074
1168
4635
4998
598
3078
4948
636
166
1550
970
2333
241
2320
890
1331
1086
963
367
1512
74
1733
122
2190
5448
76
2174
478
739
2058
911
1704
1381
1355
3672
795
5543
5514
4668
1974
562
2882
4097
2069
1089
3808
3115
3097
2999
1627
194
2007
2890
1770
558
3345
3972
1218
2583
2885
1373
1416
3035
1830
2072
3200
174
5524
3360
5649
953
1275
4090
4552
131
337
5724
5555
1685
713
433
5002
4881
3467
309
2369
5843
1964
4225
185
773
5080
736
375
2245
5004
2791
778
2650
3353
1109
1495
1137
898
4863
4331
3855
4031
4327
369
3572
1240
4335
630
3475
5951
5459
5454
5934
5921
5635
1807
5204
1327
155
842
3677
2689
3775
3667
4797
1767
4421
332
4452
2359
5292
3122
2992
1962
4888
2817
1360
1187
4194
5027
1464
208
3265
1636
3054
2891
484
3120
2966
5557
2803
2432
1247
5323
1779
5677
3110
4472
3466
993
3497
5730
2907
4964
4606
2377
2035
5560
1135
5394
2070
1863
934
840
3791
5016
4538
4169
868
658
5371
2376
738
1056
142
1513
3113
4174
5641
585
1669
1695
4104
4831
2316
3202
3437
533
1817
4484
3582
5661
3810
1785
2974
3615
4283
3504
4580
3936
3725
685
2099
3130
959
1804
772
2719
1346
1424
5400
1678
705
1306
4379
85
5439
4
1314
1496
635
2559
5403
810
1923
5242
257
464
2785
4035
2532
1939
3666
1342
914
1623
298
2154
4102
5164
4904
4459
140
1689
5510
2949
756
1560
3069
5924
5316
8
2131
172
2015
4814
178
500
5255
4616
5902
3096
4372
900
3103
4877
699
1467
5038
3753
5024
519
4348
5395
2485
1758
1917
3329
5551
5014
2529
491
1334
168
3562
2924
4411
982
1008
4399
2088
2525
951
1748
4521
3671
1362
3261
294
374
2472
5188
4675
2295
5378
2284
3999
2831
2005
522
5734
984
2257
2340
3756
614
1281
2568
3878
2414
5095
5408
1687
4285
1926
613
4308
610
3889
4101
4418
4644
5878
506
2554
4390
1353
2477
4628
887
2204
1388
1571
4836
2560
4702
3139
1538
1177
3136
3194
1927
3149
4065
3400
3831
631
360
1936
3278
2553
2475
2969
5112
4232
2758
1387
3688
2543
4713
4365
1371
4728
4897
2108
1976
2956
974
2655
802
5783
2756
3586
176
2312
4373
1210
1844
5150
4960
4455
5237
3981
1243
3341
5301
4718
4325
2828
3584
465
1011
779
5863
1752
5577
3327
3899
509
1180
3574
1319
1020
590
2725
153
475
5050
4652
2959
3567
1706
1079
5496
5715
4894
3140
1901
2448
1258
358
4313
1287
3339
2911
4013
4317
3152
536
3623
446
275
3803
5778
4344
3704
3964
2468
1001
4296
1242
1772
4244
162
2778
4178
1655
1677
4590
561
5268
3190
1149
414
2433
5698
4676
183
5475
2143
2776
5617
3556
7
5941
1703
615
4360
1602
2508
4337
592
4121
3162
1872
2177
3717
4300
4561
401
4665
4554
2487
1954
2507
3274
4226
5183
361
3954
3967
4059
5603
3085
2019
1620
5686
1098
3377
3654
1681
467
5948
86
5549
3058
5163
4662
770
3854
3730
948
1445
3825
4659
2082
4433
4773
4922
784
4108
1857
594
950
2436
1063
5759
4695
448
3851
2053
1877
2888
745
5853
2440
5474
5775
4069
4473
4299
1410
3247
2149
3075
2626
2690
5070
1323
4278
5234
3587
1948
2101
2753
2853
3304
4553
2133
3302
4784
328
531
5660
1875
3690
4394
5125
2041
164
2319
1183
4663
2715
3209
1205
1601
1908
980
4908
783
2842
4980
3428
961
3012
4343
1890
4115
3650
5623
4900
5814
3618
5789
3009
3763
5762
1000
3319
760
112
4721
3772
5746
5745
683
1750
3312
220
5785
2772
4522
932
5250
5518
3492
3871
3230
4528
4529
872
2713
2540
2551
1197
1385
3526
5535
3846
5885
233
5436
2096
3249
457
296
2022
1279
2946
3052
2401
4938
4196
782
4598
5036
1799
5478
4083
2931
4349
2900
625
2585
2527
2250
93
3450
1429
4262
933
1019
1461
4229
110
5043
2591
408
1138
2201
2546
90
5023
2391
1471
3254
4345
5042
4304
3705
2466
1017
3957
2518
1479
5815
817
4291
1688
3271
627
2684
2165
5731
3546
4164
3736
357
4724
1899
513
723
2278
4800
4134
4111
3489
2346
5587
5563
5554
1782
1842
1999
3100
5527
1260
1883
1576
5466
4383
5356
5822
1433
3231
1809
5738
4959
4772
2172
1981
138
2412
4624
1449
1593
3158
3146
1726
2610
23
5135
1867
3427
2327
4572
4565
5539
3060
4255
5370
5706
5797
474
2941
3398
1774
1263
5377
1957
4310
378
528
3895
2182
2945
521
5246
3199
4423
2635
1631
3470
2138
4177
2218
3640
3633
1642
3579
1454
987
715
2351
1422
535
3675
1637
4288
539
5416
1309
5849
2446
4933
1428
1245
4758
31
5207
5239
935
1472
1583
1351
4119
5295
1335
1745
4415
5373
5280
3914
3862
1211
2384
3026
3224
4570
5306
3469
5614
2833
2722
5440
175
3164
60
547
4942
4454
2046
2986
107
5567
3442
1746
5064
1003
774
971
4408
3915
1315
1090
5105
1879
2862
4166
4198
2372
4200
1266
2811
4611
2009
908
4412
1569
863
5837
2081
3877
1691
1523
5890
1996
3528
1520
4548
1805
5575
2596
1606
967
692
1897
994
548
1798
1743
2478
1559
3259
1290
5047
669
1730
4535
1911
1664
5314
3627
2247
1534
729
3721
3373
3961
133
2516
50
4693
5799
126
4915
5829
2090
147
5058
339
3601
721
1737
264
677
5369
5716
1887
666
3700
439
1478
2399
5897
2636
2187
2927
3089
2864
2628
2607
2132
5303
2491
3131
4569
3331
343
2578
143
2744
3904
2742
4444
307
1626
1552
4999
5011
3154
391
3080
2787
355
3490
3192
3539
5332
4003
2749
1277
4896
1885
4578
678
3255
3133
1337
1341
1397
4073
1221
3603
2077
4136
5700
179
3920
1742
4320
3956
1268
1369
5857
3608
4355
845
3050
416
1039
586
2637
3172
2307
487
2595
5110
5142
1473
599
1301
1027
2987
2128
4736
1547
2232
5032
2419
1898
991
5325
892
4807
1566
2954
1060
250
2640
1032
5156
3396
3132
1647
289
4279
4626
3090
5302
4895
4984
2804
2534
2837
3403
5817
4505
3410
1165
2824
2796
3744
1122
977
4996
2371
444
3288
3381
4041
855
2037
415
4546
2514
3163
5487
1354
4132
445
695
1378
792
5889
3029
4076
5228
203
4212
284
3188
2593
2701
2326
5873
2609
406
5753
1446
5020
2631
3806
4294
3599
3620
4151
5915
4939
1052
1683
5119
437
28
3551
852
4060
4272
1202
3659
834
2413
4846
4655
4729
1511
1412
3861
5409
5678
734
4240
5419
1289
3464
976
2054
737
4776
1224
1096
1164
4215
1922
789
473
3102
5423
2345
2552
2013
2324
922
882
5611
5622
211
1494
1480
2896
2935
2843
2300
2112
310
3962
5010
29
165
291
3817
1712
5289
3040
4079
3317
2782
2566
4562
483
2021
5074
324
4403
2633
2270
1492
1741
4941
4995
1838
885
717
3820
3764
4105
4709
4261
2659
1044
2038
4932
5471
242
4847
1828
4639
216
550
4496
4600
3893
3298
209
57
3780
4318
3673
5659
1846
640
1295
458
4809
4392
2838
3095
2835
1673
2209
493
2879
1
514
4755
4071
2805
2961
907
4731
3970
3371
2870
4516
1787
3508
1065
1989
1648
3315
4868
2261
5411
2998
5705
2545
1493
4333
5588
5784
2627
4257
4547
135
2693
2334
3969
4461
1444
2003
1087
3946
1151
3076
282
4173
390
662
1991
654
4586
1692
3507
1652
1345
3952
4270
4328
4794
5396
5039
2242
5574
3829
3886
2431
4811
5376
929
4556
913
5432
930
1760
1071
5679
1257
2657
1102
1404
607
1955
3434
4033
3916
389
1152
3932
3264
1398
3030
5433
269
804
553
2825
5676
856
4012
403
904
1228
4849
3056
466
5476
880
5871
3777
2207
480
4660
634
4485
1123
4298
3993
5725
2084
5806
2977
436
5167
177
5398
3906
195
2125
4786
551
3559
4589
2240
5339
4820
1515
4410
3945
1409
5428
4966
2134
2388
4940
1050
4927
3554
1024
3768
1584
5714
5747
1615
2049
2569
5230
1190
1651
5061
927
1528
641
4650
1850
3552
4192
2148
517
2971
1724
2675
3285
3746
3435
1575
574
2818
4588
525
190
4560
5840
638
1920
681
702
224
5424
1159
2846
867
920
3179
5928
5099
5226
997
2584
3361
4508
4409
260
4487
4823
4943
5728
4245
1891
59
3959
1777
261
5298
49
454
4917
3111
1184
5381
600
2544
2363
4587
5290
5662
2904
1022
1101
412
2526
5663
463
4857
3531
4364
726
1533
3201
3575
4798
5051
5338
2463
5170
546
2604
5699
4827
1201
3485
5331
5680
125
2220
4507
3880
5704
313
3891
4039
2728
4494
4160
3541
87
1509
2845
2748
3205
1694
2902
40
5349
5766
1081
2000
742
2492
482
3898
1457
335
3923
4117
4112
1141
247
1553
4689
130
3244
3837
2156
2652
5593
4332
2503
2442
5687
4354
4131
749
676
2827
4339
2807
3785
2505
5075
4726
5009
3219
2792
5457
4047
4705
3397
853
3786
3578
1539
2663
3053
5684
2426
2332
4747
5277
2861
1696
1775
1172
2335
5718
2795
84
4720
5741
4397
2522
3799
440
3300
392
1982
2957
1531
968
38
5251
919
601
1139
1450
2136
661
1401
3303
1502
4000
2285
3523
623
3183
3949
4353
96
2390
329
2993
5379
3295
2233
582
1106
4993
542
5491
5305
2219
2582
4802
5177
811
3461
5210
5743
821
191
1487
4500
1701
5068
215
757
5874
3649
3173
4141
5034
4887
3665
958
4779
2243
1747
866
2073
461
3707
2970
2239
5193
1269
2370
292
1537
1808
2183
5008
3463
2317
2810
3159
1650
1829
5089
1291
3683
1230
3800
5355
5744
4629
3256
3761
5867
1115
4683
931
785
5594
2409
3203
3720
4420
4625
3983
4871
3392
5413
2236
3282
1864
5584
3912
4918
3257
4597
5582
5548
4457
5178
1841
3545
4925
2329
2091
469
1894
4879
3394
5721
4744
1794
4359
3093
4741
5615
4075
5057
2480
2985
1713
5894
4833
5793
2457
2129
3332
2530
2588
1564
3406
383
5774
2685
841
1595
5702
106
4388
2142
2057
2192
3170
2040
3842
302
1719
5828
4435
520
1835
697
5462
5447
3740
1937
363
5550
5761
2711
3465
1222
5157
945
1254
891
2764
4093
4862
5393
3168
4740
1161
1971
3408
3375
4081
3376
3383
2181
1458
5405
1619
2852
2074
688
3913
1997
1617
620
4350
1158
5493
424
3807
2167
3821
1012
376
3639
1554
505
508
1469
3153
42
2561
5271
4909
160
4029
24
4641
4281
5418
2691
5859
4657
2229
2122
1215
2226
4690
4256
5644
2453
5154
3788
1097
4647
4236
2382
485
2211
1419
2784
4819
3008
35
456
502
1251
3844
4142
5606
4571
3057
1833
5202
3643
3872
4543
2662
1821
526
4787
3722
1518
1506
1252
1048
4919
4476
5190
4492
5852
5404
4453
5083
2739
718
2221
5726
4086
2746
3370
1153
4567
674
5502
80
921
3758
1274
2415
5861
5420
3171
5692
3025
3068
2980
1585
5363
3104
5639
4219
5917
5477
5913
5923
5943
5953
5911
5495
5925
5946
5952
5950
5896
5920
5470
5906
5935
5930
5898
5937
5483
5916
3834
5520
5776
3206
381
5235
2476
173
3441
405
2844
5116
5640
2936
5599
4711
5282
1112
1565
1766
2328
4701
1321
4692
2598
4974
999
2197
3937
5910
5084
3055
3108
4804
3734
3425
5807
805
5771
3443
1058
649
2116
2769
5723
1155
4491
694
2550
501
4599
136
4916
4351
3558
2938
4179
2244
1803
5769
1283
1702
4438
2168
323
5927
1285
3741
682
4446
5003
897
2692
1735
3321
5093
2291
3014
3694
3015
2093
2461
362
4751
1124
1633
985
4648
105
5645
2707
1002
3438
3604
4780
3553
605
2918
1234
3755
124
1111
2901
5438
3238
1453
4191
322
5827
2302
5267
5869
4781
5265
5781
1499
4950
609
2730
212
2089
2193
5737
3385
4563
862
4398
2144
1379
3279
423
3347
3555
2614
171
3116
3859
2488
2673
2198
5709
3091
5569
3431
710
5788
1935
1988
1612
2189
1744
2926
2865
3446
2214
4937
2441
4788
3922
1859
5949
2682
3947
1649
5851
1207
3483
5768
2513
3386
1436
1780
4544
1143
2474
5054
371
4621
839
4165
2078
1009
5597
3380
3263
4936
4341
2934
578
1588
3994
5100
5191
4687
4975
1836
4769
2223
1145
791
504
5040
5895
545
4085
1427
2110
3084
659
1796
1739
1736
850
1259
1407
2155
206
2656
2387
2354
5523
2120
1573
2439
2002
4771
3681
3748
5229
3495
429
1579
1250
3
5824
1532
835
1191
2883
3326
3696
4844
5149
2710
3169
5601
2646
901
2887
5148
2298
5901
1107
1031
5312
3708
19
1015
3824
5531
3083
213
4680
1839
3557
5441
5350
4467
4118
5353
4026
5826
3564
3346
4581
5463
4707
5437
5586
1038
1376
5888
2429
3335
848
2205
2065
3021
1880
265
3691
5596
5636
1797
828
2396
1827
304
3580
5286
3776
2169
2658
3795
1882
5254
3362
3356
2146
4401
2978
645
68
1905
2231
432
824
2379
4539
132
3175
1603
3235
303
5568
2768
4752
3081
949
1477
2799
2293
3218
1662
1405
3881
5465
1965
2660
2878
5836
3073
342
5431
2629
1700
3456
1340
1614
3752
3468
2819
957
4848
287
2018
864
3462
1350
1486
1661
4987
3059
5131
279
5832
5833
4873
5838
1437
3971
3990
2430
1441
759
1674
4953
4036
2451
696
924
5750
249
1328
5317
687
2455
3797
5671
3017
2515
5860
2400
5145
1757
2667
5401
4144
4511
2531
4864
3591
2830
2497
3010
776
1514
5919
3420
3629
4854
2259
4106
3262
2047
4032
4658
1855
5052
3094
2297
3635
1062
2869
4168
244
4439
4223
3976
3682
4430
4227
1292
1358
4865
5751
2135
1776
2087
5118
1598
877
5030
5647
3919
5296
1594
2423
2850
3267
2541
5238
3848
1819
5406
200
5180
4458
5881
1711
426
5096
3669
1033
3391
145
4684
4791
114
5504
5503
2434
3867
5482
1858
4040
3997
667
338
341
5297
1934
1994
5294
3281
4321
4324
5283
1629
3890
2512
1408
1383
1352
4127
117
1322
3794
4829
3518
4022
4092
3866
97
4913
5880
2246
4237
4460
182
3549
1993
618
5243
4682
2875
2877
854
861
3911
4137
563
1634
2944
988
1088
3299
3863
1728
2375
1054
1953
5570
2880
1072
5498
1517
3522
5512
1823
698
516
2589
3506
2586
5285
2754
5547
4193
395
396
5132
3790
5811
5893
4664
5114
788
34
777
3655
2741
3036
624
3032
4443
2330
2858
3126
2767
818
388
181
4557
3685
3686
1085
41
1542
4717
1912
4986
428
48
5022
5263
5262
4694
3082
5327
4167
5015
831
4653
2738
939
3590
5651
3628
1206
2602
5665
2206
1667
1125
1118
910
5343
4883
4501
2105
2967
700
1142
5879
238
5253
4921
5354
4832
4824
2952
3272
4972
2248
4733
3592
3986
5198
3989
2157
4536
4782
4783
2425
1825
3454
5758
1544
4902
3759
794
4280
1162
4009
2447
228
4276
3305
3306
1840
2908
1526
4882
4558
4799
5749
1133
4679
4525
1100
5417
2718
5155
1591
3239
149
3477
5159
2383
3576
4506
4935
5804
1582
3784
5800
5402
4170
1282
1390
1958
1810
4271
3325
5740
2745
5886
4631
1377
1312
2991
747
4158
3836
588
3399
4309
5192
5729
2575
431
3953
4436
3178
5473
1175
3858
5274
2775
4422
870
2919
701
1192
5241
1826
2826
5126
13
2290
1925
356
295
4704
1788
2490
1580
2286
4386
2905
3313
5583
3647
262
1556
1021
1570
3908
1488
2806
4533
1339
3123
2556
3207
5266
4903
231
732
826
246
4407
3500
1036
2928
5580
163
1709
5097
409
2210
157
3422
5346
3614
3594
4425
1931
1933
5357
3439
3771
4503
4110
827
1519
4523
3787
843
2664
4770
2506
838
846
2933
2903
2708
4945
256
1414
3679
5701
3701
4688
4243
714
2123
4234
4654
3314
725
3515
306
5128
998
2385
2913
5410
1586
540
5812
3486
4810
2268
925
3006
2847
2039
2524
2353
5240
5918
1140
4021
3563
1672
4584
2802
4576
61
1375
4087
3822
5434
947
4710
1297
4839
2227
373
2459
3509
3984
1074
232
2458
5223
4072
393
4714
3269
1778
4929
2644
1127
2638
1347
2727
4885
1668
5342
2616
4107
4617
2010
2118
3651
4125
4480
2314
4103
523
3884
52
3521
2867
3645
2815
1852
5333
5608
672
4146
4197
3366
906
576
318
2493
4923
2709
1761
4636
5875
1848
3581
4371
3710
3929
1040
1307
5703
3156
1460
4239
746
4990
3632
3876
268
1338
5839
4346
3626
3141
4228
5682
5308
2315
4520
3670
1057
1853
529
3653
3900
2213
5782
2024
5590
1992
995
1548
2579
1041
3695
425
2537
1055
3524
5284
4465
884
5668
4293
3652
5736
1784
731
954
3013
4596
441
3092
4815
764
4992
4825
1793
4946
1104
1005
793
3909
36
1536
55
4764
2350
26
4767
3735
4759
629
3625
2170
4555
1983
2006
3542
5707
2281
3404
1092
1035
472
2366
5136
3395
1961
3928
4853
3636
1970
1389
293
2348
305
2310
503
4393
4841
1751
1656
1604
4490
