0.93720618
0.93703828
0.93687038
0.93670248
0.93653459
0.93636669
0.93619879
0.93603089
0.93586300
0.93569510
0.93552720
0.93535930
0.93519140
0.93502351
0.93485561
0.93468771
0.93451981
0.93435191
0.93418402
0.93401612
0.93384822
0.93368032
0.93351242
0.93334453
0.93317663
0.93300873
0.93284083
0.93267293
0.93250504
0.93233714
0.93216924
0.93200134
0.93183345
0.93166555
0.93149765
0.93132975
0.93116185
0.93099396
0.93082606
0.93065816
0.93049026
0.93032236
0.93015447
0.92981867
0.92965077
0.92948287
0.92931498
0.92914708
0.92897918
0.92881128
0.92864338
0.92847549
0.92830759
0.92813969
0.92797179
0.92780390
0.92763600
0.92746810
0.92730020
0.92713230
0.92696441
0.92679651
0.92662861
0.92646071
0.92629281
0.92612492
0.92578912
0.92562122
0.92545332
0.92528543
0.92511753
0.92494963
0.92478173
0.92461383
0.92444594
0.92427804
0.92411014
0.92377435
0.92360645
0.92343855
0.92327065
0.92310275
0.92293486
0.92276696
0.92259906
0.92243116
0.92226326
0.92209537
0.92192747
0.92175957
0.92159167
0.92142377
0.92108798
0.92092008
0.92075218
0.92058428
0.92041639
0.92024849
0.92008059
0.91991269
0.91974480
0.91957690
0.91940900
0.91924110
0.91907320
0.91890531
0.91873741
0.91856951
0.91840161
0.91823371
0.91806582
0.91789792
0.91773002
0.91756212
0.91739422
0.91722633
0.91705843
0.91689053
0.91672263
0.91655473
0.91638684
0.91621894
0.91605104
0.91588314
0.91571525
0.91554735
0.91537945
0.91521155
0.91504365
0.91487576
0.91470786
0.91453996
0.91437206
0.91420416
0.91403627
0.91386837
0.91370047
0.91353257
0.91336467
0.91319678
0.91302888
0.91286098
0.91269308
0.91252518
0.91235729
0.91218939
0.91202149
0.91185359
0.91151780
0.91134990
0.91118200
0.91084621
0.91067831
0.91051041
0.90983882
0.90967092
0.90950302
0.90933512
0.90916723
0.90899933
0.90883143
0.90866353
0.90849563
0.90832774
0.90815984
0.90799194
0.90782404
0.90765615
0.90748825
0.90732035
0.90715245
0.90698455
0.90681666
0.90664876
0.90648086
0.90631296
0.90614506
0.90597717
0.90580927
0.90564137
0.90547347
0.90530557
0.90480188
0.90463398
0.90446608
0.90429819
0.90413029
0.90396239
0.90379449
0.90362660
0.90345870
0.90329080
0.90312290
0.90295500
0.90278711
0.90261921
0.90245131
0.90228341
0.90211551
0.90194762
0.90144392
0.90127602
0.90094023
0.90077233
0.90060443
0.90043653
0.90026864
0.90010074
0.89976494
0.89959704
0.89942915
0.89926125
0.89909335
0.89892545
0.89875756
0.89858966
0.89842176
0.89825386
0.89808596
0.89791807
0.89775017
0.89758227
0.89741437
0.89724647
0.89707858
0.89691068
0.89674278
0.89657488
0.89640698
0.89623909
0.89607119
0.89590329
0.89573539
0.89556749
0.89539960
0.89523170
0.89489590
0.89472801
0.89456011
0.89439221
0.89422431
0.89405641
0.89388852
0.89372062
0.89355272
0.89338482
0.89321692
0.89304903
0.89288113
0.89271323
0.89237743
0.89220954
0.89204164
0.89187374
0.89170584
0.89153794
0.89137005
0.89120215
0.89103425
0.89086635
0.89069846
0.89053056
0.89036266
0.89019476
0.89002686
0.88985897
0.88969107
0.88952317
0.88935527
0.88918737
0.88901948
0.88885158
0.88868368
0.88851578
0.88834788
0.88817999
0.88801209
0.88784419
0.88767629
0.88750839
0.88700470
0.88683680
0.88666891
0.88650101
0.88633311
0.88616521
0.88599731
0.88582942
0.88566152
0.88549362
0.88532572
0.88515782
0.88498993
0.88482203
0.88465413
0.88448623
0.88431833
0.88415044
0.88347884
0.88331095
0.88314305
0.88280725
0.88263936
0.88247146
0.88230356
0.88213566
0.88196776
0.88179987
0.88163197
0.88146407
0.88129617
0.88112827
0.88096038
0.88028878
0.88012089
0.87995299
0.87978509
0.87961719
0.87944929
0.87928140
0.87911350
0.87894560
0.87877770
0.87860981
0.87844191
0.87827401
0.87810611
0.87793821
0.87777032
0.87760242
0.87743452
0.87726662
0.87709872
0.87693083
0.87676293
0.87659503
0.87642713
0.87625923
0.87609134
0.87592344
0.87575554
0.87525185
0.87508395
0.87491605
0.87458026
0.87441236
0.87424446
0.87407656
0.87374077
0.87357287
0.87340497
0.87323707
0.87306917
0.87290128
0.87273338
0.87256548
0.87239758
0.87222968
0.87206179
0.87189389
0.87172599
0.87155809
0.87139019
0.87122230
0.87105440
0.87088650
0.87055071
0.87038281
0.87021491
0.87004701
0.86987911
0.86971122
0.86954332
0.86937542
0.86920752
0.86903962
0.86887173
0.86870383
0.86853593
0.86836803
0.86820013
0.86803224
0.86786434
0.86769644
0.86752854
0.86736064
0.86702485
0.86685695
0.86668905
0.86652116
0.86618536
0.86601746
0.86551377
0.86534587
0.86517797
0.86501007
0.86484218
0.86467428
0.86450638
0.86433848
0.86417058
0.86400269
0.86383479
0.86366689
0.86349899
0.86333109
0.86316320
0.86299530
0.86282740
0.86265950
0.86131632
0.86114842
0.86098052
0.86081263
0.86064473
0.86047683
0.86030893
0.86014103
0.85980524
0.85963734
0.85946944
0.85930154
0.85913365
0.85896575
0.85879785
0.85846206
0.85829416
0.85812626
0.85795836
0.85779046
0.85762257
0.85745467
0.85728677
0.85711887
0.85695097
0.85678308
0.85661518
0.85644728
0.85627938
0.85611148
0.85594359
0.85577569
0.85560779
0.85527199
0.85510410
0.85493620
0.85476830
0.85443251
0.85426461
0.85409671
0.85392881
0.85376091
0.85359302
0.85325722
0.85308932
0.85292142
0.85275353
0.85258563
0.85241773
0.85224983
0.85208193
0.85191404
0.85174614
0.85157824
0.85141034
0.85124244
0.85107455
0.85090665
0.85073875
0.85040296
0.84989926
0.84973136
0.84956347
0.84939557
0.84905977
0.84889187
0.84872398
0.84855608
0.84838818
0.84822028
0.84805238
0.84788449
0.84771659
0.84754869
0.84738079
0.84721289
0.84687710
0.84670920
0.84654130
0.84637340
0.84620551
0.84603761
0.84586971
0.84570181
0.84553392
0.84519812
0.84503022
0.84486232
0.84469443
0.84452653
0.84435863
0.84419073
0.84402283
0.84385494
0.84368704
0.84351914
0.84335124
0.84318334
0.84301545
0.84284755
0.84267965
0.84251175
0.84234385
0.84217596
0.84200806
0.84167226
0.84150437
0.84133647
0.84100067
0.84083277
0.84066488
0.84049698
0.84032908
0.84016118
0.83999328
0.83982539
0.83948959
0.83932169
0.83915379
0.83898590
0.83881800
0.83865010
0.83848220
0.83831430
0.83814641
0.83797851
0.83781061
0.83764271
0.83747482
0.83730692
0.83713902
0.83697112
0.83680322
0.83646743
0.83629953
0.83579584
0.83562794
0.83512424
0.83495635
0.83478845
0.83462055
0.83445265
0.83428475
0.83411686
0.83394896
0.83378106
0.83344527
0.83327737
0.83310947
0.83294157
0.83277367
0.83260578
0.83243788
0.83193418
0.83159839
0.83092680
0.83075890
0.83059100
0.83042310
0.83025520
0.83008731
0.82991941
0.82975151
0.82958361
0.82941572
0.82924782
0.82907992
0.82891202
0.82874412
0.82857623
0.82840833
0.82824043
0.82807253
0.82773674
0.82740094
0.82706514
0.82689725
0.82656145
0.82639355
0.82622565
0.82572196
0.82555406
0.82521827
0.82505037
0.82505037
0.82488247
0.82471457
0.82454668
0.82437878
0.82421088
0.82404298
0.82387508
0.82370719
0.82353929
0.82337139
0.82320349
0.82303559
0.82286770
0.82269980
0.82253190
0.82236400
0.82219610
0.82202821
0.82186031
0.82169241
0.82135662
0.82102082
0.82085292
0.82068502
0.82051713
0.82034923
0.82001343
0.81967764
0.81950974
0.81934184
0.81917394
0.81850235
0.81799866
0.81766286
0.81749496
0.81732707
0.81715917
0.81682337
0.81665547
0.81648758
0.81631968
0.81615178
0.81598388
0.81581598
0.81564809
0.81548019
0.81531229
0.81514439
0.81497649
0.81464070
0.81447280
0.81430490
0.81413700
0.81396911
0.81380121
0.81363331
0.81346541
0.81329752
0.81312962
0.81296172
0.81279382
0.81262592
0.81245803
0.81229013
0.81212223
0.81195433
0.81178643
0.81161854
0.81145064
0.81128274
0.81111484
0.81094694
0.81077905
0.81061115
0.81044325
0.81027535
0.81010745
0.80926797
0.80910007
0.80893217
0.80876427
0.80859637
0.80809268
0.80792478
0.80775688
0.80742109
0.80725319
0.80708529
0.80691739
0.80674950
0.80658160
0.80641370
0.80624580
0.80607790
0.80591001
0.80574211
0.80557421
0.80540631
0.80523842
0.80507052
0.80490262
0.80473472
0.80456682
0.80423103
0.80406313
0.80389523
0.80372733
0.80355944
0.80339154
0.80322364
0.80305574
0.80288784
0.80271995
0.80255205
0.80238415
0.80221625
0.80204835
0.80188046
0.80137676
0.80104097
0.80087307
0.80070517
0.80020148
0.80003358
0.79986568
0.79969778
0.79952989
0.79936199
0.79919409
0.79902619
0.79885829
0.79869040
0.79852250
0.79801880
0.79785091
0.79751511
0.79734721
0.79717931
0.79684352
0.79667562
0.79650772
0.79633983
0.79617193
0.79600403
0.79583613
0.79566823
0.79550034
0.79533244
0.79516454
0.79499664
0.79482874
0.79466085
0.79449295
0.79432505
0.79415715
0.79398925
0.79382136
0.79365346
0.79348556
0.79331766
0.79314976
0.79298187
0.79281397
0.79264607
0.79247817
0.79214238
0.79197448
0.79180658
0.79163868
0.79147079
0.79130289
0.79113499
0.79096709
0.79079919
0.79063130
0.79046340
0.79012760
0.78995970
0.78979181
0.78962391
0.78928811
0.78912021
0.78895232
0.78878442
0.78861652
0.78844862
0.78828073
0.78811283
0.78794493
0.78777703
0.78760913
0.78744124
0.78727334
0.78710544
0.78693754
0.78676964
0.78660175
0.78643385
0.78626595
0.78593015
0.78576226
0.78559436
0.78542646
0.78525856
0.78509066
0.78492277
0.78475487
0.78274009
0.78257220
0.78240430
0.78223640
0.78206850
0.78190060
0.78173271
0.78156481
0.78139691
0.78122901
0.78106111
0.78089322
0.78072532
0.78055742
0.78038952
0.78022163
0.78005373
0.77988583
0.77971793
0.77955003
0.77938214
0.77921424
0.77904634
0.77887844
0.77871054
0.77854265
0.77837475
0.77820685
0.77803895
0.77787105
0.77753526
0.77736736
0.77686367
0.77669577
0.77635997
0.77619208
0.77585628
0.77568838
0.77484889
0.77468099
0.77451310
0.77434520
0.77417730
0.77400940
0.77384150
0.77367361
0.77350571
0.77300201
0.77283412
0.77266622
0.77233042
0.77216253
0.77199463
0.77182673
0.77165883
0.77149093
0.77132304
0.77115514
0.77098724
0.77081934
0.77065144
0.77048355
0.77031565
0.77014775
0.76997985
0.76981195
0.76930826
0.76863667
0.76846877
0.76830087
0.76813298
0.76779718
0.76746138
0.76729349
0.76712559
0.76695769
0.76678979
0.76628610
0.76611820
0.76595030
0.76578240
0.76561451
0.76544661
0.76527871
0.76511081
0.76494291
0.76393553
0.76376763
0.76359973
0.76343183
0.76326394
0.76309604
0.76292814
0.76276024
0.76259234
0.76225655
0.76208865
0.76175285
0.76158496
0.76141706
0.76124916
0.76108126
0.76091336
0.76057757
0.76040967
0.76024177
0.76007388
0.75990598
0.75973808
0.75957018
0.75940228
0.75923439
0.75906649
0.75889859
0.75873069
0.75856279
0.75839490
0.75822700
0.75805910
0.75789120
0.75772330
0.75738751
0.75721961
0.75705171
0.75688381
0.75654802
0.75638012
0.75604433
0.75587643
0.75554063
0.75537273
0.75520484
0.75503694
0.75486904
0.75470114
0.75453324
0.75386165
0.75369375
0.75352586
0.75335796
0.75319006
0.75302216
0.75285426
0.75268637
0.75251847
0.75235057
0.75218267
0.75201478
0.75184688
0.75167898
0.75151108
0.75134318
0.75117529
0.75100739
0.75083949
0.75067159
0.75050369
0.75000000
0.74983210
0.74966420
0.74949631
0.74932841
0.74916051
0.74899261
0.74882471
0.74865682
0.74848892
0.74832102
0.74815312
0.74798522
0.74764943
0.74748153
0.74731363
0.74714574
0.74697784
0.74680994
0.74664204
0.74647414
0.74630625
0.74613835
0.74597045
0.74580255
0.74529886
0.74496306
0.74445937
0.74429147
0.74412357
0.74395567
0.74378778
0.74361988
0.74345198
0.74328408
0.74311619
0.74294829
0.74278039
0.74261249
0.74244459
0.74227670
0.74177300
0.74160510
0.74143721
0.74126931
0.74110141
0.74093351
0.74076561
0.74059772
0.73992612
0.73975823
0.73959033
0.73942243
0.73925453
0.73908664
0.73891874
0.73875084
0.73858294
0.73824715
0.73807925
0.73791135
0.73774345
0.73757555
0.73740766
0.73707186
0.73673606
0.73656817
0.73640027
0.73623237
0.73606447
0.73589657
0.73572868
0.73556078
0.73539288
0.73505709
0.73472129
0.73455339
0.73438549
0.73421760
0.73404970
0.73371390
0.73354600
0.73203492
0.73186702
0.73169913
0.73136333
0.73119543
0.73035594
0.73018805
0.72985225
0.72968435
0.72951645
0.72934856
0.72901276
0.72884486
0.72867696
0.72850907
0.72850907
0.72834117
0.72817327
0.72800537
0.72783747
0.72766958
0.72750168
0.72733378
0.72699799
0.72683009
0.72666219
0.72649429
0.72632639
0.72615850
0.72599060
0.72582270
0.72548690
0.72531901
0.72515111
0.72498321
0.72481531
0.72464741
0.72380792
0.72330423
0.72313633
0.72296844
0.72280054
0.72212895
0.72196105
0.72179315
0.72162525
0.72145735
0.72128946
0.72095366
0.72078576
0.72061786
0.72044997
0.71994627
0.71977837
0.71961048
0.71944258
0.71910678
0.71893889
0.71877099
0.71860309
0.71843519
0.71826729
0.71793150
0.71759570
0.71742780
0.71725991
0.71709201
0.71692411
0.71675621
0.71658831
0.71625252
0.71608462
0.71591672
0.71574882
0.71558093
0.71541303
0.71524513
0.71507723
0.71457354
0.71440564
0.71423774
0.71406985
0.71390195
0.71339825
0.71323036
0.71306246
0.71289456
0.71272666
0.71255876
0.71239087
0.71222297
0.71205507
0.71104768
0.71087979
0.71071189
0.71054399
0.71037609
0.70970450
0.70953660
0.70936870
0.70920081
0.70903291
0.70886501
0.70819342
0.70802552
0.70785762
0.70768972
0.70752183
0.70701813
0.70685024
0.70668234
0.70651444
0.70634654
0.70617864
0.70601075
0.70584285
0.70550705
0.70533915
0.70517126
0.70500336
0.70466756
0.70449966
0.70382807
0.70366017
0.70349228
0.70332438
0.70315648
0.70298858
0.70282069
0.70265279
0.70214909
0.70198120
0.70181330
0.70164540
0.70147750
0.70097381
0.70080591
0.70063801
0.70047011
0.70030222
0.70013432
0.69996642
0.69979852
0.69963062
0.69929483
0.69912693
0.69895903
0.69879113
0.69862324
0.69795165
0.69778375
0.69744795
0.69694426
0.69677636
0.69660846
0.69610477
0.69576897
0.69560107
0.69543318
0.69509738
0.69492948
0.69476158
0.69459369
0.69442579
0.69408999
0.69392210
0.69375420
0.69274681
0.69257891
0.69241101
0.69207522
0.69190732
0.69173942
0.69157152
0.69140363
0.69123573
0.69022834
0.68989255
0.68972465
0.68955675
0.68922095
0.68905306
0.68888516
0.68871726
0.68854936
0.68838146
0.68821357
0.68804567
0.68787777
0.68770987
0.68754197
0.68737408
0.68720618
0.68703828
0.68653459
0.68636669
0.68619879
0.68603089
0.68586300
0.68569510
0.68552720
0.68535930
0.68519140
0.68502351
0.68485561
0.68468771
0.68451981
0.68435191
0.68418402
0.68401612
0.68384822
0.68368032
0.68351242
0.68334453
0.68317663
0.68284083
0.68267293
0.68250504
0.68233714
0.68216924
0.68200134
0.68183345
0.68166555
0.68149765
0.68132975
0.68116185
0.68099396
0.67981867
0.67965077
0.67948287
0.67813969
0.67763600
0.67746810
0.67730020
0.67713230
0.67696441
0.67679651
0.67662861
0.67646071
0.67612492
0.67511753
0.67494963
0.67478173
0.67427804
0.67377435
0.67360645
0.67343855
0.67327065
0.67310275
0.67293486
0.67276696
0.67259906
0.67192747
0.67175957
0.67142377
0.67125588
0.67108798
0.67058428
0.67041639
0.67024849
0.66991269
0.66974480
0.66957690
0.66924110
0.66907320
0.66890531
0.66873741
0.66856951
0.66806582
0.66789792
0.66773002
0.66756212
0.66739422
0.66722633
0.66705843
0.66689053
0.66621894
0.66571525
0.66537945
0.66521155
0.66470786
0.66453996
0.66437206
0.66420416
0.66370047
0.66353257
0.66336467
0.66319678
0.66302888
0.66286098
0.66269308
0.66252518
0.66151780
0.66134990
0.66118200
0.66101410
0.66084621
0.66067831
0.66051041
0.66034251
0.66017461
0.65983882
0.65967092
0.65950302
0.65933512
0.65916723
0.65883143
0.65866353
0.65849563
0.65815984
0.65799194
0.65681666
0.65648086
0.65564137
0.65547347
0.65530557
0.65513768
0.65496978
0.65480188
0.65463398
0.65446608
0.65429819
0.65413029
0.65396239
0.65379449
0.65362660
0.65345870
0.65329080
0.65312290
0.65295500
0.65278711
0.65261921
0.65245131
0.65228341
0.65211551
0.65177972
0.65161182
0.65094023
0.65026864
0.64976494
0.64892545
0.64875756
0.64858966
0.64842176
0.64825386
0.64808596
0.64791807
0.64775017
0.64758227
0.64741437
0.64724647
0.64707858
0.64691068
0.64674278
0.64607119
0.64590329
0.64573539
0.64556749
0.64539960
0.64523170
0.64472801
0.64456011
0.64439221
0.64422431
0.64405641
0.64388852
0.64372062
0.64338482
0.64321692
0.64304903
0.64288113
0.64271323
0.64237743
0.64220954
0.64204164
0.64187374
0.64170584
0.64153794
0.64137005
0.64120215
0.64103425
0.64086635
0.64069846
0.64053056
0.64036266
0.63969107
0.63952317
0.63935527
0.63885158
0.63868368
0.63834788
0.63817999
0.63801209
0.63784419
0.63767629
0.63750839
0.63734050
0.63717260
0.63700470
0.63683680
0.63666891
0.63650101
0.63633311
0.63616521
0.63599731
0.63582942
0.63566152
0.63549362
0.63532572
0.63515782
0.63498993
0.63465413
0.63448623
0.63415044
0.63398254
0.63364674
0.63297515
0.63247146
0.63230356
0.63213566
0.63196776
0.63179987
0.63163197
0.63146407
0.63129617
0.63112827
0.63096038
0.63062458
0.63045668
0.63028878
0.63012089
0.62995299
0.62978509
0.62928140
0.62894560
0.62877770
0.62860981
0.62844191
0.62827401
0.62810611
0.62793821
0.62693083
0.62676293
0.62659503
0.62642713
0.62625923
0.62592344
0.62474815
0.62458026
0.62424446
0.62407656
0.62357287
0.62340497
0.62323707
0.62290128
0.62273338
0.62256548
0.62239758
0.62222968
0.62206179
0.62189389
0.62172599
0.62155809
0.62139019
0.62122230
0.62105440
0.62071860
0.62055071
0.62004701
0.61920752
0.61903962
0.61887173
0.61870383
0.61853593
0.61820013
0.61803224
0.61786434
0.61719275
0.61702485
0.61668905
0.61652116
0.61635326
0.61618536
0.61601746
0.61584956
0.61568167
0.61534587
0.61517797
0.61501007
0.61383479
0.61366689
0.61366689
0.61366689
0.61349899
0.61333109
0.61316320
0.61299530
0.61282740
0.61265950
0.61249161
0.61232371
0.61215581
0.61182001
0.61165212
0.61148422
0.61098052
0.61081263
0.61064473
0.61047683
0.61030893
0.60997314
0.60980524
0.60946944
0.60930154
0.60913365
0.60846206
0.60812626
0.60795836
0.60779046
0.60762257
0.60745467
0.60728677
0.60695097
0.60678308
0.60594359
0.60577569
0.60560779
0.60527199
0.60510410
0.60493620
0.60476830
0.60460040
0.60443251
0.60409671
0.60392881
0.60376091
0.60359302
0.60342512
0.60325722
0.60308932
0.60292142
0.60275353
0.60258563
0.60241773
0.60224983
0.60208193
0.60191404
0.60174614
0.60157824
0.60141034
0.60124244
0.60107455
0.60090665
0.60073875
0.60057085
0.60040296
0.60023506
0.60006716
0.59989926
0.59973136
0.59956347
0.59939557
0.59922767
0.59905977
0.59889187
0.59872398
0.59855608
0.59838818
0.59822028
0.59805238
0.59788449
0.59771659
0.59754869
0.59738079
0.59721289
0.59704500
0.59687710
0.59670920
0.59654130
0.59637340
0.59620551
0.59603761
0.59586971
0.59570181
0.59553392
0.59536602
0.59519812
0.59503022
0.59486232
0.59469443
0.59452653
0.59435863
0.59419073
0.59402283
0.59385494
0.59368704
0.59351914
0.59335124
0.59318334
0.59301545
0.59284755
0.59267965
0.59251175
0.59234385
0.59217596
0.59200806
0.59184016
0.59167226
0.59150437
0.59133647
0.59116857
0.59100067
0.59083277
0.59066488
0.59049698
0.59032908
0.59016118
0.58999328
0.58982539
0.58965749
0.58948959
0.58932169
0.58915379
0.58898590
0.58881800
0.58865010
0.58848220
0.58831430
0.58781061
0.58764271
0.58747482
0.58730692
0.58713902
0.58697112
0.58680322
0.58663533
0.58646743
0.58596373
0.58579584
0.58562794
0.58546004
0.58529214
0.58512424
0.58478845
0.58462055
0.58445265
0.58428475
0.58411686
0.58394896
0.58378106
0.58361316
0.58344527
0.58327737
0.58310947
0.58294157
0.58277367
0.58260578
0.58243788
0.58226998
0.58193418
0.58176629
0.58159839
0.58126259
0.58109469
0.58042310
0.58025520
0.58008731
0.57991941
0.57975151
0.57958361
0.57941572
0.57924782
0.57907992
0.57891202
0.57874412
0.57857623
0.57840833
0.57824043
0.57807253
0.57790463
0.57773674
0.57756884
0.57740094
0.57723304
0.57706514
0.57689725
0.57672935
0.57656145
0.57639355
0.57622565
0.57605776
0.57588986
0.57572196
0.57555406
0.57538617
0.57521827
0.57505037
0.57488247
0.57471457
0.57454668
0.57437878
0.57421088
0.57404298
0.57387508
0.57370719
0.57353929
0.57337139
0.57320349
0.57303559
0.57286770
0.57269980
0.57253190
0.57236400
0.57219610
0.57202821
0.57186031
0.57169241
0.57152451
0.57135662
0.57102082
0.57034923
0.57018133
0.57001343
0.56984553
0.56967764
0.56950974
0.56934184
0.56917394
0.56900604
0.56883815
0.56867025
0.56850235
0.56833445
0.56816655
0.56783076
0.56732707
0.56715917
0.56699127
0.56682337
0.56615178
0.56531229
0.56514439
0.56497649
0.56430490
0.56396911
0.56346541
0.56329752
0.56312962
0.56262592
0.56212223
0.56128274
0.56111484
0.56027535
0.56010745
0.55977166
0.55943586
0.55926797
0.55893217
0.55775688
0.55674950
0.55624580
0.55607790
0.55591001
0.55574211
0.55557421
0.55540631
0.55523842
0.55439893
0.55423103
0.55372733
0.55339154
0.55305574
0.55154466
0.55070517
0.55053727
0.55003358
0.54919409
0.54902619
0.54885829
0.54869040
0.54852250
0.54818670
0.54801880
0.54785091
0.54650772
0.54600403
0.54583613
0.54566823
0.54466085
0.54415715
0.54398925
0.54382136
0.54365346
0.54348556
0.54331766
0.54314976
0.54281397
0.54247817
0.54231028
0.54214238
0.54197448
0.54180658
0.54163868
0.54147079
0.54130289
0.54113499
0.54096709
0.54079919
0.54046340
0.54029550
0.53945601
0.53928811
0.53895232
0.53861652
0.53844862
0.53828073
0.53811283
0.53777703
0.53744124
0.53710544
0.53693754
0.53676964
0.53593015
0.53542646
0.53525856
0.53492277
0.53458697
0.53441907
0.53408328
0.53391538
0.53341169
0.53324379
0.53307589
0.53240430
0.53190060
0.53173271
0.53156481
0.53156481
0.53139691
0.53122901
0.53106111
0.53072532
0.53055742
0.53022163
0.52988583
0.52971793
0.52955003
0.52837475
0.52820685
0.52803895
0.52787105
0.52770316
0.52753526
0.52736736
0.52719946
0.52703156
0.52686367
0.52669577
0.52602418
0.52585628
0.52568838
0.52552048
0.52535259
0.52518469
0.52501679
0.52484889
0.52468099
0.52451310
0.52434520
0.52417730
0.52400940
0.52384150
0.52316991
0.52300201
0.52283412
0.52249832
0.52233042
0.52216253
0.52199463
0.52182673
0.52165883
0.52149093
0.52132304
0.52115514
0.52098724
0.52081934
0.52065144
0.52031565
0.52014775
0.51947616
0.51930826
0.51897246
0.51880457
0.51863667
0.51830087
0.51813298
0.51796508
0.51746138
0.51729349
0.51712559
0.51662189
0.51645400
0.51561451
0.51544661
0.51511081
0.51477502
0.51410343
0.51393553
0.51376763
0.51343183
0.51326394
0.51309604
0.51276024
0.51259234
0.51208865
0.51192075
0.51175285
0.51108126
0.51091336
0.51074547
0.51057757
0.51007388
0.50957018
0.50873069
0.50856279
0.50856279
0.50856279
0.50839490
0.50772330
0.50738751
0.50721961
0.50705171
0.50688381
0.50671592
0.50638012
0.50621222
0.50604433
0.50554063
0.50537273
0.50453324
0.50436535
0.50402955
0.50386165
0.50369375
0.50352586
0.50335796
0.50302216
0.50251847
0.50235057
0.50218267
0.50201478
0.50184688
0.50167898
0.50151108
0.50134318
0.50117529
0.50100739
0.50083949
0.50067159
0.50050369
0.50033580
0.50000000
0.49949631
0.49916051
0.49899261
0.49865682
0.49848892
0.49832102
0.49815312
0.49798522
0.49781733
0.49764943
0.49748153
0.49731363
0.49613835
0.49597045
0.49580255
0.49563465
0.49546676
0.49496306
0.49479516
0.49445937
0.49429147
0.49412357
0.49395567
0.49378778
0.49345198
0.49244459
0.49177300
0.49160510
0.49143721
0.49076561
0.49026192
0.49009402
0.48992612
0.48975823
0.48959033
0.48925453
0.48908664
0.48858294
0.48841504
0.48723976
0.48707186
0.48673606
0.48656817
0.48556078
0.48539288
0.48522498
0.48505709
0.48488919
0.48472129
0.48455339
0.48438549
0.48421760
0.48404970
0.48388180
0.48371390
0.48354600
0.48337811
0.48321021
0.48304231
0.48253862
0.48237072
0.48220282
0.48203492
0.48186702
0.48169913
0.48153123
0.48102754
0.48035594
0.48018805
0.48002015
0.47985225
0.47968435
0.47918066
0.47901276
0.47884486
0.47867696
0.47834117
0.47817327
0.47766958
0.47750168
0.47733378
0.47666219
0.47649429
0.47632639
0.47615850
0.47531901
0.47380792
0.47364003
0.47347213
0.47330423
0.47296844
0.47095366
0.47028207
0.46961048
0.46944258
0.46927468
0.46910678
0.46893889
0.46877099
0.46843519
0.46826729
0.46809940
0.46776360
0.46759570
0.46742780
0.46692411
0.46625252
0.46591672
0.46558093
0.46541303
0.46524513
0.46507723
0.46490934
0.46406985
0.46339825
0.46323036
0.46306246
0.46289456
0.46239087
0.46239087
0.46222297
0.46054399
0.46037609
0.46020819
0.46004030
0.45987240
0.45970450
0.45953660
0.45936870
0.45920081
0.45903291
0.45886501
0.45869711
0.45852921
0.45802552
0.45785762
0.45768972
0.45752183
0.45718603
0.45701813
0.45685024
0.45668234
0.45651444
0.45634654
0.45617864
0.45584285
0.45567495
0.45550705
0.45500336
0.45483546
0.45449966
0.45433177
0.45416387
0.45399597
0.45382807
0.45214909
0.45198120
0.45181330
0.45164540
0.45130960
0.45114171
0.45097381
0.45080591
0.45063801
0.45047011
0.45030222
0.45013432
0.44946273
0.44929483
0.44879113
0.44862324
0.44778375
0.44744795
0.44711216
0.44644056
0.44560107
0.44425789
0.44358630
0.44341840
0.44241101
0.44089993
0.44073203
0.44056414
0.44039624
0.43871726
0.43854936
0.43804567
0.43787777
0.43720618
0.43703828
0.43687038
0.43586300
0.43552720
0.43519140
0.43502351
0.43468771
0.43451981
0.43435191
0.43418402
0.43384822
0.43368032
0.43267293
0.43216924
0.43099396
0.43082606
0.43049026
0.43032236
0.43015447
0.42965077
0.42948287
0.42931498
0.42914708
0.42897918
0.42864338
0.42830759
0.42830759
0.42780390
0.42780390
0.42713230
0.42696441
0.42662861
0.42578912
0.42511753
0.42327065
0.42259906
0.42243116
0.42226326
0.42159167
0.42125588
0.42108798
0.41974480
0.41974480
0.41873741
0.41856951
0.41840161
0.41756212
0.41739422
0.41722633
0.41705843
0.41689053
0.41672263
0.41655473
0.41638684
0.41621894
0.41605104
0.41588314
0.41571525
0.41487576
0.41403627
0.41286098
0.41202149
0.41151780
0.41134990
0.41118200
0.41101410
0.41051041
0.40967092
0.40883143
0.40866353
0.40849563
0.40832774
0.40815984
0.40799194
0.40782404
0.40765615
0.40748825
0.40732035
0.40715245
0.40698455
0.40681666
0.40664876
0.40631296
0.40597717
0.40580927
0.40345870
0.40329080
0.40245131
0.40228341
0.40211551
0.40144392
0.40127602
0.40043653
0.39842176
0.39825386
0.39808596
0.39724647
0.39657488
0.39640698
0.39489590
0.39472801
0.39439221
0.39422431
0.39405641
0.39372062
0.39355272
0.39338482
0.39271323
0.39254533
0.39137005
0.39120215
0.39103425
0.39053056
0.39036266
0.39019476
0.39002686
0.38901948
0.38885158
0.38868368
0.38717260
0.38666891
0.38650101
0.38566152
0.38515782
0.38498993
0.38498993
0.38431833
0.38415044
0.38398254
0.38297515
0.38280725
0.38263936
0.38213566
0.38196776
0.38179987
0.38028878
0.38012089
0.37995299
0.37978509
0.37961719
0.37944929
0.37928140
0.37911350
0.37894560
0.37877770
0.37860981
0.37827401
0.37810611
0.37793821
0.37777032
0.37760242
0.37709872
0.37659503
0.37558764
0.37541974
0.37525185
0.37508395
0.37424446
0.37374077
0.37357287
0.37340497
0.37290128
0.37222968
0.37206179
0.37189389
0.37071860
0.37055071
0.37055071
0.37038281
0.36903962
0.36887173
0.36803224
0.36786434
0.36769644
0.36752854
0.36702485
0.36685695
0.36668905
0.36652116
0.36534587
0.36517797
0.36400269
0.36383479
0.36366689
0.36349899
0.36333109
0.36316320
0.36299530
0.36282740
0.36265950
0.36249161
0.36232371
0.36182001
0.36165212
0.36148422
0.36131632
0.36114842
0.36098052
0.36047683
0.35896575
0.35879785
0.35728677
0.35711887
0.35409671
0.35376091
0.35224983
0.35208193
0.35191404
0.35174614
0.35157824
0.35141034
0.35090665
0.35073875
0.35073875
0.34956347
0.34889187
0.34838818
0.34805238
0.34788449
0.34771659
0.34754869
0.34586971
0.34570181
0.34553392
0.34536602
0.34335124
0.34318334
0.34301545
0.34284755
0.34267965
0.34251175
0.34234385
0.34217596
0.34066488
0.34049698
0.34032908
0.34016118
0.33982539
0.33965749
0.33948959
0.33932169
0.33915379
0.33898590
0.33881800
0.33865010
0.33781061
0.33730692
0.33646743
0.33629953
0.33613163
0.33478845
0.33462055
0.33445265
0.33411686
0.33378106
0.33361316
0.33344527
0.33310947
0.33294157
0.33243788
0.33176629
0.33159839
0.33143049
0.33092680
0.33075890
0.33059100
0.32891202
0.32740094
0.32672935
0.32656145
0.32622565
0.32421088
0.32269980
0.31900604
0.31648758
0.31531229
0.31380121
0.31363331
0.31145064
0.31128274
0.31094694
0.30859637
0.30809268
0.30792478
0.30742109
0.30691739
0.30674950
0.30658160
0.30641370
0.30507052
0.30490262
0.30473472
0.30204835
0.30137676
0.30120887
0.30070517
0.29986568
0.29969778
0.29650772
0.29633983
0.29365346
0.29348556
0.29214238
0.29147079
0.29079919
0.28895232
0.28844862
0.28744124
0.28727334
0.28676964
0.28408328
0.28391538
0.28290799
0.28274009
0.28240430
0.28173271
0.28156481
0.28139691
0.27971793
0.27955003
0.27820685
0.27770316
0.27753526
0.27518469
0.27501679
0.27484889
0.27417730
0.27400940
0.27350571
0.27333781
0.27182673
0.27165883
0.27115514
0.27115514
0.27115514
0.26914036
0.26779718
0.26762928
0.26695769
0.26678979
0.26662189
0.26611820
0.26578240
0.26561451
0.26561451
0.26544661
0.26527871
0.26427132
0.26376763
0.26359973
0.26343183
0.26192075
0.26175285
0.26158496
0.26074547
0.25889859
0.25772330
0.25604433
0.25587643
0.25520484
0.25470114
0.25453324
0.25386165
0.25369375
0.25285426
0.25251847
0.25100739
0.25083949
0.25033580
0.24815312
0.24764943
0.24714574
0.24597045
0.24529886
0.24513096
0.24496306
0.24378778
0.24361988
0.24361988
0.24311619
0.24227670
0.24177300
0.23942243
0.23942243
0.23774345
0.23757555
0.23707186
0.23606447
0.23522498
0.23505709
0.23472129
0.23421760
0.23404970
0.23220282
0.23203492
0.23186702
0.23102754
0.22968435
0.22968435
0.22968435
0.22867696
0.22850907
0.22582270
0.22565480
0.22565480
0.22548690
0.22263264
0.22246474
0.21944258
0.21927468
0.21893889
0.21776360
0.21558093
0.21541303
0.21390195
0.21373405
0.21339825
0.21289456
0.21272666
0.21255876
0.20802552
0.20785762
0.20752183
0.20634654
0.20634654
0.20634654
0.20617864
0.20617864
0.20449966
0.20382807
0.20315648
0.20298858
0.19828744
0.19778375
0.19526528
0.19173942
0.19157152
0.19140363
0.19123573
0.19106783
0.19089993
0.19073203
0.19056414
0.19039624
0.19022834
0.19006044
0.18989255
0.18972465
0.18955675
0.18955675
0.18938885
0.18737408
0.18720618
0.18703828
0.18603089
0.18586300
0.18586300
0.18552720
0.18552720
0.18535930
0.18519140
0.18502351
0.18485561
0.18435191
0.18435191
0.18435191
0.18435191
0.18435191
0.18435191
0.18435191
0.18435191
0.18435191
0.18435191
0.18435191
0.18435191
0.18435191
0.18435191
0.18435191
0.18435191
0.18435191
0.18435191
0.18435191
0.18435191
0.18435191
0.18435191
0.18435191
0.18435191
0.18435191
0.18435191
0.18435191
0.18435191
0.18435191
0.18435191
0.18435191
0.18435191
0.18435191
0.18435191
0.18435191
0.18435191
0.18435191
0.18435191
0.18435191
0.18435191
0.18435191
0.18435191
0.18435191
0.18435191
0.18435191
0.18435191
0.18435191
0.18435191
0.18435191
0.18435191
0.18435191
0.18435191
0.18435191
0.18435191
0.18435191
0.18435191
0.18435191
0.18435191
0.18435191
0.18435191
0.18435191
0.18435191
0.18435191
0.18435191
0.18435191
0.18435191
0.18435191
0.18435191
0.18435191
0.18435191
0.18435191
0.18435191
0.18435191
0.18435191
0.18435191
0.18435191
0.18435191
0.18435191
0.18435191
0.18435191
0.18435191
0.18435191
0.18435191
0.18435191
0.18435191
0.18435191
0.18435191
0.18435191
0.18435191
0.18435191
0.18435191
0.18435191
0.18435191
0.18435191
0.18435191
0.18435191
0.18435191
0.18435191
0.18435191
0.18435191
0.18435191
0.18435191
0.18435191
0.18435191
0.18435191
0.18435191
0.18435191
0.18435191
0.18435191
0.18435191
0.18435191
0.18435191
0.18435191
0.18435191
0.18435191
0.18435191
0.18435191
0.18435191
0.18435191
0.18418402
0.18401612
0.18384822
0.18368032
0.18351242
0.18334453
0.18317663
0.18300873
0.18284083
0.18267293
0.18250504
0.18233714
0.18233714
0.18116185
0.18099396
0.18082606
0.17931498
0.17612492
0.17612492
0.17327065
0.17310275
0.17293486
0.17276696
0.17276696
0.17175957
0.17159167
0.17142377
0.17142377
0.17125588
0.17108798
0.17092008
0.17092008
0.17041639
0.17024849
0.16588314
0.16504365
0.16470786
0.16453996
0.16403627
0.16386837
0.16386837
0.16370047
0.16336467
0.16336467
0.16319678
0.16302888
0.16286098
0.16269308
0.16252518
0.16235729
0.16218939
0.16202149
0.16185359
0.16185359
0.16134990
0.16084621
0.16084621
0.16084621
0.16000672
0.16000672
0.16000672
0.16000672
0.16000672
0.16000672
0.16000672
0.16000672
0.16000672
0.16000672
0.16000672
0.16000672
0.16000672
0.16000672
0.16000672
0.16000672
0.16000672
0.16000672
0.16000672
0.16000672
0.16000672
0.16000672
0.16000672
0.16000672
0.16000672
0.16000672
0.16000672
0.16000672
0.16000672
0.16000672
0.16000672
0.16000672
0.16000672
0.16000672
0.16000672
0.16000672
0.16000672
0.16000672
0.16000672
0.16000672
0.16000672
0.16000672
0.16000672
0.16000672
0.16000672
0.16000672
0.16000672
0.16000672
0.16000672
0.16000672
0.16000672
0.15983882
0.15983882
0.15967092
0.15967092
0.15967092
0.15967092
0.15950302
0.15950302
0.15933512
0.15916723
0.15899933
0.15883143
0.15866353
0.15849563
0.15832774
0.15815984
0.15799194
0.15782404
0.15765615
0.15748825
0.15732035
0.15715245
0.15698455
0.15681666
0.15664876
0.15648086
0.15631296
0.15614506
0.15597717
0.15580927
0.15564137
0.15547347
0.15530557
0.15513768
0.15362660
0.15362660
0.15362660
0.15362660
0.15362660
0.15362660
0.15362660
0.15362660
0.15362660
0.15228341
0.15060443
0.15060443
0.15010074
0.14993284
0.14875756
0.14858966
0.14858966
0.14775017
0.14758227
0.14724647
0.14691068
0.14657488
0.14640698
0.14640698
0.14623909
0.14539960
0.14523170
0.14489590
0.14388852
0.14271323
0.14271323
0.14254533
0.14254533
0.14220954
0.14204164
0.14204164
0.14204164
0.14204164
0.14204164
0.14204164
0.14204164
0.14204164
0.14204164
0.14204164
0.14204164
0.14204164
0.14204164
0.14204164
0.14204164
0.14204164
0.14204164
0.14204164
0.14204164
0.14204164
0.14204164
0.14204164
0.14204164
0.14204164
0.14204164
0.14204164
0.14204164
0.14204164
0.14204164
0.14187374
0.14187374
0.14187374
0.14187374
0.14187374
0.14187374
0.14187374
0.14187374
0.14187374
0.14187374
0.14187374
0.14187374
0.14187374
0.14187374
0.14187374
0.14187374
0.14187374
0.14170584
0.14170584
0.14170584
0.14170584
0.14170584
0.14170584
0.14170584
0.14170584
0.14170584
0.14170584
0.14170584
0.14170584
0.14170584
0.14170584
0.14170584
0.14170584
0.14170584
0.14170584
0.14170584
0.14170584
0.14170584
0.14153794
0.14153794
0.14153794
0.14153794
0.14153794
0.14153794
0.14153794
0.14153794
0.14153794
0.14153794
0.14153794
0.14153794
0.14153794
0.14153794
0.14153794
0.14153794
0.14153794
0.14153794
0.14153794
0.14153794
0.14137005
0.14137005
0.14137005
0.14120215
0.14120215
0.14120215
0.14120215
0.14120215
0.14120215
0.14120215
0.14120215
0.14120215
0.14120215
0.14103425
0.14103425
0.14103425
0.14103425
0.14103425
0.14103425
0.14103425
0.14103425
0.14103425
0.14103425
0.14103425
0.14103425
0.14103425
0.14103425
0.14103425
0.14103425
0.14103425
0.14103425
0.14103425
0.13767629
0.13750839
0.13750839
0.13734050
0.13734050
0.13734050
0.13650101
0.13633311
0.13616521
0.13616521
0.13616521
0.13599731
0.13566152
0.13566152
0.13566152
0.13549362
0.13532572
0.13431833
0.13398254
0.13364674
0.13331095
0.13331095
0.13331095
0.13331095
0.13314305
0.13314305
0.13314305
0.13297515
0.13280725
0.13263936
0.13263936
0.13263936
0.13263936
0.12944929
0.12944929
0.12944929
0.12928140
0.12911350
0.12911350
0.12911350
0.12911350
0.12911350
0.12894560
0.12894560
0.12844191
0.12827401
0.12827401
0.12827401
0.11769644
0.11769644
0.11769644
0.11769644
0.11769644
0.11702485
0.11668905
0.11668905
0.11316320
0.11316320
0.11316320
0.11316320
0.11316320
0.11316320
0.11316320
0.11316320
0.11316320
0.11316320
0.11316320
0.11316320
0.11316320
0.11316320
0.11316320
0.11316320
0.11316320
0.11316320
0.11316320
0.11316320
0.11316320
0.11316320
0.11316320
0.11316320
0.11316320
0.11316320
0.11316320
0.11316320
0.11316320
0.11316320
0.11316320
0.11316320
0.11316320
0.11316320
0.11316320
0.11299530
0.11282740
0.11282740
0.11282740
0.11282740
0.11282740
0.11265950
0.11249161
0.11249161
0.11249161
0.11249161
0.11249161
0.11249161
0.11249161
0.11249161
0.11249161
0.11249161
0.11249161
0.11249161
0.11249161
0.11249161
0.11249161
0.11249161
0.11249161
0.11249161
0.11232371
0.11232371
0.11232371
0.11232371
0.11232371
0.11232371
0.11232371
0.11232371
0.11232371
0.11232371
0.11232371
0.11232371
0.11232371
0.11232371
0.11232371
0.11232371
0.11232371
0.11232371
0.11232371
0.11232371
0.11232371
0.11232371
0.11232371
0.11232371
0.11232371
0.11232371
0.11232371
0.11232371
0.11232371
0.11232371
0.11232371
0.11232371
0.11232371
0.11232371
0.11232371
0.11232371
0.11232371
0.11232371
0.11232371
0.11232371
0.11232371
0.11232371
0.11232371
0.11232371
0.11232371
0.11232371
0.11232371
0.11232371
0.11232371
0.11232371
0.11232371
0.11232371
0.11232371
0.11232371
0.11232371
0.11232371
0.11232371
0.11232371
0.11232371
0.11232371
0.11215581
0.11198791
0.10812626
0.10258563
0.10191404
0.09603761
0.09402283
0.09251175
0.08982539
0.08764271
0.08747482
0.08730692
0.08713902
0.08697112
0.08680322
0.08663533
0.08646743
0.08629953
0.08613163
0.08596373
0.08579584
0.08562794
0.08546004
0.08529214
0.08512424
0.08495635
0.08478845
0.08462055
0.08445265
0.08428475
0.08411686
0.08394896
0.08378106
0.08361316
0.08344527
0.08327737
0.08310947
0.08294157
0.08277367
0.08260578
0.08243788
0.08226998
0.08210208
0.08193418
0.08176629
0.08159839
0.08143049
0.08126259
0.08109469
0.08092680
0.08075890
0.08059100
0.08042310
0.08025520
0.08008731
0.07991941
0.07975151
0.07958361
0.07941572
0.07941572
0.07941572
0.07941572
0.07941572
0.07941572
0.07941572
0.07941572
0.07941572
0.07941572
0.07941572
0.07941572
0.07941572
0.07941572
0.07941572
0.07941572
0.07941572
0.07941572
0.07941572
0.07941572
0.07941572
0.07941572
0.07941572
0.07941572
0.07941572
0.07941572
0.07941572
0.07941572
0.07941572
0.07941572
0.07941572
0.07941572
0.07941572
0.07941572
0.07941572
0.07941572
0.07941572
0.07941572
0.07941572
0.07941572
0.07941572
0.07941572
0.07941572
0.07941572
0.07941572
0.07941572
0.07941572
0.07941572
0.07941572
0.07941572
0.07941572
0.07941572
0.07941572
0.07941572
0.07941572
0.07941572
0.07941572
0.07941572
0.07941572
0.07941572
0.07941572
0.07941572
0.07941572
0.07941572
0.07941572
0.07941572
0.07941572
0.07941572
0.07941572
0.07941572
0.07941572
0.07941572
0.07941572
0.07941572
0.07941572
0.07941572
0.07941572
0.07941572
0.07941572
0.07941572
0.07941572
0.07941572
0.07941572
0.07941572
0.07941572
0.07941572
0.07941572
0.07941572
0.07941572
0.07941572
0.07941572
0.07941572
0.07941572
0.07941572
0.07941572
0.07941572
0.07941572
0.07941572
0.07941572
0.07941572
0.07941572
0.07941572
0.07941572
0.07941572
0.07941572
0.07941572
0.07941572
0.07941572
0.07941572
0.07941572
0.07941572
0.07941572
0.07941572
0.07941572
0.07941572
0.07941572
0.07941572
0.07941572
0.07941572
0.07706514
0.07236400
0.07018133
0.07001343
0.06984553
0.06967764
0.06950974
0.06934184
0.06917394
0.06900604
0.06883815
0.06867025
0.06850235
0.06833445
0.06816655
0.06799866
0.06783076
0.06766286
0.06749496
0.06732707
0.06715917
0.06699127
0.06682337
0.06665547
0.06648758
0.06631968
0.06615178
0.06598388
0.06581598
0.06564809
0.06548019
0.06531229
0.06514439
0.06497649
0.06480860
0.06464070
0.06447280
0.06430490
0.06413700
0.06396911
0.06380121
0.06363331
0.06346541
0.06329752
0.06262592
0.06195433
0.06195433
0.06195433
0.05473472
0.05473472
0.05473472
0.05473472
0.05456682
0.05439893
0.05423103
0.05406313
0.05389523
0.05372733
0.05355944
0.05355944
0.05355944
0.05355944
0.05355944
0.05355944
0.05355944
0.05355944
0.05355944
0.05355944
0.05355944
0.05355944
0.05355944
0.05355944
0.05355944
0.05355944
0.05355944
0.05355944
0.05355944
0.05355944
0.05355944
0.05355944
0.05355944
0.05355944
0.05355944
0.05355944
0.05355944
0.05355944
0.05355944
0.05355944
0.05355944
0.05355944
0.05355944
0.05355944
0.05355944
0.05355944
0.05355944
0.05355944
0.05355944
0.05355944
0.05355944
0.05355944
0.05355944
0.05355944
0.05355944
0.05355944
0.05355944
0.05355944
0.05355944
0.05355944
0.05355944
0.05355944
0.05355944
0.05355944
0.05355944
0.05355944
0.05355944
0.05355944
0.05355944
0.05355944
0.05355944
0.05355944
0.05355944
0.05355944
0.05355944
0.05355944
0.05355944
0.05355944
0.05355944
0.05355944
0.05355944
0.05355944
0.05355944
0.05355944
0.05355944
0.05355944
0.05355944
0.05355944
0.05355944
0.05355944
0.05355944
0.05355944
0.05355944
0.05355944
0.05355944
0.05355944
0.05355944
0.05355944
0.05355944
0.05355944
0.05355944
0.05355944
0.05355944
0.05355944
0.05355944
0.05355944
0.05355944
0.05355944
0.05355944
0.05355944
0.05355944
0.05355944
0.05355944
0.05355944
0.05355944
0.05355944
0.05355944
0.05355944
0.05355944
0.05355944
0.05355944
0.05355944
0.05355944
0.05355944
0.05355944
0.05355944
0.05355944
0.05355944
0.05355944
0.05339154
0.05322364
0.05305574
0.05288784
0.05271995
0.05255205
0.05238415
0.05221625
0.05204835
0.05188046
0.05171256
0.05154466
0.05137676
0.05120887
0.05104097
0.05087307
0.05070517
0.05053727
0.05036938
0.05020148
0.05003358
0.04986568
0.04969778
0.04952989
0.04952989
0.04952989
0.04952989
0.04952989
0.04936199
0.04936199
0.04936199
0.04936199
0.04936199
0.04936199
0.04936199
0.04919409
0.04835460
0.04768301
0.04751511
0.04751511
0.04214238
0.04197448
0.04180658
0.04163868
0.04147079
0.04130289
0.04113499
0.04096709
0.04079919
0.04063130
0.04046340
0.04029550
0.04012760
0.03995970
0.03979181
0.03962391
0.03945601
0.03928811
0.03912021
0.03895232
0.03878442
0.03861652
0.03844862
0.03828073
0.03811283
0.03794493
0.03777703
0.03760913
0.03744124
0.03727334
0.03710544
0.03693754
0.03676964
0.03660175
0.03643385
0.03626595
0.03609805
0.03593015
0.03576226
0.03559436
0.03542646
0.03525856
0.03509066
0.03492277
0.03475487
0.03458697
0.03441907
0.03425118
0.03408328
0.03391538
0.03374748
0.03357958
0.03341169
0.03324379
0.03307589
0.03290799
0.03274009
0.03257220
0.03240430
0.03223640
0.03206850
0.03190060
0.03173271
0.03156481
0.03139691
0.03122901
0.03106111
0.03089322
0.03072532
0.03055742
0.03038952
0.03022163
0.03005373
0.02988583
0.02971793
0.02955003
0.02938214
0.02921424
0.02904634
0.02887844
0.02871054
0.02854265
0.02837475
0.02820685
0.02803895
0.02635997
0.02635997
0.02635997
0.02619208
0.02602418
0.02585628
0.02568838
0.02552048
0.02535259
0.02518469
0.02501679
0.02484889
0.02468099
0.02451310
0.02434520
0.02417730
0.02400940
0.02384150
0.02367361
0.02350571
0.02333781
0.02316991
0.02300201
0.02283412
0.02266622
0.02249832
0.02233042
0.02216253
0.02199463
0.02182673
0.02165883
0.02149093
0.02132304
0.02115514
0.02098724
0.02081934
0.02065144
0.02048355
0.02031565
0.02014775
0.01997985
0.01981195
0.01964406
0.01947616
0.01947616
0.01930826
0.01914036
0.01897246
0.01880457
0.01863667
0.01846877
0.01830087
0.01830087
0.01830087
0.01830087
0.01830087
0.01830087
0.01830087
0.01830087
0.01830087
0.01830087
0.01830087
0.01830087
0.01830087
0.01830087
0.01830087
0.01830087
0.01830087
0.01830087
0.01830087
0.01830087
0.01830087
0.01830087
0.01830087
0.01830087
0.01830087
0.01830087
0.01830087
0.01830087
0.01830087
0.01830087
0.01830087
0.01830087
0.01830087
0.01830087
0.01830087
0.01830087
0.01830087
0.01830087
0.01830087
0.01830087
0.01830087
0.01830087
0.01830087
0.01830087
0.01830087
0.01830087
0.01830087
0.01830087
0.01830087
0.01830087
0.01830087
0.01830087
0.01830087
0.01830087
0.01830087
0.01830087
0.01830087
0.01830087
0.01830087
0.01830087
0.01813298
0.01796508
0.01779718
0.01762928
0.01746138
0.01729349
0.01712559
0.01695769
0.01678979
0.01662189
0.01645400
0.01628610
0.01611820
0.01595030
0.01578240
0.01561451
0.01544661
0.01527871
0.01511081
0.01494291
0.01477502
0.01460712
0.01443922
0.00570853
0.00554063
0.00537273
0.00520484
0.00503694
0.00486904
0.00470114
0.00453324
0.00436535
0.00419745
0.00402955
0.00386165
0.00369375
0.00352586
0.00335796
0.00319006
0.00302216
0.00285426
0.00268637
0.00251847
0.00235057
0.00218267
0.00201478
0.00184688
0.00167898
0.00151108
0.00134318
0.00117529
0.00100739
0.00083949
0.00067159
0.00050369
0.00033580
0.00033580
0.00033580
0.00033580
0.00033580
0.00033580
0.00033580
0.00033580
0.00033580
0.00033580
0.00033580
0.00033580
0.00033580
0.00033580
0.00033580
0.00033580
0.00033580
0.00033580
0.00033580
0.00033580
0.00033580
0.00033580
0.00033580
0.00033580
0.00033580
0.00033580
0.00033580
0.00033580
0.00033580
0.00033580
0.00033580
0.00016790
0.00016790
0.00016790
0.00016790
0.00016790
0.00016790
0.00016790
0.00016790
0.00016790
0.00016790
0.00016790
0.00016790
0.00016790
0.00016790
0.00016790
0.00016790
0.00016790
0.00016790
0.00016790
0.00016790
0.00016790
0.00016790
0.00016790
0.00016790
0.00016790
0.00016790
0.00016790
0.00016790
0.00016790
0.00016790
0.00016790
0.00016790
0.00016790
0.00016790
0.00016790
0.00016790
0.00016790
0.00016790
0.00016790
0.00016790
0.00016790
0.00016790
0.00016790
0.00016790
0.00016790
0.00016790
0.00016790
0.00016790
0.00016790
0.00016790
0.00016790
0.00016790
0.00016790
0.00016790
0.00016790
0.00016790
0.00016790
0.00016790
0.00016790
0.00016790
0.00016790
0.00016790
0.00016790
0.00016790
0.00016790
0.00016790
0.00016790
0.00016790
0.00016790
0.00016790
0.00016790
0.00016790
0.00016790
0.00016790
0.00016790
0.00016790
0.00016790
0.00016790
0.00016790
0.00016790
0.00016790
0.00016790
0.00016790
0.00016790
0.00016790
0.00016790
0.00016790
0.00016790
0.00016790
0.00016790
0.00016790
0.00016790
0.00016790
0.00016790
0.00016790
0.00016790
0.00016790
0.00016790
0.00016790
0.00016790
0.00016790
0.00016790
0.00016790
0.00016790
0.00016790
0.00016790
0.00016790
0.00016790
0.00016790
0.00016790
0.00016790
0.00016790
0.00016790
0.00016790
0.00016790
0.00016790
0.00016790
0.00016790
0.00016790
0.00016790
0.00016790
0.00016790
0.00016790
0.00016790
0.00016790
0.00016790
0.00016790
0.00016790
0.00016790
0.00016790
0.00016790
0.00016790
0.00016790
0.00016790
0.00016790
0.00016790
0.00016790
0.00016790
0.00016790
0.00016790
0.00016790
0.00016790
0.00016790
0.00016790
0.00016790
0.00016790
0.00016790
0.00016790
0.00016790
0.00016790
0.00016790
0.00016790
0.00016790
0.00016790
0.00016790
0.00016790
0.00016790
0.00016790
0.00016790
0.00016790
0.00016790
0.00016790
0.00016790
0.00016790
0.00016790
0.00016790
0.00016790
0.00016790
0.00016790
0.00016790
0.00016790
0.00016790
0.00016790
0.00016790
0.00016790
0.00016790
0.00016790
0.00016790
0.00016790
0.00016790
0.00016790
0.00016790
0.00016790
0.00016790
0.00016790
0.00016790
0.00016790
0.00016790
0.00016790
0.00016790
0.00016790
0.00016790
0.00016790
0.00016790
0.00016790
0.00016790
0.00016790
0.00016790
0.00016790
0.00016790
0.00016790
0.00016790
0.00016790
0.00016790
0.00016790
0.00016790
0.00016790
0.00016790
0.00016790
0.00016790
0.00016790
0.00016790
0.00016790
0.00016790
0.00016790
0.00016790
0.00016790
0.00016790
0.00016790
0.00016790
0.00016790
0.00016790
0.00016790
0.00016790
0.00016790
0.00016790
0.00016790
0.00016790
0.00016790
0.00016790
0.00016790
0.00016790
0.00016790
0.00016790
0.00016790
0.00016790
0.00016790
0.00016790
0.00016790
0.00016790
0.00016790
0.00016790
0.00016790
0.00016790
0.00016790
0.00016790
0.00016790
0.00016790
0.00016790
0.00016790
0.00016790
0.00016790
0.00016790
0.00016790
0.00016790
0.00016790
0.00016790
0.00016790
0.00016790
0.00016790
0.00016790
0.00016790
0.00016790
0.00016790
0.00016790
0.00016790
0.00016790
0.00016790
0.00016790
0.00016790
0.00016790
0.00016790
0.00016790
0.00016790
0.00016790
0.00016790
0.00016790
0.00016790
0.00016790
0.00016790
0.00016790
0.00016790
0.00016790
0.00016790
0.00016790
0.00016790
0.00016790
0.00016790
0.00016790
0.00016790
0.00016790
0.00016790
0.00016790
0.00016790
0.00016790
0.00016790
0.00016790
0.00016790
0.00016790
0.00016790
0.00016790
0.00016790
0.00016790
0.00016790
0.00016790
0.00016790
0.00016790
0.00016790
0.00016790
0.00016790
0.00016790
0.00016790
0.00016790
0.00016790
0.00016790
0.00016790
0.00016790
0.00016790
0.00016790
0.00016790
0.00016790
0.00016790
0.00016790
0.00016790
0.00016790
0.00016790
0.00016790
0.00016790
0.00016790
0.00016790
0.00016790
0.00016790
0.00016790
0.00016790
0.00016790
0.00016790
0.00016790
0.00016790
0.00016790
0.00016790
0.00016790
0.00016790
0.00016790
0.00016790
0.00016790
0.00016790
0.00016790
0.00016790
0.00016790
0.00016790
0.00016790
0.00016790
0.00016790
0.00016790
0.00016790
0.00016790
0.00016790
0.00016790
0.00016790
0.00016790
0.00016790
0.00016790
0.00016790
0.00016790
0.00016790
0.00016790
0.00016790
0.00016790
0.00016790
0.00016790
0.00016790
0.00016790
0.00016790
0.00016790
0.00016790
0.00016790
0.00016790
0.00016790
0.00016790
0.00016790
0.00016790
0.00016790
0.00016790
0.00016790
0.00016790
0.00016790
0.00016790
0.00016790
0.00016790
0.00016790
0.00016790
0.00016790
0.00016790
0.00016790
0.00016790
0.00016790
0.00016790
0.00016790
0.00016790
0.00016790
0.00016790
0.00016790
0.00016790
0.00016790
0.00016790
0.00016790
0.00016790
0.00016790
0.00016790
0.00016790
0.00016790
0.00016790
0.00016790
0.00016790
0.00016790
0.00016790
0.00016790
0.00016790
0.00016790
0.00016790
0.00016790
0.00016790
0.00016790
0.00016790
0.00016790
0.00016790
0.00016790
0.00016790
0.00016790
0.00016790
0.00016790
0.00016790
0.00016790
0.00016790
0.00016790
0.00016790
0.00016790
0.00016790
0.00016790
0.00016790
0.00016790
0.00016790
0.00016790
0.00016790
0.00016790
0.00016790
0.00016790
0.00016790
0.00016790
0.00016790
0.00016790
0.00016790
0.00016790
0.00016790
0.00016790
0.00016790
0.00016790
0.00016790
0.00016790
0.00016790
0.00016790
0.00016790
0.00016790
0.00016790
0.00016790
0.00016790
0.00016790
0.00016790
0.00016790
0.00016790
0.00016790
0.00016790
0.00016790
0.00016790
0.00016790
0.00016790
0.00016790
0.00016790
0.00016790
0.00016790
0.00016790
0.00016790
0.00016790
0.00016790
0.00016790
0.00016790
0.00016790
0.00016790
0.00016790
0.00016790
0.00016790
0.00016790
0.00016790
0.00016790
0.00016790
0.00016790
0.00016790
0.00016790
0.00016790
0.00016790
0.00016790
0.00016790
0.00016790
0.00016790
0.00016790
0.00016790
0.00016790
0.00016790
0.00016790
0.00016790
0.00016790
0.00016790
0.00016790
0.00016790
0.00016790
0.00016790
0.00016790
0.00016790
0.00016790
0.00016790
0.00016790
0.00016790
0.00016790
0.00016790
0.00016790
0.00016790
0.00016790
0.00016790
0.00016790
0.00016790
0.00016790
0.00016790
0.00016790
0.00016790
0.00016790
0.00016790
0.00016790
0.00016790
0.00016790
0.00016790
0.00016790
0.00016790
0.00016790
0.00016790
0.00016790
0.00016790
0.00016790
0.00016790
0.00016790
0.00016790
0.00016790
0.00016790
0.00016790
0.00016790
0.00016790
0.00016790
0.00016790
0.00016790
0.00016790
0.00016790
0.00016790
0.00016790
0.00016790
0.00016790
0.00016790
0.00016790
0.00016790
0.00016790
0.00016790
0.00016790
0.00016790
0.00016790
0.00016790
0.00016790
0.00016790
0.00016790
0.00016790
0.00016790
0.00016790
0.00016790
0.00016790
0.00016790
0.00016790
0.00016790
0.00016790
0.00016790
0.00016790
0.00016790
0.00016790
0.00016790
0.00016790
0.00016790
0.00016790
0.00016790
0.00016790
0.00016790
0.00016790
0.00016790
0.00016790
0.00016790
0.00016790
0.00016790
0.00016790
0.00016790
0.00016790
0.00016790
0.00016790
0.00016790
0.00016790
0.00016790
0.00016790
0.00016790
0.00016790
0.00016790
0.00016790
0.00016790
0.00016790
0.00016790
0.00016790
0.00016790
0.00016790
0.00016790
0.00016790
0.00016790
0.00016790
0.00016790
0.00016790
0.00016790
0.00016790
0.00016790
0.00016790
0.00016790
0.00016790
0.00016790
0.00016790
0.00016790
0.00016790
0.00016790
0.00016790
0.00016790
0.00016790
0.00016790
0.00016790
0.00016790
0.00016790
0.00016790
0.00016790
0.00016790
0.00016790
0.00016790
0.00016790
0.00016790
0.00016790
0.00016790
0.00016790
0.00016790
0.00016790
0.00016790
0.00016790
0.00016790
0.00016790
0.00016790
0.00016790
0.00016790
0.00016790
0.00016790
0.00016790
0.00016790
0.00016790
0.00016790
0.00016790
0.00016790
0.00016790
0.00016790
0.00016790
0.00016790
0.00016790
0.00016790
0.00016790
0.00016790
0.00016790
0.00016790
0.00016790
0.00016790
0.00016790
0.00016790
0.00016790
0.00016790
0.00016790
0.00016790
0.00016790
0.00016790
0.00016790
0.00016790
0.00016790
0.00016790
0.00016790
0.00016790
0.00016790
0.00016790
0.00016790
0.00016790
0.00016790
0.00016790
0.00016790
0.00016790
0.00016790
0.00016790
0.00016790
0.00016790
0.00016790
0.00016790
0.00016790
0.00016790
0.00016790
0.00016790
0.00016790
0.00016790
0.00016790
0.00016790
0.00016790
0.00016790
0.00016790
0.00016790
0.00016790
0.00016790
0.00016790
0.00016790
0.00016790
0.00016790
0.00016790
0.00016790
0.00016790
0.00016790
0.00016790
0.00016790
0.00016790
0.00016790
0.00016790
0.00016790
0.00016790
0.00016790
0.00016790
0.00016790
0.00016790
0.00016790
0.00016790
0.00016790
0.00016790
0.00016790
0.00016790
0.00016790
0.00016790
0.00016790
0.00016790
0.00016790
0.00016790
0.00016790
0.00016790
0.00016790
0.00016790
0.00016790
0.00016790
0.00016790
0.00016790
0.00016790
0.00016790
0.00016790
0.00016790
0.00016790
0.00016790
0.00016790
0.00016790
0.00016790
0.00016790
0.00016790
0.00016790
0.00016790
0.00016790
0.00016790
0.00016790
0.00016790
0.00016790
0.00016790
0.00016790
0.00016790
0.00016790
0.00016790
0.00016790
0.00016790
0.00016790
0.00016790
0.00016790
0.00016790
0.00016790
0.00016790
0.00016790
0.00016790
0.00016790
0.00016790
0.00016790
0.00016790
0.00016790
0.00016790
0.00016790
0.00016790
0.00016790
0.00016790
0.00016790
0.00016790
0.00016790
0.00016790
0.00016790
0.00016790
0.00016790
0.00016790
0.00016790
0.00016790
0.00016790
0.00016790
0.00016790
0.00016790
0.00016790
0.00016790
0.00016790
0.00016790
0.00016790
0.00016790
0.00016790
0.00016790
0.00016790
0.00016790
0.00016790
0.00016790
0.00016790
0.00016790
0.00016790
0.00016790
0.00016790
0.00016790
0.00016790
0.00016790
0.00016790
0.00016790
0.00016790
0.00016790
0.00016790
0.00016790
0.00016790
0.00016790
0.00016790
0.00016790
0.00016790
0.00016790
0.00016790
0.00016790
0.00016790
0.00016790
0.00016790
0.00016790
0.00016790
0.00016790
0.00016790
0.00016790
0.00016790
0.00016790
0.00016790
0.00016790
0.00016790
0.00016790
0.00016790
0.00016790
0.00016790
0.00016790
0.00016790
0.00016790
0.00016790
0.00016790
0.00016790
0.00016790
0.00016790
0.00016790
0.00016790
0.00016790
0.00016790
0.00016790
0.00016790
0.00016790
0.00016790
0.00016790
0.00016790
0.00016790
0.00016790
0.00016790
0.00016790
0.00016790
0.00016790
0.00016790
0.00016790
0.00016790
0.00016790
0.00016790
0.00016790
0.00016790
0.00016790
0.00016790
0.00016790
0.00016790
0.00016790
0.00016790
0.00016790
0.00016790
0.00016790
0.00016790
0.00016790
0.00016790
0.00016790
0.00016790
0.00016790
0.00016790
0.00016790
0.00016790
0.00016790
0.00016790
0.00016790
0.00016790
0.00016790
0.00016790
0.00016790
0.00016790
0.00016790
0.00016790
0.00016790
0.00016790
0.00016790
0.00016790
0.00016790
0.00016790
0.00016790
0.00016790
0.00016790
0.00016790
0.00016790
0.00016790
0.00016790
0.00016790
0.00016790
0.00016790
0.00016790
0.00016790
0.00016790
0.00016790
0.00016790
0.00016790
0.00016790
0.00016790
0.00016790
0.00016790
0.00016790
0.00016790
0.00016790
0.00016790
0.00016790
0.00016790
0.00016790
0.00016790
0.00016790
0.00016790
0.00016790
0.00016790
0.00016790
0.00016790
0.00016790
0.00016790
0.00016790
0.00016790
0.00016790
0.00016790
0.00016790
0.00016790
0.00016790
0.00016790
0.00016790
0.00016790
0.00016790
0.00016790
0.00016790
0.00016790
0.00016790
0.00016790
0.00016790
0.00016790
0.00016790
0.00016790
0.00016790
0.00016790
0.00016790
0.00016790
0.00016790
0.00016790
0.00016790
0.00016790
0.00016790
0.00016790
0.00016790
0.00016790
0.00016790
0.00016790
0.00016790
0.00016790
0.00016790
0.00016790
0.00016790
0.00016790
0.00016790
0.00016790
0.00016790
0.00016790
0.00016790
0.00016790
0.00016790
0.00016790
0.00016790
0.00016790
0.00016790
0.00016790
0.00016790
0.00016790
0.00016790
0.00016790
0.00016790
0.00016790
0.00016790
0.00016790
0.00016790
0.00016790
0.00016790
0.00016790
0.00016790
0.00016790
0.00016790
0.00016790
0.00016790
0.00016790
0.00016790
0.00016790
0.00016790
0.00016790
0.00016790
0.00016790
0.00016790
0.00016790
0.00016790
0.00016790
0.00016790
0.00016790
0.00016790
0.00016790
0.00016790
0.00016790
0.00016790
0.00016790
0.00016790
0.00016790
0.00016790
0.00016790
0.00016790
0.00016790
0.00016790
0.00016790
0.00016790
0.00016790
0.00016790
0.00016790
0.00016790
0.00016790
0.00016790
0.00016790
0.00016790
0.00016790
0.00016790
0.00016790
0.00016790
0.00016790
0.00016790
0.00016790
0.00016790
0.00016790
0.00016790
0.00016790
0.00016790
0.00016790
0.00016790
0.00016790
0.00016790
0.00016790
0.00016790
0.00016790
0.00016790
0.00016790
0.00016790
0.00016790
0.00016790
0.00016790
0.00016790
0.00016790
0.00016790
0.00016790
0.00016790
0.00016790
0.00016790
0.00016790
0.00016790
0.00016790
0.00016790
0.00016790
0.00016790
0.00016790
0.00016790
0.00016790
0.00016790
0.00016790
0.00016790
0.00016790
0.00016790
0.00016790
0.00016790
0.00016790
0.00016790
0.00016790
0.00016790
0.00016790
0.00016790
0.00016790
0.00016790
0.00016790
0.00016790
0.00016790
0.00016790
0.00016790
0.00016790
0.00016790
0.00016790
0.00016790
0.00016790
0.00016790
0.00016790
0.00016790
0.00016790
0.00016790
0.00016790
0.00016790
0.00016790
0.00016790
0.00016790
0.00016790
0.00016790
0.00016790
0.00016790
0.00016790
0.00016790
0.00016790
0.00016790
0.00016790
0.00016790
0.00016790
0.00016790
0.00016790
0.00016790
0.00016790
0.00016790
0.00016790
0.00016790
0.00016790
0.00016790
0.00016790
0.00016790
0.00016790
0.00016790
0.00016790
0.00016790
0.00016790
0.00016790
0.00016790
0.00016790
0.00016790
0.00016790
0.00016790
0.00016790
0.00016790
0.00016790
0.00016790
0.00016790
0.00016790
0.00016790
0.00016790
0.00016790
0.00016790
0.00016790
0.00016790
0.00016790
0.00016790
0.00016790
0.00016790
0.00016790
0.00016790
0.00016790
0.00016790
0.00016790
0.00016790
0.00016790
0.00016790
0.00016790
0.00016790
0.00016790
0.00016790
0.00016790
0.00016790
0.00016790
0.00016790
0.00016790
0.00016790
0.00016790
0.00016790
0.00016790
0.00016790
0.00016790
0.00016790
0.00016790
0.00016790
0.00016790
0.00016790
0.00016790
0.00016790
0.00016790
0.00016790
0.00016790
0.00016790
0.00016790
0.00016790
0.00016790
0.00016790
0.00016790
0.00016790
0.00016790
0.00016790
0.00016790
0.00016790
0.00016790
0.00016790
0.00016790
0.00016790
0.00016790
0.00016790
0.00016790
0.00016790
0.00016790
0.00016790
0.00016790
0.00016790
0.00016790
0.00016790
0.00016790
0.00016790
0.00016790
0.00016790
0.00016790
0.00016790
0.00016790
0.00016790
0.00016790
0.00016790
0.00016790
0.00016790
0.00016790
0.00016790
0.00016790
0.00016790
0.00016790
0.00016790
0.00016790
0.00016790
0.00016790
0.00016790
0.00016790
0.00016790
0.00016790
0.00016790
0.00016790
0.00016790
0.00016790
0.00016790
0.00016790
0.00016790
0.00016790
0.00016790
0.00016790
0.00016790
0.00016790
0.00016790
0.00016790
0.00016790
0.00016790
0.00016790
0.00016790
0.00016790
0.00016790
0.00016790
0.00016790
0.00016790
0.00016790
0.00016790
0.00016790
0.00016790
0.00016790
0.00016790
0.00016790
0.00016790
0.00016790
0.00016790
0.00016790
0.00016790
0.00016790
0.00016790
0.00016790
0.00016790
0.00016790
0.00016790
0.00016790
0.00016790
0.00016790
0.00016790
0.00016790
0.00016790
0.00016790
0.00016790
0.00016790
0.00016790
0.00016790
0.00016790
0.00016790
0.00016790
0.00016790
0.00016790
0.00016790
0.00016790
0.00016790
0.00016790
0.00016790
0.00016790
0.00016790
0.00016790
0.00016790
0.00016790
0.00016790
0.00016790
0.00016790
0.00016790
0.00016790
0.00016790
0.00016790
0.00016790
0.00016790
0.00016790
0.00016790
0.00016790
0.00016790
0.00016790
0.00016790
0.00016790
0.00016790
0.00016790
0.00016790
0.00016790
0.00016790
0.00016790
0.00016790
0.00016790
0.00016790
0.00016790
0.00016790
0.00016790
0.00016790
0.00016790
0.00016790
0.00016790
0.00016790
0.00016790
0.00016790
0.00016790
0.00016790
0.00016790
0.00016790
0.00016790
0.00016790
0.00016790
0.00016790
0.00016790
0.00016790
0.00016790
0.00016790
0.00016790
0.00016790
0.00016790
0.00016790
0.00016790
0.00016790
0.00016790
0.00016790
0.00016790
0.00016790
0.00016790
0.00016790
0.00016790
0.00016790
0.00016790
0.00016790
0.00016790
0.00016790
0.00016790
0.00016790
0.00016790
0.00016790
0.00016790
0.00016790
0.00016790
0.00016790
0.00016790
0.00016790
0.00016790
0.00016790
0.00016790
0.00016790
0.00016790
0.00016790
0.00016790
0.00016790
0.00016790
0.00016790
0.00016790
0.00016790
0.00016790
0.00016790
0.00016790
0.00016790
0.00016790
0.00016790
0.00016790
0.00016790
0.00016790
0.00016790
0.00016790
0.00016790
0.00016790
0.00016790
0.00016790
0.00016790
0.00016790
0.00016790
0.00016790
0.00016790
0.00016790
0.00016790
0.00016790
0.00016790
0.00016790
0.00016790
0.00016790
0.00016790
0.00016790
0.00016790
0.00016790
0.00016790
0.00016790
0.00016790
0.00016790
0.00016790
0.00016790
0.00016790
0.00016790
0.00016790
0.00016790
0.00016790
0.00016790
0.00016790
0.00016790
0.00016790
0.00016790
0.00016790
0.00016790
0.00016790
0.00016790
0.00016790
0.00016790
0.00016790
0.00016790
0.00016790
0.00016790
0.00016790
0.00016790
0.00016790
0.00016790
0.00016790
0.00016790
0.00016790
0.00016790
0.00016790
0.00016790
0.00016790
0.00016790
0.00016790
0.00016790
0.00016790
0.00016790
0.00016790
0.00016790
0.00016790
0.00016790
0.00016790
0.00016790
0.00016790
0.00016790
0.00016790
0.00016790
0.00016790
0.00016790
0.00016790
0.00016790
0.00016790
0.00016790
0.00016790
0.00016790
0.00016790
0.00016790
0.00016790
0.00016790
0.00016790
0.00016790
0.00016790
0.00016790
0.00016790
0.00016790
0.00016790
0.00016790
0.00016790
0.00016790
0.00016790
0.00016790
0.00016790
0.00016790
0.00016790
0.00016790
0.00016790
0.00016790
0.00016790
0.00016790
0.00016790
0.00016790
0.00016790
0.00016790
0.00016790
0.00016790
0.00016790
0.00016790
0.00016790
0.00016790
0.00016790
0.00016790
0.00016790
0.00016790
0.00016790
0.00016790
0.00016790
0.00016790
0.00016790
0.00016790
0.00016790
0.00016790
0.00016790
0.00016790
0.00016790
0.00016790
0.00016790
0.00016790
0.00016790
0.00016790
0.00016790
0.00016790
0.00016790
0.00016790
0.00016790
0.00016790
0.00016790
0.00016790
0.00016790
0.00016790
0.00016790
0.00016790
0.00016790
0.00016790
0.00016790
0.00016790
0.00016790
0.00016790
0.00016790
0.00016790
0.00016790
0.00016790
0.00016790
0.00016790
0.00016790
0.00016790
0.00016790
0.00016790
0.00016790
0.00016790
0.00016790
0.00016790
0.00016790
0.00016790
0.00016790
0.00016790
0.00016790
0.00016790
0.00016790
0.00016790
0.00016790
0.00016790
0.00016790
0.00016790
0.00016790
0.00016790
0.00016790
0.00016790
0.00016790
0.00016790
0.00016790
0.00016790
0.00016790
0.00016790
0.00016790
0.00016790
0.00016790
0.00016790
0.00016790
0.00016790
0.00016790
0.00016790
0.00016790
0.00016790
0.00016790
0.00016790
0.00016790
0.00016790
0.00016790
0.00016790
0.00016790
0.00016790
0.00016790
0.00016790
0.00016790
0.00016790
0.00016790
0.00016790
0.00016790
0.00016790
0.00016790
0.00016790
0.00016790
0.00016790
0.00016790
0.00016790
0.00016790
0.00016790
0.00016790
0.00016790
0.00016790
0.00016790
0.00016790
0.00016790
0.00016790
0.00016790
0.00016790
0.00016790
0.00016790
0.00016790
0.00016790
0.00016790
0.00016790
0.00016790
0.00016790
0.00016790
0.00016790
0.00016790
0.00016790
0.00016790
0.00016790
0.00016790
0.00016790
0.00016790
0.00016790
0.00016790
0.00016790
0.00016790
0.00016790
0.00016790
0.00016790
0.00016790
0.00016790
0.00016790
0.00016790
0.00016790
0.00016790
0.00016790
0.00016790
0.00016790
0.00016790
0.00016790
0.00016790
0.00016790
0.00016790
0.00016790
0.00016790
0.00016790
0.00016790
0.00016790
0.00016790
0.00016790
0.00016790
0.00016790
0.00016790
0.00016790
0.00016790
0.00016790
0.00016790
0.00016790
0.00016790
0.00016790
0.00016790
0.00016790
0.00016790
0.00016790
0.00016790
0.00016790
0.00016790
0.00016790
0.00016790
0.00016790
0.00016790
0.00016790
0.00016790
0.00016790
0.00016790
0.00016790
0.00016790
0.00016790
0.00016790
0.00016790
0.00016790
0.00016790
0.00016790
0.00016790
0.00016790
0.00016790
0.00016790
0.00016790
0.00016790
0.00016790
0.00016790
0.00016790
0.00016790
0.00016790
0.00016790
0.00016790
0.00016790
0.00016790
0.00016790
0.00016790
0.00016790
0.00016790
0.00016790
0.00016790
0.00016790
0.00016790
0.00016790
0.00016790
0.00016790
0.00016790
0.00016790
0.00016790
0.00016790
0.00016790
0.00016790
0.00016790
0.00016790
0.00016790
0.00016790
0.00016790
0.00016790
0.00016790
0.00016790
0.00016790
0.00016790
0.00016790
0.00016790
0.00016790
0.00016790
0.00016790
0.00016790
0.00016790
0.00016790
0.00016790
0.00016790
0.00016790
0.00016790
0.00016790
0.00016790
0.00016790
0.00016790
0.00016790
0.00016790
0.00016790
0.00016790
0.00016790
0.00016790
0.00016790
0.00016790
0.00016790
0.00016790
0.00016790
0.00016790
0.00016790
0.00016790
0.00016790
0.00016790
0.00016790
0.00016790
0.00016790
0.00016790
0.00016790
0.00016790
0.00016790
0.00016790
0.00016790
0.00016790
0.00016790
0.00016790
0.00016790
0.00016790
0.00016790
0.00016790
0.00016790
0.00016790
0.00016790
0.00016790
0.00016790
0.00016790
0.00016790
0.00016790
0.00016790
0.00016790
0.00016790
0.00016790
0.00016790
0.00016790
0.00016790
0.00016790
0.00016790
0.00016790
0.00016790
0.00016790
0.00016790
0.00016790
0.00016790
0.00016790
0.00016790
0.00016790
0.00016790
0.00016790
0.00016790
0.00016790
0.00016790
0.00016790
0.00016790
0.00016790
0.00016790
0.00016790
0.00016790
0.00016790
0.00016790
0.00016790
0.00016790
0.00016790
0.00016790
0.00016790
0.00016790
0.00016790
0.00016790
0.00016790
0.00016790
0.00016790
0.00016790
0.00016790
0.00016790
0.00016790
0.00016790
0.00016790
0.00016790
0.00016790
0.00016790
0.00016790
0.00016790
0.00016790
0.00016790
0.00016790
0.00016790
0.00016790
0.00016790
0.00016790
0.00016790
0.00016790
0.00016790
0.00016790
0.00016790
0.00016790
0.00016790
0.00016790
0.00016790
0.00016790
0.00016790
0.00016790
0.00016790
0.00016790
0.00016790
0.00016790
0.00016790
0.00016790
0.00016790
0.00016790
0.00016790
0.00016790
0.00016790
0.00016790
0.00016790
0.00016790
0.00016790
0.00016790
0.00016790
0.00016790
0.00016790
0.00016790
0.00016790
0.00016790
0.00016790
0.00016790
0.00016790
0.00016790
0.00016790
0.00016790
0.00016790
0.00016790
0.00016790
0.00016790
0.00016790
0.00016790
0.00016790
0.00016790
0.00016790
0.00016790
0.00016790
0.00016790
0.00016790
0.00016790
0.00016790
0.00016790
0.00016790
0.00016790
0.00016790
0.00016790
0.00016790
0.00016790
0.00016790
0.00016790
0.00016790
0.00016790
0.00016790
0.00016790
0.00016790
0.00016790
0.00016790
0.00016790
0.00016790
0.00016790
0.00016790
0.00016790
0.00016790
0.00016790
0.00016790
0.00016790
0.00016790
0.00016790
0.00016790
0.00016790
0.00016790
0.00016790
0.00016790
0.00016790
0.00016790
0.00016790
0.00016790
0.00016790
0.00016790
0.00016790
0.00016790
0.00016790
0.00016790
0.00016790
0.00016790
0.00016790
0.00016790
0.00016790
0.00016790
0.00016790
0.00016790
0.00016790
0.00016790
0.00016790
0.00016790
0.00016790
0.00016790
0.00016790
0.00016790
0.00016790
0.00016790
