127
452
355
311
6
167
400
153
276
81
162
419
347
281
431
396
262
490
399
190
199
146
173
64
60
260
21
263
66
180
244
267
164
473
468
389
0
80
63
332
179
27
426
410
42
194
25
59
171
289
376
205
386
220
300
456
186
317
245
38
254
226
478
19
272
110
137
251
443
12
149
277
57
353
429
382
24
104
288
73
202
334
441
466
51
489
234
345
307
350
97
494
343
72
161
113
35
455
207
18
214
140
416
247
212
94
155
308
124
55
309
433
50
500
275
139
409
5
160
469
449
457
76
203
294
99
41
93
299
108
125
235
365
83
163
31
106
69
475
4
126
141
315
322
397
258
319
147
451
450
98
437
40
362
297
302
105
444
79
96
295
14
116
283
404
2
370
351
479
30
43
341
278
135
403
279
145
306
209
342
123
232
216
183
182
29
198
413
227
371
290
178
501
75
328
408
392
53
204
210
459
250
107
364
118
411
323
74
406
213
225
310
28
384
208
331
61
375
217
481
454
379
398
68
175
460
261
121
497
318
338
495
320
197
87
187
436
230
296
117
480
253
168
219
430
238
223
142
423
316
181
36
367
405
391
85
185
269
330
412
491
47
435
240
336
486
446
360
420
470
77
425
498
169
348
394
359
65
337
101
329
327
293
445
387
303
129
131
415
1
357
200
236
402
401
