365
19
1131
1021
343
455
352
355
766
984
248
703
633
649
653
259
955
241
165
523
1029
1114
510
1092
489
315
319
1107
834
1108
331
691
232
620
781
60
54
1121
1116
555
176
166
294
655
182
405
512
759
14
213
957
858
57
825
323
552
345
910
827
623
793
745
311
923
697
91
657
427
28
7
64
867
678
1011
442
598
754
321
422
227
234
760
536
817
29
4
731
953
1003
775
9
718
356
530
871
181
318
771
965
156
433
92
932
381
412
380
742
784
875
426
369
849
494
1010
534
724
408
469
167
850
175
332
922
101
367
309
441
652
1088
550
271
402
329
293
480
436
896
373
666
456
1032
720
561
127
288
737
230
1078
744
1097
354
416
499
439
111
1026
189
593
837
1058
687
836
1009
988
126
413
193
465
1129
590
856
393
330
820
132
903
616
952
650
959
432
51
894
1111
108
967
824
310
976
49
752
103
67
292
572
300
588
205
920
838
308
533
529
1016
656
671
324
728
610
949
1027
140
918
549
542
148
149
535
531
942
565
928
930
525
934
935
475
944
452
451
136
898
627
626
625
619
966
612
609
600
592
970
275
569
204
912
992
349
1127
131
133
314
576
396
1085
662
663
554
290
835
1109
407
184
187
917
130
118
675
437
615
6
112
69
788
212
250
410
443
32
5
93
637
685
282
832
63
975
1051
419
783
700
1104
411
673
1033
1064
398
543
20
802
179
1042
346
228
424
333
151
177
41
296
286
1006
1105
44
174
303
751
674
269
45
106
239
907
1123
320
147
496
601
1018
854
889
1100
291
505
457
420
471
717
765
806
603
316
97
886
74
848
876
594
774
185
843
255
621
277
385
492
160
556
388
714
88
157
830
956
1053
798
1125
710
881
268
223
883
450
660
48
23
334
595
680
1062
606
508
444
338
1103
336
1090
374
361
804
358
712
801
353
337
1099
951
210
826
482
327
690
102
287
761
449
773
265
567
899
1052
195
709
527
283
545
401
305
946
1025
262
0
574
1050
1024
31
58
905
778
859
322
1002
986
168
753
1095
137
483
767
693
87
344
394
643
26
1014
215
726
289
162
1076
862
21
481
1066
1122
197
791
1000
560
516
488
969
1130
479
198
143
694
786
491
78
570
399
943
299
375
683
139
877
244
950
1118
927
845
161
823
964
18
861
1057
1106
1035
392
1055
736
194
216
217
500
221
495
493
1063
240
1065
84
117
501
1075
872
429
938
937
589
342
188
183
985
1040
546
454
926
770
684
274
278
777
100
925
466
497
301
1022
1081
109
631
89
847
1060
617
1039
110
539
235
762
764
676
423
904
996
772
453
96
460
972
231
435
794
379
82
360
1112
302
347
173
991
485
995
159
707
155
153
873
473
474
701
698
146
1013
692
1017
135
503
645
719
76
987
840
1071
648
1073
1074
822
821
866
749
256
196
39
12
892
306
128
578
120
295
384
390
622
403
558
1094
514
42
47
191
1110
860
855
464
608
326
811
888
803
62
61
842
880
814
415
281
285
521
417
313
795
192
750
739
418
35
809
716
406
52
831
226
869
1084
122
665
668
1038
669
1028
568
312
597
11
983
1048
461
335
445
141
702
123
280
893
940
206
511
1
1019
689
722
613
579
1043
833
261
915
891
152
818
98
72
71
977
816
1120
790
528
914
524
748
1030
