304
466
665
487
1134
294
141
516
89
1472
1412
710
113
645
66
1403
668
263
1081
1308
1417
1428
1263
1194
144
1290
10
434
912
1145
1275
483
595
692
862
1311
225
624
303
309
1445
340
351
65
1355
1354
51
1215
1213
1491
25
107
6
1286
104
1297
947
712
966
408
1475
967
601
613
165
1366
166
38
1198
170
559
332
493
379
541
394
655
274
447
1177
1370
207
628
750
1316
91
1151
1035
1343
916
588
261
1150
563
1008
295
785
575
494
719
1277
1040
18
365
122
87
1098
405
172
209
302
1288
1207
1399
1211
789
34
151
409
393
1002
629
1154
179
796
1022
163
1152
786
1337
664
275
1302
621
442
1291
398
1439
650
790
540
836
672
1391
324
227
987
213
362
864
1172
1120
12
626
1398
285
838
177
573
109
1054
401
1235
1143
1181
1060
1463
272
767
1251
1356
688
339
1483
1162
666
1094
1435
926
1427
190
358
443
854
605
600
1465
317
98
210
1454
235
159
1087
625
632
292
158
1088
676
1230
572
486
805
282
85
1102
1189
1306
353
475
956
477
26
1283
856
641
484
1260
1386
724
399
251
825
1140
156
869
732
465
777
531
19
831
3
874
868
780
1490
882
1434
231
1474
330
653
674
1061
507
425
978
54
603
110
679
95
333
496
31
1400
1124
258
1011
522
574
909
178
1253
314
1170
270
1258
884
1016
1157
771
1077
687
1197
612
1239
278
1314
43
283
622
686
698
354
212
413
216
336
384
949
53
738
1141
437
112
1020
1233
287
1117
238
1192
1329
1100
1449
128
684
1201
525
985
656
1254
1281
951
1110
1496
1488
257
427
1320
1322
229
950
1324
1161
224
1327
1328
1476
1175
1464
271
416
1137
451
450
446
444
440
1146
1147
431
430
756
546
106
264
490
801
131
403
1218
221
1461
934
1336
552
1334
410
1118
454
1135
421
420
1166
402
397
389
388
1179
386
385
381
808
175
1353
545
180
181
547
925
1346
1345
1344
355
549
929
192
1261
510
1240
1390
1005
130
1048
1387
888
615
509
616
1186
138
139
1421
609
1056
111
553
870
114
1401
865
873
942
504
300
576
346
1116
915
914
201
763
765
198
1441
488
489
737
197
1205
1111
932
1027
776
689
474
92
1064
1066
84
1069
705
462
709
75
894
834
1295
173
67
824
1225
255
821
254
1267
60
1084
58
1085
56
1453
814
36
37
728
1276
984
804
599
244
812
648
908
320
315
313
1298
1293
1379
863
781
627
734
1015
586
146
970
378
307
835
793
1092
778
211
16
1018
1209
766
152
