834
2776
2790
3278
3076
3550
2788
2789
3100
2777
3625
2478
2092
3093
2757
2756
3259
989
2665
382
3750
979
3635
3722
3679
2832
2764
3114
3036
3294
3020
2385
3308
3593
3667
2140
2925
3240
2814
2815
2819
844
2783
954
951
1423
2941
576
580
2891
2890
2506
3723
3310
2772
982
3283
3282
3123
2101
2774
158
3143
3246
3119
1005
1004
2639
2380
2382
3039
3128
3011
2629
2630
425
3754
1231
1209
1226
1499
1497
1514
1510
1506
1501
2984
2983
2981
2980
2977
2978
2979
2088
2087
2989
2986
2985
2987
859
3411
404
1349
1379
1358
1343
1341
1346
1357
1375
1464
1463
2142
1196
1119
1159
1120
1163
1079
1084
1129
1101
1076
1075
1136
1099
1093
1078
2416
2422
2417
2419
2418
3306
3307
1476
3013
2245
324
325
328
329
1685
2946
2944
3030
1675
1594
2658
1394
1396
1401
1408
1417
2802
2019
2858
2857
2856
2852
3281
1604
1607
1609
1263
1261
1260
1254
1253
1237
1236
1271
3031
3032
3034
2339
2662
3554
36
2251
2067
2068
2050
2049
2048
2035
2051
2038
2044
2032
2040
2045
816
2733
2735
3426
2134
1451
1448
1441
1438
1432
3443
3807
1733
1731
1726
1725
1520
1536
1540
1542
1544
1545
1548
1552
1554
1547
1558
1565
1566
1557
1576
1578
1581
2841
245
960
653
611
616
625
632
633
639
640
642
669
610
697
696
683
3629
1452
2452
2447
2017
2015
2405
1617
1647
1640
1650
1651
1636
1633
1652
1656
1632
1624
1620
1619
1643
1661
1666
1669
1674
1641
491
471
464
442
460
459
443
446
489
452
430
3297
3296
2223
518
515
3832
1006
1321
1296
1292
1294
1329
1298
1304
1313
1289
961
2942
2248
209
223
204
202
195
179
177
2378
3825
3272
1878
1866
1874
1868
1865
1862
1858
1856
1875
1888
1848
1853
604
826
2338
3401
1990
1989
1988
1986
3135
1845
3037
1981
1967
1969
1980
1973
1976
1972
1975
1562
3463
3298
2670
2674
3029
3056
2078
2406
3125
3290
2006
2004
3044
3048
3045
1802
1797
1794
1813
1793
1816
1800
1817
1807
1831
1829
1828
1822
1820
1608
1663
1655
2696
2672
1818
1815
1824
2816
925
2850
1382
747
776
781
756
784
749
791
725
726
793
744
723
733
2645
2784
2785
2787
2786
582
2427
2429
3107
385
381
279
1744
3731
1929
1930
497
1315
1331
2875
914
1444
2893
3560
1787
1786
1763
1783
1765
1779
1778
1771
1767
801
3121
284
278
855
681
2253
2254
882
2129
2127
2130
3575
1704
3745
3664
2976
1715
1223
2676
2678
2679
2680
2675
334
2013
1564
1533
1574
457
203
2974
95
7
2513
152
992
2920
2273
1062
366
872
1686
1691
1687
3417
2437
2444
2436
2439
2443
2396
3110
3626
4107
3972
1836
130
3073
3075
20
361
878
2337
2805
2982
350
1649
1630
1904
492
135
3035
2231
1899
3047
3299
2224
349
661
3365
2948
1035
1838
873
3665
2108
896
2809
2811
2808
1761
2148
2537
2225
1809
929
427
1047
2230
1682
2335
3763
3523
1561
933
980
1002
1458
1362
1955
445
1872
2880
2003
2027
2133
2228
2147
3770
2734
2413
2151
1205
1232
1200
2233
294
3973
1224
2420
3232
1386
868
3531
1551
33
1697
3083
667
3887
106
1412
342
1118
912
98
917
3286
2107
1402
1563
1597
2661
1884
1777
3049
628
805
590
1659
687
2227
978
699
2399
2025
3118
1482
3021
1841
915
3697
3462
540
542
537
1680
351
3068
959
3762
2266
1903
1900
3404
3556
1235
3042
2089
1392
2034
461
2250
1978
1449
1299
1306
1810
1746
1752
2192
2395
1462
2851
3431
3412
918
2817
932
3938
277
3103
4021
2686
3806
3705
1399
3315
2940
1599
280
1801
3231
318
3764
1365
3980
3888
1962
2831
1509
1507
3051
1351
1957
629
1863
1711
1799
1706
1483
1722
694
645
1092
3760
3514
2626
3663
3895
3570
3565
3576
1066
3743
1028
2172
3439
3227
3225
3220
3221
3228
3222
3223
3224
3229
3230
3226
2801
1600
621
634
651
1281
2018
520
199
1735
3649
635
3727
4028
3292
1782
3303
3976
1893
1751
3728
4069
924
3624
3400
3088
4112
1300
2599
950
2434
2435
2111
3597
3596
1605
2632
659
620
3384
2699
2114
3126
1385
1549
1611
1968
1427
1709
228
225
2812
1466
3845
1638
1426
641
517
3219
3209
3208
2517
3177
3178
3179
3577
274
3851
3996
3821
2070
2069
4102
4086
2663
3295
609
1592
851
3247
1016
2376
3127
1433
652
1764
1821
2651
3725
3804
996
92
910
684
1222
222
3840
523
994
1803
343
3269
1770
1508
3632
2232
4075
3503
3811
3432
2822
3678
1791
4076
993
4095
2073
3084
155
465
3540
3826
3316
995
1492
1389
2853
2655
2796
2020
1435
2377
3085
2441
2363
2934
1785
2932
3328
2752
2103
4064
91
668
3241
2153
1668
3500
1618
1445
3768
3721
3914
3930
3931
2280
2278
2279
2316
2310
2312
2313
2319
2270
2297
3109
2318
1459
3666
410
869
1234
2332
1654
649
1860
1734
196
1832
2286
708
2321
2106
2896
3144
478
2609
3676
3347
3808
4048
4047
3668
148
3293
1681
4083
679
3326
3325
2830
3983
2229
1372
1612
729
1683
2301
3726
539
3104
3244
3124
3653
111
1712
1461
1769
3089
842
2269
2923
1377
971
3050
2424
2234
3408
4029
2687
3398
3957
3646
2682
3395
2120
2510
958
4089
1475
373
3279
3810
2009
4056
3521
291
2125
2854
743
813
3551
1876
3099
2137
1689
2412
3759
1455
2800
3936
3248
827
3778
2222
3999
4129
3896
3898
3894
3253
4123
3572
2782
4072
3024
107
3513
395
282
1994
3512
4067
678
3087
3947
3327
164
1924
480
2659
1710
3452
636
647
673
612
1806
1928
2055
2847
3018
2540
1737
3067
1272
3120
2780
3249
1857
2935
2770
3309
2202
2194
2145
4082
3940
3927
3929
3909
2551
3971
2871
3637
3986
3987
3990
2839
1690
1839
1450
2569
4019
2973
4034
4037
4038
2975
1834
3601
3614
2968
4059
3902
4060
3620
3621
2299
3805
3416
3423
3573
4010
2353
3904
3908
2781
2861
3507
2180
3464
3885
2171
2170
2166
2552
2155
3852
1479
4114
4100
4098
1999
4117
3786
3167
2624
4126
2654
4137
2612
4116
3025
2640
4012
3685
3703
2600
4000
2369
3993
2575
2400
3720
2516
2182
1472
154
3860
1484
4057
3886
4046
3647
3952
2124
1368
360
456
162
2855
815
789
1792
2029
2821
3421
3744
1739
3444
3393
949
2132
3910
375
2731
820
3735
1206
3574
3466
1162
3850
3274
2736
2804
2397
3243
510
511
301
2779
1040
828
3659
508
1736
3977
3978
845
983
3028
2910
2066
1269
450
146
1613
1598
1428
624
1283
2673
3291
3052
273
2571
2342
1873
2991
586
3605
2915
2100
3979
700
3966
1039
213
2205
2098
4033
3740
3112
4091
3438
1469
825
1228
2096
3461
2762
817
1855
1276
2677
1781
1679
1678
2916
1320
161
704
901
388
1667
3761
4049
145
1543
2628
2493
4062
289
3794
3793
3657
3795
168
2636
4120
4121
3967
1956
2646
885
3082
4148
4160
3848
3985
798
3116
1098
1583
1579
585
1982
1302
3837
1776
3823
2849
2179
709
2697
1017
2765
1367
4030
4050
3788
638
3571
1010
3834
818
2296
2057
1186
1022
3677
1775
236
2834
4143
3992
4119
986
2738
1627
3800
905
2139
2102
2091
1522
1387
707
677
3058
2022
2030
2226
2823
2128
1317
714
2351
1998
1303
2246
2933
3553
3105
1784
1381
674
1964
3682
1077
3824
4127
569
559
565
558
551
554
556
172
3752
2455
1664
386
2386
2511
1568
2404
543
2116
1056
1383
2644
3055
3984
1439
1696
3784
3884
4151
4144
3153
3790
4022
3842
2119
1493
1907
3017
3407
3405
643
964
3970
2997
608
1273
3767
1485
4018
3937
3323
899
3019
2990
2768
850
3010
3057
1203
2016
2737
1732
184
1882
141
3242
2431
2878
2902
3670
1923
4001
2333
3948
1703
1702
3515
1922
3320
567
2014
904
1743
1359
1053
3166
3171
1339
309
2818
2740
1307
1480
4014
990
2507
1970
906
2012
2992
170
1698
1747
290
4073
2138
3988
860
2872
1708
3142
3530
1374
3078
2379
3855
3468
3258
1242
3847
3399
3311
2653
345
281
509
2041
447
1748
1019
2085
1877
3457
3799
1515
2642
886
2794
572
1364
2033
2462
741
185
1869
2840
3669
1036
2451
2949
507
3115
3150
875
3081
3174
1951
1826
737
43
829
1885
1780
911
2842
3736
898
2454
200
3096
623
1983
1045
2247
1050
1805
2919
3097
1701
2477
1840
2445
890
603
3079
830
3636
3631
2
3662
297
564
1569
224
2807
550
573
988
1312
18
1500
2501
535
1719
2660
1560
237
3200
2843
2844
1249
3559
2562
3425
35
546
3006
598
1758
1087
1197
270
1041
2081
1759
1043
3023
2749
2748
2743
2394
1741
3522
942
2453
2741
27
3008
3007
997
2633
1705
1823
2601
607
3456
1555
472
3549
1404
1995
2426
1411
1798
1825
909
2747
2064
2803
60
56
1430
205
2657
1042
2056
2503
316
847
1008
314
702
654
854
1407
963
1991
1227
1827
3501
1009
3077
2643
846
2795
295
469
2769
2922
2389
1729
1169
3684
1808
2921
768
1684
879
1015
2833
2072
1496
968
3106
414
1622
2076
2618
615
2448
3435
1931
2846
2071
2881
1082
1238
1789
1673
1185
1773
2005
2118
1274
3630
1027
591
2086
939
2799
93
1414
865
874
2509
2838
312
3388
1429
65
2627
1069
2141
3458
1516
1745
2136
48
217
2950
2249
1437
2848
3046
2407
532
2110
1275
1067
2894
3239
2924
2515
3189
3188
3187
3186
3185
2911
3184
3183
3181
2528
2913
3180
3176
3175
2375
3065
2914
2514
2947
3196
1418
1644
1446
3204
1738
1707
2409
1727
2888
1335
2077
1934
2083
583
3623
1587
2062
2060
940
1051
306
1278
1811
2252
1695
3455
1342
1653
506
121
1251
568
1211
1214
1996
1434
1333
1887
1966
2126
2211
2104
215
212
2656
1993
1740
2425
2810
3751
1255
2889
352
544
1125
2758
2813
570
1984
62
1796
2449
1029
38
1830
1059
529
435
2146
503
1591
1851
1297
1505
3026
3798
763
439
220
672
2099
2381
3074
1244
3261
3033
2739
1852
1886
1714
1728
2952
3014
3012
1790
637
605
2500
2450
965
2442
2892
1012
2760
1713
214
275
57
1590
188
2635
2131
2597
2531
1106
47
390
713
2042
2054
1116
2732
1013
3098
1072
701
1070
1201
63
1871
894
2634
1192
1089
1142
1095
1130
1081
1172
1170
1112
1127
1122
2024
198
1034
2037
1193
2751
494
808
710
764
802
966
356
2767
727
1672
1267
1531
3273
3043
3040
922
921
2391
618
2438
891
1363
931
2479
974
973
976
977
975
1453
1447
1243
1262
1268
1265
1629
1665
1360
730
778
766
769
1529
2143
1175
194
900
759
323
1676
1577
53
431
1985
1356
2036
2084
3117
1846
2939
286
2791
852
531
3041
1416
1471
1326
1369
2879
417
2421
1847
1571
1153
3108
1250
2046
1504
1436
1424
1634
1648
1657
1658
1490
483
453
1354
698
1431
117
1100
1572
1355
1126
2446
1380
1219
1391
1601
1615
2759
226
1812
630
2021
1336
1325
1314
1330
1295
1309
1305
1293
1337
1338
1282
1332
1867
1861
1881
1854
1880
1774
2216
903
577
740
1370
1264
2200
10
819
519
1859
1366
1327
1280
1405
1400
735
1318
1883
1718
174
1287
1814
1850
644
691
1870
1291
1316
533
1768
902
1279
2135
969
1849
1879
1864
596
1107
1277
883
1301
1614
575
1188
451
1334
1328
1288
1245
2641
1323
178
1310
670
786
2845
1409
571
408
1395
1173
1344
420
1247
479
30
1795
1526
238
947
1586
0
1553
1207
1491
201
1524
1671
1660
1623
1699
371
2093
2383
378
1596
660
1230
1256
1465
192
2428
29
24
23
2263
987
2432
541
5
1046
1762
125
1419
12
2499
2671
2771
239
1788
424
97
1539
2384
1215
230
1220
1487
712
1442
463
745
143
330
1717
803
981
1132
208
1546
1257
2094
2773
2059
1361
3027
2261
863
857
401
1166
1026
1221
1723
1645
2775
2039
1212
397
1720
467
760
409
2415
716
42
1115
458
594
1610
1721
1319
1440
892
1944
1350
250
1180
1183
1190
1105
1083
1085
2302
1766
2109
441
436
1154
1194
159
406
1179
722
627
1498
1096
1139
1384
79
1603
2792
1833
332
1670
1662
1631
2988
1897
589
1340
1148
1158
1397
1390
234
2753
2090
538
31
728
715
46
957
858
1033
919
955
724
916
530
1588
129
1518
1575
527
173
3
1216
175
1700
255
1550
1626
337
893
468
1635
6
21
1730
1410
1208
41
86
1371
1259
595
1589
1080
1570
514
1164
429
928
705
105
588
926
688
1068
1616
101
1503
128
169
40
1168
167
285
1535
2047
423
485
843
1398
1352
1519
849
150
74
877
876
1413
1716
1534
927
935
109
952
298
1502
1176
574
1541
115
525
3016
1694
1692
1477
864
862
1688
1693
676
384
2082
2945
1373
340
3015
1819
1642
1528
421
50
156
110
587
1724
249
2766
1286
362
2023
1149
405
131
666
37
308
1512
448
253
548
336
552
881
94
923
1606
2440
495
2430
675
557
549
19
897
870
861
561
787
999
44
1977
555
1844
160
78
686
665
626
1199
1488
1511
171
331
1138
1559
1074
617
108
1628
32
187
1284
622
566
867
685
1007
619
657
631
658
662
2219
703
490
690
655
2602
1167
1772
335
1494
1420
536
1202
1403
1322
1348
1495
191
227
428
680
292
1421
126
1111
648
266
1187
1151
207
814
1030
614
1677
693
1038
484
34
142
513
1974
1003
85
880
90
2002
597
516
505
2820
1415
775
742
2007
2008
1425
1987
2031
1556
283
663
26
1110
1537
403
1146
1181
422
578
810
1094
254
1225
1979
210
1971
1311
1104
1246
2028
402
785
1965
481
2402
1091
233
11
1011
1388
1184
151
948
581
1086
1155
399
242
368
1210
206
288
1156
750
613
871
2144
357
374
400
114
1345
1517
69
229
1218
1481
1474
263
190
767
1422
848
2117
706
165
1378
132
183
788
908
80
455
1174
755
1595
1621
746
51
1198
779
13
913
664
418
359
268
953
2065
9
770
777
127
1014
1001
560
1473
2026
413
592
157
1486
276
504
1204
2053
2504
2121
193
2105
1171
260
134
2043
25
218
52
259
1124
16
166
1217
991
28
470
99
838
310
365
579
795
380
73
2052
181
2122
475
1478
299
656
419
176
1454
1457
486
434
593
496
545
272
1324
296
39
884
45
244
252
257
1
454
1071
415
528
895
180
689
493
499
1121
344
1032
1285
271
77
1150
407
671
14
476
601
812
473
646
216
256
59
584
1456
809
412
364
856
1145
370
738
1189
1141
907
811
4
221
438
265
96
118
17
287
482
88
462
76
68
794
1044
149
75
113
211
1160
269
1992
87
1114
389
449
474
500
1131
440
393
1123
102
100
119
22
103
84
302
189
313
341
112
89
55
1147
124
563
163
2387
120
1593
1213
71
1182
1097
1602
251
243
387
231
1102
1489
1144
1513
751
1347
433
320
731
1248
1088
300
1103
1258
1308
562
311
416
153
8
392
235
1140
304
824
398
761
82
376
1073
426
262
246
998
333
383
303
67
367
377
293
379
15
182
1460
72
241
934
122
920
1804
372
888
930
358
1117
1393
1443
606
1195
547
1177
853
498
972
488
502
771
832
487
800
840
267
985
837
466
841
772
1157
1135
836
1128
937
363
1266
1152
1252
717
1521
261
1161
1538
773
1270
2943
682
1646
1637
1290
1108
752
327
369
391
835
821
799
833
258
822
839
322
823
946
720
765
941
831
1134
1625
1000
2423
780
1527
2403
938
984
512
