8851
4910
8247
6632
938
8029
861
1103
1631
695
27
4555
6172
5072
4243
5969
4215
7444
1268
130
2375
2233
3309
4920
2303
4496
4664
3810
8999
5928
3442
8180
5700
8753
8899
2918
8675
5512
6446
100
5716
8085
2236
4460
1367
933
2061
7813
1439
8444
7195
1479
6946
6387
3671
3004
4891
2464
4672
4533
718
2297
1117
4557
1819
7969
4930
8361
5854
6758
6789
8421
8324
1712
2773
2008
8198
6631
2558
1131
8808
7046
3040
4627
8849
1855
951
8009
7781
8302
8543
6891
1767
5352
4337
7966
2142
1190
5378
2791
7104
6079
8825
7370
8822
5611
1723
601
3831
8831
2805
876
6833
8074
2956
3316
4880
4789
3602
7108
2650
6717
6115
3728
3854
4938
1942
8170
2763
3537
4877
586
6118
7580
4685
8584
2160
1578
7799
5443
3817
1630
8836
6478
5909
6415
6800
557
3183
6515
2250
2314
399
7390
2392
7592
1952
1026
3591
7126
6140
7864
5509
3593
7980
5283
8199
5608
3084
1387
1621
312
7858
1685
2976
7409
4882
8676
6006
4634
8746
8547
8777
1066
3407
6129
7577
1975
914
5801
1397
1064
215
1813
8872
3861
4491
259
303
6744
4111
2470
952
4434
6448
4526
4806
8018
2051
751
6361
3651
7191
4058
3695
4095
47
6759
7366
4912
6680
4693
6873
3667
7688
1244
470
3946
7985
7189
7638
6183
4184
6356
7345
3933
6616
1379
8220
5232
7335
4240
7709
8835
4695
3385
6563
3852
50
3457
147
1035
1739
3056
1651
6523
1866
6624
4295
4980
1007
5698
3978
4064
674
2390
3985
3994
5843
6417
14
3353
8416
5561
7865
3995
5726
7413
5452
3391
4219
7203
3498
1737
2276
1175
3111
2764
1893
6263
2559
8318
22
6760
7927
1695
987
8797
7689
6239
7158
2015
1319
2063
235
2064
2494
6011
78
971
2423
4527
4548
118
93
6217
8515
7829
6229
8869
3996
7305
1048
5370
6531
5428
45
4543
5106
2095
1888
2757
3998
4839
7143
6403
936
6547
2078
5335
3180
8495
5553
8404
6854
4757
7593
553
7588
5942
8954
8520
2237
421
4948
2105
6935
4005
3086
7432
4736
4746
7274
6109
8055
8145
7606
855
496
8903
8832
6321
5761
7452
454
396
5874
6309
6878
1311
5438
2177
6250
7930
1301
954
1851
3477
7085
1042
2613
3596
1150
6376
982
3281
8715
234
6714
1743
3703
5068
7666
1315
1571
4476
3483
1764
706
4362
5848
4046
6579
8800
6105
1573
6513
756
4079
7529
2799
1217
7591
4517
8297
5322
1592
5116
8762
3416
733
6507
4421
5234
9015
46
1843
7522
6969
1053
3968
35
3803
6180
2391
8001
1632
6670
8232
8445
3368
6835
7945
5864
6287
5201
2765
5374
123
7141
8871
4249
2120
4665
111
5664
7081
6269
8056
5298
31
7795
1769
5530
4872
1494
6350
2225
8582
2021
198
5746
6369
8737
4171
5318
6179
7031
5200
1358
5515
8850
8870
4510
7872
1076
2980
5389
5126
8646
4749
2747
880
4224
1629
5267
4534
5594
1879
2651
5300
358
2070
7495
7116
2964
2239
6464
4804
4141
1214
2396
5466
5872
4931
8095
3138
4803
770
1846
3827
8320
347
8382
3872
6675
8182
5239
5095
6425
5670
4670
8897
3436
2388
8348
7450
4497
2813
8590
4403
5684
3579
1567
7325
4129
2916
1724
7259
7131
1127
3796
6524
3038
353
694
7625
818
185
7812
8118
102
2466
405
4581
5692
8636
1721
1499
3753
5429
5409
725
7748
853
5274
700
745
6495
1119
8613
2164
4430
6191
2037
7662
3977
8660
1818
2085
2850
5001
923
1091
3246
6099
1648
4056
5366
216
3075
5646
2315
8343
4237
7922
6731
2790
8088
4649
3049
447
341
2648
3549
7442
3883
6877
2616
8649
3214
5235
6337
3882
3305
3
7087
7322
7127
4600
4466
7752
4089
7821
1772
6471
1396
4467
584
2362
3811
4192
724
3878
1532
1594
7782
71
8260
1434
6232
8793
801
3104
357
3917
231
2784
8799
1778
4022
1965
8834
1614
845
2946
7112
6649
869
4705
7783
6882
2338
7791
3191
3130
7296
5894
3583
3023
1994
3681
7103
6783
2552
5601
5994
5408
7171
8993
1047
1323
6723
4893
4417
4556
5161
5760
6651
5554
2673
7139
793
3514
2265
2787
4397
5816
4536
1918
6921
1024
8859
2576
4682
847
5898
4126
647
4110
6402
3520
21
1339
3981
8210
4560
7084
3266
8620
7989
5565
7963
5327
2117
7722
776
8323
2300
1440
5411
3496
3015
2702
7054
4034
1134
1878
2970
2366
5269
5425
1384
190
660
2597
2082
1577
437
334
3132
4486
6397
3992
6979
2428
1366
6381
7354
7560
2541
2034
6405
5914
3873
3782
276
1913
4979
1992
3231
864
8058
4744
7952
6861
7801
1485
5820
7751
4042
6424
7201
6086
8958
7800
1133
8619
8389
3684
6887
7202
8388
6781
4027
935
2093
3809
459
6026
8484
2112
3990
6763
7681
5168
763
5734
4639
425
1832
5372
5846
6587
1661
8494
7118
7072
4050
1457
2875
4125
3057
337
7535
641
5420
7032
4363
7759
5643
6595
3176
3594
4154
5840
3948
61
433
2483
2928
6324
5940
7331
5432
1167
1456
301
8111
344
2001
4676
4573
2043
585
7838
4614
4008
7886
8785
1107
5539
420
3598
362
4431
4233
6610
7701
1792
7111
6210
7028
4276
4115
3022
7497
4102
5791
8670
3679
6693
7798
8161
2319
5251
5181
7928
2198
6307
2935
9048
115
1182
6901
8926
8925
6221
8996
8935
109
7252
809
154
430
2081
6845
3064
8760
4256
6708
1426
7712
1619
7279
5672
142
8403
8128
3067
1255
4368
7598
3261
3927
8387
2645
2825
2056
1038
1848
8761
3487
1360
1275
6007
406
2971
2524
4390
4330
4593
753
5778
177
117
7251
3941
8940
453
4066
373
3720
8639
3833
5281
545
8749
1872
3093
6476
4236
3823
620
4863
2009
1533
5360
2049
2617
7855
7803
887
1124
8550
7998
1207
2821
6776
5355
6261
8394
3337
922
4495
6811
4088
7714
3315
7537
7460
4623
1088
3911
3716
6504
3837
2760
5259
1487
520
4474
6594
7468
993
8248
657
8019
7882
1239
5348
6768
6257
6554
762
1923
646
5052
6537
1490
6738
1970
7083
7341
6207
781
7301
7035
5641
84
5026
2629
189
897
2606
2711
6489
3125
2659
7439
7326
3951
3847
6132
4903
8157
5279
4720
2478
4827
1835
736
3503
6312
2166
7611
1429
5423
7564
1471
1282
3590
7902
819
7915
4272
3053
5049
2905
2952
8422
3279
7962
2203
12
5661
7831
5587
33
8236
3200
2897
8042
2972
3026
6571
7433
4454
7349
5953
5732
6215
727
4268
3495
1903
8949
4783
7793
4648
7832
6113
465
5781
369
1428
8186
5096
6494
5347
1650
5562
1763
1959
8685
8005
2178
2169
3479
6511
3675
837
445
4890
4957
4669
4700
6904
6934
4982
272
7055
6991
4537
6997
517
6855
5997
5724
6060
6064
5712
5657
5649
5605
5566
5547
5522
6419
205
8090
7298
6439
7491
7544
4053
2360
2331
3094
7755
2469
209
5190
5009
5316
8053
8059
8097
5276
2045
2003
5252
8266
7192
5289
6656
6668
6671
2925
2892
6533
6785
4450
5133
7156
3079
2692
4513
98
6488
2587
2584
2583
5865
2582
2729
336
3028
5334
1155
5412
8654
1286
1292
1149
1096
1084
1385
3938
3210
796
8641
1473
588
8974
1838
1766
526
4177
1665
8617
8748
1639
4318
740
1545
8854
2361
8682
3541
9059
3168
8630
9058
7140
5751
408
2804
2054
2092
8512
1357
8
7642
3958
460
1887
5162
2508
6197
1199
5383
8623
2206
524
8030
5311
4518
8050
5008
3366
3558
6181
2158
1062
5625
2748
4620
7394
3360
7951
4406
1550
2275
6561
8713
2969
4636
8370
5127
611
6735
5792
4722
2097
2449
3234
3915
566
4070
1842
8810
2627
546
7981
3265
183
4381
5445
8134
841
4294
6467
1709
8107
8606
7113
7289
4834
2046
3459
3095
2168
4194
5108
8267
6641
1173
6028
7184
3944
5579
7599
5680
5470
3562
2564
6080
7058
2642
30
4552
1331
3039
104
8096
5013
4998
6182
5683
3740
8697
8739
3425
8335
2789
3129
313
8882
243
4719
5148
4284
7547
3082
8862
1326
4551
5208
3152
2719
5080
8971
4247
2697
8345
6147
1997
4189
8541
8557
8603
3743
8614
8677
8162
8458
8844
361
1768
8743
3238
760
1004
307
551
4455
8466
3614
1063
7763
3135
5818
8977
2882
5713
5485
4640
4257
4758
3278
8598
7637
5948
682
8986
6093
6256
8360
386
5639
7936
8651
8406
6941
2234
7614
249
8875
4844
8310
8692
608
7721
6830
1206
8172
6751
2845
5131
2580
2406
4995
7317
6924
6548
1516
7242
8628
1686
4628
5467
2497
6526
2455
2243
2373
4394
1454
451
7859
6910
3700
3699
5250
1270
5303
6841
5929
3000
4446
5815
1754
3005
6236
4299
7060
7098
7764
7758
6674
3355
3774
2065
730
5186
3650
6029
1568
5936
67
5654
4281
5465
5118
3662
5869
3556
4530
2604
8420
5193
6206
4742
3530
4093
1756
6433
827
4854
2994
3532
2088
1089
8502
815
4280
8364
372
7154
4469
3370
900
3863
449
5980
1283
5598
1318
3683
6629
2768
6581
4836
7960
4180
6143
4577
401
28
4916
6961
5384
7269
4266
2200
7142
1402
5838
5047
2731
4865
4475
5610
8601
1370
8663
8325
4190
8415
6292
3327
4316
523
567
594
8652
953
6837
4117
4139
6893
2667
741
4529
7079
1922
131
4382
277
4013
5621
335
4658
7724
687
3625
8823
4521
2518
3044
1859
1956
3724
5206
2755
6582
8706
65
3925
1272
4947
1588
6627
816
5535
8176
5448
702
4153
1505
4787
2389
2244
4202
5574
515
7644
2712
8024
2467
973
6100
8054
5287
1852
5194
4739
6525
7169
712
5034
1372
6585
296
110
6389
6814
4251
2579
942
4378
3324
4966
4699
2172
1880
1777
7900
6707
903
5202
2803
3797
7167
5545
6240
1224
6971
6362
2454
1291
9009
8066
8942
5350
1300
1075
2154
1982
929
4206
413
1911
2809
2769
4387
8719
1140
8982
5100
8820
5147
6273
2901
3112
1373
2900
1898
8015
384
6669
8012
2292
5326
5976
7427
1749
8571
492
1547
686
2409
8305
290
6981
879
1745
2245
8069
1634
1335
1816
7319
8581
5357
7238
1901
7187
4532
592
2800
286
8309
1789
1672
6426
7733
3697
6973
6173
2073
6957
7181
3739
4575
5721
1659
4420
2152
1920
7806
2758
6909
540
3659
1699
497
7538
8044
3794
2896
8256
3003
940
4710
2414
4535
8164
8716
6794
6769
2590
917
8156
8936
456
6375
4410
5346
4328
6096
3047
8101
5246
8373
5924
4582
2310
192
1081
3751
8405
8573
4514
3570
2691
3767
484
2316
1027
5779
3550
6664
1108
2347
5337
4494
4429
7348
6406
3116
3146
8784
1065
4697
4857
8046
7984
1894
2772
5011
3048
1170
5804
4976
1313
8471
3722
1514
570
2468
2488
7376
6107
4361
4103
3441
3534
538
6990
2344
3678
4993
1891
3325
6719
4619
8091
1565
1404
187
1104
4562
3280
1285
2517
7579
7391
3030
8589
5689
4017
1790
7771
3689
8857
8693
5356
5284
6157
4760
4132
1406
5177
116
5021
8629
8809
957
3855
6626
6020
8377
8718
2945
2103
132
175
6214
6737
473
974
4290
8579
1352
527
1145
2885
525
3036
2084
4934
6900
926
5596
4263
3196
4674
2985
331
4063
8826
212
7257
1990
739
2641
3835
5226
3584
4550
8775
2165
3356
7499
2837
4540
632
1386
2296
6654
7790
8449
4478
6440
6270
7018
4509
6491
1475
6010
446
6054
448
6700
3939
2724
4441
7194
8392
2505
4583
8669
1805
874
7489
4059
2381
2611
6799
2431
8730
2062
4895
1690
7340
2944
6175
8560
4753
8645
8384
382
279
340
510
7434
1958
4254
2745
6530
7150
7057
2127
3765
398
1925
6343
237
4315
8084
2780
1126
5272
3867
5489
6968
7230
758
1158
1598
9053
7565
5277
8354
797
48
375
2407
4143
7291
4585
5264
6057
6407
7027
1980
4136
2083
1409
4633
1177
7244
4427
5012
2443
8735
3922
6643
424
6248
7770
6032
7706
5612
8121
4660
580
8523
1735
7473
6849
159
2307
1827
1759
107
655
7172
835
1803
5255
4544
4508
2567
1233
618
6929
5245
747
5500
323
393
863
8178
3250
7675
2951
8131
238
4270
3219
5060
241
7418
5939
6081
8558
640
2536
4020
1645
6499
1808
289
806
149
1682
7979
8933
3891
8490
2337
593
8535
1692
2044
886
3374
508
7730
3381
5537
1947
3456
1919
4625
1860
6977
7063
3543
1531
4805
3323
4511
4704
7650
6733
767
5807
239
466
1774
4558
97
2654
7457
2547
6474
1730
1443
8245
1413
2722
5215
1896
2484
6484
8155
2608
2194
1092
2708
225
3638
6822
4479
2435
6449
7375
4547
2739
6331
7458
1669
8288
8501
7652
2593
4943
5702
7403
1963
7896
522
8087
4000
7414
5557
7166
989
1362
1336
4400
4922
6545
274
3934
1156
3572
8479
928
3062
94
2031
2246
4756
1986
8124
754
3889
257
2732
1863
2377
7059
3546
8409
3329
5739
219
2179
5744
2487
703
8075
1636
8165
7641
5349
1307
8491
6850
5304
731
3212
3260
8576
80
7425
1738
4631
6842
3711
5932
1143
6015
8414
4917
3574
7107
3411
1320
2251
2196
3899
66
6390
4456
23
5642
2170
5529
509
3304
2273
2436
1654
6296
2453
2223
4377
6082
829
5550
8065
5985
3225
3473
1180
1868
8788
4298
1637
5604
5074
6159
7501
1781
467
3155
1152
5222
3272
4800
1770
1570
4185
2820
1905
5236
8473
2824
7265
5292
3538
2655
9039
6422
591
1215
3851
1447
1374
576
8216
3729
3326
6747
1256
8694
5117
2725
7600
4238
4661
7134
1408
2534
692
3746
7310
6823
5842
6308
6540
4199
2502
994
3046
4303
5238
5823
6104
287
1742
4567
5295
6365
3965
4156
1191
7767
3482
479
4193
4576
1780
7699
5733
541
2695
4166
327
9027
7747
8450
3034
8668
8622
3143
7816
3708
774
8249
6371
2913
5772
285
6604
2059
1227
2425
160
4228
7568
6603
8317
7053
7178
3148
5917
6111
3475
6810
3076
843
713
1771
7811
932
1697
1040
2683
3339
1082
8379
346
44
3156
5878
3757
3131
2217
4965
6996
7312
2844
4868
8139
786
2421
1010
8759
7226
3432
8510
2157
4883
7737
1871
2941
2216
5986
5728
7443
8411
8146
4770
3973
577
2129
6933
87
2281
6313
4845
5749
322
6380
2208
1604
6438
3656
4201
3096
4448
374
803
572
8563
616
8530
79
778
8222
1290
7720
2426
7903
3969
7037
5905
7024
3516
6574
2280
8167
5286
2104
72
1005
2030
7423
5406
3521
4326
3291
4828
5474
4346
4638
8355
4572
3799
4261
1839
4889
4899
2480
8048
1755
2686
6490
3577
3400
5718
7464
4963
6281
8724
3303
4477
6912
1601
5519
7424
4731
589
7250
4386
3780
8703
1825
4426
5039
1548
658
2523
8847
8367
148
8296
5390
5521
5819
4226
3606
2047
168
5381
1507
4090
6198
6925
4501
759
3608
4650
6761
5150
6016
3787
961
5629
2302
3841
771
2595
6612
1529
4841
704
1801
4506
5041
247
1612
5784
6008
5648
3611
3297
1623
3017
7082
3051
3218
2607
7744
2496
1422
4802
7484
3343
6078
2191
4835
1988
3966
7582
7304
3120
934
4936
5107
2334
6386
3244
2718
1910
6374
1996
617
3365
2522
9022
9026
4025
2193
2618
8016
6225
6520
1254
5481
4785
2286
2312
3804
3119
2270
3002
3321
3460
4044
6154
8861
8873
4940
3091
143
2076
9038
7437
2498
5299
7155
1831
4859
4384
5810
8858
3480
5695
4140
2232
1472
1961
6640
7233
7746
4908
2557
3186
367
7690
3349
7702
2132
1070
4077
8478
8503
2248
3174
4850
7857
8946
8766
3718
1363
3763
7302
3674
1660
2125
5025
1663
7219
7571
6567
7828
4167
4119
8268
1185
8346
3778
3208
6966
8351
7026
596
2851
2363
2101
2370
1817
2284
7227
7939
6136
8736
6156
3161
3737
7508
3822
1701
7411
1412
8334
5301
5805
6682
8174
1580
3054
7558
889
7845
5469
4312
6063
8709
3449
1736
4596
3288
1681
1544
4647
3693
6463
6370
5589
6291
7587
5312
1822
6728
8140
4830
2274
2115
5184
6592
6684
6502
5051
4657
1306
1157
6435
857
8211
368
3235
7385
6083
5619
2984
4073
2750
4807
945
4291
4414
4821
1209
5422
1995
4935
5828
698
2227
444
3519
930
2309
4626
2171
6483
180
6151
5502
503
2213
8258
7616
4579
490
1164
4118
4444
1071
821
8459
7918
3371
6753
7300
1551
8401
8273
3704
7553
3879
3971
4855
705
3982
5457
5271
846
5627
34
5209
5166
4308
2920
5046
3929
8747
8464
1944
3364
8817
752
3573
5170
4481
4504
3470
5129
4949
3628
5549
8230
1641
4977
6202
4944
2460
1260
8476
7038
6689
8209
1303
6787
7343
7773
3424
958
7612
6076
3749
4004
5536
2354
8681
4371
6652
6688
7820
9008
7723
3676
5002
4398
8648
7337
251
7761
8408
2290
5134
7196
4616
8205
2589
4609
516
1829
4246
4191
6755
3533
1585
1433
3589
3372
4809
1072
5053
7130
333
2430
5102
1284
194
4871
8499
8772
8597
1815
7573
2936
5033
1030
721
4799
2146
6493
7920
7753
1418
8080
5599
1236
1985
7231
2640
860
5461
8418
728
3974
6752
1618
4621
7149
2957
1008
1436
8625
7636
5926
56
7430
5112
7186
7680
709
7691
4832
4248
1
1515
7475
4909
1881
1702
3963
199
2752
4024
4142
7245
7912
397
5333
2458
6853
5635
4838
7866
1591
4023
6677
4709
621
442
6881
3705
4137
1696
3702
3928
4702
2894
5956
2544
3412
8062
4172
1395
7066
2684
7862
8566
8158
5059
7485
8513
2794
2190
5362
3418
6451
3020
2738
1160
8114
2471
7377
715
5210
6788
5376
4155
9034
7077
8929
8909
5419
3959
1679
5572
3121
6843
5754
881
7683
7959
1195
664
7557
4100
4216
1964
6334
5091
8867
5967
7787
4668
7518
4033
2792
3812
3245
4568
7094
3117
8486
3345
8356
8441
8638
6809
4072
7407
1289
5217
119
101
4152
4148
1605
1791
7823
57
4209
1085
1761
2926
8633
3256
76
5044
8143
8961
8386
4146
3467
7578
7639
3073
3576
3142
1122
7285
4637
6069
3251
7567
5849
4349
5230
3481
5558
7659
3931
3814
1728
7937
1779
6816
8344
3848
3510
308
8975
8957
9033
2504
8545
1853
4369
6528
7924
8742
4415
1077
127
5595
2066
4301
5795
7935
3103
9012
6527
4217
4181
169
6150
1744
2647
7940
9043
2336
8987
7029
849
3101
458
1159
5260
5745
4502
1921
6040
3099
6398
7208
8463
6937
3269
4258
554
2405
4853
3952
8965
8447
6209
4277
7474
81
8026
1574
2615
3319
8916
7278
7328
651
2812
7716
6857
5478
839
2212
1098
4358
1269
4488
4428
2328
8159
3736
6166
7426
8902
8604
4984
714
2981
6549
2949
4054
8457
5679
4528
8451
8864
3849
452
1892
1297
8701
4775
37
6268
1930
59
5708
6025
834
6266
7297
161
1974
3828
8548
6560
4462
9021
1750
899
8790
4888
284
6808
1719
7921
3747
5305
4091
1652
3307
4929
3819
1086
768
7933
6084
6044
2367
8456
5719
1999
504
1667
487
7551
5966
4085
6094
2020
995
7667
804
5104
5580
2401
2260
3207
315
8316
5332
5449
1277
5293
6553
6793
3991
3037
8721
1900
6706
4041
981
3860
7369
5082
7074
7802
86
645
6410
6727
6289
2963
8679
850
7447
1316
6512
434
2474
1720
7173
222
3330
8022
8120
2681
4587
8160
7401
2181
7174
4512
5101
2907
275
1293
6418
1795
5887
6862
4884
24
4482
8531
2214
3463
3052
2914
688
2412
2565
2434
3725
53
4145
2709
2397
2929
1333
3764
1083
970
7875
4790
3808
5020
6602
8991
7212
2657
4130
3655
3492
2675
2148
5160
2446
4613
8039
2091
2847
7972
4133
3609
7788
4747
6875
4006
2632
6655
4861
5243
6043
1845
6770
4007
6203
4176
8032
1927
5174
6346
991
4380
2161
4352
8284
8283
4019
2289
1972
3264
690
4375
8985
7996
9004
7973
9044
9016
8976
8939
8061
8934
8959
9042
9013
4964
2089
6302
4076
8773
3658
8152
7333
3618
6739
5575
5950
6421
2989
6090
2598
3957
1376
6276
2006
5456
6713
2263
894
2707
3881
1337
8153
1727
1525
7692
5146
2841
1460
6497
1849
2402
1979
3239
7635
6226
4399
569
3506
8904
4035
1717
4293
1013
7572
2698
3779
6486
6186
6335
5204
2585
1747
1135
5268
3446
1572
8561
7768
8004
6786
3428
4991
4592
2796
6699
659
326
2288
1196
1522
3448
2404
6460
3213
2121
1273
1028
7780
8028
8314
5763
8443
8526
3954
2865
5369
2831
2661
4797
2241
3205
203
7556
7163
8472
5027
1932
2927
1917
3318
2759
8045
8390
332
1691
5213
946
2930
4443
125
2025
1427
6844
4779
3413
2252
7145
8544
1312
2624
3203
1380
6865
5444
882
5533
6836
2594
2075
7051
4939
2495
7772
8618
2828
7061
6692
558
7204
1105
6110
8539
8667
240
7234
136
7849
1141
2197
1971
2398
1834
4084
1258
8275
3230
3698
1459
8201
64
5957
7885
3497
3663
7950
8154
2532
5048
4468
3440
1102
2353
3159
2734
5830
3149
2693
7456
7110
1458
3471
6359
7905
7991
7696
6650
5416
6918
4563
8285
7372
7581
8741
2024
1540
2259
1375
280
4837
8385
5582
6189
3894
6818
6311
8233
4578
1658
4814
4439
3853
8686
6423
8684
114
7836
2380
1890
870
462
5358
5756
6234
3636
2735
9030
4973
5057
6114
4777
359
5436
176
3943
680
1802
25
4724
8191
3008
2575
6863
3290
1608
3486
3173
5837
5454
8264
670
1201
902
7804
5961
6797
2842
7353
7162
5655
2410
7807
8063
8257
5123
4452
7
1858
851
6577
1369
5907
1074
7392
380
8671
3007
6827
6852
1226
7004
5113
6193
4367
6195
1934
2852
8819
4234
5115
6618
7030
5860
155
82
600
4590
2998
3029
8824
7153
992
9000
7321
4986
7002
6923
6067
1263
3616
2834
8600
2282
5731
3311
4060
1526
6832
4203
5070
3605
564
157
5567
1438
2737
7183
1513
3484
4659
9010
133
1610
877
7359
5296
2726
7954
1796
2339
7835
4493
1120
4244
3012
3566
2493
7144
226
937
7398
6659
8322
9
3838
2145
832
5380
5094
295
6400
4549
4071
370
711
8791
4075
2939
5955
6596
5667
7897
156
3840
3926
4599
7176
6839
1419
8163
500
4795
7445
885
6358
5165
7075
8973
9017
9040
8964
5139
6112
8517
7552
8893
6199
7843
1782
3298
7096
4843
7073
5365
6617
4729
3072
3886
7404
6516
5965
7749
1441
6322
9003
3395
1841
2620
8952
8430
8886
5798
7490
3892
5433
3600
3777
206
5145
2264
6434
7805
3172
6319
4329
5099
4885
3271
1480
2967
4904
8363
6583
376
3793
5227
1966
2798
8806
1474
8932
4987
4327
3874
6430
6290
3758
4402
6869
6479
2473
824
4239
250
3197
799
1317
7999
2358
2069
2519
3405
1009
8898
2022
8040
656
6050
4336
2242
4188
1234
4990
3331
2938
6303
6458
5254
5143
6482
4761
2359
7941
2862
6743
4667
3657
6163
4461
2635
4715
6167
2880
5968
3544
3027
291
5638
329
3733
2960
919
5404
8632
242
2278
4374
5085
8554
2102
7120
8998
555
7506
2437
6288
5542
4622
1403
1882
2294
1824
3359
3083
6994
5617
6710
2509
6821
3645
5441
6859
6902
152
2716
2195
5015
5214
7299
7396
7316
1123
4962
8787
6562
3654
5152
5363
1251
6920
3065
3032
5866
4373
3976
502
5836
7314
8789
8051
8007
5064
1000
7995
3313
6453
2124
5583
3613
2665
3341
2687
3909
5573
1674
8776
1309
6014
3249
4901
5748
8271
3236
944
3607
8488
4655
6279
5066
8204
963
5440
3785
2878
1212
318
5578
2908
6267
5851
164
891
455
6126
3284
4684
5675
2720
5313
4014
4952
7975
868
4808
4896
6732
2131
7080
6846
233
5084
1885
723
764
8089
8481
5707
6673
6286
5023
310
2588
5637
6123
5036
513
158
8708
8914
4691
5812
3864
4359
3110
2723
6272
7190
833
6696
2515
6734
2917
1741
6694
6295
3182
5257
831
5787
1163
5581
2973
5696
417
5614
6481
7287
4689
1977
2511
4212
7133
1166
4652
288
2822
2898
1220
4334
6942
2848
7676
4170
3913
3914
6569
4942
1962
716
124
1951
5817
2345
3578
6784
229
6993
1346
2569
2700
6298
4048
422
2843
6455
7273
8102
8400
6233
854
6988
5075
3376
4525
2159
5992
8366
7318
7260
300
5827
3752
269
4978
625
7065
2068
4465
3744
5319
5592
4923
6637
6605
145
457
8263
1528
3393
1200
1204
6593
173
3921
8744
3489
4516
4250
972
2857
3859
3768
416
7525
5097
435
6698
924
3016
4772
3199
5885
5482
8311
6034
1414
5291
8105
8805
8213
518
7220
4919
2382
5306
3224
1469
113
639
604
6462
5946
6999
7360
6103
294
6858
6036
2411
3535
5175
270
5971
5043
8752
2572
6283
8583
1538
2209
7455
677
1483
8262
3472
3071
8727
3074
3845
8533
1937
5991
8599
8304
6357
6061
8763
6702
4001
4690
6663
3585
7338
1059
5704
5802
8295
3081
4339
2372
8774
652
1527
519
624
8876
1732
2416
3317
2139
8691
8732
1698
1812
3639
2448
2823
478
7548
7387
969
5586
1884
3563
5393
4823
7356
6638
6914
2071
8528
8877
6017
5038
8229
1935
5379
1657
1945
5526
3665
4743
5157
560
7064
6951
4404
916
8169
6447
8397
7043
4086
905
7914
4818
6213
4432
1582
3398
8519
3145
2859
5844
3844
5288
1415
4122
4016
7873
2167
9049
165
3105
9006
5132
3059
402
4968
7546
3806
2775
1705
2634
8294
5069
7148
4011
3783
8580
3263
232
4061
6576
5729
2119
2891
6443
5782
3522
2525
1926
5534
1968
6073
2838
5588
6459
2079
2546
5927
1249
5455
4681
5399
3417
6328
7597
3640
2858
5999
3045
726
2556
5471
888
3769
1421
2562
3916
8419
4569
6392
1382
4253
2135
549
2740
1938
1095
4751
1826
306
3310
5144
1349
3901
5520
3719
6945
3553
49
8238
4304
1228
6647
3567
1677
5686
3295
8923
2540
1353
6764
2954
1061
2163
7211
1643
3967
8112
5831
2235
614
7449
3147
6566
1060
7834
4953
8240
273
1350
8888
7132
8612
5899
6271
8104
2996
1915
7465
999
1271
395
2947
5314
2445
4769
4220
7550
6913
6749
6329
7292
6450
2349
6959
1248
1146
2376
4360
217
1762
4029
2035
1148
603
4735
3033
2578
7355
1710
5880
1589
7010
6916
4165
2269
8664
6500
2680
1161
3414
4057
1093
5263
7330
6778
5028
8492
477
3347
8868
8480
5188
1020
2539
2526
5490
8756
2940
3528
427
2592
1596
4376
6868
8637
5517
6325
4229
2017
8025
1563
5615
3201
6323
2766
7907
8828
7386
6119
1500
2413
8710
2895
1683
3802
4698
8185
5315
8883
7760
531
2535
5636
9046
2744
6609
4211
9051
8243
1606
7044
7596
2932
1203
6740
622
1496
6049
6144
7786
1463
8731
1344
1620
3024
218
8642
5338
7983
8522
5856
1616
3631
2019
5727
1073
2674
1806
1622
8610
4242
2482
7841
2138
167
2770
1183
191
5709
8963
4169
1262
7566
2055
8881
6825
773
6648
5062
7009
2384
4694
6729
4553
5351
3918
6035
1644
6614
3993
5514
4364
1948
4765
6218
2255
4759
3258
3696
7661
3179
3866
8138
578
6318
5403
5777
7007
5092
2840
4300
5472
5019
8342
7179
3167
1324
3450
6074
3358
4471
5808
3154
1914
2749
1398
6681
7797
6301
8328
486
282
6265
7090
2219
2369
7656
2704
1111
213
7487
5159
7957
3575
2948
1488
8905
6888
41
436
8920
4138
2931
1359
3306
1079
5187
4900
7100
1054
1259
840
8665
8020
4811
62
2475
5195
3476
7887
4788
2855
5086
4416
6277
2818
5386
121
514
7272
1237
579
8683
2566
7235
4819
6704
7193
3869
311
1581
5835
236
3431
5714
4594
3178
4604
1949
3937
2806
7218
3932
826
8960
3924
227
6826
7315
1176
4484
7361
2313
5889
3171
1044
3185
2226
5861
6922
4956
8278
489
3136
7005
1642
3626
8624
8281
8279
8921
3908
3193
6796
9018
979
7993
463
3542
5882
2247
8658
2622
7261
7383
4766
2623
1121
1002
749
8286
7634
1675
4499
7138
693
1647
5850
649
7089
4881
2563
4730
8950
4157
3394
4451
675
3668
6367
2721
7076
6886
2188
3362
2506
6366
6149
4796
3731
8588
5125
5493
789
129
8555
2538
3061
729
2779
8149
4396
6950
8086
108
5824
565
2400
3953
3181
7214
1019
1279
10
3560
2317
2109
8607
3622
8865
8980
3338
3709
3846
1132
7575
3666
7022
7511
8477
5172
6072
1139
267
3380
6847
1179
5400
7102
4306
8047
3455
2215
4974
8123
9025
3018
1261
5803
5876
3335
6477
5571
7762
5814
521
4564
8126
6940
6955
7516
4981
3383
8116
7745
4983
2267
4862
1751
918
4780
7824
348
256
7415
8280
1537
7976
8270
4721
3322
36
4545
8133
7164
2696
1169
2943
665
7288
6117
5197
2571
4846
95
2156
6385
7822
6690
1351
2868
409
3807
1193
2357
4134
391
4292
5361
2873
3267
1467
4887
6898
5964
7968
858
5029
2238
5556
5788
211
1031
790
6820
1017
5920
6299
4260
6908
871
5737
1828
5918
5783
2218
4120
1800
8794
2658
1423
7874
7704
3228
7121
8081
6911
7670
2785
6962
780
4643
5439
5776
3220
6444
7613
802
1356
8922
3141
6018
7446
8357
7519
997
8259
7129
7994
5806
6038
7532
7494
1671
1052
2256
2690
5665
8194
7015
8052
8891
8705
3816
488
2872
766
7728
4401
202
2383
5668
349
7911
3140
7021
1097
7955
8983
6685
3162
5651
2990
1748
7530
1510
2676
5142
941
19
2553
3825
5307
3499
7281
1807
3536
2678
5446
3247
1138
1833
138
8516
2090
6155
1383
3444
8206
8586
8792
7395
4768
4472
2633
2793
5494
1673
146
3150
7630
1889
1797
720
798
8362
7727
4043
3010
4445
8452
1978
7240
4003
7052
5396
8215
6665
3745
8293
3692
1216
8427
5577
2988
4037
2182
643
2975
5462
3890
2555
3795
319
297
783
3021
1836
7122
6591
1924
1455
6803
3875
1624
3011
6756
1788
2833
2175
106
6676
2685
784
7478
356
6864
544
3042
1543
5513
328
637
2041
4671
5459
3485
7695
7363
7570
2889
1886
281
8507
1877
2979
606
3568
4108
305
4849
1295
4440
6686
4121
9036
3165
8353
3300
5511
1746
7536
4794
5076
8972
7421
4960
1468
390
5375
6039
1444
4679
7347
8892
5340
2829
4928
7685
7663
6620
3930
5135
3721
5693
6158
1171
6135
2666
6055
539
4080
8402
1993
7448
7078
7617
4273
812
4733
3422
3009
8352
4047
1308
1489
1442
4114
2173
7531
6917
4419
3187
6661
7673
1477
6466
8990
8781
6807
1711
3240
8041
5919
1495
5911
7290
4283
4313
6048
8943
7256
7307
5770
8801
7523
4413
920
1246
5757
7295
4975
6401
5421
2753
2395
6586
8855
3223
8493
4062
350
6152
2782
8274
1876
8734
6000
7412
3302
4933
8751
5503
3526
1946
744
3950
5297
4608
1740
4969
3500
1984
6985
8804
9011
8689
8722
7604
6097
7492
8673
8596
1814
3905
3308
8171
2128
7687
2577
4195
2490
5863
1575
8927
5841
7056
8924
844
4113
3248
6572
1656
2699
1305
5857
9028
3102
5555
1862
5998
2612
388
3715
4355
8197
4348
8183
26
4232
366
7711
7165
6570
2701
6161
5603
6442
2174
440
4051
5834
6578
6391
4252
5320
4864
7942
248
2228
6412
1530
139
4083
7986
3685
8992
7931
2503
6224
3401
697
4087
54
1562
8082
5845
5764
8729
2229
7881
765
450
4269
3273
3660
3653
8064
8538
719
495
91
7294
2512
6009
3623
4391
6469
6185
8313
8879
1036
6468
5453
2921
7504
6045
8848
563
7964
3805
676
1037
2599
2899
4319
0
1051
8537
5344
998
5938
2756
1087
2991
5859
2959
4858
6002
1498
1243
6903
8393
8887
2706
2531
5501
4755
4906
6880
962
1857
4096
5114
4198
471
2417
2007
1969
7595
2268
4265
7034
1453
2133
3821
7817
8446
5262
5407
1983
7895
2114
5602
5180
38
1448
2992
1381
7891
244
2486
2155
2322
1056
7870
8662
5996
389
8399
8532
7947
9054
8497
571
8919
6314
1465
5632
6211
1953
178
548
6056
5921
4351
2403
1693
8843
667
3080
2211
3001
3580
8944
3494
7371
2861
7628
7524
1361
6503
2447
4323
4286
4851
5576
2965
2912
6413
1401
964
2107
7513
6
474
6070
4972
5633
873
1205
8542
5110
4706
1865
3972
6895
1299
6608
5402
7048
1844
5650
7554
6804
6978
8878
7678
6619
6773
39
7851
2394
5659
8556
3408
3255
8115
5205
7654
537
1554
8218
4331
7949
2257
4898
5616
3762
2736
8827
1310
3637
4245
1099
9023
8252
4925
8984
3501
3610
3241
5178
1025
1130
4728
7825
186
6238
4340
2042
5755
6879
615
2323
3415
5875
3490
8013
7655
2301
7276
7686
3434
8219
7961
1542
7480
4163
2955
4418
5923
6936
8330
1991
3548
8707
7818
2881
2596
6529
3857
3217
493
385
8615
6621
96
137
3164
6178
4774
8592
3190
70
184
2130
2581
3644
7482
6262
5669
4422
2153
5431
1378
1847
6884
7734
3829
1450
5518
3742
2298
6874
1603
7925
2143
2542
7177
5499
2610
3211
605
5645
6960
5418
3919
1116
4918
2783
5697
6851
980
7705
583
742
1939
2305
3843
2520
5179
2811
6748
4055
6606
8448
512
6944
299
5620
5203
1753
8168
162
755
5387
8567
5000
8321
5055
3257
5676
5105
7533
7435
3531
6544
8190
4036
2649
2379
8807
2703
6538
2827
8714
7221
4457
1194
4750
6162
7168
2433
1810
7016
5413
619
3221
3243
8768
4149
7708
5987
7467
2266
4711
2472
7320
8917
4112
1576
8995
4442
7584
4781
7743
4692
813
5237
6541
3564
4492
5904
3427
6792
4106
8915
1520
3507
7210
461
8650
3192
5261
7739
817
8511
5265
134
4570
5006
5809
6306
1325
8634
2348
7428
214
4618
7603
4997
2966
1731
1391
8261
6120
4914
3025
598
3760
1534
6379
6388
2863
4485
3949
7136
3555
3195
7826
4347
6320
4740
2741
7932
2694
3379
8460
7008
8913
1222
913
1253
1486
7476
5799
438
5564
6066
1678
20
7505
7293
4717
2797
7534
1729
468
3712
4335
6568
2221
8815
7358
2
3216
4820
3491
4218
4311
7217
4580
4712
7357
4082
3661
673
2801
1823
9029
6718
1757
3151
1481
6615
7926
8300
8291
6373
5941
5475
1506
2204
3935
2106
3717
4275
8000
1208
6420
1491
8866
7266
7774
1635
8035
6954
5970
6982
3087
52
8767
8569
1909
4098
3396
6300
609
5136
2427
1854
1229
5497
8585
8487
2026
1266
1392
4097
8287
6986
3296
7901
8536
18
6695
7170
6042
4186
5959
5488
3077
7180
1411
8680
6557
4763
633
4464
5022
3754
3775
4941
3206
342
3461
5934
8907
2038
528
3254
2087
4197
4213
5884
3292
5173
8549
2934
506
8094
3122
2499
8728
3906
3404
1861
1649
3540
5780
6192
4907
2771
2777
7871
5774
7213
3730
6703
8795
6536
5460
4662
8498
5559
8931
7769
283
5618
4778
7906
4945
4852
6212
4617
6037
4370
193
6091
1332
4010
6201
8733
8565
1188
4241
1168
4515
210
8151
150
3581
6101
4221
2378
8551
6088
6235
5103
7373
4524
6709
2643
5913
4726
354
5343
3242
2199
4727
6259
7879
5873
1680
1809
6691
1238
5278
7842
4522
8666
8181
7284
6148
7809
907
1640
7246
4539
7020
166
2140
3107
3352
1599
6636
6939
2646
4255
5063
5323
4656
6065
3259
602
5705
5765
8338
8276
352
2810
6108
2570
2923
8381
6429
6952
3275
607
4342
3635
6130
6095
8674
1820
7161
8845
201
7953
792
4718
5119
1556
590
1425
2795
939
7070
5004
6059
8327
7624
7036
7119
7649
7001
4104
4786
2869
4791
6310
6164
5703
678
3153
4988
5626
4869
9052
8412
5901
6368
2074
5735
4341
120
4737
2254
7097
8148
7471
223
6505
1247
1232
2387
2906
1055
7379
8130
915
7339
8250
2860
3748
6336
3824
7660
4813
8076
4950
174
4289
7904
1240
5871
8605
5167
5797
7197
7258
2180
983
627
5758
7622
7861
2514
1902
912
3293
4473
2441
1100
5450
2746
6722
8966
5405
7441
7742
4500
7830
3089
32
428
5682
5392
5786
245
8796
6765
8631
2457
3604
653
5743
5715
6071
7735
2018
7362
8786
859
7967
6771
2549
6194
3144
1509
4487
6338
260
3378
7308
6445
7462
6599
5155
5982
3940
6428
6716
2819
5666
4519
7237
2554
4305
7563
4897
5868
613
8816
7239
8426
5196
6134
7384
8358
5896
8189
7243
2630
2986
2527
171
7033
7069
5342
8968
6815
8147
4285
7889
3453
4207
7420
949
8505
9057
1670
3493
8841
8838
2476
6746
5442
5373
6774
6142
3233
1033
2601
5128
4642
4161
7229
1431
5309
3936
2122
8653
8657
5056
3887
3545
7562
6089
1775
3964
5944
2442
1225
8837
1106
1955
7336
4745
890
2510
60
4092
153
42
2625
2346
2742
2808
330
7417
1050
2867
5973
4128
6204
3559
7850
8771
309
6646
7970
8578
7909
8109
848
8315
4773
4559
2987
3784
271
8410
1541
8911
7894
775
6824
6678
6046
1186
7479
8559
7451
5164
383
2619
5410
3513
2807
6730
7248
3124
3624
5040
3419
2743
4480
3334
2982
5434
4732
5890
6590
2100
2224
2002
3527
2393
2067
9050
8413
8483
4168
3588
1718
8591
5
6919
2192
7633
668
8031
7590
7254
2961
4065
8119
4160
6514
5302
55
8930
6521
7388
6600
7067
1400
4279
4989
4666
4754
3445
5240
410
3896
6565
996
1558
8023
7334
5225
9047
2295
7023
757
5560
2439
6220
6588
7846
6237
7352
3970
5972
8173
4725
5325
5507
7944
3113
8239
3282
2774
978
5088
1213
6030
671
5492
3923
8461
9031
2715
4333
8144
3504
2866
2669
3502
1296
252
2530
6196
8802
3587
7754
8514
6580
4748
1154
6931
2183
5663
2343
3850
7796
11
7732
4052
5310
2621
7810
3781
4848
7209
4178
4771
883
6116
5706
3226
3592
3771
1981
7665
6383
2072
2321
3597
13
3571
392
4405
5464
3363
4287
2440
3433
6457
5207
6791
4589
292
5495
5078
9002
7520
4385
5983
69
533
3274
8359
4026
1101
5647
635
8434
7658
1181
7264
7493
5546
2249
5435
4546
1783
5813
2717
7182
3789
6628
4435
7106
3988
3429
7068
7698
8587
8621
7682
2776
8504
6801
1931
3367
6889
3629
4902
4162
6174
3759
1276
3523
6145
6970
1546
1518
7429
8425
7408
1189
5879
8195
5516
6896
5014
2879
2662
4296
5382
5908
1613
1895
6790
794
573
2602
2631
7700
7152
6363
8235
2836
6465
587
4159
325
4411
2870
2609
7779
8272
3268
343
8616
4926
5750
8840
3903
6517
1192
2279
5922
6860
5016
4078
7101
7410
8811
2714
2311
898
4433
6187
221
3621
8127
6905
2450
6634
4321
2915
5775
1241
8829
7206
7095
4392
2835
2452
4002
8372
2352
3688
4992
2016
7117
3884
7839
3270
988
6023
304
746
3406
6667
3815
4607
4646
5054
8060
7601
1174
5570
1437
266
1611
7223
811
5962
2262
5256
7844
672
6326
8524
5345
7833
1034
6984
4542
5371
6834
5678
8398
1267
5730
8687
2639
7543
5974
3517
7856
5895
7971
4644
7938
4886
4603
224
5597
5694
1517
3960
1676
1218
7092
5832
1870
7253
7040
5156
5498
4101
5947
8306
8202
7050
8231
7607
8142
6408
691
5867
1342
7555
1115
6928
6817
1600
6437
6948
4366
8150
6930
4873
6750
708
7643
1916
5954
7718
2329
6838
3409
2887
381
1417
948
51
642
5183
2560
7045
17
2677
2032
5248
8303
6106
7406
7327
5266
5427
7627
788
7324
6508
1700
4713
4463
7466
2005
1432
8429
4571
8672
3648
7808
429
4810
3525
3088
1298
805
7498
5385
4688
1039
5762
2950
8704
1482
7852
3123
1147
6275
4915
8997
5077
3063
1960
2098
6995
6742
1583
3451
638
1666
5061
8073
8319
5993
5600
6472
3452
7632
4958
7123
3262
5893
8166
182
8289
5768
4985
5120
838
6230
7397
4635
246
1559
6498
2997
7268
1137
90
1015
7515
2386
5483
2272
2528
5740
7750
8489
3314
1393
4776
3392
3888
73
324
8193
4829
2600
5270
4812
6992
4782
5541
5943
6819
8098
1954
8955
6027
7784
2958
2689
1478
2364
4611
7496
507
3986
4561
7540
6871
4067
3139
6679
3677
3237
1230
4127
814
699
263
8608
1142
2048
5652
1452
6870
6293
1278
2664
3830
2561
5397
4703
6601
3402
3619
3377
2060
3070
8812
975
4870
1733
3643
2886
6395
8754
7017
2408
2492
636
1029
4164
1811
1329
3283
8433
4343
7521
8043
200
2781
8188
5109
8187
3877
3014
5591
2974
7062
1929
4677
4584
6139
6715
1287
4683
443
6153
8780
7736
9055
3202
1492
4183
5552
6564
4764
8655
8699
1211
3035
3682
3447
5886
6414
1242
5699
6856
4678
4630
5977
5394
5527
1519
8136
7382
1706
403
4325
8880
3601
5228
7710
8860
2308
2995
2884
5691
3465
722
6254
8079
1399
626
1330
5723
6227
5532
7200
8508
761
685
7668
4663
5624
3766
3100
5701
144
3690
8521
6327
6305
1908
7351
5273
4856
1445
2325
3776
6573
3299
8783
6176
7741
1390
5130
2614
2573
1410
8846
3127
8529
867
6315
88
4937
103
6712
3842
2415
8057
7483
3126
737
4801
7071
1694
960
6989
7000
262
3999
3694
1873
7840
1021
469
2094
3157
1321
2461
4505
6062
5275
5463
4222
2261
3788
8371
7160
6625
2660
6623
552
5083
1602
5415
426
2864
3735
3893
5426
3160
5662
5785
906
3547
2368
8077
5881
5395
6506
3983
3586
5124
2240
3630
4039
3907
4425
7602
3090
3194
6519
4741
1466
2176
6721
5979
4436
5528
830
472
4182
1405
1793
842
7282
6795
5673
6899
480
1018
5081
4009
4205
2605
1354
5294
6687
4409
5388
5937
1943
6416
188
4379
6543
6294
7713
5447
3043
8312
1560
892
4032
6404
5484
3361
7440
8455
2050
3333
6551
1011
3106
8595
8177
5137
8308
7848
5176
6987
2529
1006
7539
623
896
3342
3786
485
4353
7888
4210
1523
8011
6317
5111
7247
5634
1773
1144
782
836
1856
1799
7898
2705
3582
371
3726
197
8938
8200
4686
947
364
2365
696
5858
1776
3277
4714
7615
5414
2136
6766
7086
4924
2586
265
8269
8340
6630
5031
6947
3118
6975
7198
2162
5089
5324
1187
1765
6241
338
5630
4954
8244
6033
8969
7672
6963
5978
7509
6171
6282
5018
7124
3617
1617
418
6012
4150
3569
8349
2636
8818
7674
7393
7707
6330
1347
6243
1252
5211
6906
5090
1524
5883
6052
6255
6598
959
2422
7222
6253
562
2853
4389
7419
8407
6509
2419
5653
2077
911
5185
2893
6377
1407
7125
8500
683
3464
4498
6280
910
8518
5182
8006
1274
8720
8333
5477
4208
4996
170
8738
3055
2052
4045
2108
4541
8981
8179
772
112
6409
8092
1345
3997
6642
2028
4723
3910
5796
4842
6556
3031
7669
8034
5888
4793
2628
7640
6205
4905
2277
2883
4158
6496
529
2327
6534
8246
7679
8647
3791
1609
1012
8874
5609
6926
2399
1502
5341
5769
3984
7965
4068
412
8988
1461
7776
5233
5216
6047
3098
901
795
6883
3687
1371
597
1688
1178
2846
464
4297
5505
9019
550
1557
8839
6168
204
1584
7819
5437
7454
2903
4388
4131
3232
7380
2330
2374
8265
1840
6798
8562
8778
1940
4994
8821
8470
6622
2151
5540
807
3980
8282
4332
5800
2342
5198
6092
2933
2679
4970
7789
8755
4021
4116
3466
822
7756
1595
1001
3386
1837
4423
986
5685
7159
8036
5839
2324
3078
2942
5067
7974
6633
6772
8217
8301
7047
3642
4105
1446
3612
4815
8853
3286
4320
3332
5543
3727
8889
8894
363
3772
2080
4932
3085
6169
8609
6998
7569
6662
5981
6767
2682
4798
532
8207
3627
1928
5476
8553
3227
3426
2977
8552
976
1294
6745
5229
1221
599
1633
4123
7853
3945
6058
7216
8564
7488
3646
3826
5753
968
379
5930
4437
8223
2551
6645
7367
5789
4030
6024
1821
669
984
2040
4503
2638
8234
630
8890
4259
5631
1114
6741
7438
8856
8329
1280
4107
6141
7576
3897
7188
5430
3068
8485
5037
8424
4175
4847
820
8380
6431
967
2937
5960
5487
6949
1110
5747
6372
769
501
3900
1553
5398
2993
4235
3399
3518
3013
3987
1512
1464
4913
1684
3773
5544
3354
230
3390
1752
6724
7224
7350
1586
5821
2086
3328
8241
6441
955
7114
3790
1069
6264
5249
1615
4147
8896
2058
6124
3862
8003
7514
1058
6535
3756
5690
1552
3801
196
4875
4767
179
1989
4860
7486
6242
7725
6597
314
6304
8534
1470
208
7620
1566
2924
7128
5988
3515
5523
7868
3469
365
6965
5219
828
1549
5098
2761
2111
5681
1302
1355
2786
3312
8602
5007
8184
3134
6341
1936
1109
7137
5877
6001
5247
5003
1245
5093
5759
4565
6251
5223
8803
6223
8496
8298
5364
9041
5417
8690
2871
6382
8901
3344
5468
7729
8290
220
5622
8225
6831
9001
4489
4591
6138
2253
6013
4961
4707
7517
2444
8350
5241
8391
5593
7589
1231
3686
7469
2205
5640
2326
5192
293
5317
5496
7585
4
1501
7943
1511
1787
2356
3384
5963
404
878
904
1713
3603
6958
7199
6137
6005
4971
151
2230
810
2285
5687
7185
787
701
6907
1068
7609
264
4324
7854
966
2521
6611
8906
8956
4214
172
6351
8833
8212
3738
3369
7542
2147
6639
4459
8383
2113
2671
3818
4408
6980
4612
7105
6613
2481
4921
8108
1125
4595
8365
3388
6456
4230
4338
1049
2207
2507
6539
6127
5916
1322
684
6222
5826
1726
6177
5480
8482
7389
6780
5331
8453
2962
7837
1973
6840
2341
6666
4151
2767
921
4946
6927
8347
2010
4598
5220
5458
1327
7684
1941
1364
1281
5902
3673
6872
7880
7815
360
7777
4412
5717
4302
4554
3198
3320
7629
2144
8099
7958
2545
3437
105
8375
4483
7541
1707
5995
355
4520
2778
1904
852
5531
1128
7013
7344
7472
6022
5221
2568
253
4999
1662
5752
1003
6200
4223
2826
689
5671
5790
8750
707
7146
2548
6480
2371
7205
2830
5688
6121
92
4038
302
6258
1057
4049
4817
4357
3336
8141
7012
1785
8895
2652
5563
3962
6964
6068
7049
5607
2710
8137
6364
7135
3647
8475
8661
6228
1250
6394
3215
4927
1365
5508
3895
1497
3439
2814
1564
6077
6726
1424
4345
8117
1314
7405
2672
6188
8049
779
6316
2184
3633
5725
6885
575
2027
5169
1593
3942
3599
1014
908
2902
4424
5741
5330
610
5644
2688
8251
7545
2116
7988
6354
6890
316
7151
8525
2333
662
785
2012
1067
4605
654
1172
7453
2919
5766
7738
3420
5952
7477
6943
7470
3632
2465
6246
8070
7042
128
628
6956
1094
68
8093
7147
5050
1957
7919
3834
1906
140
743
1435
1784
1590
7236
1162
4784
8842
2489
4317
6247
2543
431
1264
1521
7586
3524
1113
5030
8214
2574
7277
7399
5613
3975
4395
6098
4738
3595
3858
7677
74
5736
661
8723
3175
8474
8253
8068
8428
3755
4645
7416
4490
950
6589
2485
6892
317
7878
5367
732
6285
4967
5660
3350
2287
8021
666
4179
5945
3474
8122
5910
1090
1394
2201
8192
5935
7631
8255
5506
956
83
1198
3462
2513
5825
4124
6635
7765
5140
4309
1998
4831
4606
5773
1046
6165
1451
6019
7990
5242
7378
6805
3670
8640
8779
1210
1080
4225
8378
8678
6953
648
6972
7157
5931
1129
1078
2456
1343
5189
1607
6775
6974
7271
6454
8106
2004
5590
1597
3912
6660
7847
6813
1304
5153
7948
1265
2911
8110
8527
2653
1716
407
4069
5010
5900
2733
3820
5722
3209
5793
5017
1153
6683
2533
6384
2730
5656
2202
8574
3615
9020
5606
7778
3287
7507
3902
2462
663
734
2727
6297
6897
7876
7099
1041
1758
8440
58
3389
3357
7719
8374
6087
6352
679
7910
6558
419
4350
3006
6848
5218
4449
6777
1587
5151
2231
5479
1165
1734
122
2500
631
7917
3508
5391
4407
5829
1112
7785
1725
5720
530
717
1722
6584
7481
3468
9005
7574
6532
748
3870
6190
2751
3458
8442
8978
7241
7717
985
1883
2137
15
825
2999
6522
7346
8918
595
1976
1627
6757
1646
63
4262
6432
5138
7956
4322
7422
8937
2874
7527
7270
3652
5087
6550
8659
1493
8369
5354
3836
2849
7115
6085
8798
2817
6711
3868
7019
2816
6284
2603
5628
7605
3066
2832
7502
547
5486
1561
4507
40
8129
5855
6170
856
4523
3041
8700
6470
1136
5282
1555
4278
4135
6867
6332
4081
7011
2438
5353
207
1334
808
556
29
4951
5073
5525
6894
650
6983
6041
5071
1223
2134
4094
7731
4538
4012
1118
3229
4959
5811
6345
1328
927
4231
8593
3184
990
4615
135
5024
339
2013
1368
77
3955
862
3170
2220
2854
5975
2644
7283
3397
3351
4824
4687
6004
4040
2762
415
5141
8125
7726
8740
6075
4673
3813
394
2550
5548
574
8132
7381
482
3050
2110
6146
2459
3109
8782
6031
5191
3714
6967
7039
3723
5524
3348
6806
1504
7863
7703
1668
7368
5912
4911
5833
5005
8196
4874
865
6782
4393
4271
6411
3672
7431
1628
6184
6932
8611
8336
8656
8337
8626
7309
7890
2788
1626
2713
543
5958
3166
535
5891
4015
8067
3289
5244
8770
2293
7275
7794
1664
6349
6427
8002
7463
126
6915
2909
6244
8726
7262
7500
5551
7025
2802
4816
7715
3438
750
3128
1864
423
8928
6339
5990
321
4588
7757
7694
6518
483
85
3554
5677
1704
681
1348
5121
5290
2754
6342
2304
5538
1338
4629
7621
2029
2023
6252
7671
7091
823
1197
4453
4314
494
634
7003
1043
1786
1508
3505
5065
3443
4282
505
2910
3620
884
5767
6353
4680
441
4840
6473
2118
4566
4383
2637
8948
8454
1420
7510
7306
7549
7313
1184
3509
6552
1912
475
6736
1022
6260
7618
8203
7006
2626
5199
7623
8594
3252
5870
8900
4365
6487
6644
8764
2350
5154
872
4641
5212
3865
43
3856
7626
582
3664
6355
298
8208
5906
7286
7400
6333
3832
3189
2320
738
3898
7461
378
5285
5771
2011
439
7982
895
1830
3920
2432
7977
2424
2150
6697
8540
5231
7610
2463
1874
1804
7923
1389
5308
866
7263
6340
2516
931
8292
3734
254
4031
4288
3956
6245
6829
6779
8863
4752
2420
1023
8008
3058
1535
16
7175
377
8299
7594
7946
5822
4531
2306
6607
3478
1016
2953
5658
2318
6378
2189
7892
2123
7093
7041
1377
1430
3551
1032
414
6452
7374
4274
2036
3713
4894
181
2335
2890
2096
7860
3294
89
2983
6725
4344
3454
8438
6219
3301
2668
8417
5585
977
7232
7893
8078
5949
791
3880
351
7899
1687
6828
3222
7014
3387
5163
7997
8711
258
5079
6653
8696
5339
3904
5852
2877
7697
710
8627
6396
3169
3276
2670
8326
1536
8332
5321
4876
1462
6348
1907
3634
8698
6278
2222
400
7740
8435
6559
6762
4653
8437
561
3177
7619
6053
8135
3800
4196
925
7775
8509
3770
228
6485
2033
8038
8765
3680
8572
8745
5058
4372
3108
8439
8396
3529
1703
8575
6133
8224
965
7215
1798
7653
8436
875
5984
8712
4586
7867
7528
1714
5328
1625
4310
7647
6705
8468
8432
4826
7651
8431
8757
7526
5329
7766
8113
7646
8307
7561
7559
6436
7978
8702
8577
7657
8376
8951
8546
6344
8467
8570
5473
5035
8695
8395
8941
8885
4074
2210
8769
7608
1579
7645
8331
8688
7934
7648
8814
7693
