801
2583
1478
1469
658
2285
2286
3167
382
1598
1722
1887
910
1712
1637
1045
3140
2199
747
2123
2029
240
2012
325
1078
1860
864
14
1271
943
308
833
324
624
2444
2301
1903
901
662
1177
2173
2847
1681
2958
1019
1138
1363
2672
2547
2150
732
2397
2304
2385
2454
78
2080
2328
2813
439
1282
1771
2827
84
2345
17
1876
1604
2581
1602
265
1421
954
407
2741
845
937
2959
2589
3109
40
517
1973
1121
2054
1518
1779
1162
1829
2274
2998
2857
1716
3339
3154
1383
1583
48
1566
1185
337
1126
1672
242
620
1011
1467
535
1163
3180
2149
1695
1332
1457
1309
2267
2782
327
24
2316
2557
385
1438
1050
1388
2396
2335
1435
865
1063
74
1898
1827
2102
2508
1510
2220
669
1213
1728
2763
792
1198
2057
2773
1584
1840
1587
2605
2232
2245
359
796
1425
1495
348
2061
1907
15
2370
1084
2103
189
2554
1497
485
697
91
2575
2529
1538
1799
2841
1978
1927
3258
1228
2717
2650
2943
1922
556
944
2252
1879
2095
514
1284
252
2869
1091
754
1775
497
1698
3344
1933
1851
1154
1576
2578
1708
2249
141
1890
2706
602
590
3286
1067
2402
723
1354
8
3304
3203
2654
1377
1660
144
2495
217
476
1132
2622
3149
3243
1390
1212
575
1326
1145
257
147
880
328
2845
2391
2969
1235
256
2094
3029
2691
555
2951
1105
1208
930
2422
749
1341
1850
1085
3058
2546
1526
1627
2883
3134
3253
1380
2337
1320
561
2038
646
2524
1838
371
2621
592
2538
2349
3068
522
3249
1030
2390
2558
3293
1688
680
1847
2414
1739
1049
165
2836
1040
903
3067
2488
2574
1330
9
1585
2556
1911
2142
3138
163
1399
301
3083
3321
25
203
2530
1606
150
321
2816
2071
1699
999
2789
906
2626
157
1252
1579
1655
2021
1848
3210
919
404
3274
1021
1916
2610
2476
2893
2501
2166
1875
1899
927
1074
560
2184
1918
2233
3015
881
2507
418
1215
2060
2466
2587
960
1886
35
742
1993
1473
549
1447
1412
861
316
3036
166
588
3308
3002
357
3050
603
2334
2665
381
2226
3139
2487
1493
3004
809
1715
499
2288
1662
935
305
49
2030
1373
430
2201
2891
821
3164
2878
2839
2351
181
871
2961
3336
136
2859
1130
2798
724
874
62
2292
548
2315
1794
2250
765
3016
1685
660
1111
1232
2721
2257
2251
2372
2950
3034
868
1391
2494
1749
1254
1941
1229
2908
764
745
3306
1979
1357
2348
3176
2111
686
1881
159
1525
2536
345
2130
45
261
2756
1028
260
610
2428
1772
297
2500
2973
2764
323
711
1209
2356
1714
958
2407
573
1976
2633
339
2523
1003
3277
1880
1319
3310
2459
2886
1939
2081
1756
80
2296
538
562
500
735
2922
750
82
3271
739
714
900
3323
2991
19
137
482
453
1814
729
1929
2740
197
2888
156
2585
480
856
1524
46
2560
75
2377
758
1292
771
1376
2526
2569
2809
597
2533
243
2645
79
178
2862
1090
2792
976
2398
2960
2211
963
3046
2627
2182
2770
1817
3063
2996
2136
2138
834
1527
2363
2490
1032
1634
3239
1416
2420
893
3358
2637
1199
1089
71
1757
1056
3108
2939
2143
3287
2506
2034
2090
2091
3101
2427
2926
1202
554
1295
3025
2105
1831
2210
2760
338
3171
2631
277
844
3177
3300
1475
179
2174
32
440
2522
112
2212
2694
2746
90
435
2040
1621
2807
1683
3080
287
1877
2625
557
1489
2409
47
2598
2006
2520
1197
2401
869
532
493
433
2320
1721
389
551
12
2670
3144
2387
1642
353
2446
553
2669
2483
2100
116
623
1323
2503
635
1037
1387
2553
891
3328
346
2450
464
3054
1807
1676
2889
3013
2940
1146
2234
2318
1653
1402
484
1792
483
1921
2118
2151
1845
2786
2265
1042
2985
2373
2043
1895
3267
2527
190
1358
1240
173
581
1029
117
474
2681
2640
1943
525
717
2352
161
1087
2198
1237
913
1570
3331
1204
1828
420
1709
2946
2239
3229
1371
124
1331
2176
2986
902
2698
2643
2004
284
997
2326
2570
1017
563
2875
582
2273
2359
2003
3059
2131
130
1901
1548
1335
2379
176
2376
1334
756
1034
1455
2697
106
362
3305
364
2458
2980
975
96
2412
3313
164
698
2440
696
2644
3191
1409
2432
940
941
211
776
2294
3096
3095
2261
372
370
2317
877
398
315
2467
870
1844
1754
2823
2938
283
2582
1509
2011
1135
326
826
3257
447
798
1245
3330
28
1645
414
1552
608
2579
2949
730
733
744
746
759
760
802
761
2281
767
780
781
2918
2917
785
727
725
722
2954
653
655
2984
2981
664
2262
2978
2287
676
2972
1690
3087
462
459
3090
2207
452
1225
2206
446
1226
1692
2832
1231
437
436
434
1953
429
2354
423
421
1955
419
415
3111
412
1958
1696
1216
2634
1942
2671
2719
587
2725
2614
3159
340
3160
335
332
2603
2599
2594
1244
322
320
1261
1273
1285
1286
312
1300
1311
3168
1206
1044
344
1115
1116
1131
1137
1139
1148
3143
2906
2338
262
578
258
579
3200
2738
959
1615
245
1624
1629
938
933
1649
1601
2759
269
970
1546
2371
1562
2727
2728
1571
286
567
978
1575
282
2357
279
2033
1777
3155
3153
1768
3146
1767
1046
347
1758
1036
1736
3117
1731
1027
375
2221
1718
2684
1713
402
1701
3082
3078
1013
2241
1012
2690
1684
1008
303
1674
2186
3355
3354
595
3290
2383
914
101
1094
98
97
819
2463
2957
1804
3070
2259
2260
2037
2110
803
2177
1411
1336
1079
1977
3317
1464
1175
67
66
1530
2964
1433
1114
1826
37
2093
688
1196
42
1073
996
892
126
2703
2704
1356
2805
3037
52
1182
2115
928
645
643
631
617
2437
605
2491
1193
2780
1107
2421
1658
883
1060
2125
1159
2049
1443
2647
2818
251
1841
3196
1099
1405
702
2112
1242
1353
2218
627
576
2497
1488
1981
1569
2170
1092
309
1923
2365
2693
2489
3098
2355
2225
885
3014
333
2353
2052
3193
682
1874
1500
2511
2955
1150
195
3303
225
895
267
2113
2604
1745
2514
2573
1346
3023
2913
2219
2389
558
3089
3350
120
2416
2967
496
955
2620
2551
2255
2469
250
2810
31
1726
3224
1233
615
3035
1308
1220
292
889
2894
700
1693
1322
787
1477
684
1869
2299
550
1396
2163
1106
224
131
1522
512
39
1299
674
600
2028
271
1038
230
3333
1932
2811
3001
1991
2867
2876
3232
1800
424
2865
3047
1551
1516
1702
185
1864
2850
3273
2791
237
681
3051
57
2975
2178
2837
1068
644
3334
547
426
3268
1337
831
1613
29
1752
307
1533
1223
1561
22
254
2638
2002
2224
1719
511
201
2829
2289
121
1889
3259
2382
3197
814
272
118
2677
2819
2817
2047
992
172
3099
2641
431
598
1669
1913
1480
155
2283
2258
30
2167
1462
2790
2788
1531
613
1563
255
2863
2651
853
1059
2934
229
1360
634
1097
2433
1985
2745
3353
1305
2410
924
2688
1626
1989
641
2664
3326
710
3145
2796
501
427
2509
663
1925
3019
3107
1983
196
2771
2513
2930
1440
1573
1278
2595
2860
2856
475
2787
2465
2408
2795
1490
2145
2750
2129
3077
1501
2781
2192
2306
2009
1504
3165
3079
2478
1119
3142
584
2084
2815
1328
1018
50
2701
2205
1980
2726
2089
979
410
2106
3088
1594
1872
1372
1867
2808
656
1238
1351
3236
1553
2897
2183
1155
777
2779
1414
1857
3061
388
2752
2739
3161
2977
3031
2700
1891
2804
3215
2927
2806
2247
1755
2753
3053
2278
238
2970
3018
2659
815
3198
2716
2147
187
3219
3163
691
2445
1194
1966
1127
2300
544
1083
2058
2682
1769
3066
546
3113
867
3048
1470
1786
188
2056
3296
568
383
1436
1070
2053
2005
1352
690
2600
3233
470
2447
1355
982
1329
980
879
111
3007
102
2236
492
2767
2048
1972
1617
1303
989
1783
2243
2319
2295
1257
1707
1567
3201
3256
763
2431
193
2689
467
847
1157
3026
1564
1970
3141
1184
1965
2153
2632
737
1511
618
1959
2202
1951
1366
1765
1670
1614
731
1160
1853
1389
2026
358
2864
1638
2555
728
1940
1234
775
2567
1798
468
2613
2046
2423
675
1781
2140
2905
3188
1448
995
507
2082
1664
855
1471
495
1737
2367
3245
2393
915
2540
1379
1650
417
876
540
1401
1599
2674
2358
3024
1168
1515
266
788
125
1428
2336
1843
2929
18
1275
58
481
806
33
3022
2822
2189
3312
1764
1651
302
984
1785
1931
400
2022
778
1770
3294
2812
41
1946
1982
2270
1255
479
2230
2007
1294
1180
2892
72
506
622
105
1243
670
795
443
2658
1262
1866
1143
180
2069
3265
2104
1986
3208
296
1129
314
2364
1460
1465
10
215
2460
1686
73
2785
2518
1081
1437
3071
2736
249
291
2568
432
2242
1031
790
55
2935
350
1382
692
2532
2275
3156
214
2405
2141
2880
3299
1151
268
2994
1077
1791
654
1431
2656
2139
379
2366
2321
3227
1301
2438
1178
2499
2735
2498
2035
2890
1657
1306
373
463
1971
330
2566
1812
2155
1528
2712
1025
1994
310
1902
2663
2844
76
677
2044
1885
1565
2067
3213
518
3086
231
2424
2777
1882
800
701
946
1290
1862
3039
2737
1710
285
1935
115
3073
1033
2059
2983
783
2439
77
2179
132
2680
2611
974
837
1007
3110
1010
531
54
2711
934
2699
1174
2078
1870
2606
773
2734
672
3222
604
1759
2851
1787
2591
741
1914
2426
304
2013
3152
637
450
3065
2668
3118
1430
657
1444
2731
2596
636
1482
1124
336
3178
2542
1203
5
3260
1656
1456
520
1892
2075
3105
2877
559
3342
3030
621
2999
1476
2834
907
3199
3124
2676
2484
1603
1207
1446
1368
1450
2171
2086
448
2612
719
3045
2362
1689
1542
2096
53
1580
1258
1706
2576
3128
593
171
2378
329
543
2235
1717
1532
2411
1990
1205
1618
384
720
1625
2083
318
965
2531
466
2196
2064
1776
2618
44
1125
151
1820
1677
1928
2769
721
2609
1957
2290
3123
752
1578
1961
1513
1241
2592
626
860
3020
848
454
1176
1365
281
1987
2097
401
2826
2870
3133
699
1537
789
1110
2302
2831
51
2932
2586
3129
465
2430
1663
391
1729
1975
1616
2493
1678
2135
68
2649
1639
2559
1296
441
3231
1905
2687
2279
585
1858
2729
2374
1917
2481
1821
1556
2942
1909
1348
1992
1883
1140
3052
685
1227
1452
1189
862
175
2968
361
2744
2479
2197
2840
3103
2190
596
2713
1214
2705
632
1342
2948
945
1441
3114
253
1596
1190
799
3012
2168
1742
247
998
2965
2846
2673
1022
298
428
3121
2256
3000
311
2016
770
2794
2133
2743
1144
3238
1109
138
3205
2436
2194
289
93
851
1259
3297
1472
908
3131
564
1496
1926
1897
406
2686
2394
275
2821
1514
2215
715
961
2032
1733
2148
2866
3269
1112
966
87
378
1967
2031
334
2667
2017
2997
536
472
751
