2827
7486
4405
1465
8051
7288
765
24
5997
988
617
1777
4556
836
5573
2126
690
2061
3790
6172
4093
115
4415
5379
7889
5824
2617
6750
6911
779
4185
2128
4040
4958
6992
91
5769
3298
4425
4095
1002
5018
5124
6530
7946
4778
2488
7643
1133
3089
4007
637
5996
5555
2726
7592
2294
7961
407
4391
2207
2969
4192
7191
7670
7095
1291
1659
1326
6293
8095
7426
1228
832
3968
6442
5486
7416
6522
7268
351
6146
7648
7068
8049
2692
3187
2649
7331
2976
5322
5601
5270
4072
532
5046
1541
4456
7804
2619
1530
493
1922
1089
2377
1735
1627
7231
5520
1706
3431
7082
4892
6077
6386
6459
517
3834
4470
5887
6541
4433
3464
4023
7765
6462
7443
1795
3443
6240
1413
6983
7539
3789
812
3787
5415
2055
5854
2909
277
4032
4382
7228
1578
4809
3895
1744
665
1348
2690
5902
4826
1455
4314
7277
7890
5826
1255
4066
42
7138
4036
3061
5531
2505
7242
3226
1996
4205
8014
268
953
4529
324
4301
6446
3224
3234
4300
1835
847
2213
199
5947
6874
1764
4834
4955
3760
7318
7170
5490
5053
4380
2142
5190
1841
1933
3655
5105
6877
6584
563
3810
2735
4172
7343
1806
2860
5517
6526
2071
353
6700
2010
45
3039
6042
5297
4377
1117
3867
882
3104
814
1889
3279
927
1643
5002
3792
5176
7145
548
5656
5542
951
7002
7769
7984
1621
8070
13
4900
4022
2479
3175
3045
3590
5149
3580
4586
1556
4067
7246
188
2587
7313
2742
3321
3679
2295
1407
5917
4106
394
6524
4180
4877
681
1801
5795
1843
3009
5420
2141
1088
3294
6982
230
3638
375
3693
596
6478
5784
6536
5981
3589
1655
6889
6885
4272
489
7632
6207
1515
6175
40
8067
8003
4086
1554
4407
2857
4795
877
718
1177
4887
3531
417
2818
3563
6888
6625
8037
4215
1487
5741
682
6659
866
5318
4254
6739
3358
4082
7524
2113
3767
5885
931
4552
3328
1181
6960
7689
5140
3204
441
3652
8029
4574
6682
8027
3128
1576
627
722
8038
1464
8202
6851
620
6830
669
6809
2513
3667
1091
1427
5797
5497
3599
5353
4961
6227
6653
70
3368
7144
1650
933
8006
2452
19
6118
7555
7389
7195
6493
5558
5632
3459
7926
1004
2480
6782
5312
1053
2792
6117
3550
7833
1823
736
5590
3979
206
7743
3797
1463
4213
1623
3920
5264
98
5122
3574
1600
841
650
315
4703
4521
4831
2769
2153
6419
6157
7143
5676
7671
7260
5280
6180
6189
3023
2817
1807
7557
2785
710
1478
7111
7739
6823
3480
2463
783
6422
5880
5698
404
5289
6758
104
85
5759
1029
7279
7863
4604
942
4867
5287
4914
5895
1480
3591
1962
1083
3415
6467
5896
1010
849
5643
4341
7197
6753
3075
7042
6282
1040
1252
4221
6920
359
2209
5117
616
3737
7094
6901
7391
1580
28
7079
1320
4973
5735
4762
3388
1988
1973
5687
8034
8099
3565
4578
7073
5804
7428
4708
5752
5168
1870
2607
4994
4073
4734
2657
1856
160
3487
7802
2378
7314
5961
3379
3593
1604
7720
8146
3084
2893
4704
6423
7875
6074
1559
1880
4442
2438
5509
3173
1687
1374
4186
1999
374
3698
6797
1849
6453
3573
6037
1679
6779
4327
5351
5585
486
109
2481
4830
4674
3730
8060
4426
4979
2118
41
838
834
7392
3488
6450
4844
2670
1102
4822
2559
1862
1626
2008
6441
759
5848
5662
7038
7534
4797
4059
5582
2344
6019
3195
6400
3
2499
203
8005
2117
3065
2375
6477
8069
7077
5157
3612
7616
3398
3372
1539
4878
1343
5823
8093
3576
1712
4053
8050
8068
8182
6506
4921
2091
4190
8059
916
2898
4768
2810
1782
2710
6145
4262
7084
5493
3634
7766
7041
5237
6214
3222
6981
7316
8150
6141
1895
1770
1220
302
6103
4196
305
1788
2526
3953
3213
7580
6756
7810
4041
5109
314
5841
2001
750
3614
1448
5743
2510
2025
5888
8036
1754
1728
1588
564
815
2034
7973
772
6013
3439
5403
4736
2918
977
3626
7709
7069
1429
1887
2139
4013
1583
1542
2615
2868
3401
4469
246
1780
2905
6083
3153
5182
3967
4094
4392
937
1188
4637
3530
2398
4995
6015
703
6702
6475
6448
4783
5708
5183
3395
5920
784
7150
2214
6226
1227
3942
3888
7188
4787
1292
7951
7014
2702
7559
4862
2058
1892
4782
6652
2502
2023
6956
6472
2743
3705
4129
5954
4828
1488
5262
1820
7779
7865
2888
622
4741
5212
7884
6648
1111
2446
5037
583
1244
4194
1412
2329
4874
5779
1859
296
165
6975
2632
6394
1760
1640
173
1864
6642
2347
6799
4643
7254
2724
27
7854
580
7992
992
6370
6411
6236
7618
3310
918
5092
7407
7120
3602
7940
3564
1829
143
516
2759
6585
5722
5257
7196
1015
1716
2853
2075
383
7225
5442
7453
56
6967
3715
6463
6639
3732
3227
3641
4224
101
1046
4881
1307
7103
318
3230
2750
6198
3823
6068
7968
5975
1021
3412
6994
5095
6484
360
6837
974
1601
1254
1269
2174
5372
6323
6574
3587
2569
7520
7521
6604
1453
5099
2967
5593
5233
6884
6231
5327
5786
804
5617
4098
7719
2154
2720
3980
6276
7617
6139
3709
7597
1715
715
298
6372
5695
5654
6126
5650
5924
4806
7278
3925
7083
4701
2975
6859
2278
6668
483
2471
403
3210
7005
4512
76
3132
1145
5416
7838
1589
3026
329
6249
1058
752
1717
2662
7778
1965
3457
4398
6643
7403
6746
7436
2385
3549
5534
3546
3343
3445
7857
4873
6906
727
1152
6863
3223
2805
3070
5877
1333
462
7445
5960
4020
6773
2476
7969
386
799
6054
3306
2359
2262
2663
5791
7577
7113
7224
5073
691
6421
1730
5605
6655
6375
6621
7158
5607
6449
1384
4885
325
1367
4579
1284
1575
4805
5515
2987
2540
7898
7264
1946
3302
5883
6121
3585
103
3138
234
5400
5200
154
5825
4039
3674
6167
822
5907
4033
124
4359
7631
8091
2311
4202
791
2660
1007
4536
1112
8054
465
4499
7311
6335
2715
8166
4219
6020
5005
257
3876
6033
89
7317
297
3900
4988
6031
4664
6618
8100
242
4754
183
1070
2212
1034
2316
4743
6388
2317
2320
4076
4776
4794
6281
6252
2161
2417
6208
2448
2112
6491
2087
970
2454
6527
4720
3997
3754
656
3644
4495
2776
7819
5817
5813
706
1645
7836
4863
7045
466
5799
6341
2884
519
7956
6861
7859
1830
1790
6844
4611
1691
5471
4472
5406
5136
5078
7345
5147
4390
2763
5086
5041
5864
1
7782
3538
7350
1245
7245
459
4171
755
7114
7078
4295
7200
8142
3854
3541
8134
1868
3462
5173
3654
1768
1260
409
4655
4338
1759
3519
1158
8185
8129
6268
1282
499
3948
2933
6595
1202
5142
6425
3093
2450
4748
4182
7772
4870
3818
4340
414
5757
7736
4218
950
2473
7848
6476
2846
8244
8243
6397
3197
4918
3861
7487
7895
5898
272
3430
5504
1938
2777
6006
3769
7504
4588
756
1831
3106
1051
2640
3179
2582
5581
437
3619
5994
3309
355
570
189
7308
4494
7289
4060
4773
6399
2641
1336
6097
8119
8120
2625
6704
4148
2464
3016
5696
3844
3970
78
7952
1579
1200
7684
3910
7408
5958
975
64
6579
1127
5681
745
3360
6847
3847
5389
3472
3011
7948
4625
7569
278
2504
4237
7910
2809
214
4089
2310
340
1926
5083
48
2357
484
2439
646
4680
2831
4564
2775
4240
1872
2199
7594
6800
5137
535
2589
4163
4932
100
5437
3278
5348
1404
61
4660
1844
647
4147
6611
5201
2908
218
5611
1518
2941
2984
7505
6203
3710
8163
7763
7823
4316
3765
3815
7619
2302
2725
4090
1196
609
2814
2596
1838
2518
362
7685
8234
3843
1649
3658
1931
1724
5058
4015
3025
7542
5661
2140
3777
782
6325
2487
4298
3329
5012
4814
7801
1761
2591
7560
5897
7222
5521
6630
724
3421
6488
3766
7727
764
3258
5144
3831
4099
2445
397
699
709
6036
7692
3246
4913
4069
3193
7647
68
4667
4597
3289
2243
971
5284
2336
5452
4739
5034
961
2236
4915
5809
4501
3956
1389
7215
2822
2033
3194
5580
164
5709
2155
1507
7905
4388
4485
5918
5930
4609
538
4349
1358
342
6271
8073
6572
212
8214
4288
2770
457
7098
6288
7634
5071
6909
4009
7547
1080
6185
604
3440
5499
6110
8177
7867
2314
7891
5649
220
7418
1563
6635
7013
5359
7202
1997
6932
2555
7591
7846
1074
4839
7841
2162
3712
6134
7257
1081
2534
2774
632
244
7600
4160
4605
1865
1948
3544
5106
6894
5017
6519
5255
7642
4757
2730
2682
4675
5357
3697
2911
672
3527
809
5862
1219
8
588
5203
6591
1233
7274
3170
502
7957
5155
3533
4153
479
2420
2005
1184
2432
6509
7840
7883
3860
3886
644
5940
5364
30
1410
3832
2664
3921
4001
2713
7300
6663
2877
3625
5612
6740
1686
2661
7924
5931
2038
523
1423
97
6734
7173
968
7473
7868
5989
5436
3820
5852
7422
6170
1179
4021
7637
7271
4071
1568
1295
5802
5213
7792
456
3380
7607
1941
1371
1598
7024
1013
4786
6023
488
4002
4238
6257
3146
2748
1262
3863
255
5440
1438
2229
2484
1142
6127
1562
1827
2100
1386
6096
608
3117
4966
5829
2797
7676
6938
868
7342
1624
6568
3386
2616
4158
2535
432
467
3054
2474
356
2688
5341
743
5076
6304
1925
4688
6317
2067
2194
5224
159
7131
5844
1527
7380
7826
3857
7357
4113
4116
2930
6067
442
5629
1663
3416
6502
2517
7515
4342
6763
464
3345
2172
2421
3370
1713
4112
7302
6151
2739
4533
3836
6321
5700
5959
5501
4978
725
4998
4632
7603
2638
43
817
967
3018
919
2284
993
6662
5787
3978
4217
5394
4081
3675
7991
8127
7241
2734
2671
6953
6706
7699
2863
587
761
1100
4766
3719
3323
505
6051
7927
8057
3315
6778
7546
5949
6999
6485
1356
3305
1264
2097
1496
5805
1904
8238
1402
3159
3706
571
2612
6836
5226
3381
6516
4152
4274
5047
6445
2412
2495
1967
3686
6334
7907
5748
162
5690
5508
140
2691
1711
6754
7931
7346
5333
5596
5487
6094
8015
7127
6969
1199
2256
5991
4133
3140
419
869
3050
3853
2537
6564
6599
1025
1214
842
1500
3995
520
833
3801
3184
2740
7847
1936
3465
167
2733
7273
7421
825
2031
5926
2766
8061
3828
6513
6563
7929
7298
4749
4813
1031
1878
6480
2959
6032
1854
3750
645
897
5943
5259
2325
2639
7862
452
7982
1222
2342
5818
2620
3447
3539
301
777
7781
1654
7283
3217
1191
5771
1949
7076
6079
6061
338
2257
7818
2050
2444
248
2455
4938
1322
4980
5899
3562
4189
1218
3382
5489
2811
902
3938
3283
1350
2834
4693
4429
3799
3373
5901
3954
655
559
3821
5663
6018
2054
8154
3012
6801
3172
5576
7675
1511
5045
2177
1693
5545
5419
935
6654
3988
4079
398
5462
2795
4088
2244
6583
4117
4544
1664
4696
4131
6741
331
1902
6179
4385
3351
1512
4056
7794
7633
6256
4411
3534
3907
3476
4052
1721
4812
2679
4507
7411
7511
1861
3569
1456
1689
477
2944
1155
7369
2711
5488
2273
210
2917
330
3627
3496
7715
4068
2060
2182
712
1571
524
6876
1947
2247
4461
3874
1847
3976
1920
6393
4389
963
2825
674
328
1153
6489
4905
2709
7052
2391
7497
7797
4003
1900
7088
1714
3577
1235
7424
1486
2271
3774
4229
648
6560
3722
741
1054
1612
102
2110
139
661
286
767
7966
6864
7377
3610
4054
1671
4096
5756
6092
678
1775
4904
707
4458
2211
6989
5803
2699
1373
352
6402
3181
7159
209
6284
3568
178
1274
7175
889
5763
567
6143
6144
4497
1616
5378
978
6297
3983
4275
3846
5833
7551
1470
5040
5858
1048
413
7152
3029
450
5754
2939
7386
789
6744
1035
463
5476
2738
262
1701
8209
8213
888
2408
1548
7484
5511
633
4686
228
2225
3651
696
7702
6865
1106
5194
2381
2328
1555
2672
1134
254
2049
1173
7583
6313
2746
2965
4723
4438
4872
1719
5171
1961
7906
1585
7726
2442
3816
192
25
6352
8107
5126
6712
4818
2011
1752
2899
2461
1504
2722
1972
7297
130
7234
2006
6721
1590
7401
4417
3241
3753
5151
6838
667
1853
1817
5697
2886
2791
2383
3494
3155
7220
7372
522
3206
625
3461
3394
893
3168
640
4260
1052
6732
6895
5851
3384
2645
6436
4760
39
4257
3731
4668
554
4896
7312
4752
1656
7673
624
5552
137
1469
5992
2431
796
7326
2338
399
5865
3504
5772
827
7525
4707
4423
1009
4355
3022
6857
4173
2392
290
7291
7323
4142
2598
4498
3601
3749
6977
5020
3871
7705
86
2339
6935
4807
7716
1128
3176
3611
6764
6060
4991
1609
408
3524
1023
7554
7093
6396
7697
451
2611
5514
3399
425
6504
7784
1107
503
525
4161
5715
7413
2658
2647
5074
2892
2416
3047
1299
7332
215
1939
4179
2979
6398
3514
71
5860
2842
2042
6106
1816
4678
166
3776
6053
4343
1963
4684
7404
3717
2261
4543
7944
3158
2348
5969
5185
1361
2198
2039
146
6617
2757
3131
7399
4902
6348
4384
1560
1625
6803
7897
323
5293
4582
4431
6501
2912
545
3761
1203
4348
507
5970
3376
1426
2120
7921
7752
5768
4845
2717
6701
2988
7809
527
3806
8169
1037
4156
5240
2737
7767
7420
3248
7760
1896
2228
2732
7920
8108
1591
4596
6150
5780
7183
7915
5892
3636
6807
256
739
4558
1266
6470
4317
1667
5977
2160
7609
3240
2628
5057
748
3265
7310
4105
5166
4435
3491
2958
3364
1039
5598
3927
7125
6733
5560
5680
3245
4264
2637
4045
8225
7039
5458
6434
4361
1639
2237
8083
3125
7117
3617
569
7056
4465
7479
129
1646
4322
5424
1066
6622
594
8025
5910
7028
4972
1879
7498
3080
1185
5728
4815
4670
3768
5235
7439
4383
460
2850
3122
7385
4344
2835
864
4575
6551
2293
3021
1387
7967
6556
3127
4592
6468
8085
546
3160
614
7639
4763
7934
2089
3366
4334
5446
1482
2704
2046
7363
105
1632
3726
6657
5032
3383
5869
7463
7305
7050
7636
406
1270
6377
5281
2719
4369
1523
2169
6102
3964
21
1980
2760
6557
4612
6259
1582
307
5395
5077
829
2508
2227
4283
2362
6063
1446
4350
3901
6730
3734
6280
7734
65
3243
5236
581
2936
6340
2999
1141
7205
4247
2674
7446
2995
7983
7568
7981
4893
7533
1043
3936
7384
3238
2986
4249
4312
2828
5506
4195
1240
7174
4658
7578
219
5009
1278
1958
7086
7051
5692
4837
7724
7979
7817
1793
8071
2327
2521
5229
8058
7043
1172
671
8030
2768
7892
7690
5062
2281
1832
7398
4103
6166
6420
3665
31
7942
4162
1457
8007
4640
1420
2235
6995
79
8048
142
2131
6879
6833
3107
4859
326
3211
2546
6624
5470
6351
856
7037
6749
3528
3548
72
6769
4681
1907
1183
4928
5516
5485
4483
1633
3096
5538
2150
1783
6788
898
3687
4241
3745
141
6907
958
5026
191
8157
6814
2176
1957
4170
5597
4738
4309
6789
7553
751
5407
1648
4910
4050
295
5205
3190
2114
6046
2044
446
3741
3341
4110
3906
1169
536
1750
3301
5568
2840
5620
1538
33
5468
4403
4296
6469
5427
5660
738
3884
3005
6088
5453
6695
222
4645
7508
6378
7036
1599
4990
4712
3207
2164
1876
1357
3699
5936
7034
2156
3826
2028
1536
7586
679
5252
3721
5889
867
7008
7998
96
8110
6603
113
1289
6111
2931
6985
6875
1109
6933
6645
4584
169
7737
6405
2525
2821
7203
1014
7960
5035
5227
2032
3292
5425
2322
5366
285
1502
3916
4346
1610
940
626
1990
6853
6490
7304
5678
4511
3607
7994
8074
3397
3965
3393
5679
3426
3406
6039
7917
2564
1884
434
7510
5774
7711
1224
1637
1237
2466
2613
6737
8196
7102
7015
5684
7405
1553
1472
2560
1960
2306
7894
5822
8023
5557
4336
4774
6432
1630
6559
2801
3422
1124
6206
4882
6620
2862
785
121
1154
900
2633
4897
4792
6868
6870
1143
4372
2922
4649
6197
2723
7337
5866
983
7368
6692
2468
5245
3330
4568
5014
6196
853
4008
6531
3428
8221
6561
4138
221
4048
4115
2066
6819
5875
1452
4825
1753
4430
4188
4439
3095
7717
7955
150
6713
7471
2202
7683
2800
3485
7294
7275
1215
4387
3452
754
4443
5753
874
5606
7787
773
1774
7629
5483
3855
582
3463
5102
4535
1364
5513
396
2859
7359
3529
63
3027
553
2400
2020
1520
3600
2409
3713
4471
5983
7656
3668
5225
3856
5659
4242
729
3949
5551
4012
2374
3791
3114
5451
6002
984
1808
905
3435
1440
6466
5505
6016
3118
1431
7869
2650
1758
4046
1546
387
4925
4292
3020
920
2143
550
991
3260
2883
5838
1611
6383
1653
2151
4909
3616
1910
3615
4246
3285
7454
7061
2158
5339
1036
5859
3952
634
3934
3327
3930
998
6521
4404
1680
4531
2121
5254
135
4793
7824
8098
1369
1208
7522
1641
2554
280
1147
2204
5276
5060
5923
4758
6930
5691
8181
1330
2215
5742
4976
4964
7980
4514
1697
4730
4764
2180
2406
3303
7500
3570
549
3598
7667
6974
8066
2798
3733
1737
4553
1516
51
6719
7808
3556
458
5588
4838
4027
2950
4864
2781
1283
5945
2698
5719
7645
1928
5798
734
2541
7184
6050
7856
6518
2106
2191
2052
4607
3552
3237
7587
3661
1038
3605
4727
2300
959
1690
6114
2788
4149
6052
2475
7669
7118
1894
4363
2369
259
5265
1976
1545
344
2904
1359
7320
6230
7790
6856
3286
1178
6931
3513
6216
3990
2429
5386
7615
8153
3312
433
22
424
969
3840
5871
7677
1977
1537
3126
6508
4474
3684
3282
5666
4570
704
5550
4614
1978
6187
3458
576
3348
2636
4279
3001
2519
713
1411
5010
174
4984
2193
5031
7776
402
7321
4623
2561
1890
4084
245
2245
4775
273
5361
7397
3396
666
4583
2869
3724
5068
4354
6210
7089
7682
2887
4722
4181
5919
2643
5006
4554
6128
2926
4505
1573
7851
2623
6270
6346
4216
2145
2111
3999
3586
7206
4513
3031
2823
7820
3404
5154
6855
4889
1290
1368
5621
213
2971
3015
1485
901
3499
5167
3003
3357
5884
602
2765
2047
3079
2533
7449
1312
6534
6544
1186
111
5602
3783
6181
6716
3931
4832
4999
73
6984
4506
3793
5302
7698
5828
4144
5968
6711
1439
2697
6174
1160
7085
5411
1164
2707
3720
887
610
4548
3149
2269
5448
2973
4476
6762
1409
2716
7285
5025
5474
372
5423
2608
500
4679
1535
3778
4305
1139
7309
3909
1099
6413
5567
2783
1937
4413
4019
1855
1481
2217
7281
2146
6456
4065
491
4101
2686
6057
7303
2838
4228
740
1182
5479
2346
858
1657
6632
1067
8149
8220
8167
490
3660
6165
2829
5177
1593
3161
8084
3336
7843
4756
6961
2053
7057
1845
2224
5706
3555
3518
3645
2653
4424
7722
8239
886
1914
1171
6852
1308
552
780
2465
5594
6412
8090
5345
504
4821
2921
1042
1917
3377
5186
823
5021
1550
2350
3284
2426
3469
5444
2910
4729
6390
6793
1745
2799
2997
4677
7409
6082
6283
2318
3470
3977
371
2354
59
7263
531
1316
6896
5029
2626
3676
5244
1906
1355
5731
2551
4055
4315
283
5710
7748
4097
2978
7193
54
476
1381
6681
3324
250
7549
805
5132
2016
195
5295
6070
7105
7922
5434
5187
819
5251
6250
6708
2756
3497
3755
941
5050
4767
5279
461
8063
1866
7237
840
2084
3250
198
7406
1763
2387
4209
5720
4537
3077
2553
3664
7123
2572
294
5084
8028
3290
1257
2575
7185
1271
3449
4541
7244
1408
3581
136
494
1018
990
3048
1115
2656
1605
1811
4593
2036
6525
3672
7770
801
7997
6164
8208
8094
444
253
5801
643
332
1076
4610
7932
5457
5491
1586
6225
6354
635
2216
119
3055
5592
3663
2105
2833
5219
7899
5178
3174
5564
2635
5836
1726
2022
1294
3680
4447
4058
3049
2326
4725
8198
8188
6404
1850
1293
370
4836
8117
2102
5627
7970
6337
6182
6205
2405
1767
2101
3059
2543
2714
7827
2365
2007
292
3892
3659
2427
1130
5377
6418
1727
7214
289
762
2695
6098
3239
1824
2506
6878
4473
2678
1327
4204
2874
865
2932
4253
2183
88
1198
6014
7904
6073
6159
2694
4566
3986
5267
7753
4028
127
1071
2436
6154
5401
74
6638
7060
2092
5556
3735
7723
2952
1045
2415
1642
3809
4285
7837
316
5371
7502
4850
4580
2286
2
5932
8187
6545
6391
1094
7630
4291
5376
6684
7713
1821
1242
7950
1662
579
1964
7287
539
5367
7855
7501
2384
1913
471
3628
8032
5320
6403
7558
3129
6673
1442
7177
2629
1236
249
2149
5096
1501
5971
3543
4647
4745
6669
979
1786
6570
4114
1684
6087
240
7512
7395
6465
1321
2234
7548
5247
116
4421
2745
3813
3950
6537
2330
7049
2000
1757
837
4222
3648
1899
5013
1344
1175
4977
7999
7516
7518
2263
4010
6697
4857
3887
3198
2233
1189
4613
4550
6409
4842
3066
1810
3169
4175
7885
3091
7417
1932
5118
1766
6497
7
3924
4515
6479
4038
3913
2147
3481
7258
2624
190
6831
4940
4603
6498
6384
2040
948
7458
3506
7850
3865
1309
3088
3532
4308
3894
2552
3354
3864
5714
2123
2512
1620
4201
1498
1275
4250
4931
8079
7431
2855
6898
1212
1121
5938
7939
2703
3273
4434
4234
3182
2304
5675
3456
3413
7596
2003
2279
6306
1505
2231
1077
6338
2250
3467
5209
593
1028
4929
6192
55
7996
2482
3293
4087
3451
6720
6269
5962
4282
4480
793
612
8152
5701
8113
5481
2283
675
8104
8123
2767
2248
4735
8232
2557
1794
4261
4639
5553
5876
6633
6634
7025
6371
4629
2627
52
1848
2947
2004
6586
3748
6093
6950
5070
5435
8144
3633
5665
6343
1781
6199
4761
2135
3352
8088
5208
5375
2460
5831
153
6826
5934
6770
7866
4653
2341
2565
5857
1068
5767
5170
482
6224
6035
5669
2731
4697
965
1370
4248
3572
4091
6105
7456
4353
7229
1250
8012
5528
7400
3981
1975
2399
5300
790
133
6122
275
7217
5951
7593
1261
6291
4569
496
7706
4401
1743
788
4475
2566
6366
4970
3917
7614
2497
3269
2485
8138
2070
2098
3038
4919
3334
2784
1016
3885
4594
4306
4414
4455
6667
2307
6055
2549
2312
7355
3966
5464
8116
4856
7299
5019
2665
909
6610
3786
6587
1984
1720
207
4178
322
5480
3650
642
6550
18
7882
7761
7576
6059
8080
6201
5939
7104
2079
6212
2226
6177
4446
1149
3639
205
4418
7157
185
7941
700
455
3839
6027
3700
6751
3517
960
2349
6091
1304
6850
5016
343
1122
3830
4293
2019
6693
8217
2258
49
3764
5422
1982
5705
8114
6636
7074
7211
1223
8011
4467
4835
3537
4481
4150
478
7674
4523
7151
3478
6228
5447
3520
6612
6289
4487
8121
6112
3817
1400
3899
6728
892
4949
4210
4245
8031
7179
573
1078
5677
1055
4468
5507
3287
3425
1390
3119
2741
2133
239
5079
2063
599
771
7194
6219
5610
575
3295
7745
5272
1137
4621
1318
2418
3455
7750
1731
3547
7507
3342
390
4937
4528
5840
110
5381
943
3595
6674
1075
8205
1110
2705
4259
7532
3825
3647
8184
3609
2013
2895
3340
2585
2254
3218
2599
6474
6848
2096
3694
276
917
2684
4939
1905
3133
818
5199
388
5911
144
6438
1755
2977
7718
293
2280
4860
659
1674
6825
7628
1751
7087
4509
7470
7646
1738
7361
2579
1211
6854
4364
6163
7448
589
7116
1417
6012
6670
3681
6675
2747
1379
6761
3196
82
4855
1272
7415
6685
5664
2536
180
44
8237
5855
944
3363
4326
3268
6806
6142
5380
3232
1955
4211
2148
1213
1372
7523
3097
8078
5004
7218
2545
7371
1709
243
7832
217
677
5418
1026
6392
7780
3842
6003
7953
87
5704
2078
7238
6064
8001
5512
6925
4577
506
423
6108
1574
1174
5273
1614
1644
4922
7731
1991
2864
5821
5711
3551
3918
1474
5770
5473
2069
2963
7477
7588
857
5941
3859
6330
7072
4853
949
543
2353
4601
8215
5260
8115
1162
1352
2403
981
5812
7974
4941
6499
6220
8194
7482
820
1206
7653
3212
1877
7062
5837
1120
3163
1454
1019
7348
7742
435
2494
4866
2928
3473
7530
4895
6028
350
2940
8175
6546
8199
5218
512
7379
5408
2190
7315
3495
8010
2968
1903
400
7902
6794
2845
693
972
7816
7887
2956
4894
1666
7153
3987
4214
8236
3785
986
291
5111
6263
2264
7625
8043
8040
6374
1256
5974
1059
763
2642
2324
8212
6011
6395
4278
138
708
1741
1935
1161
3770
4546
8076
923
3822
7541
4287
1020
2218
313
3123
2994
6616
4685
3236
341
7852
2849
6349
2992
7531
6955
2272
5051
6644
3202
1950
5559
7460
4351
5519
8021
2109
231
4289
5214
2755
2826
3067
6043
6514
4399
3201
7226
389
1473
668
381
8075
7703
3897
1126
6457
5845
5246
186
7704
6553
7451
6776
5658
1839
1424
6258
1989
5749
1636
1056
7030
1334
721
4208
366
5789
7353
6846
6298
6647
3932
6755
732
638
7252
7842
3522
5024
4633
4258
3812
3521
2299
2819
2490
2652
7284
36
6065
1221
5979
6365
7830
8155
6267
2134
6528
6676
3649
10
1416
3951
3225
5138
6577
5937
2275
2056
4671
6260
7033
6359
7478
4960
1631
4078
5374
6458
6791
7872
1243
308
5948
2099
3254
4890
4063
7250
6295
4959
6817
619
2298
2830
4769
6661
2815
4319
3040
3526
1994
5853
271
4321
23
5340
4753
2644
6115
6038
2364
3266
1617
6332
3773
4166
7339
6812
1803
4107
4030
6598
5266
6892
702
1561
4808
3702
392
2590
1987
270
6872
1032
6543
4657
6353
4136
1382
3318
2251
7638
2238
1992
2115
3510
7777
2934
6307
1661
1049
5108
1634
2159
2669
6329
7106
2187
5999
4662
3673
440
5944
8190
4562
4500
5370
5
4450
6246
4299
8055
6047
4559
566
4676
3139
3251
2938
3604
6237
2524
3743
2687
6153
6136
670
537
6696
2424
6001
2507
7341
3056
5332
336
2925
1566
4817
7964
3073
4044
1166
8089
266
1098
1528
6929
816
1477
2824
6547
6357
7517
2907
3437
2902
2878
5129
204
2259
5015
3629
2677
4819
3642
1708
5352
912
3424
3889
3344
2343
3904
2376
5456
3414
263
4635
6511
5324
5957
4026
6628
1942
7659
714
3165
6056
1718
2852
5355
1867
7133
1981
1418
3622
2787
2701
380
4318
7537
513
5972
6946
1241
5104
4102
7198
6637
177
4962
6427
2567
3621
2015
3849
7806
4694
1873
2851
410
2276
862
5608
1998
269
237
4997
2943
4798
6767
2856
987
813
1851
7873
3180
6078
8000
4373
6705
4996
1773
4733
6149
6796
2017
5093
2496
5478
4011
4560
8164
533
6972
2954
8118
1798
895
1471
3035
7860
7528
2477
6606
7584
598
1340
4841
2394
2897
7018
1669
501
629
7099
1606
3762
6627
8180
2885
7019
7167
0
5223
5980
2456
4239
2894
3178
3215
5331
3037
5409
3682
8191
1497
5000
1484
2173
5579
2185
6722
3014
6433
1057
3992
4963
3053
883
1332
4466
7247
7880
6440
4018
4482
3870
6552
2268
6292
2981
4137
32
2970
1483
945
1392
5299
2681
5383
5502
7322
3108
468
5049
749
4419
260
2953
6832
4335
4464
2355
5835
4199
6891
1263
2253
6820
1959
726
7879
1688
1306
4460
3998
3756
7301
555
2266
7959
3434
6125
1615
4043
7442
7712
5595
1360
317
2401
7877
2410
1665
7803
6683
7608
3034
5443
1677
171
309
2807
5163
7652
5052
261
3701
1375
4567
1678
6318
7136
5107
34
6867
1685
4191
1430
3759
7344
605
6979
3742
1557
4328
6957
2152
5985
1683
4444
1069
1549
9
4251
6948
1681
6805
5525
4803
2749
1622
1772
6650
4854
6322
1911
1513
3511
5905
7545
3214
6566
7975
621
5158
7849
6912
1710
3100
4935
5498
4661
5128
418
2919
1592
7115
6301
346
1324
3209
7708
3371
859
411
7035
6988
4122
4477
8126
7213
2331
5221
3772
2602
6215
6428
3322
5192
4453
2500
1190
4146
6309
2352
7589
4587
4225
3082
4145
475
2309
684
7435
3475
1929
4167
7564
4017
175
2242
6959
6735
6265
1495
1267
2127
7627
120
7513
3833
8065
7253
2192
6672
2803
7367
2890
303
6367
3714
6245
6808
5121
4271
1943
7990
1692
2380
5783
1176
4924
1132
5256
6025
590
1704
5294
3136
3359
5065
2073
1858
1314
7000
6173
7740
2334
4031
1458
299
8124
1230
3387
1092
6899
5793
7365
7943
3516
891
529
4420
2920
618
363
6266
8223
107
3288
5228
6417
3890
1296
7758
6795
7732
8103
5346
415
1897
560
2960
7432
1239
7168
5914
2012
5672
2249
2631
5522
6619
252
6783
1079
2277
3199
3943
2794
7230
810
6286
586
2708
4489
473
3944
2363
1569
1363
3696
2165
8125
7058
7107
7678
4320
6824
5762
3410
6781
5773
6415
5175
7457
5298
4871
6048
2059
1852
3033
3588
5202
8137
5088
2568
7459
875
8235
1197
3099
6582
6363
5946
7227
6130
4669
4281
1525
7124
5413
5965
7741
2696
2786
873
2914
4802
4370
5180
4595
6247
5652
4402
5537
5820
7031
3893
653
2654
1444
6328
2116
6970
2291
4706
3819
168
2077
2443
929
106
1383
6076
1337
83
911
6671
3276
542
5038
3339
282
2457
6576
2498
4365
1461
2913
7773
1317
5986
1335
5879
7622
2843
5191
2622
4273
3656
1310
1519
6786
4304
7149
7425
6211
597
128
3814
4360
1564
2751
5179
7100
7004
2219
7834
7336
2610
5334
2340
2523
6742
6107
5963
4159
6188
3677
7364
4858
3281
6302
1022
7349
3362
1746
4801
265
5011
4212
1362
8109
7126
2305
6651
8018
8008
7032
3961
5510
2458
5563
3597
5503
4598
29
4581
1451
3242
1475
5081
851
6344
5655
5286
2511
7427
2562
7771
4256
1090
5258
5998
2144
196
2531
1651
4724
7764
1259
4539
1064
2998
2366
1001
2453
5609
1366
4197
4381
7081
6928
5405
5843
3583
6745
1944
2780
7140
5150
544
6923
6505
4280
5477
5667
680
6500
4357
6233
7916
1966
5391
3926
3905
5131
2434
7266
3441
6401
4602
508
2119
1011
1437
4140
1101
4037
4946
4396
5723
835
6717
6790
5314
5751
6689
5993
6845
5094
3747
2407
7461
5310
5572
5290
2104
7888
149
3156
3141
3852
151
8045
1342
1597
2867
3695
660
6243
4903
4875
1882
7092
1063
7812
2361
2014
6997
1779
5291
1277
3311
2712
6532
6
2186
663
6131
7003
7687
4737
3594
7199
3561
134
7759
5906
3898
4883
1300
2459
2773
676
37
6444
2437
405
5628
719
8210
7491
3881
6075
6133
1062
5112
454
6908
227
2957
2423
2594
3579
5730
3062
6949
420
147
117
5927
2163
3746
2556
5500
4236
7137
2037
2200
7988
5066
2601
1652
4547
2782
6273
6229
122
6238
8077
1403
2949
7610
5810
1818
1828
4971
1005
4479
4590
5445
5039
7433
2301
5028
6176
5336
3162
1658
3727
6482
5250
4716
5755
3535
776
2728
6772
711
6160
4307
3837
7259
6991
6917
7132
1705
2574
1503
7216
3653
6954
155
5463
6278
7572
3135
5942
7394
2761
1739
1732
2088
2167
964
1524
5539
910
7886
5716
201
7725
1378
7805
746
1765
6834
7009
4235
3567
2689
3192
2197
4108
1096
5600
287
6387
5873
6736
3805
1733
8111
6835
1540
5569
3429
7672
906
176
3272
1628
7552
5396
6709
7272
2588
5976
2804
534
6503
3423
8242
1494
2929
5054
8173
1119
6962
2486
6264
4933
337
742
5562
1138
3144
3484
1398
7754
2373
6287
7938
2021
5630
515
7540
3646
2754
758
3779
4440
5794
7155
3973
4454
1302
5712
6277
5261
4642
4049
1993
2478
3374
5536
7164
5800
6232
5495
7660
591
5717
4650
4987
1812
6364
2648
2024
187
2082
6319
47
3811
5160
4478
438
2813
7325
8013
6345
4436
7978
1105
4047
2045
5543
1006
871
1945
8216
4869
6326
2991
5064
12
2289
4779
7893
5342
913
5133
5631
17
4265
4648
7825
1514
1024
4276
2137
4508
770
2882
6221
4891
5750
46
6435
3718
4255
3498
448
4277
4771
2492
6771
3703
5159
3058
5356
395
5782
2764
1288
4057
3508
7686
2002
2138
6523
3186
5421
5990
5326
5115
216
5085
4491
6496
274
7265
6244
6010
2597
3689
131
7700
5648
5059
7611
5808
6943
4154
5670
4206
1702
8161
2875
6129
6703
5382
2230
6360
6966
3433
7728
723
2872
7489
320
7249
6862
7178
1789
4672
1433
8046
5317
3113
2576
5689
6049
3017
6752
1329
1723
6881
4695
5893
3492
7870
1468
7382
6255
996
4884
5765
3908
4540
1551
4943
6592
794
5739
8158
3482
2027
5275
3540
148
4545
58
6155
3848
1050
4290
3933
4879
3137
3297
3877
2290
2188
2043
6919
5282
161
6123
7815
7635
11
5777
6290
6839
5139
2858
3270
557
3460
2462
4437
5410
3691
3367
540
1445
6567
7429
6483
7207
184
4705
3635
8193
6455
3436
7236
53
5288
6041
6095
426
7108
3795
3974
6200
5575
6952
6261
5913
7839
4930
4311
2205
3493
1086
4880
5707
3937
1479
5369
4061
3071
2157
1301
8039
5570
7829
3076
5197
8017
2489
3052
4302
2095
1125
3043
6748
4944
6575
7423
3824
8002
145
7503
1113
6569
5995
3253
6072
4800
3046
7295
5565
1584
2659
5933
7925
4847
8206
7414
7563
1033
1934
3221
5125
4294
6980
4982
7162
5196
1434
4945
5699
8172
8064
3081
3264
2832
2360
4732
7937
1547
4397
5130
4371
6430
3255
5616
926
5577
7393
1875
894
5532
2447
1394
4840
2676
5647
6460
2729
7338
2881
6792
2841
2440
673
4651
3941
8233
5283
6601
1915
345
2721
878
683
5153
3142
1462
7729
3454
4165
5603
6840
6171
4286
5544
3167
3349
4989
6439
4861
4244
600
4585
7811
4606
4573
5878
7112
2580
3501
5646
2425
6573
3008
3781
5414
4765
7640
6665
1281
5870
6757
6694
6100
2179
1346
786
6376
7270
7419
792
6152
4428
3143
2916
5304
251
5964
2772
695
1207
3989
3219
2201
5900
4772
4785
2586
6727
7786
3804
4728
3794
4395
3183
1082
6342
235
1150
806
485
6373
4709
6040
1422
7232
1447
5518
5726
1131
7738
1951
6355
4517
2836
4948
469
4448
4565
985
5069
521
565
8022
4829
2026
6718
6910
5640
7171
5309
3802
3134
7161
6380
3400
2472
8132
1087
7437
5001
4169
5683
3405
7388
5080
5988
2614
845
2413
6887
7044
5450
3740
6998
1846
3185
3019
6554
2267
6666
7799
2879
8240
4284
4085
7807
5624
4155
7494
2065
509
2839
5886
2927
7192
7538
7129
4187
976
1924
1328
7550
1165
4952
5904
7290
4687
3291
3643
4849
5674
7496
2509
4362
5438
568
4243
737
2945
7775
288
4622
5671
5460
5207
339
3502
2435
8218
3613
4659
3507
4323
2371
2009
5220
2961
7080
6407
5301
518
6580
1736
5091
3203
3350
3971
686
7412
4451
6204
347
66
4983
5388
4014
3872
2675
3929
6299
6454
2900
6816
5321
3670
5682
7204
2388
2402
2680
4232
7735
3069
2422
3320
4128
6539
2974
197
2871
7067
3164
6641
1273
4619
7900
2292
7070
4710
4572
3752
7985
80
2693
2515
5305
6099
7001
373
6089
4742
1298
1785
8072
7026
1349
1258
6148
69
1084
7474
7835
2935
5586
7483
7499
7091
6408
4266
6963
3525
5432
2685
3557
4908
4784
126
6517
4394
4504
930
5349
6698
3850
7475
2548
2130
4654
7755
3110
5008
2296
2771
6594
6222
158
3883
3738
5903
4780
7562
925
7209
4409
8024
6968
1144
890
1251
7121
4898
4080
692
6424
2315
16
7590
1385
562
2351
6976
5231
1319
694
7919
7181
4912
3257
6451
5614
3891
7485
6615
1969
2074
6726
5384
6254
5472
6937
854
7023
3092
5634
7602
3032
5426
753
3068
6310
1396
7581
615
3378
6821
6897
1804
5467
6993
1881
5547
2419
3708
2666
572
2491
4270
3233
1842
2946
2547
7651
4109
7506
6385
5172
7509
327
1163
8102
8042
7543
3154
6515
2989
2333
1802
2170
5842
2891
223
4942
2358
811
5815
6158
416
6251
4777
172
8160
2915
3205
6336
844
5626
6147
4198
412
7376
3603
3782
2035
1577
4561
8186
7896
6294
2937
4463
4230
7135
6069
5984
3879
4042
1047
5967
6873
2308
4297
7130
5746
5766
1073
3739
3314
3231
5365
2068
3408
5541
1209
6109
5441
3220
2621
236
3229
4599
7746
7650
5387
939
3111
1249
4851
364
3060
5966
5882
1065
577
1287
6030
5335
6253
1499
4717
7010
3051
5688
5119
1673
907
3923
7182
6902
3666
4907
639
3982
3596
1534
1725
4347
2265
7434
5184
798
7396
6132
5849
194
3259
6026
774
8147
4751
5241
6533
4827
6964
899
6810
5496
5987
1749
1325
4124
2539
6927
3098
95
807
5881
7040
1279
1268
1338
3637
2129
5249
6590
4356
4876
4410
2313
7912
4132
5181
3356
1391
3758
2195
2966
4486
382
1204
4502
4263
3256
4804
7681
6715
3489
6090
1840
6784
3403
3671
2820
5308
7556
7526
4901
5036
3390
4525
2593
5354
6707
5253
4386
4993
241
2520
7176
1833
7626
6339
179
6787
6869
6542
4267
7090
7330
3536
1303
3130
1365
747
5872
7655
1699
5402
7134
698
5234
7333
2870
93
5721
7574
1085
8207
3624
5127
6213
6191
3063
6822
5622
595
1148
6893
6333
2390
1000
6922
7962
7993
558
5097
2876
1397
7233
7828
7160
1491
6235
3707
7128
855
1792
1857
5101
843
2570
2345
5082
2332
3858
4698
2441
6209
2081
2802
3442
7282
5033
3304
7440
921
7567
7101
7438
3560
1805
5554
870
5277
6731
6410
3102
4740
7601
7881
2592
5953
304
2651
720
3453
6101
1027
50
6437
1194
2030
3963
5123
6843
5702
1118
5713
1450
928
3271
1529
5694
6487
449
5217
3578
3592
6275
2577
5546
3010
357
6724
6361
876
3112
311
7006
5955
7450
2469
1345
1619
2532
2573
4118
744
7374
4953
800
3685
3316
5908
3308
1286
5636
5248
5469
4203
233
3407
2414
6315
3955
904
641
1919
8047
5846
5584
6798
863
3969
163
3152
578
2085
4975
613
1195
7744
2806
2571
6535
4538
1315
3728
4184
7987
4843
1436
2683
6495
3094
57
4589
4865
2321
5116
7472
4911
1602
3385
5206
705
7751
4233
1216
2386
607
1297
3512
379
4888
4352
6124
5090
5358
5198
5274
5146
6565
7122
3959
2297
631
5222
5392
7714
4432
7027
2337
973
4848
2758
431
6081
2990
3631
3984
5296
3618
5110
903
1114
982
5921
6331
4608
4759
7334
3784
3690
1834
4957
1156
4615
6747
62
7490
1869
5796
1836
2319
1608
3911
1509
3515
5891
4591
7444
3261
551
487
2080
2718
1660
5063
5454
6004
4682
6406
3216
5195
5067
7963
8056
3249
4665
3438
4656
1647
7293
7347
5591
2972
202
3985
8053
5785
6461
4303
6866
8041
1265
5760
7147
5397
5604
4886
7262
4490
5303
1432
4702
3807
4616
3446
6589
5635
528
1891
498
7930
7947
3274
997
6486
99
592
1883
6759
5790
6973
4408
2083
4400
279
1629
3878
6597
2270
6934
6007
281
7864
3392
4951
6239
3841
5044
5390
3244
4718
1814
1443
1232
3736
728
3313
472
4790
955
7064
7535
7046
4484
1826
716
5639
8178
4934
1587
3571
5455
3940
2605
803
5292
6690
735
3711
1419
956
2762
335
8026
6729
6760
8086
4004
2125
1395
2086
2501
2753
881
7696
7519
2630
584
114
6775
730
2906
658
3575
5644
936
2404
999
4699
954
7075
6915
6904
3972
5807
7783
1531
3688
3013
4462
3235
8087
7913
6785
1353
1722
1466
4617
1313
6883
319
879
4522
1506
6104
6262
4459
6009
4923
1041
6494
6303
3947
2700
5832
4985
1863
5075
5210
3391
445
4551
2901
2493
1441
1012
1095
3545
3505
4427
2667
5433
2634
7774
5466
7785
7710
6549
995
1565
6679
530
7430
2288
3157
3044
6818
5819
7464
4974
947
760
4630
2368
3409
7756
7189
4375
7604
3471
2252
6608
5549
312
7054
1168
3582
1104
7612
7280
5363
6723
6804
6555
1952
5526
2985
4035
3147
321
1354
6473
3228
3420
6382
7327
7223
5169
5619
8009
94
6312
3704
4852
6084
7605
7208
850
697
7822
6296
6520
182
4029
4
3875
3725
3375
1886
4820
4986
4690
5238
6664
7480
1421
1778
6815
1388
4168
2618
156
4868
4493
1729
7986
3116
6464
7721
5834
7749
1449
5657
492
5061
1700
4123
6886
67
8228
4967
2604
7016
2208
4337
766
2578
7029
4496
7933
5956
5693
5952
6602
8189
5373
1217
5188
5313
7747
7527
994
4916
5164
1570
8097
3000
5404
4576
649
75
636
3468
3280
7989
7903
4557
108
5072
7466
384
3945
193
4134
3121
7668
1425
1970
4034
5764
7582
4516
5055
966
7020
8035
5540
2189
6305
1596
6774
6882
4226
7620
5030
821
4666
6186
4006
2108
781
1921
3882
6443
623
6842
358
132
3042
3432
7358
7221
2655
2260
7455
1888
4135
861
1762
3729
6324
6300
6241
3024
5323
980
6029
3915
5734
808
8148
3788
1136
1187
932
5141
6138
2246
5736
1192
4125
2790
5243
4689
7679
6045
2094
1791
5143
6688
5343
4441
2184
5909
5618
3896
585
7654
7595
5578
8044
1747
7707
938
3958
3803
2396
4141
1008
3962
5978
7119
606
2223
5529
6193
1151
6223
1225
4416
5431
4927
1734
5329
1544
5003
2282
4127
6274
7579
5315
6699
1971
896
4791
7065
7156
1796
4691
6978
4488
757
3300
7366
4092
7097
2483
6924
3275
1918
2430
7351
4906
1401
2980
267
3862
6841
2303
6538
4644
3085
5599
1135
4692
84
224
4062
6658
1226
611
5475
3500
7383
5747
5113
7387
5174
1123
1180
6777
2993
1280
8092
1594
5776
628
2379
3640
3630
7958
6356
2285
6311
7701
4954
4422
5651
946
6471
5856
5523
5043
4325
3559
1341
2122
6481
7876
6389
5623
3903
2889
2527
5211
6714
3796
6086
3087
2542
2538
5098
5148
7307
2397
5703
3262
689
5484
6234
5587
4663
1428
510
1813
1885
3542
5347
6116
7011
3479
5566
5042
1968
5350
6571
3868
846
4064
526
5089
3006
4846
8004
717
4711
3477
6971
4571
1205
5048
181
1912
8131
5242
1253
5645
3109
35
123
6169
7007
5737
7360
3105
7212
733
826
4823
6316
6024
361
5686
5724
3798
7599
6926
14
7219
7356
4534
5027
7187
6492
2451
2203
2239
7370
6000
2727
1003
7666
601
2736
651
5673
1044
3678
5145
6161
6596
6871
4445
5890
7492
2335
3606
6588
4969
4503
3827
1893
3957
1170
2530
1476
7066
3835
5428
3148
5589
1552
5928
6452
7375
6379
5439
4331
7874
6828
880
7441
3346
3427
1229
3657
1799
7858
2449
4324
4555
7071
6900
4077
3880
6768
1543
6691
7324
2808
26
2866
3247
574
6279
5494
1522
5894
6607
4992
3090
2393
6327
1097
3632
2752
1983
768
4628
4104
4193
3996
481
3448
3086
5449
7261
7795
1399
2103
3608
8112
6660
885
2861
2848
5385
1393
4926
2544
6135
2467
1201
3115
3338
6242
662
470
5863
2529
5792
664
376
5548
2581
4810
4549
2516
1339
1347
5571
4492
8170
4510
3124
3007
7022
6811
5727
5492
657
428
1493
731
5725
2062
369
8141
7680
5922
6431
1276
3669
6738
3922
2076
6071
1193
5806
1809
2558
1682
5325
1909
2051
1668
5399
4713
2470
4051
2903
300
5811
6218
7949
7373
2951
7243
5271
2563
5637
1707
4747
7142
934
5193
4811
2372
7936
6162
6184
1490
2503
5306
5583
603
1210
7977
514
7017
3188
2356
3553
4755
1017
6314
3466
4452
4345
118
2178
349
5847
2844
7163
4143
6987
4207
3004
429
7813
5482
6368
5230
4406
3845
7814
4750
5368
284
1460
4618
1595
6600
7571
7570
7871
7831
7844
6629
7845
4374
5738
5850
4968
6429
6680
4164
421
6631
77
4700
3503
561
6626
3851
6347
112
6965
6996
2433
1351
3299
3191
787
1815
6140
775
701
6802
2609
5761
5973
6609
2595
3474
8122
3444
2287
4981
5653
3838
5239
3935
5189
6766
4600
393
264
7447
1638
4070
8096
6350
1822
872
2744
1985
6510
5103
7378
1521
7047
4121
3873
6686
6137
7172
3523
391
654
7762
2646
4631
6890
5740
8062
1871
1508
225
915
1376
830
310
38
7139
3486
2064
2255
2955
2367
1898
1238
3355
3623
7536
5087
5285
439
5319
334
333
1060
3554
2673
2168
2090
2923
7267
2206
3252
914
3101
5615
4200
4393
7529
1956
6381
4673
3337
1248
6058
5638
4683
6849
1072
1797
4268
6085
5023
6990
6183
5268
7239
15
2584
4770
1285
3902
7166
7911
924
7210
1377
157
447
769
7452
4638
3509
7256
4563
7335
5830
6358
630
7566
7561
5778
4781
2942
2395
6921
908
6913
5733
4376
368
7165
6008
2847
5929
3041
7971
2962
5718
6916
5668
1703
229
6918
3263
1613
1311
1923
6710
5360
1675
354
2854
3771
7381
5461
497
6017
4176
81
6120
2896
5861
6562
7296
4000
7909
797
3307
7954
3419
7644
7664
824
6905
7661
7663
1607
778
2171
7063
2789
3389
7662
200
3928
6914
7733
4799
1819
4542
7793
7796
7972
7465
7665
860
5393
5535
6548
1459
4120
6829
1532
7624
4788
7914
6947
7923
7146
8143
6945
6941
7694
7658
7965
4920
1974
6066
3869
7055
6940
7657
4333
6827
7362
7693
7606
3662
7544
7623
7240
4789
6939
6858
4520
6860
5814
7768
7791
6951
7976
6903
7798
5729
8082
8135
7908
7201
1414
7901
8020
6942
7565
6986
