236
596
4976
5856
2759
2108
1812
2276
5172
3165
938
1203
3000
197
4754
512
1941
960
3832
4030
3363
5115
4934
5025
1558
1311
1555
1698
3719
240
4766
5276
4162
5199
5056
5000
873
4949
1329
5245
121
2897
1639
1030
2571
1305
2323
2683
1913
1605
959
3382
1300
5932
5936
5947
3317
5521
22
4328
5663
2036
4033
1703
4656
1692
5418
4814
3566
263
1642
2526
5589
3799
458
399
2574
5489
940
3907
5914
1208
4314
3673
3881
1071
3446
774
927
4564
2011
1620
1523
1662
1018
812
3821
804
4823
4857
1741
3541
1700
1088
1072
3863
2629
4953
2430
4873
4848
2451
516
1054
2455
618
988
4682
3949
5376
1920
3971
3468
4987
3506
5431
2018
1993
1953
3522
287
5498
5512
3549
1823
5547
3462
3456
5285
5570
2877
2880
5243
2754
2944
3059
395
3325
3073
5317
2589
2586
342
5131
2375
3299
396
279
1728
1674
924
3990
864
861
624
854
5832
957
5833
4036
4137
759
698
696
687
4193
5838
1437
1486
563
3797
1340
3752
1441
1517
2875
1614
1634
5671
3911
249
1350
1661
1328
2819
5750
2233
1493
3303
3725
666
5038
384
2220
4664
961
1000
2096
1875
4784
112
1908
2133
4908
3650
2101
3690
4980
2022
2041
3846
4900
2540
4721
3302
3249
296
3230
4343
3304
164
4394
3012
3009
3312
3319
4613
5740
4528
3763
2319
4553
5660
5623
2753
5250
233
328
2713
5535
5518
5125
783
5436
980
3772
1890
3526
3492
4115
2551
4529
760
4522
220
1750
1385
3428
5885
872
5814
2853
5789
457
5785
5762
531
3618
5746
5745
932
2842
683
3871
2772
1197
5116
4250
1834
1625
1790
4632
5206
4798
5457
2143
2904
5743
415
3247
2218
1422
3786
215
4500
5571
3689
3435
4660
5054
5378
1065
1539
1531
1775
4726
1418
806
534
1388
3891
3707
4403
3638
129
5007
5696
1739
468
5407
3738
2734
4062
123
2599
2398
1781
984
519
762
5012
3038
1645
2494
5032
2209
4689
4119
59
4364
3040
4662
787
3961
259
5831
4442
4255
1957
5676
4707
282
1295
242
2214
2691
2652
4237
2433
5768
264
2005
2883
5704
2993
3067
3076
1533
586
601
202
3480
734
4212
5379
5132
5210
191
229
1651
4272
1017
2290
4079
5416
87
482
439
2983
3244
2284
539
742
3241
3952
2125
1190
3300
1689
5403
475
4397
505
1708
4415
3474
2643
5339
1850
1706
920
2969
5741
5301
480
5910
3739
437
582
1780
5305
4807
5152
182
4160
652
3945
5270
1112
5428
247
2826
2844
620
726
126
971
607
4341
463
208
1836
1419
4298
2792
5188
2681
1102
2371
3787
3614
2353
3594
2268
3563
3006
3509
3486
3439
3422
2227
4425
4749
3066
3372
5511
4196
5738
2072
3785
2878
2446
5680
5331
4868
2087
484
5040
3179
853
250
4047
5465
4350
4688
256
2638
2664
4710
2458
4770
4810
2524
4839
2506
4945
2459
4087
4714
2708
4584
2802
4021
3984
4110
3822
3771
157
4234
3701
4243
4654
3679
3269
4503
2933
4523
2903
4576
2242
232
4939
2578
406
2261
3559
4288
925
947
5240
2210
2123
5223
1055
1074
2039
1992
1140
1933
1297
1931
1339
5097
1375
61
1414
1519
1672
5357
5434
1778
2847
5918
409
3314
393
5701
714
373
725
4072
5346
846
843
838
827
356
3098
206
2128
1135
4809
5084
284
913
789
160
3580
5106
4711
2562
3527
2424
465
5829
3746
1560
4586
3909
32
2463
401
391
5226
2514
5593
3029
4705
2728
3758
2146
2934
2503
1859
2513
2607
5204
999
1345
2710
1978
3218
3587
661
4310
3615
4687
3347
2935
4562
3192
3396
4507
3205
3053
2059
4794
3840
935
2977
1109
2795
1502
4881
335
307
5592
1336
2525
3409
4116
1944
4108
1439
777
2745
588
3398
782
2440
3695
5284
3434
1536
640
756
4693
3158
840
3008
2600
3531
1712
5766
3172
863
4618
5487
2723
4318
1032
855
177
3625
573
2116
5895
2522
5289
4709
2807
3469
2695
440
3593
1330
1454
424
4226
5229
5753
183
2689
1787
1911
4090
1412
2659
2778
2580
851
1169
3399
5192
5113
4262
4177
3670
2537
5782
1127
3687
2207
3956
1409
4556
5888
2049
717
4494
749
551
2724
1182
2582
3188
3906
1955
5662
3280
2547
1446
2285
1627
5744
398
1989
5228
3681
3095
2918
1696
3285
3639
2110
3564
3788
2545
5320
740
1050
2465
2431
1184
227
15
4085
3917
521
880
1398
562
2595
3620
5843
3908
745
275
5926
4657
3054
2390
1087
5851
2181
4345
5640
5334
5191
2758
4423
1052
2640
455
5217
2223
5170
1877
4621
3827
5448
2136
4236
2211
4847
2399
3817
4971
3485
4975
4546
2270
1615
5051
1767
4996
4430
600
3753
5557
3097
190
3807
1509
882
5641
3918
3323
1237
3052
2237
2194
298
3524
425
997
994
1626
3147
1805
4201
5493
5010
4421
2058
4827
1571
5142
2120
1925
3397
3050
2660
2382
3528
885
140
2396
3497
865
4993
893
2342
3895
644
2441
2583
4909
2549
4652
3426
224
382
2122
2326
1077
2858
3146
473
2902
4460
165
4932
990
2538
2185
5490
4627
2187
4598
175
1103
1061
2729
3845
5424
4065
1435
2088
3652
4034
5442
5566
5239
3286
4616
2657
4354
2466
291
793
2516
1367
4516
866
1480
1458
1063
1069
1701
4409
4729
1965
1496
2436
5020
2814
2327
2127
3410
5215
1038
1301
2782
1172
5433
84
1022
125
3777
5137
2923
4831
3369
4157
352
4942
5948
4472
467
599
276
3653
2644
1098
1715
3511
1211
1151
3102
5036
5471
5341
2957
2924
3773
2204
3974
867
1210
2260
5659
4102
1271
1760
1649
5050
3790
2208
3691
408
1089
2784
5585
2363
1060
2053
2892
722
158
4052
3313
1570
3647
2490
2286
4533
5583
2805
2905
4386
1580
1021
2340
2946
5064
3450
93
1138
246
231
4903
4407
5580
3032
3207
3655
163
2556
3123
3500
2991
1036
3036
5429
1347
131
1362
5464
5095
1263
2372
507
5686
5315
4914
2817
4097
4775
2612
1170
2047
96
5112
3466
2811
506
987
185
3533
5524
5177
2736
1095
289
376
239
764
1158
3780
2936
2078
4158
747
1534
3065
1648
2477
1376
3120
4825
3914
337
5271
5714
4720
2134
4353
770
4655
4281
5381
5705
5332
4804
631
262
5473
60
5220
429
3148
3261
1520
2868
2400
5349
5514
3139
834
4611
1709
3108
4641
2231
2317
2156
355
2603
1450
1685
2888
4573
2744
5207
4941
1104
605
1472
3318
5924
2966
474
4609
4635
941
4631
4639
1201
3574
1498
1734
4173
110
3389
1962
448
4548
4294
3162
3199
1334
5110
2296
4410
2628
4487
2846
5212
5002
1793
4412
4692
4731
271
329
414
3825
5246
4127
3865
5678
3326
1547
1743
1014
2682
4071
3947
5027
1143
1436
5597
735
3586
2667
2491
2862
5611
1973
5551
1391
3982
2321
1981
3970
24
4708
3920
370
5864
2483
4569
5280
142
3667
2606
589
5775
2721
2046
2546
2154
995
3013
1853
529
1057
5736
731
5836
1668
5171
4570
4174
3688
4776
4216
3776
590
3972
892
3384
2954
2048
695
2553
1090
2376
710
203
1511
3932
4846
1491
5560
5073
4144
2247
1448
4481
2585
1740
5484
3163
977
3640
4433
4339
4931
1530
2922
5510
1694
5430
5432
3607
5575
3900
5631
5133
5632
2894
1606
1893
4485
304
4384
1635
5329
2827
3578
5559
2021
2587
5158
702
914
5123
5849
1366
4704
2333
1159
3371
2359
2413
412
3284
1898
2799
2593
5889
1029
3252
662
4796
4333
5277
5408
2601
5435
487
1879
40
3219
3833
2560
1319
2042
3183
4589
611
2307
3043
2283
2232
2864
660
1550
2743
5373
5872
4566
2886
2961
3808
2404
2678
1200
1289
690
3880
2201
5664
3071
266
2219
2632
5439
2791
4296
2715
1921
2543
2050
3278
884
792
5104
811
483
1315
2646
1145
2633
2092
898
5468
3529
2252
4959
5759
5822
4947
3178
2619
5727
4552
612
5476
2910
641
2774
5090
5639
4994
1247
3113
1
1996
991
1770
4308
2013
1494
2636
2833
1601
1266
4549
5734
2813
360
3481
2627
4946
1538
5844
5614
5724
3537
791
2996
1687
4985
5058
2829
2338
876
1488
420
4046
2149
1464
5175
4219
1688
3377
911
2610
889
4983
5266
1258
592
3915
4213
1647
3334
1335
5730
2624
2648
4054
536
4565
4866
1039
3131
4992
773
3056
1349
4428
3296
4405
1344
2485
1508
2035
4215
5401
610
36
5070
1872
3861
3381
4498
3171
1897
2027
5901
1869
4676
5698
3461
5082
1704
1342
2324
2626
713
4753
2789
5221
656
4370
2182
3161
2131
306
1666
3515
966
976
1431
4608
292
3331
5496
4508
1673
5626
4769
2994
4249
847
1553
2552
778
3903
2948
1156
1314
2464
585
1976
5548
1191
1779
4348
1174
5231
5321
881
143
57
1934
2442
2438
3214
2750
1139
2775
1826
4422
3635
870
5114
5126
5893
3436
82
689
1279
1461
90
2401
4624
3836
4929
998
3706
3383
3425
3619
3109
2876
1792
3697
2250
2177
3136
4606
3575
5603
5596
260
66
1991
623
3224
5150
968
857
3072
4282
1565
4650
3704
1681
5208
5909
2618
4192
1774
5549
3177
4502
434
3853
1020
4283
23
3858
4112
3837
4189
5684
5193
2532
625
4830
3060
5474
2289
784
4418
1807
4443
1609
1752
3803
2239
3201
890
1838
4940
2527
3936
2170
1569
2609
2037
1556
929
5411
5422
1331
138
5881
5813
5501
2785
10
2990
5061
5396
5578
2370
1250
2509
1101
343
2257
1246
3748
1321
5751
28
798
1611
5747
5255
5539
4694
5938
5717
4264
417
844
1865
13
1377
826
4436
3666
150
3623
1056
5699
1960
4042
5089
5722
3202
3210
5728
1381
5156
1868
1758
2637
1353
3021
4883
4780
4844
3883
1632
1959
3553
757
3380
2907
5627
1253
2356
1844
2740
378
949
2316
2672
1358
2987
5873
4366
3795
1062
4227
3801
244
5853
3868
4511
3031
303
4967
692
4454
2357
5410
403
257
4865
887
2015
591
2119
1141
1664
839
3796
3938
5482
1658
55
3335
1277
361
1618
4209
2392
1164
5225
5127
2007
5244
4736
1359
1847
4319
2861
3307
2529
1796
1742
4917
5359
3487
821
2981
1405
2426
2831
2174
3933
3175
950
4290
5278
1788
5179
3941
4147
1964
4572
1309
628
1726
2575
2913
5729
3899
5577
3327
4
1655
3245
47
4082
4028
4299
338
116
4744
5094
3545
5296
2917
4759
5068
2790
333
629
2330
1808
1363
1776
5905
3755
3420
2563
4401
3824
3447
5103
132
5201
3507
3087
199
2115
4539
4585
2169
3281
4615
5165
5224
1226
3937
3890
3810
5763
3127
2769
432
4359
514
3030
2542
407
1943
2963
4320
5941
5929
5568
4918
2921
5919
4462
4684
4259
3134
4879
4321
3981
1747
716
74
2658
1998
4260
524
801
3042
4838
146
5236
1598
3675
1276
4131
4165
4167
1128
2881
4360
5406
3037
3365
241
2835
4367
128
3886
485
144
5063
2352
2671
593
5642
1373
3567
2896
2508
1982
5824
3629
4952
545
1408
2507
5811
2504
3277
533
1396
2497
4969
3267
2486
2484
954
4580
1372
850
3926
103
5513
4869
830
1874
1522
1882
4153
5347
1896
4896
1900
3591
874
3597
3599
1456
2523
3931
5312
4200
5834
4937
3260
2932
3153
3149
5635
3022
1234
1231
3823
1091
1568
1729
814
1546
5029
2598
1554
4819
2752
2111
5173
1587
818
2763
2768
4791
5658
776
2435
4089
752
751
748
3227
3682
3217
388
3550
3475
5591
2675
2322
3513
5251
4530
979
4270
1831
1332
2471
4061
1322
1008
5216
5624
1795
1310
1846
3483
269
1785
2151
5023
1797
3733
419
21
4468
45
5141
5452
700
667
2130
3699
1118
720
4121
1130
3414
5105
1107
4106
29
5485
2238
3055
1697
4120
6
1669
658
51
4691
350
2429
894
928
2138
922
4194
916
915
926
2839
2836
934
4581
956
4579
1810
951
4578
948
2830
2325
1815
943
3794
939
1825
5238
5241
3784
905
2850
5274
883
5001
4990
4853
145
3251
179
180
2773
209
1917
694
537
636
3995
3901
2608
1133
5044
5046
1125
1123
1352
1121
1119
5052
2616
2617
1142
1144
1348
2602
3919
5005
5008
3916
5015
1165
3889
1162
5022
5024
2596
3905
1149
1146
5021
2621
3884
1106
2656
5100
3855
2472
2661
3852
2650
3851
3848
1044
5134
3590
2908
602
3592
2906
1430
1427
1420
5463
613
2334
4782
4783
619
2348
2895
3601
4053
4788
5453
4790
2354
2898
4068
2911
1447
5506
2315
5504
4747
1469
1467
3576
4750
2925
576
578
1463
3579
1462
3581
4751
3582
1460
587
4752
1457
1452
1451
3606
5507
1404
3609
5417
3630
2366
672
1378
970
2229
1478
2967
1477
3676
3866
3867
4101
5327
4717
5590
2520
888
4722
2240
3870
2962
3873
1487
428
1512
4117
1501
1500
2531
2217
4107
2971
2978
4699
4105
423
5322
3862
426
4103
3477
2244
2246
4732
2281
5565
2512
3876
2938
478
3664
472
1403
2502
2294
1389
1387
2299
1384
1383
2291
2279
5136
5942
4450
5546
1761
4448
410
4453
1766
1753
4458
4464
1738
1733
4470
4471
1721
4456
4440
3215
4432
4389
1832
4391
4393
1827
1804
4480
4416
4424
397
4427
1786
1784
4431
4419
4482
4484
1852
5574
1622
452
1610
1604
456
4560
1602
1594
460
461
4592
1585
1582
4582
4559
4558
1630
1711
4488
5118
4130
2124
5109
2105
3180
1003
1001
2118
3523
2554
4849
4634
1264
5425
1317
4958
2569
738
2006
5299
5298
5297
2415
379
377
2879
5291
374
3404
1638
1975
1641
3453
4239
5643
5286
5647
4525
359
2631
3669
1979
2493
5303
3644
3440
4557
1307
744
3649
3443
5314
4222
737
4223
4225
3651
2135
2856
3010
3011
5262
4044
3685
2155
2567
5263
2566
5253
1320
2561
3693
515
810
211
2564
228
4045
1338
5333
4738
3626
3628
1885
1667
4284
3636
4285
238
5308
5304
3002
1355
3654
4636
5282
3698
4170
3025
4799
845
3044
4025
5517
2178
4313
4024
5205
2183
858
5198
1282
501
4829
3387
1274
1926
4197
5163
989
4183
2093
1970
4324
5826
648
1202
155
2389
4965
5821
3337
3221
2539
5673
4658
492
167
4547
3986
3225
1656
2387
493
2709
3749
5666
5665
3345
4649
3929
4336
124
1016
5374
3198
4000
4923
1984
875
1542
1543
134
135
1544
341
3352
1902
2395
2394
4129
5446
3989
4247
3132
2467
1230
2425
1573
2310
117
3272
3542
5180
5184
831
4232
2989
4913
1273
3714
3951
3928
2737
3921
4981
3368
3141
910
4208
5130
3712
4733
2206
3759
2379
5859
4948
5855
4957
5383
4907
2045
3610
3264
5732
4837
4276
5716
684
4280
5711
4841
2738
1526
4514
4854
4617
2499
4505
2950
274
5352
2461
3571
4307
498
53
3454
2686
1949
466
5531
3999
1938
5540
2714
5543
4303
4902
4677
2312
3305
5915
3111
5800
5792
1637
3946
5944
4596
4643
98
675
4396
272
4524
3754
3954
1393
5004
5030
2871
3967
3775
4387
5366
1306
3084
542
5899
5922
2161
5386
5189
903
4244
3705
3464
4240
3556
2843
3993
1132
540
4013
4836
974
5009
4455
5886
3953
4577
2741
2845
2559
4521
4886
319
3975
3896
1755
4633
2694
5529
4674
1922
2487
353
89
2406
3274
2369
1737
5016
447
1136
985
1241
2665
4109
3046
3660
510
815
3617
1009
3711
5712
5718
2700
4716
3041
547
1218
3966
5805
1084
4667
4330
561
4003
3024
375
5361
1382
3276
1824
4373
5867
369
736
5181
4861
634
5526
2649
1777
5794
4292
438
3092
1213
2419
4063
4005
2259
645
5799
5348
1855
2806
4096
917
4701
141
833
5674
3341
1845
761
967
2074
4808
3994
2548
4026
715
2722
5706
1205
5370
3237
3216
1262
4483
936
3228
2197
1870
1677
2690
1837
4541
955
3081
2172
5567
3455
5845
1798
4938
4008
1746
2273
5475
1225
118
4349
4020
4668
5646
3882
5415
3442
2900
1903
4408
31
4229
4661
1410
517
364
1007
1354
76
4111
5554
1899
1576
5527
2941
4800
1492
3427
3437
3114
2591
5466
3470
513
3489
431
2931
2684
5563
1817
1809
4663
1799
1891
5812
2335
4309
1593
919
2919
2655
1175
2959
4059
933
5154
4647
5644
1097
4690
2226
2453
4256
2852
1619
688
1997
5952
5920
5520
5937
5483
5916
5950
5898
5930
5935
5896
5470
3834
5906
4141
3665
5034
5405
4779
3913
2243
4887
1617
3376
3173
958
5911
5477
5925
5953
5495
5946
5943
5923
5913
5917
