0.66153846
0.57948718
0.53846154
0.51282051
0.49230769
0.30769231
0.26666667
0.14358974
0.11282051
0.07692308
0.04615385
0.04615385
0.03589744
0.03076923
0.02564103
0.02564103
0.02564103
0.02564103
0.02564103
0.02564103
0.02051282
0.01538462
0.01538462
0.01538462
0.01538462
0.01538462
0.01538462
0.01538462
0.01025641
0.01025641
0.01025641
0.01025641
0.01025641
0.01025641
0.01025641
0.01025641
0.01025641
0.01025641
0.01025641
0.01025641
0.01025641
0.01025641
0.01025641
0.01025641
0.01025641
0.01025641
0.01025641
0.01025641
0.01025641
0.01025641
0.01025641
0.00512821
0.00512821
0.00512821
0.00512821
0.00512821
0.00512821
0.00512821
0.00512821
0.00512821
0.00512821
0.00512821
0.00512821
0.00512821
0.00512821
0.00512821
0.00512821
0.00512821
0.00512821
0.00512821
0.00512821
0.00512821
0.00512821
0.00512821
0.00512821
0.00512821
0.00512821
0.00512821
0.00512821
0.00512821
0.00512821
0.00512821
0.00512821
0.00512821
0.00512821
0.00512821
0.00512821
0.00512821
0.00512821
0.00512821
0.00512821
0.00512821
0.00512821
0.00512821
0.00512821
0.00512821
0.00512821
0.00512821
0.00512821
0.00512821
0.00512821
0.00512821
0.00512821
0.00512821
0.00512821
0.00512821
0.00512821
0.00512821
0.00512821
0.00512821
0.00512821
0.00512821
0.00512821
0.00512821
0.00512821
0.00512821
0.00512821
0.00512821
0.00512821
0.00512821
0.00512821
0.00512821
0.00512821
0.00512821
0.00512821
0.00512821
0.00512821
0.00512821
0.00512821
0.00512821
0.00512821
0.00512821
0.00512821
0.00512821
0.00512821
0.00512821
0.00512821
0.00512821
0.00512821
0.00512821
0.00512821
0.00512821
0.00512821
0.00512821
0.00512821
0.00512821
0.00512821
0.00512821
0.00512821
0.00512821
0.00512821
0.00512821
0.00512821
0.00512821
0.00512821
0.00512821
0.00512821
0.00512821
0.00512821
0.00512821
0.00512821
0.00512821
0.00512821
0.00512821
0.00512821
0.00512821
0.00512821
0.00512821
0.00512821
0.00512821
0.00512821
0.00512821
0.00512821
0.00512821
0.00512821
0.00512821
0.00512821
0.00512821
0.00512821
0.00512821
0.00512821
0.00512821
0.00512821
0.00512821
0.00512821
0.00512821
0.00512821
0.00512821
0.00512821
0.00512821
0.00512821
0.00512821
0.00512821
0.00512821
0.00512821
