1.00000000
0.94000000
0.90000000
0.82000000
0.76000000
0.70000000
0.66000000
0.60000000
0.46000000
0.42000000
0.28000000
0.16000000
0.10000000
0.10000000
0.08000000
0.06000000
0.04000000
0.04000000
0.04000000
0.02000000
0.02000000
0.02000000
0.02000000
0.02000000
0.02000000
0.02000000
0.02000000
0.02000000
0.02000000
0.02000000
0.02000000
0.02000000
0.02000000
0.02000000
0.02000000
0.02000000
0.02000000
0.02000000
0.02000000
0.02000000
0.02000000
0.02000000
0.02000000
0.02000000
0.02000000
0.02000000
0.02000000
0.02000000
0.02000000
0.02000000
