0.93720618
0.93703828
0.93687038
0.93670248
0.93653459
0.93636669
0.93619879
0.93603089
0.93586300
0.93569510
0.93552720
0.93535930
0.93519140
0.93502351
0.93485561
0.93468771
0.93451981
0.93435191
0.93418402
0.93401612
0.93384822
0.93368032
0.93351242
0.93334453
0.93317663
0.93300873
0.93284083
0.93267293
0.93250504
0.93233714
0.93216924
0.93200134
0.93183345
0.93166555
0.93149765
0.93132975
0.93116185
0.93099396
0.93082606
0.93065816
0.93049026
0.93032236
0.93015447
0.92998657
0.92981867
0.92965077
0.92948287
0.92931498
0.92914708
0.92897918
0.92881128
0.92780390
0.92763600
0.92746810
0.92730020
0.92713230
0.92696441
0.92562122
0.92545332
0.92528543
0.92494963
0.92377435
0.92360645
0.92226326
0.92125588
0.92108798
0.92024849
0.91924110
0.91806582
0.91789792
0.91773002
0.91756212
0.91705843
0.91689053
0.91504365
0.91386837
0.91370047
0.91353257
0.91336467
0.91319678
0.91302888
0.91286098
0.91269308
0.91252518
0.91202149
0.90799194
0.90698455
0.90597717
0.90513768
0.90463398
0.90446608
0.90429819
0.90362660
0.90261921
0.89858966
0.89842176
0.89825386
0.89674278
0.89523170
0.89456011
0.89338482
0.89254533
0.89137005
0.89120215
0.89103425
0.89086635
0.89069846
0.89053056
0.89036266
0.89019476
0.89002686
0.88985897
0.88969107
0.88952317
0.88935527
0.88918737
0.88901948
0.88885158
0.88868368
0.88767629
0.88666891
0.88549362
0.88532572
0.88515782
0.88498993
0.88482203
0.88465413
0.88448623
0.88431833
0.88415044
0.88398254
0.88381464
0.88364674
0.88347884
0.88331095
0.88314305
0.88297515
0.88280725
0.88263936
0.88247146
0.88230356
0.88213566
0.88196776
0.88179987
0.88163197
0.88146407
0.88129617
0.88112827
0.88096038
0.88079248
0.88062458
0.88045668
0.88028878
0.88012089
0.87995299
0.87978509
0.87961719
0.87944929
0.87928140
0.87911350
0.87894560
0.87877770
0.87860981
0.87844191
0.87827401
0.87810611
0.87793821
0.87777032
0.87760242
0.87743452
0.87726662
0.87709872
0.87693083
0.87676293
0.87659503
0.87642713
0.87625923
0.87609134
0.87592344
0.87575554
0.87558764
0.87541974
0.87525185
0.87508395
0.87491605
0.87474815
0.87458026
0.87441236
0.87424446
0.87407656
0.87390866
0.87374077
0.87357287
0.87340497
0.87323707
0.87306917
0.87290128
0.87222968
0.87139019
0.87071860
0.87055071
0.86954332
0.86853593
0.86836803
0.86769644
0.86265950
0.86249161
0.86232371
0.86215581
0.86198791
0.86182001
0.86165212
0.86148422
0.86131632
0.86114842
0.86098052
0.86081263
0.86064473
0.86047683
0.86030893
0.86014103
0.85997314
0.85980524
0.85963734
0.85946944
0.85930154
0.85913365
0.85896575
0.85879785
0.85862995
0.85846206
0.85829416
0.85812626
0.85795836
0.85779046
0.85762257
0.85745467
0.85728677
0.85711887
0.85695097
0.85678308
0.85661518
0.85644728
0.85627938
0.85611148
0.85594359
0.85577569
0.85560779
0.85543989
0.85527199
0.85510410
0.85493620
0.85476830
0.85460040
0.85443251
0.85426461
0.85409671
0.85392881
0.85376091
0.85359302
0.85342512
0.85325722
0.85308932
0.85292142
0.85275353
0.85258563
0.85241773
0.85224983
0.85208193
0.85191404
0.85174614
0.85157824
0.85141034
0.85124244
0.85107455
0.85090665
0.85073875
0.85057085
0.85040296
0.85023506
0.85006716
0.84989926
0.84973136
0.84956347
0.84939557
0.84922767
0.84905977
0.84805238
0.84788449
0.84771659
0.84754869
0.84738079
0.84721289
0.84704500
0.84503022
0.84419073
0.84351914
0.84284755
0.84200806
0.84184016
0.84049698
0.83932169
0.83848220
0.83814641
0.83697112
0.83344527
0.83327737
0.83310947
0.83243788
0.83210208
0.83193418
0.83126259
0.83075890
0.83025520
0.82941572
0.82907992
0.82857623
0.82840833
0.82824043
0.82807253
0.82723304
0.82622565
0.82505037
0.82404298
0.82387508
0.82370719
0.82353929
0.82337139
0.82118872
0.82102082
0.82085292
0.82068502
0.82051713
0.82034923
0.82018133
0.82001343
0.81984553
0.81967764
0.81934184
0.81883815
0.81867025
0.81850235
0.81833445
0.81816655
0.81799866
0.81732707
0.81598388
0.81548019
0.81447280
0.81380121
0.81245803
0.81178643
0.81061115
0.81044325
0.80993956
0.80977166
0.80960376
0.80943586
0.80926797
0.80910007
0.80826058
0.80809268
0.80725319
0.80708529
0.80641370
0.80473472
0.80423103
0.80305574
0.80188046
0.80120887
0.80104097
0.80036938
0.79969778
0.79936199
0.79885829
0.79801880
0.79734721
0.79633983
0.79348556
0.79264607
0.79214238
0.79197448
0.79180658
0.79147079
0.79113499
0.79012760
0.78912021
0.78861652
0.78828073
0.78811283
0.78676964
0.78609805
0.78525856
0.78475487
0.78441907
0.78357958
0.78290799
0.78156481
0.78072532
0.77988583
0.77971793
0.77921424
0.77753526
0.77703156
0.77686367
0.77552048
0.77417730
0.77367361
0.77283412
0.77199463
0.77149093
0.77098724
0.77048355
0.77014775
0.76997985
0.76981195
0.76964406
0.76947616
0.76930826
0.76779718
0.76729349
0.76628610
0.76578240
0.76527871
0.76460712
0.76427132
0.76343183
0.76292814
0.76225655
0.76108126
0.76057757
0.75738751
0.75705171
0.75654802
0.75503694
0.75453324
0.75419745
0.75319006
0.75251847
0.75117529
0.75000000
0.74966420
0.74949631
0.74865682
0.74865682
0.74865682
0.74815312
0.74781733
0.74714574
0.74647414
0.74496306
0.74412357
0.74361988
0.74328408
0.74261249
0.74177300
0.74042982
0.74009402
0.73959033
0.73875084
0.73858294
0.73841504
0.73824715
0.73807925
0.73791135
0.73774345
0.73757555
0.73740766
0.73723976
0.73707186
0.73690396
0.73673606
0.73656817
0.73640027
0.73623237
0.73606447
0.73589657
0.73572868
0.73556078
0.73488919
0.73455339
0.73337811
0.73220282
0.73169913
0.73102754
0.73069174
0.73052384
0.72985225
0.72968435
0.72901276
0.72850907
0.72766958
0.72733378
0.72565480
0.72548690
0.72531901
0.72515111
0.72498321
0.72481531
0.72464741
0.72447952
0.72431162
0.72414372
0.72397582
0.72380792
0.72364003
0.72347213
0.72330423
0.72313633
0.72296844
0.72280054
0.72263264
0.72246474
0.72229684
0.72212895
0.72196105
0.72179315
0.72162525
0.72145735
0.72128946
0.72112156
0.72095366
0.72078576
0.72061786
0.72044997
0.72028207
0.72011417
0.71994627
0.71977837
0.71961048
0.71944258
0.71927468
0.71910678
0.71826729
0.71793150
0.71759570
0.71658831
0.71625252
0.71608462
0.71591672
0.71574882
0.71558093
0.71541303
0.71524513
0.71507723
0.71490934
0.71474144
0.71457354
0.71440564
0.71423774
0.71406985
0.71390195
0.71373405
0.71356615
0.71339825
0.71323036
0.71306246
0.71289456
0.71272666
0.71255876
0.71239087
0.71222297
0.71205507
0.71188717
0.71171927
0.71155138
0.71138348
0.71121558
0.71104768
0.71087979
0.71071189
0.71054399
0.71037609
0.71020819
0.71004030
0.70987240
0.70970450
0.70920081
0.70903291
0.70886501
0.70819342
0.70735393
0.70685024
0.70617864
0.70449966
0.70315648
0.70231699
0.70097381
0.70080591
0.70063801
0.69996642
0.69979852
0.69963062
0.69895903
0.69828744
0.69728005
0.69660846
0.69644056
0.69593687
0.69543318
0.69526528
0.69492948
0.69459369
0.69408999
0.69358630
0.69325050
0.69291471
0.69140363
0.69006044
0.68905306
0.68737408
0.68687038
0.68435191
0.68334453
0.68300873
0.68284083
0.68233714
0.68183345
0.68116185
0.68049026
0.68032236
0.68015447
0.67662861
0.67562122
0.67528543
0.67478173
0.67394224
0.67394224
0.67360645
0.67343855
0.67310275
0.67175957
0.67075218
0.67024849
0.66873741
0.66705843
0.66672263
0.66638684
0.66588314
0.66504365
0.66386837
0.66353257
0.66218939
0.66151780
0.66101410
0.66000672
0.65967092
0.65933512
0.65916723
0.65883143
0.65866353
0.65849563
0.65832774
0.65698455
0.65681666
0.65664876
0.65648086
0.65631296
0.65614506
0.65597717
0.65580927
0.65564137
0.65547347
0.65480188
0.65413029
0.65295500
0.65278711
0.65161182
0.65110813
0.65043653
0.64993284
0.64926125
0.64808596
0.64775017
0.64758227
0.64657488
0.64607119
0.64590329
0.64539960
0.64506380
0.64439221
0.64388852
0.64355272
0.64137005
0.64086635
0.64019476
0.63969107
0.63247146
0.63230356
0.63146407
0.63129617
0.63045668
0.63012089
0.62961719
0.62860981
0.62827401
0.62777032
0.62693083
0.62676293
0.62625923
0.62525185
0.62458026
0.62390866
0.62340497
0.62340497
0.62273338
0.62256548
0.62189389
0.62139019
0.62122230
0.62105440
0.62088650
0.62071860
0.62055071
0.62038281
0.62021491
0.62004701
0.61971122
0.61954332
0.61937542
0.61920752
0.61903962
0.61887173
0.61836803
0.61803224
0.61786434
0.61736064
0.61668905
0.61601746
0.61551377
0.61517797
0.61501007
0.61450638
0.61400269
0.61383479
0.61349899
0.61282740
0.61182001
0.61131632
0.61047683
0.61014103
0.60946944
0.60913365
0.60728677
0.60644728
0.60594359
0.60577569
0.60493620
0.60460040
0.60409671
0.60359302
0.60342512
0.60292142
0.60224983
0.60174614
0.60157824
0.60073875
0.59973136
0.59889187
0.59838818
0.59788449
0.59721289
0.59704500
0.59654130
0.59536602
0.59486232
0.59452653
0.59435863
0.59419073
0.59284755
0.59267965
0.59234385
0.59217596
0.59150437
0.59116857
0.59066488
0.59049698
0.58965749
0.58915379
0.58898590
0.58865010
0.58848220
0.58713902
0.58613163
0.58546004
0.58495635
0.58445265
0.58361316
0.58294157
0.58277367
0.58210208
0.58143049
0.58092680
0.58075890
0.58025520
0.57941572
0.57924782
0.57840833
0.57807253
0.57790463
0.57706514
0.57672935
0.57588986
0.57588986
0.57588986
0.57572196
0.57505037
0.57454668
0.57421088
0.57269980
0.57169241
0.57135662
0.57118872
0.57018133
0.56917394
0.56867025
0.56766286
0.56682337
0.56665547
0.56598388
0.56531229
0.56464070
0.56363331
0.56279382
0.56212223
0.56178643
0.56161854
0.56145064
0.56128274
0.56111484
0.56094694
0.56077905
0.56061115
0.55993956
0.55977166
0.55960376
0.55926797
0.55893217
0.55826058
0.55758899
0.55624580
0.55574211
0.55188046
0.55120887
0.55104097
0.55070517
0.54969778
0.54885829
0.54835460
0.54717931
0.54667562
0.54650772
0.54550034
0.54331766
0.54247817
0.54197448
0.54130289
0.54079919
0.54063130
0.53995970
0.53962391
0.53912021
0.53844862
0.53811283
0.53760913
0.53710544
0.53676964
0.53593015
0.53559436
0.53542646
0.53509066
0.53458697
0.53374748
0.53341169
0.53307589
0.53290799
0.53274009
0.53257220
0.53190060
0.53156481
0.53055742
0.52736736
0.52719946
0.52719946
0.52703156
0.52686367
0.52669577
0.52652787
0.52635997
0.52619208
0.52602418
0.52585628
0.52568838
0.52552048
0.52535259
0.52518469
0.52451310
0.52434520
0.52384150
0.52367361
0.52350571
0.52333781
0.52300201
0.52216253
0.52149093
0.52081934
0.51964406
0.51880457
0.51830087
0.51813298
0.51779718
0.51746138
0.51712559
0.51662189
0.51628610
0.51477502
0.51376763
0.51242445
0.51208865
0.51108126
0.51040967
0.50873069
0.50839490
0.50671592
0.50638012
0.50604433
0.50554063
0.50520484
0.50436535
0.50369375
0.50285426
0.50268637
0.50235057
0.50201478
0.50151108
0.50083949
0.50033580
0.50016790
0.49916051
0.49563465
0.49546676
0.49513096
0.49479516
0.49361988
0.49345198
0.49328408
0.49311619
0.49294829
0.49278039
0.49261249
0.49244459
0.49227670
0.49210880
0.49194090
0.49177300
0.49126931
0.49110141
0.49093351
0.48975823
0.48908664
0.48690396
0.48623237
0.48572868
0.48522498
0.48404970
0.48354600
0.48321021
0.48287441
0.48253862
0.48237072
0.48169913
0.48153123
0.48102754
0.47968435
0.47934856
0.47834117
0.47750168
0.47683009
0.47632639
0.47565480
0.47531901
0.47498321
0.47330423
0.47280054
0.47212895
0.47078576
0.47044997
0.47011417
0.46994627
0.46977837
0.46961048
0.46944258
0.46927468
0.46910678
0.46893889
0.46877099
0.46860309
0.46843519
0.46826729
0.46809940
0.46793150
0.46776360
0.46759570
0.46742780
0.46725991
0.46709201
0.46692411
0.46675621
0.46658831
0.46642042
0.46625252
0.46608462
0.46591672
0.46574882
0.46558093
0.46541303
0.46524513
0.46507723
0.46490934
0.46474144
0.46457354
0.46440564
0.46423774
0.46406985
0.46390195
0.46087979
0.46071189
0.46054399
0.46004030
0.45987240
0.45936870
0.45903291
0.45836132
0.45768972
0.45735393
0.45668234
0.45634654
0.45601075
0.45533915
0.45517126
0.45483546
0.45433177
0.45382807
0.45198120
0.45164540
0.45097381
0.45047011
0.45013432
0.44996642
0.44979852
0.44879113
0.44778375
0.44711216
0.44677636
0.44660846
0.44644056
0.44610477
0.44576897
0.44509738
0.44425789
0.44375420
0.44325050
0.44291471
0.44274681
0.44257891
0.44190732
0.44173942
0.44106783
0.44056414
0.43989255
0.43955675
0.43922095
0.43871726
0.43821357
0.43804567
0.43754197
0.43720618
0.43619879
0.43317663
0.43250504
0.43166555
0.43132975
0.43132975
0.43132975
0.43082606
0.43082606
0.43015447
0.42965077
0.42897918
0.42830759
0.42780390
0.42713230
0.42662861
0.42612492
0.42545332
0.42444594
0.42427804
0.42360645
0.42259906
0.42209537
0.41907320
0.41907320
0.41873741
0.41856951
0.41856951
0.41789792
0.41722633
0.41655473
0.41605104
0.41487576
0.41470786
0.41453996
0.41403627
0.41386837
0.41336467
0.41286098
0.41151780
0.41067831
0.41017461
0.40933512
0.40849563
0.40832774
0.40815984
0.40799194
0.40782404
0.40765615
0.40748825
0.40732035
0.40614506
0.40597717
0.40580927
0.40513768
0.40480188
0.40463398
0.40379449
0.40362660
0.40295500
0.40177972
0.40161182
0.40060443
0.39976494
0.39842176
0.39775017
0.39724647
0.39707858
0.39691068
0.39506380
0.39137005
0.38918737
0.38868368
0.38834788
0.38801209
0.38784419
0.38750839
0.38683680
0.38616521
0.38566152
0.38498993
0.38448623
0.38415044
0.38381464
0.38347884
0.38247146
0.38247146
0.38196776
0.38129617
0.38112827
0.38096038
0.38079248
0.38062458
0.38045668
0.38028878
0.38012089
0.37995299
0.37978509
0.37894560
0.37844191
0.37810611
0.37777032
0.37575554
0.37541974
0.37525185
0.37508395
0.37491605
0.37474815
0.37458026
0.37441236
0.36954332
0.36887173
0.36752854
0.36736064
0.36719275
0.36652116
0.36568167
0.36433848
0.36333109
0.36333109
0.36282740
0.36265950
0.36114842
0.36081263
0.36047683
0.35997314
0.35946944
0.35930154
0.35913365
0.35896575
0.35879785
0.35862995
0.35846206
0.35829416
0.35812626
0.35795836
0.35711887
0.35644728
0.35577569
0.35493620
0.35409671
0.35376091
0.35308932
0.35241773
0.35224983
0.35023506
0.34989926
0.34922767
0.34905977
0.34788449
0.34771659
0.34687710
0.34654130
0.34654130
0.34586971
0.34452653
0.34452653
0.34200806
0.34184016
0.34150437
0.34116857
0.34116857
0.34066488
0.34049698
0.34032908
0.34016118
0.33999328
0.33982539
0.33915379
0.33881800
0.33881800
0.33797851
0.33697112
0.33462055
0.33445265
0.33344527
0.33260578
0.33143049
0.33109469
0.33008731
0.32991941
0.32891202
0.32874412
0.32857623
0.32840833
0.32790463
0.32773674
0.32740094
0.32689725
0.32622565
0.32622565
0.32605776
0.32588986
0.32572196
0.32505037
0.32102082
0.32068502
0.31967764
0.31950974
0.31917394
0.31900604
0.31850235
0.31833445
0.31766286
0.31682337
0.31497649
0.31430490
0.31212223
0.31161854
0.31128274
0.31077905
0.31027535
0.30960376
0.30826058
0.30792478
0.30423103
0.30372733
0.30322364
0.30322364
0.30322364
0.30322364
0.30255205
0.29818670
0.29801880
0.29785091
0.29768301
0.29482874
0.29415715
0.29331766
0.29113499
0.29096709
0.29079919
0.29012760
0.28979181
0.28559436
0.28441907
0.28391538
0.28374748
0.28240430
0.28122901
0.28005373
0.28005373
0.27988583
0.27938214
0.27904634
0.27803895
0.27736736
0.27703156
0.27619208
0.27568838
0.27535259
0.27518469
0.27400940
0.27367361
0.27199463
0.27065144
0.26947616
0.26813298
0.26796508
0.26779718
0.26762928
0.26645400
0.26578240
0.26477502
0.26376763
0.26376763
0.26326394
0.26276024
0.26242445
0.26208865
0.26158496
0.25285426
0.25184688
0.25117529
0.25083949
0.24966420
0.24949631
0.24916051
0.24832102
0.24781733
0.24731363
0.24714574
0.24697784
0.24680994
0.24664204
0.24647414
0.24630625
0.24613835
0.24597045
0.24580255
0.24563465
0.24546676
0.24378778
0.24278039
0.24244459
0.24160510
0.23623237
0.23589657
0.23488919
0.23270651
0.23136333
0.23018805
0.22901276
0.22884486
0.22716588
0.22632639
0.22548690
0.22515111
0.22414372
0.22263264
0.22128946
0.22095366
0.22078576
0.22078576
0.21776360
0.21709201
0.21692411
0.21675621
0.21608462
0.21591672
0.21524513
0.21507723
0.21474144
0.21440564
0.21339825
0.21306246
0.21222297
0.21222297
0.21188717
0.21155138
0.21138348
0.21121558
0.21104768
0.21071189
0.21054399
0.21037609
0.21037609
0.21037609
0.20970450
0.20953660
0.20550705
0.20533915
0.20517126
0.20500336
0.20483546
0.20466756
0.20449966
0.20433177
0.20416387
0.20332438
0.20231699
0.20198120
0.20130960
0.20030222
0.20013432
0.19879113
0.19795165
0.19778375
0.19711216
0.19610477
0.19442579
0.19308261
0.19274681
0.19257891
0.19157152
0.19140363
0.19106783
0.18317663
0.18300873
0.18267293
0.18267293
0.18099396
0.18049026
0.18049026
0.18032236
0.17965077
0.17965077
0.17847549
0.17847549
0.17830759
0.17830759
0.17797179
0.17797179
0.17713230
0.17646071
0.17629281
0.17629281
0.17612492
0.17595702
0.17578912
0.17511753
0.17511753
0.17511753
0.17511753
0.17494963
0.17461383
0.17394224
0.17360645
0.17327065
0.17310275
0.17293486
0.17276696
0.17259906
0.17243116
0.17226326
0.17209537
0.17192747
0.17175957
0.17159167
0.17058428
0.17024849
0.17008059
0.16991269
0.16940900
0.16840161
0.16739422
0.16689053
0.16672263
0.16655473
0.16638684
0.16621894
0.16571525
0.16554735
0.16487576
0.16403627
0.16336467
0.16269308
0.16185359
0.16034251
0.15967092
0.15933512
0.15832774
0.15732035
0.15732035
0.15681666
0.15597717
0.15530557
0.15513768
0.15496978
0.15446608
0.15446608
0.15446608
0.15446608
0.15396239
0.15345870
0.15261921
0.15211551
0.15211551
0.15211551
0.15211551
0.15211551
0.15211551
0.15211551
0.15211551
0.15211551
0.15211551
0.15211551
0.15211551
0.15194762
0.15177972
0.15161182
0.15144392
0.15127602
0.15110813
0.15094023
0.15077233
0.15060443
0.15043653
0.15026864
0.14926125
0.14204164
0.14187374
0.14170584
0.14170584
0.14170584
0.14170584
0.13868368
0.13834788
0.13750839
0.13650101
0.13616521
0.13616521
0.13616521
0.13566152
0.13448623
0.13448623
0.13448623
0.13398254
0.13314305
0.13297515
0.13280725
0.13230356
0.13230356
0.13230356
0.13230356
0.13230356
0.13163197
0.13112827
0.13062458
0.13045668
0.13028878
0.12928140
0.12911350
0.12894560
0.12894560
0.12894560
0.12894560
0.12894560
0.12894560
0.12860981
0.12810611
0.12810611
0.12810611
0.12810611
0.12810611
0.12726662
0.12642713
0.12625923
0.12609134
0.12592344
0.12575554
0.12558764
0.12541974
0.12525185
0.12508395
0.12491605
0.12474815
0.12424446
0.12374077
0.12357287
0.12340497
0.12290128
0.12206179
0.11232371
0.11131632
0.10980524
0.10896575
0.10846206
0.10829416
0.10812626
0.10795836
0.10728677
0.10695097
0.10644728
0.10543989
0.10510410
0.10510410
0.10476830
0.10476830
0.10476830
0.10476830
0.10476830
0.10460040
0.10460040
0.10460040
0.10460040
0.10460040
0.10460040
0.10460040
0.10460040
0.10460040
0.10460040
0.10460040
0.10460040
0.10460040
0.10460040
0.10460040
0.10460040
0.10460040
0.10376091
0.10208193
0.10208193
0.10208193
0.10208193
0.10208193
0.10174614
0.10157824
0.10141034
0.10124244
0.10107455
0.10090665
0.10073875
0.10057085
0.10040296
0.10040296
0.09922767
0.09822028
0.09805238
0.09788449
0.09771659
0.09754869
0.09670920
0.09637340
0.09637340
0.09620551
0.09586971
0.09553392
0.09486232
0.09486232
0.09486232
0.09452653
0.09452653
0.09452653
0.09419073
0.09419073
0.09419073
0.09419073
0.09419073
0.09419073
0.09385494
0.09351914
0.09301545
0.09284755
0.09234385
0.09133647
0.09100067
0.09032908
0.09032908
0.08999328
0.08965749
0.08932169
0.08898590
0.08865010
0.08848220
0.08848220
0.08848220
0.08848220
0.08848220
0.08814641
0.08814641
0.08781061
0.08747482
0.08747482
0.08713902
0.08680322
0.08663533
0.08646743
0.08629953
0.08613163
0.08596373
0.08579584
0.08562794
0.08546004
0.08529214
0.08512424
0.08495635
0.08478845
0.08462055
0.08445265
0.08394896
0.08378106
0.08361316
0.08327737
0.08294157
0.08210208
0.08176629
0.08143049
0.08109469
0.08109469
0.08109469
0.08109469
0.08109469
0.08109469
0.08109469
0.08109469
0.08109469
0.08109469
0.08109469
0.08109469
0.08109469
0.08109469
0.08109469
0.08109469
0.08109469
0.08109469
0.08109469
0.08109469
0.08109469
0.08109469
0.08109469
0.08109469
0.08092680
0.08042310
0.08025520
0.07975151
0.07924782
0.07907992
0.07891202
0.07874412
0.07857623
0.07840833
0.07824043
0.07740094
0.07337139
0.07320349
0.07303559
0.07286770
0.07269980
0.07253190
0.07236400
0.07236400
0.07236400
0.07236400
0.07236400
0.07186031
0.07152451
0.07118872
0.07102082
0.07085292
0.07034923
0.07034923
0.07034923
0.07034923
0.07034923
0.07034923
0.07034923
0.07034923
0.07034923
0.07034923
0.07034923
0.07034923
0.07034923
0.07034923
0.07034923
0.07034923
0.07034923
0.07034923
0.07034923
0.07034923
0.07034923
0.07034923
0.07034923
0.07034923
0.07034923
0.07034923
0.07034923
0.07034923
0.07034923
0.07034923
0.07034923
0.07034923
0.07034923
0.07034923
0.07034923
0.07034923
0.07034923
0.07034923
0.07034923
0.07034923
0.07034923
0.07034923
0.07034923
0.07034923
0.07034923
0.07034923
0.07034923
0.07034923
0.07034923
0.07034923
0.07034923
0.07034923
0.07034923
0.07034923
0.07034923
0.07034923
0.07034923
0.07034923
0.07034923
0.07034923
0.07034923
0.07034923
0.07034923
0.07034923
0.07034923
0.07034923
0.07001343
0.06950974
0.06934184
0.06934184
0.06934184
0.06934184
0.06934184
0.06934184
0.06934184
0.06934184
0.06934184
0.06934184
0.06934184
0.06934184
0.06934184
0.06934184
0.06934184
0.06934184
0.06934184
0.06934184
0.06934184
0.06934184
0.06934184
0.06934184
0.06934184
0.06934184
0.06934184
0.06934184
0.06934184
0.06934184
0.06934184
0.06934184
0.06934184
0.06934184
0.06934184
0.06934184
0.06934184
0.06917394
0.06900604
0.06900604
0.06900604
0.06900604
0.06900604
0.06900604
0.06900604
0.06900604
0.06900604
0.06900604
0.06900604
0.06900604
0.06900604
0.06900604
0.06900604
0.06900604
0.06900604
0.06900604
0.06900604
0.06900604
0.06900604
0.06900604
0.06900604
0.06900604
0.06900604
0.06900604
0.06900604
0.06900604
0.06900604
0.06900604
0.06900604
0.06900604
0.06900604
0.06900604
0.06900604
0.06900604
0.06900604
0.06900604
0.06900604
0.06900604
0.06900604
0.06900604
0.06900604
0.06900604
0.06900604
0.06900604
0.06900604
0.06900604
0.06900604
0.06900604
0.06900604
0.06900604
0.06900604
0.06900604
0.06900604
0.06900604
0.06900604
0.06900604
0.06883815
0.06883815
0.06883815
0.06883815
0.06883815
0.06883815
0.06883815
0.06883815
0.06883815
0.06883815
0.06883815
0.06883815
0.06883815
0.06883815
0.06883815
0.06883815
0.06883815
0.06883815
0.06883815
0.06883815
0.06883815
0.06883815
0.06883815
0.06883815
0.06883815
0.06883815
0.06883815
0.06883815
0.06883815
0.06883815
0.06883815
0.06883815
0.06883815
0.06883815
0.06883815
0.06883815
0.06883815
0.06883815
0.06883815
0.06883815
0.06883815
0.06883815
0.06883815
0.06883815
0.06883815
0.06883815
0.06883815
0.06883815
0.06883815
0.06883815
0.06883815
0.06883815
0.06883815
0.06883815
0.06883815
0.06883815
0.06883815
0.06883815
0.06883815
0.06883815
0.06883815
0.06883815
0.06883815
0.06883815
0.06883815
0.06883815
0.06883815
0.06883815
0.06883815
0.06883815
0.06883815
0.06883815
0.06883815
0.06883815
0.06883815
0.06883815
0.06883815
0.06883815
0.06883815
0.06883815
0.06883815
0.06883815
0.06883815
0.06883815
0.06883815
0.06883815
0.06850235
0.06850235
0.06850235
0.06850235
0.06850235
0.06850235
0.06850235
0.06850235
0.06850235
0.06850235
0.06850235
0.06850235
0.06850235
0.06850235
0.06850235
0.06850235
0.06850235
0.06850235
0.06850235
0.06850235
0.06850235
0.06850235
0.06850235
0.06850235
0.06850235
0.06850235
0.06850235
0.06850235
0.06850235
0.06850235
0.06850235
0.06850235
0.06850235
0.06850235
0.06850235
0.06850235
0.06850235
0.06850235
0.06850235
0.06850235
0.06850235
0.06850235
0.06850235
0.06850235
0.06850235
0.06850235
0.06850235
0.06850235
0.06850235
0.06850235
0.06850235
0.06850235
0.06850235
0.06850235
0.06850235
0.06850235
0.06850235
0.06850235
0.06850235
0.06850235
0.06850235
0.06850235
0.06850235
0.06850235
0.06850235
0.06850235
0.06850235
0.06850235
0.06850235
0.06850235
0.06850235
0.06850235
0.06850235
0.06850235
0.06850235
0.06850235
0.06850235
0.06850235
0.06850235
0.06850235
0.06850235
0.06850235
0.06850235
0.06850235
0.06850235
0.06850235
0.06850235
0.06850235
0.06850235
0.06850235
0.06850235
0.06850235
0.06850235
0.06850235
0.06850235
0.06850235
0.06850235
0.06850235
0.06850235
0.06850235
0.06850235
0.06850235
0.06850235
0.06850235
0.06850235
0.06850235
0.06850235
0.06850235
0.06850235
0.06850235
0.06850235
0.06850235
0.06850235
0.06850235
0.06850235
0.06850235
0.06850235
0.06850235
0.06850235
0.06850235
0.06850235
0.06850235
0.06850235
0.06850235
0.06850235
0.06850235
0.06850235
0.06850235
0.06850235
0.06850235
0.06850235
0.06850235
0.06850235
0.06850235
0.06850235
0.06850235
0.06850235
0.06850235
0.06850235
0.06850235
0.06850235
0.06850235
0.06850235
0.06850235
0.06850235
0.06850235
0.06850235
0.06850235
0.06850235
0.06850235
0.06850235
0.06850235
0.06850235
0.06850235
0.06850235
0.06850235
0.06850235
0.06850235
0.06850235
0.06850235
0.06850235
0.06850235
0.06850235
0.06850235
0.06850235
0.06850235
0.06850235
0.06850235
0.06850235
0.06850235
0.06850235
0.06850235
0.06850235
0.06850235
0.06850235
0.06850235
0.06850235
0.06850235
0.06850235
0.06850235
0.06850235
0.06850235
0.06850235
0.06850235
0.06850235
0.06850235
0.06850235
0.06850235
0.06850235
0.06850235
0.06850235
0.06850235
0.06850235
0.06850235
0.06850235
0.06850235
0.06850235
0.06850235
0.06850235
0.06850235
0.06850235
0.06850235
0.06850235
0.06850235
0.06850235
0.06850235
0.06850235
0.06850235
0.06850235
0.06850235
0.06850235
0.06850235
0.06850235
0.06850235
0.06850235
0.06850235
0.06850235
0.06850235
0.06850235
0.06850235
0.06850235
0.06850235
0.06850235
0.06850235
0.06850235
0.06850235
0.06850235
0.06850235
0.06850235
0.06850235
0.06850235
0.06850235
0.06850235
0.06850235
0.06850235
0.06850235
0.06850235
0.06850235
0.06850235
0.06850235
0.06850235
0.06850235
0.06850235
0.06850235
0.06850235
0.06850235
0.06850235
0.06850235
0.06850235
0.06850235
0.06850235
0.06850235
0.06850235
0.06850235
0.06850235
0.06850235
0.06850235
0.06850235
0.06850235
0.06850235
0.06850235
0.06850235
0.06850235
0.06850235
0.06850235
0.06850235
0.06850235
0.06850235
0.06850235
0.06850235
0.06850235
0.06850235
0.06850235
0.06850235
0.06850235
0.06850235
0.06850235
0.06850235
0.06850235
0.06850235
0.06850235
0.06850235
0.06850235
0.06850235
0.06850235
0.06850235
0.06850235
0.06850235
0.06850235
0.06850235
0.06850235
0.06850235
0.06850235
0.06850235
0.06850235
0.06850235
0.06850235
0.06850235
0.06850235
0.06850235
0.06850235
0.06850235
0.06850235
0.06850235
0.06850235
0.06850235
0.06850235
0.06850235
0.06850235
0.06850235
0.06850235
0.06850235
0.06850235
0.06850235
0.06850235
0.06850235
0.06850235
0.06850235
0.06850235
0.06850235
0.06850235
0.06850235
0.06850235
0.06850235
0.06850235
0.06850235
0.06850235
0.06850235
0.06850235
0.06850235
0.06850235
0.06850235
0.06850235
0.06850235
0.06850235
0.06850235
0.06850235
0.06850235
0.06850235
0.06850235
0.06850235
0.06850235
0.06850235
0.06850235
0.06850235
0.06850235
0.06850235
0.06850235
0.06850235
0.06850235
0.06850235
0.06850235
0.06850235
0.06850235
0.06850235
0.06850235
0.06850235
0.06850235
0.06850235
0.06850235
0.06850235
0.06850235
0.06850235
0.06850235
0.06850235
0.06850235
0.06850235
0.06850235
0.06850235
0.06850235
0.06850235
0.06850235
0.06850235
0.06850235
0.06850235
0.06850235
0.06850235
0.06850235
0.06850235
0.06850235
0.06850235
0.06850235
0.06850235
0.06850235
0.06850235
0.06850235
0.06850235
0.06850235
0.06850235
0.06850235
0.06850235
0.06850235
0.06850235
0.06850235
0.06850235
0.06850235
0.06850235
0.06850235
0.06850235
0.06850235
0.06850235
0.06850235
0.06850235
0.06850235
0.06850235
0.06850235
0.06850235
0.06850235
0.06850235
0.06850235
0.06850235
0.06850235
0.06850235
0.06850235
0.06850235
0.06850235
0.06850235
0.06850235
0.06850235
0.06850235
0.06850235
0.06850235
0.06850235
0.06850235
0.06850235
0.06850235
0.06850235
0.06850235
0.06850235
0.06850235
0.06850235
0.06850235
0.06850235
0.06850235
0.06850235
0.06850235
0.06850235
0.06850235
0.06850235
0.06850235
0.06850235
0.06850235
0.06850235
0.06850235
0.06850235
0.06850235
0.06850235
0.06850235
0.06850235
0.06850235
0.06850235
0.06850235
0.06850235
0.06850235
0.06850235
0.06850235
0.06850235
0.06850235
0.06850235
0.06850235
0.06850235
0.06850235
0.06850235
0.06850235
0.06850235
0.06850235
0.06850235
0.06850235
0.06850235
0.06850235
0.06850235
0.06850235
0.06850235
0.06850235
0.06850235
0.06850235
0.06850235
0.06850235
0.06850235
0.06850235
0.06850235
0.06850235
0.06850235
0.06850235
0.06850235
0.06850235
0.06850235
0.06850235
0.06850235
0.06850235
0.06850235
0.06850235
0.06850235
0.06850235
0.06850235
0.06850235
0.06850235
0.06850235
0.06850235
0.06850235
0.06850235
0.06850235
0.06850235
0.06850235
0.06850235
0.06850235
0.06850235
0.06850235
0.06850235
0.06850235
0.06850235
0.06850235
0.06850235
0.06850235
0.06850235
0.06850235
0.06850235
0.06850235
0.06850235
0.06850235
0.06850235
0.06850235
0.06850235
0.06850235
0.06850235
0.06850235
0.06816655
0.06749496
0.06715917
0.06699127
0.06682337
0.06665547
0.06648758
0.06631968
0.06615178
0.06598388
0.06581598
0.06564809
0.06548019
0.06531229
0.06514439
0.06497649
0.06480860
0.06464070
0.06447280
0.06430490
0.06413700
0.06396911
0.06380121
0.06380121
0.06380121
0.06380121
0.06363331
0.06346541
0.06329752
0.06312962
0.06296172
0.06245803
0.06195433
0.06145064
0.06094694
0.06044325
0.06027535
0.06010745
0.05993956
0.05977166
0.05960376
0.05943586
0.05926797
0.05910007
0.05893217
0.05876427
0.05859637
0.05842848
0.05826058
0.05809268
0.05792478
0.05775688
0.05758899
0.05742109
0.05725319
0.05708529
0.05691739
0.05674950
0.05658160
0.05641370
0.05624580
0.05607790
0.05591001
0.05574211
0.05557421
0.05540631
0.05523842
0.05507052
0.05490262
0.05473472
0.05456682
0.05439893
0.05423103
0.05406313
0.05389523
0.05372733
0.05355944
0.05339154
0.05322364
0.05305574
0.05288784
0.05271995
0.05255205
0.05238415
0.05221625
0.05204835
0.05171256
0.05154466
0.05137676
0.05120887
0.05104097
0.05087307
0.05070517
0.05053727
0.05036938
0.05020148
0.05003358
0.04986568
0.04969778
0.04952989
0.04936199
0.04919409
0.04902619
0.04885829
0.04869040
0.04852250
0.04835460
0.04818670
0.04801880
0.04785091
0.04768301
0.04751511
0.04734721
0.04717931
0.04701142
0.04684352
0.04667562
0.04650772
0.04633983
0.04617193
0.04600403
0.04583613
0.04566823
0.04550034
0.04533244
0.04516454
0.04499664
0.04482874
0.04466085
0.04449295
0.04432505
0.04415715
0.04382136
0.04365346
0.04348556
0.04314976
0.04298187
0.04281397
0.04264607
0.02837475
0.02803895
0.02803895
0.02803895
0.02803895
0.02803895
0.02803895
0.02803895
0.02803895
0.02803895
0.02803895
0.02787105
0.02770316
0.02753526
0.02736736
0.02736736
0.00940228
0.00940228
0.00940228
0.00940228
0.00940228
0.00940228
0.00940228
0.00940228
0.00940228
0.00940228
0.00940228
0.00940228
0.00940228
0.00940228
0.00940228
0.00940228
0.00940228
0.00940228
0.00940228
0.00940228
0.00940228
0.00940228
0.00940228
0.00940228
0.00940228
0.00940228
0.00940228
0.00940228
0.00940228
0.00940228
0.00940228
0.00940228
0.00940228
0.00940228
0.00940228
0.00940228
0.00940228
0.00940228
0.00940228
0.00940228
0.00940228
0.00940228
0.00940228
0.00940228
0.00940228
0.00940228
0.00940228
0.00940228
0.00940228
0.00940228
0.00940228
0.00940228
0.00940228
0.00940228
0.00940228
0.00940228
0.00940228
0.00940228
0.00940228
0.00940228
0.00940228
0.00940228
0.00940228
0.00940228
0.00940228
0.00940228
0.00940228
0.00940228
0.00940228
0.00940228
0.00940228
0.00923439
0.00906649
0.00889859
0.00873069
0.00856279
0.00839490
0.00822700
0.00805910
0.00789120
0.00772330
0.00755541
0.00738751
0.00721961
0.00705171
0.00688381
0.00671592
0.00654802
0.00638012
0.00621222
0.00604433
0.00587643
0.00570853
0.00554063
0.00537273
0.00520484
0.00503694
0.00486904
0.00470114
0.00453324
0.00436535
0.00419745
0.00402955
0.00386165
0.00369375
0.00352586
0.00335796
0.00319006
0.00302216
0.00285426
0.00268637
0.00251847
0.00235057
0.00218267
0.00201478
0.00184688
0.00167898
0.00151108
0.00016790
0.00016790
0.00016790
0.00016790
0.00016790
0.00016790
0.00016790
0.00016790
0.00016790
0.00016790
0.00016790
0.00016790
0.00016790
0.00016790
0.00016790
0.00016790
0.00016790
0.00016790
0.00016790
0.00016790
0.00016790
0.00016790
0.00016790
0.00016790
0.00016790
0.00016790
0.00016790
0.00016790
0.00016790
0.00016790
0.00016790
0.00016790
0.00016790
0.00016790
0.00016790
0.00016790
0.00016790
0.00016790
0.00016790
0.00016790
0.00016790
0.00016790
0.00016790
0.00016790
0.00016790
0.00016790
0.00016790
0.00016790
0.00016790
0.00016790
0.00016790
0.00016790
0.00016790
0.00016790
0.00016790
0.00016790
0.00016790
0.00016790
0.00016790
0.00016790
0.00016790
0.00016790
0.00016790
0.00016790
0.00016790
0.00016790
0.00016790
0.00016790
0.00016790
0.00016790
0.00016790
0.00016790
0.00016790
0.00016790
0.00016790
0.00016790
0.00016790
0.00016790
0.00016790
0.00016790
0.00016790
0.00016790
0.00016790
0.00016790
0.00016790
0.00016790
0.00016790
0.00016790
0.00016790
0.00016790
0.00016790
0.00016790
0.00016790
0.00016790
0.00016790
0.00016790
0.00016790
0.00016790
0.00016790
0.00016790
0.00016790
0.00016790
0.00016790
0.00016790
0.00016790
0.00016790
0.00016790
0.00016790
0.00016790
0.00016790
0.00016790
0.00016790
0.00016790
0.00016790
0.00016790
0.00016790
0.00016790
0.00016790
0.00016790
0.00016790
0.00016790
0.00016790
0.00016790
0.00016790
0.00016790
0.00016790
0.00016790
0.00016790
0.00016790
0.00016790
0.00016790
0.00016790
0.00016790
0.00016790
0.00016790
0.00016790
0.00016790
0.00016790
0.00016790
0.00016790
0.00016790
0.00016790
0.00016790
0.00016790
0.00016790
0.00016790
0.00016790
0.00016790
0.00016790
0.00016790
0.00016790
0.00016790
0.00016790
0.00016790
0.00016790
0.00016790
0.00016790
0.00016790
0.00016790
0.00016790
0.00016790
0.00016790
0.00016790
0.00016790
0.00016790
0.00016790
0.00016790
0.00016790
0.00016790
0.00016790
0.00016790
0.00016790
0.00016790
0.00016790
0.00016790
0.00016790
0.00016790
0.00016790
0.00016790
0.00016790
0.00016790
0.00016790
0.00016790
0.00016790
0.00016790
0.00016790
0.00016790
0.00016790
0.00016790
0.00016790
0.00016790
0.00016790
0.00016790
0.00016790
0.00016790
0.00016790
0.00016790
0.00016790
0.00016790
0.00016790
0.00016790
0.00016790
0.00016790
0.00016790
0.00016790
0.00016790
0.00016790
0.00016790
0.00016790
0.00016790
0.00016790
0.00016790
0.00016790
0.00016790
0.00016790
0.00016790
0.00016790
0.00016790
0.00016790
0.00016790
0.00016790
0.00016790
0.00016790
0.00016790
0.00016790
0.00016790
0.00016790
0.00016790
0.00016790
0.00016790
0.00016790
0.00016790
0.00016790
0.00016790
0.00016790
0.00016790
0.00016790
0.00016790
0.00016790
0.00016790
0.00016790
0.00016790
0.00016790
0.00016790
0.00016790
0.00016790
0.00016790
0.00016790
0.00016790
0.00016790
0.00016790
0.00016790
0.00016790
0.00016790
0.00016790
0.00016790
0.00016790
0.00016790
0.00016790
0.00016790
0.00016790
0.00016790
0.00016790
0.00016790
0.00016790
0.00016790
0.00016790
0.00016790
0.00016790
0.00016790
0.00016790
0.00016790
0.00016790
0.00016790
0.00016790
0.00016790
0.00016790
0.00016790
0.00016790
0.00016790
0.00016790
0.00016790
0.00016790
0.00016790
0.00016790
0.00016790
0.00016790
0.00016790
0.00016790
0.00016790
0.00016790
0.00016790
0.00016790
0.00016790
0.00016790
0.00016790
0.00016790
0.00016790
0.00016790
0.00016790
0.00016790
0.00016790
0.00016790
0.00016790
0.00016790
0.00016790
0.00016790
0.00016790
0.00016790
0.00016790
0.00016790
0.00016790
0.00016790
0.00016790
0.00016790
0.00016790
0.00016790
0.00016790
0.00016790
0.00016790
0.00016790
0.00016790
0.00016790
0.00016790
0.00016790
0.00016790
0.00016790
0.00016790
0.00016790
0.00016790
0.00016790
0.00016790
0.00016790
0.00016790
0.00016790
0.00016790
0.00016790
0.00016790
0.00016790
0.00016790
0.00016790
0.00016790
0.00016790
0.00016790
0.00016790
0.00016790
0.00016790
0.00016790
0.00016790
0.00016790
0.00016790
0.00016790
0.00016790
0.00016790
0.00016790
0.00016790
0.00016790
0.00016790
0.00016790
0.00016790
0.00016790
0.00016790
0.00016790
0.00016790
0.00016790
0.00016790
0.00016790
0.00016790
0.00016790
0.00016790
0.00016790
0.00016790
0.00016790
0.00016790
0.00016790
0.00016790
0.00016790
0.00016790
0.00016790
0.00016790
0.00016790
0.00016790
0.00016790
0.00016790
0.00016790
0.00016790
0.00016790
0.00016790
0.00016790
0.00016790
0.00016790
0.00016790
0.00016790
0.00016790
0.00016790
0.00016790
0.00016790
0.00016790
0.00016790
0.00016790
0.00016790
0.00016790
0.00016790
0.00016790
0.00016790
0.00016790
0.00016790
0.00016790
0.00016790
0.00016790
0.00016790
0.00016790
0.00016790
0.00016790
0.00016790
0.00016790
0.00016790
0.00016790
0.00016790
0.00016790
0.00016790
0.00016790
0.00016790
0.00016790
0.00016790
0.00016790
0.00016790
0.00016790
0.00016790
0.00016790
0.00016790
0.00016790
0.00016790
0.00016790
0.00016790
0.00016790
0.00016790
0.00016790
0.00016790
0.00016790
0.00016790
0.00016790
0.00016790
0.00016790
0.00016790
0.00016790
0.00016790
0.00016790
0.00016790
0.00016790
0.00016790
0.00016790
0.00016790
0.00016790
0.00016790
0.00016790
0.00016790
0.00016790
0.00016790
0.00016790
0.00016790
0.00016790
0.00016790
0.00016790
0.00016790
0.00016790
0.00016790
0.00016790
0.00016790
0.00016790
0.00016790
0.00016790
0.00016790
0.00016790
0.00016790
0.00016790
0.00016790
0.00016790
0.00016790
0.00016790
0.00016790
0.00016790
0.00016790
0.00016790
0.00016790
0.00016790
0.00016790
0.00016790
0.00016790
0.00016790
0.00016790
0.00016790
0.00016790
0.00016790
0.00016790
0.00016790
0.00016790
0.00016790
0.00016790
0.00016790
0.00016790
0.00016790
0.00016790
0.00016790
0.00016790
0.00016790
0.00016790
0.00016790
0.00016790
0.00016790
0.00016790
0.00016790
0.00016790
0.00016790
0.00016790
0.00016790
0.00016790
0.00016790
0.00016790
0.00016790
0.00016790
0.00016790
0.00016790
0.00016790
0.00016790
0.00016790
0.00016790
0.00016790
0.00016790
0.00016790
0.00016790
0.00016790
0.00016790
0.00016790
0.00016790
0.00016790
0.00016790
0.00016790
0.00016790
0.00016790
0.00016790
0.00016790
0.00016790
0.00016790
0.00016790
0.00016790
0.00016790
0.00016790
0.00016790
0.00016790
0.00016790
0.00016790
0.00016790
0.00016790
0.00016790
0.00016790
0.00016790
0.00016790
0.00016790
0.00016790
0.00016790
0.00016790
0.00016790
0.00016790
0.00016790
0.00016790
0.00016790
0.00016790
0.00016790
0.00016790
0.00016790
0.00016790
0.00016790
0.00016790
0.00016790
0.00016790
0.00016790
0.00016790
0.00016790
0.00016790
0.00016790
0.00016790
0.00016790
0.00016790
0.00016790
0.00016790
0.00016790
0.00016790
0.00016790
0.00016790
0.00016790
0.00016790
0.00016790
0.00016790
0.00016790
0.00016790
0.00016790
0.00016790
0.00016790
0.00016790
0.00016790
0.00016790
0.00016790
0.00016790
0.00016790
0.00016790
0.00016790
0.00016790
0.00016790
0.00016790
0.00016790
0.00016790
0.00016790
0.00016790
0.00016790
0.00016790
0.00016790
0.00016790
0.00016790
0.00016790
0.00016790
0.00016790
0.00016790
0.00016790
0.00016790
0.00016790
0.00016790
0.00016790
0.00016790
0.00016790
0.00016790
0.00016790
0.00016790
0.00016790
0.00016790
0.00016790
0.00016790
0.00016790
0.00016790
0.00016790
0.00016790
0.00016790
0.00016790
0.00016790
0.00016790
0.00016790
0.00016790
0.00016790
0.00016790
0.00016790
0.00016790
0.00016790
0.00016790
0.00016790
0.00016790
0.00016790
0.00016790
0.00016790
0.00016790
0.00016790
0.00016790
0.00016790
0.00016790
0.00016790
0.00016790
0.00016790
0.00016790
0.00016790
0.00016790
0.00016790
0.00016790
0.00016790
0.00016790
0.00016790
0.00016790
0.00016790
0.00016790
0.00016790
0.00016790
0.00016790
0.00016790
0.00016790
0.00016790
0.00016790
0.00016790
0.00016790
0.00016790
0.00016790
0.00016790
0.00016790
0.00016790
0.00016790
0.00016790
0.00016790
0.00016790
0.00016790
0.00016790
0.00016790
0.00016790
0.00016790
0.00016790
0.00016790
0.00016790
0.00016790
0.00016790
0.00016790
0.00016790
0.00016790
0.00016790
0.00016790
0.00016790
0.00016790
0.00016790
0.00016790
0.00016790
0.00016790
0.00016790
0.00016790
0.00016790
0.00016790
0.00016790
0.00016790
0.00016790
0.00016790
0.00016790
0.00016790
0.00016790
0.00016790
0.00016790
0.00016790
0.00016790
0.00016790
0.00016790
0.00016790
0.00016790
0.00016790
0.00016790
0.00016790
0.00016790
0.00016790
0.00016790
0.00016790
0.00016790
0.00016790
0.00016790
0.00016790
0.00016790
0.00016790
0.00016790
0.00016790
0.00016790
0.00016790
0.00016790
0.00016790
0.00016790
0.00016790
0.00016790
0.00016790
0.00016790
0.00016790
0.00016790
0.00016790
0.00016790
0.00016790
0.00016790
0.00016790
0.00016790
0.00016790
0.00016790
0.00016790
0.00016790
0.00016790
0.00016790
0.00016790
0.00016790
0.00016790
0.00016790
0.00016790
0.00016790
0.00016790
0.00016790
0.00016790
0.00016790
0.00016790
0.00016790
0.00016790
0.00016790
0.00016790
0.00016790
0.00016790
0.00016790
0.00016790
0.00016790
0.00016790
0.00016790
0.00016790
0.00016790
0.00016790
0.00016790
0.00016790
0.00016790
0.00016790
0.00016790
0.00016790
0.00016790
0.00016790
0.00016790
0.00016790
0.00016790
0.00016790
0.00016790
0.00016790
0.00016790
0.00016790
0.00016790
0.00016790
0.00016790
0.00016790
0.00016790
0.00016790
0.00016790
0.00016790
0.00016790
0.00016790
0.00016790
0.00016790
0.00016790
0.00016790
0.00016790
0.00016790
0.00016790
0.00016790
0.00016790
0.00016790
0.00016790
0.00016790
0.00016790
0.00016790
0.00016790
0.00016790
0.00016790
0.00016790
0.00016790
0.00016790
0.00016790
0.00016790
0.00016790
0.00016790
0.00016790
0.00016790
0.00016790
0.00016790
0.00016790
0.00016790
0.00016790
0.00016790
0.00016790
0.00016790
0.00016790
0.00016790
0.00016790
0.00016790
0.00016790
0.00016790
0.00016790
0.00016790
0.00016790
0.00016790
0.00016790
0.00016790
0.00016790
0.00016790
0.00016790
0.00016790
0.00016790
0.00016790
0.00016790
0.00016790
0.00016790
0.00016790
0.00016790
0.00016790
0.00016790
0.00016790
0.00016790
0.00016790
0.00016790
0.00016790
0.00016790
0.00016790
0.00016790
0.00016790
0.00016790
0.00016790
0.00016790
0.00016790
0.00016790
0.00016790
0.00016790
0.00016790
0.00016790
0.00016790
0.00016790
0.00016790
0.00016790
0.00016790
0.00016790
0.00016790
0.00016790
0.00016790
0.00016790
0.00016790
0.00016790
0.00016790
0.00016790
0.00016790
0.00016790
0.00016790
0.00016790
0.00016790
0.00016790
0.00016790
0.00016790
0.00016790
0.00016790
0.00016790
0.00016790
0.00016790
0.00016790
0.00016790
0.00016790
0.00016790
0.00016790
0.00016790
0.00016790
0.00016790
0.00016790
0.00016790
0.00016790
0.00016790
0.00016790
0.00016790
0.00016790
0.00016790
0.00016790
0.00016790
0.00016790
0.00016790
0.00016790
0.00016790
0.00016790
0.00016790
0.00016790
0.00016790
0.00016790
0.00016790
0.00016790
0.00016790
0.00016790
0.00016790
0.00016790
0.00016790
0.00016790
0.00016790
0.00016790
0.00016790
0.00016790
0.00016790
0.00016790
0.00016790
0.00016790
0.00016790
0.00016790
0.00016790
0.00016790
0.00016790
0.00016790
0.00016790
0.00016790
0.00016790
0.00016790
0.00016790
0.00016790
0.00016790
0.00016790
0.00016790
0.00016790
0.00016790
0.00016790
0.00016790
0.00016790
0.00016790
0.00016790
0.00016790
0.00016790
0.00016790
0.00016790
0.00016790
0.00016790
0.00016790
0.00016790
0.00016790
0.00016790
0.00016790
0.00016790
0.00016790
0.00016790
0.00016790
0.00016790
0.00016790
0.00016790
0.00016790
0.00016790
0.00016790
0.00016790
0.00016790
0.00016790
0.00016790
0.00016790
0.00016790
0.00016790
0.00016790
0.00016790
0.00016790
0.00016790
0.00016790
0.00016790
0.00016790
0.00016790
0.00016790
0.00016790
0.00016790
0.00016790
0.00016790
0.00016790
0.00016790
0.00016790
0.00016790
0.00016790
0.00016790
0.00016790
0.00016790
0.00016790
0.00016790
0.00016790
0.00016790
0.00016790
0.00016790
0.00016790
0.00016790
0.00016790
0.00016790
0.00016790
0.00016790
0.00016790
0.00016790
0.00016790
0.00016790
0.00016790
0.00016790
0.00016790
0.00016790
0.00016790
0.00016790
0.00016790
0.00016790
0.00016790
0.00016790
0.00016790
0.00016790
0.00016790
0.00016790
0.00016790
0.00016790
0.00016790
0.00016790
0.00016790
0.00016790
0.00016790
0.00016790
0.00016790
0.00016790
0.00016790
0.00016790
0.00016790
0.00016790
0.00016790
0.00016790
0.00016790
0.00016790
0.00016790
0.00016790
0.00016790
0.00016790
0.00016790
0.00016790
0.00016790
0.00016790
0.00016790
0.00016790
0.00016790
0.00016790
0.00016790
0.00016790
0.00016790
0.00016790
0.00016790
0.00016790
0.00016790
0.00016790
0.00016790
0.00016790
0.00016790
0.00016790
0.00016790
0.00016790
0.00016790
0.00016790
0.00016790
0.00016790
0.00016790
0.00016790
0.00016790
0.00016790
0.00016790
0.00016790
0.00016790
0.00016790
0.00016790
0.00016790
0.00016790
0.00016790
0.00016790
0.00016790
0.00016790
0.00016790
0.00016790
0.00016790
0.00016790
0.00016790
0.00016790
0.00016790
0.00016790
0.00016790
0.00016790
0.00016790
0.00016790
0.00016790
0.00016790
0.00016790
0.00016790
0.00016790
0.00016790
0.00016790
0.00016790
0.00016790
0.00016790
0.00016790
0.00016790
0.00016790
0.00016790
0.00016790
0.00016790
0.00016790
0.00016790
0.00016790
0.00016790
0.00016790
0.00016790
0.00016790
0.00016790
0.00016790
0.00016790
0.00016790
0.00016790
0.00016790
0.00016790
0.00016790
0.00016790
0.00016790
0.00016790
0.00016790
0.00016790
0.00016790
0.00016790
0.00016790
0.00016790
0.00016790
0.00016790
0.00016790
0.00016790
0.00016790
0.00016790
0.00016790
0.00016790
0.00016790
0.00016790
0.00016790
0.00016790
0.00016790
0.00016790
0.00016790
0.00016790
0.00016790
0.00016790
0.00016790
0.00016790
0.00016790
0.00016790
0.00016790
0.00016790
0.00016790
0.00016790
0.00016790
0.00016790
0.00016790
0.00016790
0.00016790
0.00016790
0.00016790
0.00016790
0.00016790
0.00016790
0.00016790
0.00016790
0.00016790
0.00016790
0.00016790
0.00016790
0.00016790
0.00016790
0.00016790
0.00016790
0.00016790
0.00016790
0.00016790
0.00016790
0.00016790
0.00016790
0.00016790
0.00016790
0.00016790
0.00016790
0.00016790
0.00016790
0.00016790
0.00016790
0.00016790
0.00016790
0.00016790
0.00016790
0.00016790
0.00016790
0.00016790
0.00016790
0.00016790
0.00016790
0.00016790
0.00016790
0.00016790
0.00016790
0.00016790
0.00016790
0.00016790
0.00016790
0.00016790
0.00016790
0.00016790
0.00016790
0.00016790
0.00016790
0.00016790
0.00016790
0.00016790
0.00016790
0.00016790
0.00016790
0.00016790
0.00016790
0.00016790
0.00016790
0.00016790
0.00016790
0.00016790
0.00016790
0.00016790
0.00016790
0.00016790
0.00016790
0.00016790
0.00016790
0.00016790
0.00016790
0.00016790
0.00016790
0.00016790
0.00016790
0.00016790
0.00016790
0.00016790
0.00016790
0.00016790
0.00016790
0.00016790
0.00016790
0.00016790
0.00016790
0.00016790
0.00016790
0.00016790
0.00016790
0.00016790
0.00016790
0.00016790
0.00016790
0.00016790
0.00016790
0.00016790
0.00016790
0.00016790
0.00016790
0.00016790
0.00016790
0.00016790
0.00016790
0.00016790
0.00016790
0.00016790
0.00016790
0.00016790
0.00016790
0.00016790
0.00016790
0.00016790
0.00016790
0.00016790
0.00016790
0.00016790
0.00016790
0.00016790
0.00016790
0.00016790
0.00016790
0.00016790
0.00016790
0.00016790
0.00016790
0.00016790
0.00016790
0.00016790
0.00016790
0.00016790
0.00016790
0.00016790
0.00016790
0.00016790
0.00016790
0.00016790
0.00016790
0.00016790
0.00016790
0.00016790
0.00016790
0.00016790
0.00016790
0.00016790
0.00016790
0.00016790
0.00016790
0.00016790
0.00016790
0.00016790
0.00016790
0.00016790
0.00016790
0.00016790
0.00016790
0.00016790
0.00016790
0.00016790
0.00016790
0.00016790
0.00016790
0.00016790
0.00016790
0.00016790
0.00016790
0.00016790
0.00016790
0.00016790
0.00016790
0.00016790
0.00016790
0.00016790
0.00016790
0.00016790
0.00016790
0.00016790
0.00016790
0.00016790
0.00016790
0.00016790
0.00016790
0.00016790
0.00016790
0.00016790
0.00016790
0.00016790
0.00016790
0.00016790
0.00016790
0.00016790
0.00016790
0.00016790
0.00016790
0.00016790
0.00016790
0.00016790
0.00016790
0.00016790
0.00016790
0.00016790
0.00016790
0.00016790
0.00016790
0.00016790
0.00016790
0.00016790
0.00016790
0.00016790
0.00016790
0.00016790
0.00016790
0.00016790
0.00016790
0.00016790
0.00016790
0.00016790
0.00016790
0.00016790
0.00016790
0.00016790
0.00016790
0.00016790
0.00016790
0.00016790
0.00016790
0.00016790
0.00016790
0.00016790
0.00016790
0.00016790
0.00016790
0.00016790
0.00016790
0.00016790
0.00016790
0.00016790
0.00016790
0.00016790
0.00016790
0.00016790
0.00016790
0.00016790
0.00016790
0.00016790
0.00016790
0.00016790
0.00016790
0.00016790
0.00016790
0.00016790
0.00016790
0.00016790
0.00016790
0.00016790
0.00016790
0.00016790
0.00016790
0.00016790
0.00016790
0.00016790
0.00016790
0.00016790
0.00016790
0.00016790
0.00016790
0.00016790
0.00016790
0.00016790
0.00016790
0.00016790
0.00016790
0.00016790
0.00016790
0.00016790
0.00016790
0.00016790
0.00016790
0.00016790
0.00016790
0.00016790
0.00016790
0.00016790
0.00016790
0.00016790
0.00016790
0.00016790
0.00016790
0.00016790
0.00016790
0.00016790
0.00016790
0.00016790
0.00016790
0.00016790
0.00016790
0.00016790
0.00016790
0.00016790
0.00016790
0.00016790
0.00016790
0.00016790
0.00016790
0.00016790
0.00016790
0.00016790
0.00016790
0.00016790
0.00016790
0.00016790
0.00016790
0.00016790
0.00016790
0.00016790
0.00016790
0.00016790
0.00016790
0.00016790
0.00016790
0.00016790
0.00016790
0.00016790
0.00016790
0.00016790
0.00016790
0.00016790
0.00016790
0.00016790
0.00016790
0.00016790
0.00016790
0.00016790
0.00016790
0.00016790
0.00016790
0.00016790
0.00016790
0.00016790
0.00016790
0.00016790
0.00016790
0.00016790
0.00016790
0.00016790
0.00016790
0.00016790
0.00016790
0.00016790
0.00016790
0.00016790
0.00016790
0.00016790
0.00016790
0.00016790
0.00016790
0.00016790
0.00016790
0.00016790
0.00016790
0.00016790
0.00016790
0.00016790
0.00016790
0.00016790
0.00016790
0.00016790
0.00016790
0.00016790
0.00016790
0.00016790
0.00016790
0.00016790
0.00016790
0.00016790
0.00016790
0.00016790
0.00016790
0.00016790
0.00016790
0.00016790
0.00016790
0.00016790
0.00016790
0.00016790
0.00016790
0.00016790
0.00016790
0.00016790
0.00016790
0.00016790
0.00016790
0.00016790
0.00016790
0.00016790
0.00016790
0.00016790
0.00016790
0.00016790
0.00016790
0.00016790
0.00016790
0.00016790
0.00016790
0.00016790
0.00016790
0.00016790
0.00016790
0.00016790
0.00016790
0.00016790
0.00016790
0.00016790
0.00016790
0.00016790
0.00016790
0.00016790
0.00016790
0.00016790
0.00016790
0.00016790
0.00016790
0.00016790
0.00016790
0.00016790
0.00016790
0.00016790
0.00016790
0.00016790
0.00016790
0.00016790
0.00016790
0.00016790
0.00016790
0.00016790
0.00016790
0.00016790
0.00016790
0.00016790
0.00016790
0.00016790
0.00016790
0.00016790
0.00016790
0.00016790
0.00016790
0.00016790
0.00016790
0.00016790
0.00016790
0.00016790
0.00016790
0.00016790
0.00016790
0.00016790
0.00016790
0.00016790
0.00016790
0.00016790
0.00016790
0.00016790
0.00016790
0.00016790
0.00016790
0.00016790
0.00016790
0.00016790
0.00016790
0.00016790
0.00016790
0.00016790
0.00016790
0.00016790
0.00016790
0.00016790
0.00016790
0.00016790
0.00016790
0.00016790
0.00016790
0.00016790
0.00016790
0.00016790
0.00016790
0.00016790
0.00016790
0.00016790
0.00016790
0.00016790
0.00016790
0.00016790
0.00016790
0.00016790
0.00016790
0.00016790
0.00016790
0.00016790
0.00016790
0.00016790
0.00016790
0.00016790
0.00016790
0.00016790
0.00016790
0.00016790
0.00016790
0.00016790
0.00016790
0.00016790
0.00016790
0.00016790
0.00016790
0.00016790
0.00016790
0.00016790
0.00016790
0.00016790
0.00016790
0.00016790
0.00016790
0.00016790
0.00016790
0.00016790
0.00016790
0.00016790
0.00016790
0.00016790
0.00016790
0.00016790
0.00016790
0.00016790
0.00016790
0.00016790
0.00016790
0.00016790
0.00016790
0.00016790
0.00016790
0.00016790
0.00016790
0.00016790
0.00016790
0.00016790
0.00016790
0.00016790
0.00016790
0.00016790
0.00016790
0.00016790
0.00016790
0.00016790
0.00016790
0.00016790
0.00016790
0.00016790
0.00016790
0.00016790
0.00016790
0.00016790
0.00016790
0.00016790
0.00016790
0.00016790
0.00016790
0.00016790
0.00016790
0.00016790
0.00016790
0.00016790
0.00016790
0.00016790
0.00016790
0.00016790
0.00016790
0.00016790
0.00016790
0.00016790
0.00016790
0.00016790
0.00016790
0.00016790
0.00016790
0.00016790
0.00016790
0.00016790
0.00016790
0.00016790
0.00016790
0.00016790
0.00016790
0.00016790
0.00016790
0.00016790
0.00016790
0.00016790
0.00016790
0.00016790
0.00016790
0.00016790
0.00016790
0.00016790
0.00016790
0.00016790
0.00016790
0.00016790
0.00016790
0.00016790
0.00016790
0.00016790
0.00016790
0.00016790
0.00016790
0.00016790
0.00016790
0.00016790
0.00016790
0.00016790
0.00016790
0.00016790
0.00016790
0.00016790
0.00016790
0.00016790
0.00016790
0.00016790
0.00016790
0.00016790
0.00016790
0.00016790
0.00016790
0.00016790
0.00016790
0.00016790
0.00016790
0.00016790
0.00016790
0.00016790
0.00016790
0.00016790
0.00016790
0.00016790
0.00016790
0.00016790
0.00016790
0.00016790
0.00016790
0.00016790
0.00016790
0.00016790
0.00016790
0.00016790
0.00016790
0.00016790
0.00016790
0.00016790
0.00016790
0.00016790
0.00016790
0.00016790
0.00016790
0.00016790
0.00016790
0.00016790
0.00016790
0.00016790
0.00016790
0.00016790
0.00016790
0.00016790
0.00016790
0.00016790
0.00016790
0.00016790
0.00016790
0.00016790
0.00016790
0.00016790
0.00016790
0.00016790
0.00016790
0.00016790
0.00016790
0.00016790
0.00016790
0.00016790
0.00016790
0.00016790
0.00016790
0.00016790
0.00016790
0.00016790
0.00016790
0.00016790
0.00016790
0.00016790
0.00016790
0.00016790
0.00016790
0.00016790
0.00016790
0.00016790
0.00016790
0.00016790
0.00016790
0.00016790
0.00016790
0.00016790
0.00016790
0.00016790
0.00016790
0.00016790
0.00016790
0.00016790
0.00016790
0.00016790
0.00016790
0.00016790
0.00016790
0.00016790
0.00016790
0.00016790
0.00016790
0.00016790
0.00016790
0.00016790
0.00016790
0.00016790
0.00016790
0.00016790
0.00016790
0.00016790
0.00016790
0.00016790
0.00016790
0.00016790
0.00016790
0.00016790
0.00016790
0.00016790
0.00016790
0.00016790
0.00016790
0.00016790
0.00016790
0.00016790
0.00016790
0.00016790
0.00016790
0.00016790
0.00016790
0.00016790
0.00016790
0.00016790
0.00016790
0.00016790
0.00016790
0.00016790
0.00016790
0.00016790
0.00016790
0.00016790
0.00016790
0.00016790
0.00016790
0.00016790
0.00016790
0.00016790
0.00016790
0.00016790
0.00016790
0.00016790
0.00016790
0.00016790
0.00016790
0.00016790
0.00016790
0.00016790
0.00016790
0.00016790
0.00016790
0.00016790
0.00016790
0.00016790
0.00016790
0.00016790
0.00016790
0.00016790
0.00016790
0.00016790
0.00016790
0.00016790
0.00016790
0.00016790
0.00016790
0.00016790
0.00016790
0.00016790
0.00016790
0.00016790
0.00016790
0.00016790
0.00016790
0.00016790
0.00016790
0.00016790
0.00016790
0.00016790
0.00016790
0.00016790
0.00016790
0.00016790
0.00016790
0.00016790
0.00016790
0.00016790
0.00016790
0.00016790
0.00016790
0.00016790
0.00016790
0.00016790
0.00016790
0.00016790
0.00016790
0.00016790
0.00016790
0.00016790
0.00016790
0.00016790
0.00016790
0.00016790
0.00016790
0.00016790
0.00016790
0.00016790
0.00016790
0.00016790
0.00016790
0.00016790
0.00016790
0.00016790
0.00016790
0.00016790
0.00016790
0.00016790
0.00016790
0.00016790
0.00016790
0.00016790
0.00016790
0.00016790
0.00016790
0.00016790
0.00016790
0.00016790
0.00016790
0.00016790
0.00016790
0.00016790
0.00016790
0.00016790
0.00016790
0.00016790
0.00016790
0.00016790
0.00016790
0.00016790
0.00016790
0.00016790
0.00016790
0.00016790
0.00016790
0.00016790
0.00016790
0.00016790
0.00016790
0.00016790
0.00016790
0.00016790
0.00016790
0.00016790
0.00016790
0.00016790
0.00016790
0.00016790
0.00016790
0.00016790
0.00016790
0.00016790
0.00016790
0.00016790
0.00016790
0.00016790
0.00016790
0.00016790
0.00016790
0.00016790
0.00016790
0.00016790
0.00016790
0.00016790
0.00016790
0.00016790
0.00016790
0.00016790
0.00016790
0.00016790
0.00016790
0.00016790
0.00016790
0.00016790
0.00016790
0.00016790
0.00016790
0.00016790
0.00016790
0.00016790
0.00016790
0.00016790
0.00016790
0.00016790
0.00016790
0.00016790
0.00016790
0.00016790
0.00016790
0.00016790
0.00016790
0.00016790
0.00016790
0.00016790
0.00016790
0.00016790
0.00016790
0.00016790
0.00016790
0.00016790
0.00016790
0.00016790
0.00016790
0.00016790
0.00016790
0.00016790
0.00016790
0.00016790
0.00016790
0.00016790
0.00016790
0.00016790
0.00016790
0.00016790
0.00016790
0.00016790
0.00016790
0.00016790
0.00016790
0.00016790
0.00016790
0.00016790
0.00016790
0.00016790
0.00016790
0.00016790
0.00016790
0.00016790
0.00016790
0.00016790
0.00016790
0.00016790
0.00016790
0.00016790
0.00016790
0.00016790
0.00016790
0.00016790
0.00016790
0.00016790
0.00016790
0.00016790
0.00016790
0.00016790
0.00016790
0.00016790
0.00016790
0.00016790
0.00016790
0.00016790
0.00016790
0.00016790
0.00016790
0.00016790
0.00016790
0.00016790
0.00016790
0.00016790
0.00016790
0.00016790
0.00016790
0.00016790
0.00016790
0.00016790
0.00016790
0.00016790
0.00016790
0.00016790
0.00016790
0.00016790
0.00016790
0.00016790
0.00016790
0.00016790
0.00016790
0.00016790
0.00016790
0.00016790
0.00016790
0.00016790
0.00016790
0.00016790
0.00016790
0.00016790
0.00016790
0.00016790
0.00016790
0.00016790
0.00016790
0.00016790
0.00016790
0.00016790
0.00016790
0.00016790
0.00016790
0.00016790
0.00016790
0.00016790
0.00016790
0.00016790
0.00016790
0.00016790
0.00016790
0.00016790
0.00016790
0.00016790
0.00016790
0.00016790
0.00016790
0.00016790
0.00016790
0.00016790
0.00016790
0.00016790
0.00016790
0.00016790
0.00016790
0.00016790
0.00016790
0.00016790
0.00016790
0.00016790
0.00016790
0.00016790
0.00016790
0.00016790
0.00016790
0.00016790
0.00016790
0.00016790
0.00016790
0.00016790
0.00016790
0.00016790
0.00016790
0.00016790
0.00016790
0.00016790
0.00016790
0.00016790
0.00016790
0.00016790
0.00016790
0.00016790
0.00016790
0.00016790
0.00016790
0.00016790
0.00016790
0.00016790
0.00016790
0.00016790
0.00016790
0.00016790
0.00016790
0.00016790
0.00016790
0.00016790
0.00016790
0.00016790
0.00016790
0.00016790
0.00016790
0.00016790
0.00016790
0.00016790
0.00016790
0.00016790
0.00016790
0.00016790
0.00016790
0.00016790
0.00016790
0.00016790
0.00016790
0.00016790
0.00016790
0.00016790
0.00016790
0.00016790
0.00016790
0.00016790
0.00016790
0.00016790
0.00016790
0.00016790
0.00016790
0.00016790
0.00016790
0.00016790
0.00016790
0.00016790
0.00016790
0.00016790
0.00016790
0.00016790
0.00016790
0.00016790
0.00016790
0.00016790
0.00016790
0.00016790
0.00016790
0.00016790
0.00016790
0.00016790
0.00016790
0.00016790
0.00016790
0.00016790
0.00016790
0.00016790
0.00016790
0.00016790
0.00016790
0.00016790
0.00016790
0.00016790
0.00016790
0.00016790
0.00016790
0.00016790
0.00016790
0.00016790
0.00016790
0.00016790
0.00016790
0.00016790
0.00016790
0.00016790
0.00016790
0.00016790
0.00016790
0.00016790
0.00016790
0.00016790
0.00016790
0.00016790
0.00016790
0.00016790
0.00016790
0.00016790
0.00016790
0.00016790
0.00016790
0.00016790
0.00016790
0.00016790
0.00016790
0.00016790
0.00016790
0.00016790
0.00016790
0.00016790
0.00016790
0.00016790
0.00016790
0.00016790
0.00016790
0.00016790
0.00016790
0.00016790
0.00016790
0.00016790
0.00016790
0.00016790
0.00016790
0.00016790
0.00016790
0.00016790
0.00016790
0.00016790
0.00016790
0.00016790
0.00016790
0.00016790
0.00016790
0.00016790
0.00016790
0.00016790
0.00016790
0.00016790
0.00016790
0.00016790
0.00016790
0.00016790
0.00016790
0.00016790
0.00016790
0.00016790
0.00016790
0.00016790
0.00016790
0.00016790
0.00016790
0.00016790
0.00016790
0.00016790
0.00016790
0.00016790
0.00016790
0.00016790
0.00016790
0.00016790
0.00016790
0.00016790
0.00016790
0.00016790
0.00016790
0.00016790
0.00016790
0.00016790
0.00016790
0.00016790
0.00016790
0.00016790
0.00016790
0.00016790
0.00016790
0.00016790
0.00016790
0.00016790
0.00016790
0.00016790
0.00016790
0.00016790
0.00016790
0.00016790
0.00016790
0.00016790
0.00016790
0.00016790
0.00016790
0.00016790
0.00016790
0.00016790
0.00016790
0.00016790
0.00016790
0.00016790
0.00016790
0.00016790
0.00016790
0.00016790
0.00016790
0.00016790
0.00016790
0.00016790
0.00016790
0.00016790
0.00016790
0.00016790
0.00016790
0.00016790
0.00016790
0.00016790
0.00016790
0.00016790
0.00016790
0.00016790
0.00016790
0.00016790
0.00016790
0.00016790
0.00016790
0.00016790
0.00016790
0.00016790
0.00016790
0.00016790
0.00016790
0.00016790
0.00016790
0.00016790
0.00016790
0.00016790
0.00016790
0.00016790
0.00016790
0.00016790
0.00016790
0.00016790
0.00016790
0.00016790
0.00016790
0.00016790
0.00016790
0.00016790
0.00016790
0.00016790
0.00016790
0.00016790
0.00016790
0.00016790
0.00016790
0.00016790
0.00016790
0.00016790
0.00016790
0.00016790
0.00016790
0.00016790
0.00016790
0.00016790
0.00016790
0.00016790
0.00016790
0.00016790
0.00016790
0.00016790
0.00016790
0.00016790
0.00016790
0.00016790
0.00016790
0.00016790
0.00016790
0.00016790
0.00016790
0.00016790
0.00016790
0.00016790
0.00016790
0.00016790
0.00016790
0.00016790
0.00016790
0.00016790
0.00016790
0.00016790
0.00016790
0.00016790
0.00016790
0.00016790
0.00016790
0.00016790
0.00016790
0.00016790
0.00016790
0.00016790
0.00016790
0.00016790
0.00016790
0.00016790
0.00016790
0.00016790
0.00016790
0.00016790
0.00016790
0.00016790
0.00016790
0.00016790
0.00016790
0.00016790
0.00016790
0.00016790
0.00016790
0.00016790
0.00016790
0.00016790
0.00016790
0.00016790
0.00016790
0.00016790
0.00016790
0.00016790
0.00016790
0.00016790
0.00016790
0.00016790
0.00016790
0.00016790
0.00016790
0.00016790
0.00016790
0.00016790
0.00016790
0.00016790
0.00016790
0.00016790
0.00016790
0.00016790
0.00016790
0.00016790
0.00016790
0.00016790
0.00016790
0.00016790
0.00016790
0.00016790
0.00016790
0.00016790
0.00016790
0.00016790
0.00016790
0.00016790
0.00016790
0.00016790
0.00016790
0.00016790
0.00016790
0.00016790
0.00016790
0.00016790
0.00016790
0.00016790
0.00016790
0.00016790
0.00016790
0.00016790
0.00016790
0.00016790
0.00016790
0.00016790
0.00016790
0.00016790
0.00016790
0.00016790
0.00016790
0.00016790
0.00016790
0.00016790
0.00016790
0.00016790
0.00016790
0.00016790
0.00016790
0.00016790
0.00016790
0.00016790
0.00016790
0.00016790
0.00016790
0.00016790
0.00016790
0.00016790
0.00016790
0.00016790
0.00016790
0.00016790
0.00016790
0.00016790
0.00016790
0.00016790
0.00016790
0.00016790
0.00016790
0.00016790
0.00016790
0.00016790
0.00016790
0.00016790
0.00016790
0.00016790
0.00016790
0.00016790
0.00016790
0.00016790
0.00016790
0.00016790
0.00016790
0.00016790
0.00016790
0.00016790
0.00016790
0.00016790
0.00016790
0.00016790
0.00016790
0.00016790
0.00016790
0.00016790
0.00016790
0.00016790
0.00016790
0.00016790
0.00016790
0.00016790
0.00016790
0.00016790
0.00016790
0.00016790
0.00016790
0.00016790
0.00016790
0.00016790
0.00016790
0.00016790
0.00016790
0.00016790
0.00016790
0.00016790
0.00016790
0.00016790
0.00016790
0.00016790
0.00016790
0.00016790
0.00016790
0.00016790
0.00016790
0.00016790
0.00016790
0.00016790
0.00016790
0.00016790
0.00016790
0.00016790
0.00016790
0.00016790
0.00016790
0.00016790
0.00016790
0.00016790
0.00016790
0.00016790
0.00016790
0.00016790
0.00016790
0.00016790
0.00016790
0.00016790
0.00016790
0.00016790
0.00016790
0.00016790
0.00016790
0.00016790
0.00016790
0.00016790
0.00016790
0.00016790
0.00016790
0.00016790
0.00016790
0.00016790
0.00016790
0.00016790
0.00016790
0.00016790
0.00016790
0.00016790
0.00016790
0.00016790
0.00016790
0.00016790
0.00016790
0.00016790
0.00016790
0.00016790
0.00016790
0.00016790
0.00016790
0.00016790
0.00016790
0.00016790
0.00016790
0.00016790
0.00016790
0.00016790
0.00016790
0.00016790
0.00016790
0.00016790
0.00016790
0.00016790
0.00016790
0.00016790
0.00016790
0.00016790
0.00016790
0.00016790
0.00016790
0.00016790
0.00016790
0.00016790
0.00016790
0.00016790
0.00016790
0.00016790
0.00016790
0.00016790
0.00016790
0.00016790
0.00016790
0.00016790
0.00016790
0.00016790
0.00016790
0.00016790
0.00016790
0.00016790
0.00016790
0.00016790
0.00016790
0.00016790
0.00016790
0.00016790
0.00016790
0.00016790
0.00016790
0.00016790
0.00016790
0.00016790
0.00016790
0.00016790
0.00016790
0.00016790
0.00016790
0.00016790
0.00016790
0.00016790
0.00016790
0.00016790
0.00016790
0.00016790
0.00016790
0.00016790
0.00016790
0.00016790
0.00016790
0.00016790
0.00016790
0.00016790
0.00016790
0.00016790
0.00016790
0.00016790
0.00016790
0.00016790
0.00016790
0.00016790
0.00016790
0.00016790
0.00016790
0.00016790
0.00016790
0.00016790
0.00016790
0.00016790
0.00016790
0.00016790
0.00016790
0.00016790
0.00016790
0.00016790
0.00016790
0.00016790
0.00016790
0.00016790
0.00016790
0.00016790
0.00016790
0.00016790
0.00016790
0.00016790
0.00016790
0.00016790
0.00016790
0.00016790
0.00016790
0.00016790
0.00016790
0.00016790
0.00016790
0.00016790
0.00016790
0.00016790
0.00016790
0.00016790
0.00016790
0.00016790
0.00016790
0.00016790
0.00016790
0.00016790
0.00016790
0.00016790
0.00016790
0.00016790
0.00016790
0.00016790
0.00016790
0.00016790
0.00016790
0.00016790
0.00016790
0.00016790
0.00016790
0.00016790
0.00016790
0.00016790
0.00016790
0.00016790
0.00016790
0.00016790
0.00016790
0.00016790
0.00016790
0.00016790
0.00016790
0.00016790
0.00016790
0.00016790
0.00016790
0.00016790
0.00016790
0.00016790
0.00016790
0.00016790
0.00016790
0.00016790
0.00016790
0.00016790
0.00016790
0.00016790
0.00016790
0.00016790
0.00016790
0.00016790
0.00016790
0.00016790
0.00016790
0.00016790
0.00016790
0.00016790
0.00016790
0.00016790
0.00016790
0.00016790
0.00016790
0.00016790
0.00016790
0.00016790
0.00016790
0.00016790
0.00016790
0.00016790
0.00016790
0.00016790
0.00016790
0.00016790
0.00016790
0.00016790
0.00016790
0.00016790
0.00016790
0.00016790
0.00016790
0.00016790
0.00016790
0.00016790
0.00016790
0.00016790
0.00016790
0.00016790
0.00016790
0.00016790
0.00016790
0.00016790
0.00016790
0.00016790
0.00016790
0.00016790
0.00016790
0.00016790
0.00016790
0.00016790
0.00016790
0.00016790
0.00016790
0.00016790
0.00016790
0.00016790
0.00016790
0.00016790
0.00016790
0.00016790
0.00016790
0.00016790
0.00016790
0.00016790
0.00016790
0.00016790
0.00016790
0.00016790
0.00016790
0.00016790
0.00016790
0.00016790
0.00016790
0.00016790
0.00016790
0.00016790
0.00016790
0.00016790
0.00016790
0.00016790
0.00016790
0.00016790
0.00016790
0.00016790
0.00016790
0.00016790
0.00016790
0.00016790
0.00016790
0.00016790
0.00016790
0.00016790
0.00016790
0.00016790
0.00016790
0.00016790
0.00016790
0.00016790
0.00016790
0.00016790
0.00016790
0.00016790
0.00016790
0.00016790
0.00016790
0.00016790
0.00016790
0.00016790
0.00016790
0.00016790
0.00016790
0.00016790
0.00016790
0.00016790
0.00016790
0.00016790
0.00016790
0.00016790
0.00016790
0.00016790
0.00016790
0.00016790
0.00016790
0.00016790
0.00016790
0.00016790
0.00016790
0.00016790
0.00016790
0.00016790
0.00016790
0.00016790
0.00016790
0.00016790
0.00016790
0.00016790
0.00016790
0.00016790
0.00016790
0.00016790
0.00016790
0.00016790
0.00016790
0.00016790
0.00016790
0.00016790
0.00016790
