0.92328278
0.92298543
0.92268808
0.92239072
0.92209337
0.92179602
0.92149866
0.92120131
0.92090395
0.92060660
0.92030925
0.92001189
0.91971454
0.91941719
0.91911983
0.91882248
0.91852513
0.91822777
0.91793042
0.91763307
0.91733571
0.91703836
0.91674101
0.91644365
0.91614630
0.91584894
0.91555159
0.91525424
0.91495688
0.91465953
0.91436218
0.91406482
0.91376747
0.91347012
0.91317276
0.91287541
0.91257806
0.91228070
0.91198335
0.91168599
0.91138864
0.91109129
0.91079393
0.91049658
0.91019923
0.90990187
0.90960452
0.90930717
0.90900981
0.90871246
0.90841511
0.90811775
0.90782040
0.90752304
0.90722569
0.90692834
0.90663098
0.90633363
0.90603628
0.90573892
0.90544157
0.90514422
0.90484686
0.90454951
0.90425216
0.90395480
0.90365745
0.90336010
0.90306274
0.90276539
0.90246803
0.90217068
0.90187333
0.90157597
0.90127862
0.90098127
0.90068391
0.90038656
0.90008921
0.89979185
0.89949450
0.89919715
0.89889979
0.89860244
0.89830508
0.89800773
0.89771038
0.89741302
0.89711567
0.89681832
0.89652096
0.89622361
0.89592626
0.89562890
0.89533155
0.89503420
0.89473684
0.89443949
0.89414213
0.89384478
0.89354743
0.89325007
0.89295272
0.89265537
0.89235801
0.89206066
0.89176331
0.89146595
0.89116860
0.89087125
0.89057389
0.89027654
0.88997919
0.88968183
0.88938448
0.88908712
0.88878977
0.88849242
0.88819506
0.88789771
0.88760036
0.88730300
0.88700565
0.88670830
0.88641094
0.88611359
0.88581624
0.88551888
0.88522153
0.88492417
0.88462682
0.88432947
0.88403211
0.88373476
0.88343741
0.88314005
0.88284270
0.88254535
0.88224799
0.88195064
0.88165329
0.88135593
0.88105858
0.88076123
0.87927446
0.87897710
0.87867975
0.87838240
0.87808504
0.87778769
0.87749034
0.87719298
0.87689563
0.87035385
0.86886708
0.86529884
0.86321737
0.86292001
0.86262266
0.85756765
0.85727029
0.85697294
0.85667559
0.85637823
0.85608088
0.85429676
0.85399941
0.85370205
0.85340470
0.85310734
0.85132322
0.84894439
0.84775498
0.84478145
0.84091585
0.84061850
0.83823967
0.83229260
0.83199524
0.83169789
0.83140054
0.83110318
0.83080583
0.83050847
0.83021112
0.82991377
0.82961641
0.82931906
0.82902171
0.82872435
0.82842700
0.82812965
0.82783229
0.82753494
0.82723759
0.82694023
0.82664288
0.82634552
0.82604817
0.82575082
0.82545346
0.82515611
0.82485876
0.82456140
0.82426405
0.82396670
0.82366934
0.82337199
0.82307464
0.82277728
0.82247993
0.82218258
0.82188522
0.82158787
0.82129051
0.81801963
0.81504609
0.81355932
0.81177520
0.80939637
0.80493607
0.80374665
0.80077312
0.80047577
0.80017841
0.79898900
0.79869164
0.79839429
0.79809694
0.79779958
0.79750223
0.79631282
0.79601546
0.79571811
0.79363663
0.79214987
0.79006839
0.78798692
0.78620280
0.78441867
0.78293191
0.78174249
0.78055308
0.77906631
0.77668748
0.77639013
0.77490336
0.77460601
0.77430865
0.77401130
0.77371395
0.77341659
0.77311924
0.77103776
0.76925364
0.76895629
0.76865894
0.76776687
0.76746952
0.76717217
0.76687481
0.76657746
0.76628011
0.76598275
0.76330657
0.76300922
0.76063039
0.75973833
0.75438596
0.75349390
0.75170978
0.74814154
0.74635742
0.74546536
0.74487065
0.74368124
0.74338388
0.74189712
0.74159976
0.74130241
0.74100506
0.73743681
0.73595004
0.73476063
0.73386857
0.73297651
0.73208445
0.73089503
0.72911091
0.70918822
0.70889087
0.70770146
0.70740410
0.70532263
0.70383586
0.70294380
0.70205174
0.70056497
0.70026762
0.69997026
0.69967291
0.69937556
0.69907820
0.69878085
0.69848350
0.69818614
0.69788879
0.69550996
0.69372584
0.69015760
0.68807612
0.68658935
0.68361582
0.68272376
0.67796610
0.67588463
0.67499257
0.67380315
0.67201903
0.66934285
0.66250372
0.66131430
0.66131430
0.65953018
0.65923283
0.65774606
0.65744871
0.65655665
0.65536723
0.65506988
0.65477252
0.65447517
0.65417782
0.65388046
0.65239370
0.65209634
0.64971751
0.64942016
0.64793339
0.64644663
0.64495986
0.64406780
0.64377044
0.64317574
0.64287838
0.64228368
0.64139161
0.63990485
0.63871543
0.63782337
0.63247101
0.63157895
0.63128159
0.63038953
0.63009218
0.62979483
0.62949747
0.62830806
0.62801070
0.62771335
0.62741600
0.62711864
0.62652394
0.62533452
0.62503717
0.62265834
0.62117157
0.62027951
0.61909010
0.59976212
0.59916741
0.59797800
0.59768064
0.59678858
0.59530181
0.59500446
0.59381505
0.59262563
0.59113886
0.59024680
0.58994945
0.58905739
0.58727327
0.58519179
0.58489444
0.58459709
0.58429973
0.58400238
0.58370503
0.58340767
0.58251561
0.58251561
0.57983943
0.57983943
0.57835266
0.57805531
0.57775795
0.57746060
0.57716325
0.57686589
0.57656854
0.57389236
0.57151353
0.57002676
0.56853999
0.56824264
0.56794529
0.56764793
0.56348498
0.56259292
0.55753791
0.55545644
0.55515908
0.55307761
0.55248290
0.55040143
0.54861731
0.54683318
0.54564377
0.54445436
0.54237288
0.54148082
0.53820993
0.53672316
0.53612846
0.53523640
0.53404698
0.53315492
0.53107345
0.53077609
0.53047874
0.53018139
0.52988403
0.52958668
0.52928933
0.52899197
0.52869462
0.52601844
0.52393696
0.52334225
0.52036872
0.52007136
0.51828724
0.51798989
0.51769254
0.51739518
0.51709783
0.51650312
0.51501635
0.51382694
0.51234017
0.51144811
0.51025870
0.50936664
0.50906928
0.50906928
0.49390425
0.49301219
0.49241748
0.49122807
0.49063336
0.49063336
0.49063336
0.49033601
0.49003866
0.48974130
0.48944395
0.48914660
0.48765983
0.48528100
0.48438894
0.48201011
0.47844187
0.47546833
0.47249480
0.47160274
0.47041332
0.46922391
0.46833185
0.46803449
0.46714243
0.46565566
0.46357419
0.46268213
0.46149271
0.46149271
0.46149271
0.46149271
0.46149271
0.46060065
0.46030330
0.46000595
0.45970859
0.45851918
0.45822183
0.45792447
0.45762712
0.45732977
0.45703241
0.45614035
0.45584300
0.45554564
0.45286946
0.45197740
0.44603033
0.44543562
0.44424621
0.44365150
0.44127267
0.44067797
0.44038061
0.44008326
0.43889384
0.43740708
0.43710972
0.43592031
0.43562296
0.43473090
0.43205471
0.43116265
0.43116265
0.43116265
0.42997324
0.42908118
0.42848647
0.42789176
0.42759441
0.42729706
0.42670235
0.42640500
0.42610764
0.42581029
0.42551293
0.42343146
0.42253940
0.41688968
0.41540291
0.41451085
0.41302409
0.41272673
0.41064526
0.41005055
0.40915849
0.40737437
0.40677966
0.40618495
0.40499554
0.40499554
0.40410348
0.40291406
0.40261671
0.40261671
0.40053524
0.39875112
0.39815641
0.39785905
0.39785905
0.39696699
0.39637229
0.39607493
0.39101992
0.39012786
0.38983051
0.38953315
0.38923580
0.38893845
0.38864109
0.38834374
0.38685697
0.38477550
0.38447814
0.38299138
0.38239667
0.38150461
0.38090990
0.38061255
0.38001784
0.37853107
0.37853107
0.37823372
0.37734166
0.37704431
0.37585489
0.37496283
0.37377342
0.37288136
0.37139459
0.37109723
0.37079988
0.36842105
0.36842105
0.36723164
0.36633958
0.36485281
0.36455546
0.36425810
0.36396075
0.36366340
0.36217663
0.36158192
0.35593220
0.35533750
0.35355337
0.35206661
0.35176925
0.35176925
0.35176925
0.35087719
0.35087719
0.35087719
0.35087719
0.35057984
0.35057984
0.35057984
0.35057984
0.35057984
0.35057984
0.35057984
0.35057984
0.35057984
0.35057984
0.34939043
0.34820101
0.34820101
0.34820101
0.34820101
0.34820101
0.34820101
0.34790366
0.34760630
0.34641689
0.34225394
0.33957776
0.33898305
0.33809099
0.33809099
0.33749628
0.33719893
0.33690158
0.33630687
0.33244127
0.33184657
0.33154921
0.33125186
0.33125186
0.33125186
0.33125186
0.33125186
0.33006244
0.33006244
0.32946774
0.32946774
0.32946774
0.32946774
0.32946774
0.32946774
0.32946774
0.32946774
0.32946774
0.32946774
0.32946774
0.32917038
0.32887303
0.32738626
0.32679156
0.32589949
0.32560214
0.32560214
0.32471008
0.32381802
0.32322331
0.32322331
0.32322331
0.31906036
0.31876301
0.31846566
0.31757360
0.31727624
0.31727624
0.31727624
0.31727624
0.31727624
0.31727624
0.31727624
0.31727624
0.31727624
0.31727624
0.31727624
0.31727624
0.31727624
0.31727624
0.31727624
0.31697889
0.31668153
0.31638418
0.31608683
0.31578947
0.31489741
0.31460006
0.31430271
0.31400535
0.31370800
0.31341065
0.31311329
0.31281594
0.31251858
0.31222123
0.31192388
0.31162652
0.31132917
0.31103182
0.31073446
0.31043711
0.31013976
0.30984240
0.30895034
0.30895034
0.30895034
0.30895034
0.30895034
0.30895034
0.30895034
0.30895034
0.30895034
0.30895034
0.30895034
0.30895034
0.30805828
0.30746357
0.30746357
0.30746357
0.30746357
0.30746357
0.30746357
0.30746357
0.30746357
0.30746357
0.30746357
0.30746357
0.30746357
0.30746357
0.30746357
0.30746357
0.30746357
0.30746357
0.30746357
0.30746357
0.30746357
0.30746357
0.30746357
0.30746357
0.30746357
0.30746357
0.30746357
0.30746357
0.30746357
0.30746357
0.30746357
0.30746357
0.30746357
0.30746357
0.30746357
0.30746357
0.30746357
0.30746357
0.30746357
0.30746357
0.30746357
0.30746357
0.30746357
0.30746357
0.30746357
0.30746357
0.30746357
0.30746357
0.30746357
0.30746357
0.30746357
0.30746357
0.30746357
0.30746357
0.30746357
0.30746357
0.30746357
0.30746357
0.30746357
0.30746357
0.30746357
0.30746357
0.30686887
0.30627416
0.30597681
0.30567945
0.30538210
0.30508475
0.30478739
0.30478739
0.30478739
0.30478739
0.30478739
0.30478739
0.30478739
0.30478739
0.30478739
0.30478739
0.30478739
0.30478739
0.30478739
0.30478739
0.30478739
0.30478739
0.30478739
0.30478739
0.30478739
0.30478739
0.30478739
0.30478739
0.30478739
0.30478739
0.30478739
0.30478739
0.30478739
0.30478739
0.30478739
0.30478739
0.30478739
0.30478739
0.30478739
0.30478739
0.30478739
0.30478739
0.30478739
0.30478739
0.30478739
0.30478739
0.30478739
0.30478739
0.30478739
0.30478739
0.30478739
0.30478739
0.30478739
0.30478739
0.30478739
0.30478739
0.30478739
0.30478739
0.30478739
0.30478739
0.30478739
0.30478739
0.30478739
0.30478739
0.30478739
0.30478739
0.30478739
0.30478739
0.30478739
0.30478739
0.30478739
0.30478739
0.30478739
0.30478739
0.30478739
0.30478739
0.30478739
0.30478739
0.30478739
0.30478739
0.30478739
0.30478739
0.30478739
0.30478739
0.30478739
0.30478739
0.30478739
0.30478739
0.30478739
0.30478739
0.30478739
0.30478739
0.30478739
0.30478739
0.30478739
0.30478739
0.30478739
0.30478739
0.30478739
0.30478739
0.30478739
0.30478739
0.30478739
0.30478739
0.30478739
0.30478739
0.30478739
0.30478739
0.30478739
0.30478739
0.30478739
0.30478739
0.30478739
0.30478739
0.30478739
0.30478739
0.30478739
0.30478739
0.30478739
0.30478739
0.30478739
0.30478739
0.30478739
0.30478739
0.30478739
0.30478739
0.30478739
0.30478739
0.30478739
0.30478739
0.30478739
0.30478739
0.30478739
0.30478739
0.30478739
0.30478739
0.30478739
0.30478739
0.30478739
0.30478739
0.30478739
0.30478739
0.30478739
0.30478739
0.30478739
0.30478739
0.30478739
0.30478739
0.30478739
0.30478739
0.30478739
0.30478739
0.30478739
0.30478739
0.30478739
0.30478739
0.30478739
0.30478739
0.30478739
0.30478739
0.30478739
0.30478739
0.30478739
0.30478739
0.30478739
0.30478739
0.30478739
0.30478739
0.30478739
0.30478739
0.30478739
0.30478739
0.30478739
0.30478739
0.30478739
0.30478739
0.30478739
0.30478739
0.30478739
0.30478739
0.30478739
0.30478739
0.30478739
0.30478739
0.30478739
0.30478739
0.30478739
0.30478739
0.30478739
0.30478739
0.30478739
0.30478739
0.30478739
0.30478739
0.30478739
0.30478739
0.30478739
0.30478739
0.30478739
0.30478739
0.30478739
0.30478739
0.30478739
0.30478739
0.30478739
0.30478739
0.30478739
0.30478739
0.30478739
0.30478739
0.30478739
0.30478739
0.30478739
0.30478739
0.30478739
0.30478739
0.30478739
0.30478739
0.30478739
0.30478739
0.30478739
0.30478739
0.30478739
0.30478739
0.30478739
0.30478739
0.30478739
0.30478739
0.30478739
0.30478739
0.30478739
0.30478739
0.30478739
0.30478739
0.30478739
0.30478739
0.30478739
0.30478739
0.30478739
0.30478739
0.30478739
0.30389533
0.30359798
0.30330062
0.30240856
0.30211121
0.30121915
0.30092180
0.30002974
0.29943503
0.29913767
0.29884032
0.29794826
0.29765091
0.29735355
0.29705620
0.29646149
0.29616414
0.29586679
0.29586679
0.29586679
0.29556943
0.29348796
0.29319060
0.29259590
0.29229854
0.29140648
0.29110913
0.29081178
0.29051442
0.29021707
0.28991971
0.28962236
0.28932501
0.28902765
0.28902765
0.28902765
0.28902765
0.28902765
0.28902765
0.28902765
0.28902765
0.28902765
0.28873030
0.28843295
0.28813559
0.28664883
0.28605412
0.28605412
0.28575676
0.28545941
0.28427000
0.28397264
0.28367529
0.28337794
0.28337794
0.28278323
0.28218852
0.28189117
0.28070175
0.28040440
0.28010705
0.27980969
0.27951234
0.27921499
0.27891763
0.27862028
0.27832293
0.27802557
0.27802557
0.27802557
0.27802557
0.27802557
0.27772822
0.27743087
0.27713351
0.27683616
0.27653880
0.27624145
0.27594410
0.27564674
0.27534939
0.27505204
0.27475468
0.27445733
0.27415998
0.27386262
0.27356527
0.27326792
0.27297056
0.27267321
0.27237585
0.27207850
0.27178115
0.27148379
0.27118644
0.27088909
0.27059173
0.27029438
0.26999703
0.26969967
0.26880761
0.26851026
0.26821291
0.26791555
0.26791555
0.26761820
0.26732084
0.26702349
0.26672614
0.26553672
0.26494202
0.26464466
0.26434731
0.26404996
0.26375260
0.26345525
0.26315789
0.26286054
0.26256319
0.26226583
0.26196848
0.26167113
0.26107642
0.26077907
0.26048171
0.26018436
0.25988701
0.25958965
0.25929230
0.25899494
0.25869759
0.25840024
0.25810288
0.25780553
0.25750818
0.25721082
0.25691347
0.25661612
0.25453464
0.25423729
0.25393993
0.25364258
0.25334523
0.25304787
0.25275052
0.25245317
0.25215581
0.25156111
0.25126375
0.25126375
0.25096640
0.25066905
0.25037169
0.25007434
0.24977698
0.24947963
0.24918228
0.24888492
0.24888492
0.24858757
0.24829022
0.24799286
0.24769551
0.24710080
0.24680345
0.24650610
0.24620874
0.24591139
0.24561404
0.24531668
0.24501933
0.24472197
0.24442462
0.24412727
0.24353256
0.24323521
0.24323521
0.24293785
0.24264050
0.24234315
0.24204579
0.24174844
0.24145109
0.24026167
0.23996432
0.23966696
0.23936961
0.23907226
0.23877490
0.23847755
0.23818020
0.23788284
0.23758549
0.23728814
0.23699078
0.23669343
0.23639607
0.23609872
0.23580137
0.23550401
0.23520666
0.23490931
0.23461195
0.23431460
0.23401725
0.23371989
0.23342254
0.23312519
0.23282783
0.23223313
0.23193577
0.23163842
0.23134106
0.23104371
0.23074636
0.23074636
0.23015165
0.22985430
0.22955694
0.22866488
0.22866488
0.22866488
0.22836753
0.22807018
0.22569135
0.22539399
0.22509664
0.22479929
0.22360987
0.22212310
0.21974428
0.21944692
0.21825751
0.21825751
0.21825751
0.21706809
0.21706809
0.21677074
0.21647339
0.21617603
0.21587868
0.21587868
0.21558133
0.21528397
0.21498662
0.21498662
0.21498662
0.21409456
0.21290514
0.21260779
0.21260779
0.21260779
0.21231044
0.21201308
0.21201308
0.21201308
0.21201308
0.21201308
0.21171573
0.21141838
0.21112102
0.21082367
0.21052632
0.21022896
0.20993161
0.20933690
0.20814749
0.20814749
0.20814749
0.20814749
0.20785013
0.20666072
0.20666072
0.20636337
0.20636337
0.20606601
0.20576866
0.20547131
0.20547131
0.20547131
0.20547131
0.20517395
0.20487660
0.20457924
0.20309248
0.20279512
0.20249777
0.20220042
0.20190306
0.20160571
0.20101100
0.20071365
0.20041629
0.19982159
0.19952423
0.19922688
0.19892953
0.19863217
0.19803747
0.19744276
0.19655070
0.19595599
0.19536128
0.19506393
0.19476658
0.19476658
0.19476658
0.19476658
0.19476658
0.19446922
0.19446922
0.19446922
0.19446922
0.19417187
0.19387452
0.19357716
0.19327981
0.19298246
0.19268510
0.19238775
0.19209040
0.19179304
0.19149569
0.19119833
0.19090098
0.19060363
0.19030627
0.19000892
0.18971157
0.18941421
0.18911686
0.18881951
0.18852215
0.18822480
0.18792745
0.18763009
0.18733274
0.18703539
0.18673803
0.18644068
0.18614332
0.18584597
0.18554862
0.18525126
0.18495391
0.18465656
0.18435920
0.18406185
0.18376450
0.18346714
0.18316979
0.18287244
0.18257508
0.18227773
0.18198037
0.18168302
0.18138567
0.18108831
0.18079096
0.18049361
0.18019625
0.17989890
0.17960155
0.17930419
0.17900684
0.17870949
0.17841213
0.17811478
0.17781742
0.17752007
0.17722272
0.17692536
0.17662801
0.17633066
0.17603330
0.17573595
0.17543860
0.17514124
0.17484389
0.17454654
0.17424918
0.17395183
0.17365448
0.17335712
0.17305977
0.17276241
0.17246506
0.17216771
0.17187035
0.17157300
0.17127565
0.17097829
0.17068094
0.17038359
0.17008623
0.16978888
0.16949153
0.16919417
0.16889682
0.16830211
0.16830211
0.16800476
0.16770740
0.16741005
0.16711270
0.16681534
0.16651799
0.16622064
0.16592328
0.16562593
0.16532858
0.16503122
0.16473387
0.16443652
0.16413916
0.16384181
0.16354445
0.16324710
0.16294975
0.16265239
0.16235504
0.16205769
0.16176033
0.16146298
0.16116563
0.16086827
0.16057092
0.16027357
0.15997621
0.15967886
0.15938150
0.15908415
0.15878680
0.15848944
0.15819209
0.15789474
0.15759738
0.15730003
0.15700268
0.15670532
0.15640797
0.15611062
0.15581326
0.15551591
0.15521855
0.15492120
0.15462385
0.15432649
0.15402914
0.15373179
0.15343443
0.15313708
0.15283973
0.15254237
0.15224502
0.15194767
0.15165031
0.15135296
0.15105561
0.15075825
0.15046090
0.15016354
0.14986619
0.14956884
0.14927148
0.14897413
0.14867678
0.14837942
0.14808207
0.14778472
0.14748736
0.14719001
0.14689266
0.14659530
0.14629795
0.14600059
0.14570324
0.14540589
0.14510853
0.14481118
0.14451383
0.14421647
0.14391912
0.14362177
0.14332441
0.14302706
0.14272971
0.14243235
0.14213500
0.14183764
0.14154029
0.14124294
0.14094558
0.14064823
0.14035088
0.14005352
0.13975617
0.13945882
0.13916146
0.13886411
0.13856676
0.13826940
0.13797205
0.13767470
0.13737734
0.13707999
0.13678263
0.13648528
0.13618793
0.13589057
0.13559322
0.13529587
0.13499851
0.13470116
0.13440381
0.13410645
0.13380910
0.13351175
0.13321439
0.13291704
0.13261968
0.13232233
0.13202498
0.13172762
0.13143027
0.13113292
0.13083556
0.13053821
0.13024086
0.12994350
0.12964615
0.12934880
0.12905144
0.12875409
0.12845674
0.12815938
0.12786203
0.12756467
0.12726732
0.12696997
0.12667261
0.12578055
0.12548320
0.12518585
0.12488849
0.12459114
0.12429379
0.12399643
0.12369908
0.12340172
0.12310437
0.12280702
0.12250966
0.12221231
0.12191496
0.12161760
0.12132025
0.12102290
0.12072554
0.12042819
0.12013084
0.11983348
0.11953613
0.11923877
0.11894142
0.11864407
0.11834671
0.11804936
0.11775201
0.11745465
0.11715730
0.11685995
0.11656259
0.11626524
0.11596789
0.11567053
0.11537318
0.11477847
0.11448112
0.11418376
0.11388641
0.11358906
0.11329170
0.11299435
0.11269700
0.11239964
0.11210229
0.11180494
0.11150758
0.11121023
0.11091288
0.11061552
0.11031817
0.11002081
0.10972346
0.10942611
0.10912875
0.10883140
0.10853405
0.10823669
0.10793934
0.10764199
0.10734463
0.10704728
0.10674993
0.10645257
0.10615522
0.10585787
0.10556051
0.10526316
0.10496580
0.10466845
0.10407374
0.10377639
0.10347904
0.10318168
0.10288433
0.10258698
0.10228962
0.10199227
0.10169492
0.10139756
0.10110021
0.10080285
0.10050550
0.10020815
0.09991079
0.09961344
0.09931609
0.09901873
0.09872138
0.09842403
0.09812667
0.09782932
0.09753197
0.09723461
0.09693726
0.09663990
0.09634255
0.09604520
0.09574784
0.09545049
0.09515314
0.09485578
0.09455843
0.09426108
0.09396372
0.09366637
0.09336902
0.09307166
0.09277431
0.09247696
0.09217960
0.09188225
0.09158489
0.09128754
0.09099019
0.09069283
0.09039548
0.09009813
0.08980077
0.08950342
0.08920607
0.08890871
0.08861136
0.08831401
0.08801665
0.08771930
0.08742194
0.08712459
0.08682724
0.08652988
0.08623253
0.08593518
0.08563782
0.08534047
0.08504312
0.08474576
0.08444841
0.08415106
0.08385370
0.08355635
0.08325899
0.08296164
0.08266429
0.08236693
0.08206958
0.08177223
0.08147487
0.08117752
0.08088017
0.08058281
0.08028546
0.07998811
0.07969075
0.07939340
0.07909605
0.07879869
0.07850134
0.07820398
0.07790663
0.07760928
0.07731192
0.07701457
0.07671722
0.07641986
0.07612251
0.07582516
0.07552780
0.07523045
0.07493310
0.07463574
0.07433839
0.07404103
0.07374368
0.07344633
0.07314897
0.07285162
0.07255427
0.07225691
0.07195956
0.07166221
0.07136485
0.07106750
0.07077015
0.07047279
0.07017544
0.06987809
0.06958073
0.06928338
0.06898602
0.06868867
0.06839132
0.06809396
0.06779661
0.06749926
0.06720190
0.06690455
0.06660720
0.06630984
0.06601249
0.06571514
0.06541778
0.06512043
0.06482307
0.06422837
0.06393101
0.06363366
0.06333631
0.06303895
0.06274160
0.06244425
0.06214689
0.06184954
0.06155219
0.06125483
0.06095748
0.06066012
0.06036277
0.06006542
0.05976806
0.05947071
0.05917336
0.05887600
0.05857865
0.05828130
0.05798394
0.05768659
0.05738924
0.05709188
0.05679453
0.05649718
0.05619982
0.05590247
0.05560511
0.05530776
0.05501041
0.05471305
0.05441570
0.05411835
0.05382099
0.05352364
0.05322629
0.05292893
0.05263158
0.05233423
0.05203687
0.05173952
0.05144216
0.05114481
0.05084746
0.05055010
0.05025275
0.04995540
0.04965804
0.04936069
0.04906334
0.04876598
0.04846863
0.04817128
0.04787392
0.04757657
0.04727921
0.04698186
0.04668451
0.04638715
0.04608980
0.04579245
0.04549509
0.04519774
0.04490039
0.04460303
0.04430568
0.04400833
0.04371097
0.04341362
0.04311627
0.04281891
0.04252156
0.04222420
0.04192685
0.04162950
0.04133214
0.04103479
0.04073744
0.04044008
0.04014273
0.03984538
0.03954802
0.03925067
0.03895332
0.03865596
0.03835861
0.03806125
0.03776390
0.03716919
0.03687184
0.03657449
0.03627713
0.03568243
0.03538507
0.03508772
0.03479037
0.03449301
0.03419566
0.03419566
0.03389831
0.03360095
0.03330360
0.03300624
0.03270889
0.03241154
0.03211418
0.03181683
0.03151948
0.03062742
0.03033006
0.02943800
0.02914065
0.02884329
0.02795123
0.02735653
0.02646447
0.02586976
0.02527505
0.02527505
0.02527505
0.02468034
0.02408564
0.02378828
0.02349093
0.02349093
0.02200416
0.01903063
0.01813857
0.01546238
0.01308356
0.01278620
0.00773119
0.00713649
0.00713649
0.00505501
0.00505501
0.00475766
0.00475766
0.00208147
0.00089206
0.00059471
0.00059471
0.00059471
0.00059471
0.00059471
0.00059471
0.00059471
0.00059471
0.00059471
0.00029735
0.00029735
0.00029735
0.00029735
0.00029735
0.00029735
0.00029735
0.00029735
0.00029735
0.00029735
0.00029735
0.00029735
0.00029735
0.00029735
0.00029735
0.00029735
0.00029735
0.00029735
0.00029735
0.00029735
0.00029735
0.00029735
0.00029735
0.00029735
0.00029735
0.00029735
0.00029735
0.00029735
0.00029735
0.00029735
0.00029735
0.00029735
0.00029735
0.00029735
0.00029735
0.00029735
0.00029735
0.00029735
0.00029735
0.00029735
0.00029735
0.00029735
0.00029735
0.00029735
0.00029735
0.00029735
0.00029735
0.00029735
0.00029735
0.00029735
0.00029735
0.00029735
0.00029735
0.00029735
0.00029735
0.00029735
0.00029735
0.00029735
0.00029735
0.00029735
0.00029735
0.00029735
0.00029735
0.00029735
0.00029735
0.00029735
0.00029735
0.00029735
0.00029735
0.00029735
0.00029735
0.00029735
0.00029735
0.00029735
0.00029735
0.00029735
0.00029735
0.00029735
0.00029735
0.00029735
0.00029735
0.00029735
0.00029735
0.00029735
0.00029735
0.00029735
0.00029735
0.00029735
0.00029735
0.00029735
0.00029735
0.00029735
0.00029735
0.00029735
0.00029735
0.00029735
0.00029735
0.00029735
0.00029735
0.00029735
0.00029735
0.00029735
0.00029735
0.00029735
0.00029735
0.00029735
0.00029735
0.00029735
0.00029735
0.00029735
0.00029735
0.00029735
0.00029735
0.00029735
0.00029735
0.00029735
0.00029735
0.00029735
0.00029735
0.00029735
0.00029735
0.00029735
0.00029735
0.00029735
0.00029735
0.00029735
0.00029735
0.00029735
0.00029735
0.00029735
0.00029735
0.00029735
0.00029735
0.00029735
0.00029735
0.00029735
0.00029735
0.00029735
0.00029735
0.00029735
0.00029735
0.00029735
0.00029735
0.00029735
0.00029735
0.00029735
0.00029735
0.00029735
0.00029735
0.00029735
0.00029735
0.00029735
0.00029735
0.00029735
0.00029735
0.00029735
0.00029735
0.00029735
0.00029735
0.00029735
0.00029735
0.00029735
0.00029735
0.00029735
0.00029735
0.00029735
0.00029735
0.00029735
0.00029735
0.00029735
0.00029735
0.00029735
0.00029735
0.00029735
0.00029735
0.00029735
0.00029735
0.00029735
0.00029735
0.00029735
0.00029735
0.00029735
0.00029735
0.00029735
0.00029735
0.00029735
0.00029735
0.00029735
0.00029735
0.00029735
0.00029735
0.00029735
0.00029735
0.00029735
0.00029735
0.00029735
0.00029735
0.00029735
0.00029735
0.00029735
0.00029735
0.00029735
0.00029735
0.00029735
0.00029735
0.00029735
0.00029735
0.00029735
0.00029735
0.00029735
0.00029735
0.00029735
0.00029735
0.00029735
0.00029735
0.00029735
0.00029735
0.00029735
0.00029735
0.00029735
0.00029735
0.00029735
0.00029735
0.00029735
0.00029735
0.00029735
0.00029735
0.00029735
0.00029735
0.00029735
0.00029735
0.00029735
0.00029735
0.00029735
0.00029735
0.00029735
0.00029735
0.00029735
0.00029735
0.00029735
0.00029735
0.00029735
0.00029735
0.00029735
0.00029735
0.00029735
0.00029735
0.00029735
0.00029735
0.00029735
0.00029735
0.00029735
0.00029735
0.00029735
0.00029735
0.00029735
0.00029735
0.00029735
0.00029735
0.00029735
0.00029735
0.00029735
0.00029735
0.00029735
0.00029735
0.00029735
0.00029735
0.00029735
0.00029735
0.00029735
0.00029735
0.00029735
0.00029735
0.00029735
0.00029735
0.00029735
0.00029735
0.00029735
0.00029735
0.00029735
0.00029735
0.00029735
0.00029735
0.00029735
0.00029735
0.00029735
0.00029735
0.00029735
0.00029735
0.00029735
0.00029735
0.00029735
0.00029735
0.00029735
0.00029735
0.00029735
0.00029735
0.00029735
0.00029735
0.00029735
0.00029735
0.00029735
0.00029735
0.00029735
0.00029735
0.00029735
0.00029735
0.00029735
0.00029735
0.00029735
0.00029735
0.00029735
0.00029735
0.00029735
0.00029735
0.00029735
0.00029735
0.00029735
0.00029735
0.00029735
0.00029735
0.00029735
0.00029735
0.00029735
0.00029735
0.00029735
0.00029735
0.00029735
0.00029735
0.00029735
0.00029735
0.00029735
0.00029735
0.00029735
0.00029735
0.00029735
0.00029735
0.00029735
0.00029735
0.00029735
0.00029735
0.00029735
0.00029735
0.00029735
0.00029735
0.00029735
0.00029735
0.00029735
0.00029735
0.00029735
0.00029735
0.00029735
0.00029735
0.00029735
0.00029735
0.00029735
0.00029735
0.00029735
0.00029735
0.00029735
0.00029735
0.00029735
0.00029735
0.00029735
0.00029735
0.00029735
0.00029735
0.00029735
0.00029735
0.00029735
0.00029735
0.00029735
0.00029735
0.00029735
0.00029735
0.00029735
0.00029735
0.00029735
0.00029735
0.00029735
0.00029735
0.00029735
0.00029735
0.00029735
0.00029735
0.00029735
0.00029735
0.00029735
0.00029735
0.00029735
0.00029735
0.00029735
0.00029735
0.00029735
0.00029735
0.00029735
0.00029735
0.00029735
0.00029735
0.00029735
0.00029735
0.00029735
0.00029735
0.00029735
0.00029735
0.00029735
0.00029735
0.00029735
0.00029735
0.00029735
0.00029735
0.00029735
0.00029735
0.00029735
0.00029735
0.00029735
0.00029735
0.00029735
0.00029735
0.00029735
0.00029735
0.00029735
0.00029735
0.00029735
0.00029735
0.00029735
0.00029735
0.00029735
0.00029735
0.00029735
0.00029735
0.00029735
0.00029735
0.00029735
0.00029735
0.00029735
0.00029735
0.00029735
0.00029735
0.00029735
0.00029735
0.00029735
0.00029735
0.00029735
0.00029735
0.00029735
0.00029735
0.00029735
0.00029735
0.00029735
0.00029735
0.00029735
0.00029735
0.00029735
0.00029735
0.00029735
0.00029735
0.00029735
0.00029735
0.00029735
0.00029735
0.00029735
0.00029735
0.00029735
0.00029735
0.00029735
0.00029735
0.00029735
0.00029735
0.00029735
0.00029735
0.00029735
0.00029735
0.00029735
0.00029735
0.00029735
0.00029735
0.00029735
0.00029735
0.00029735
0.00029735
0.00029735
0.00029735
0.00029735
0.00029735
0.00029735
0.00029735
0.00029735
0.00029735
0.00029735
0.00029735
0.00029735
0.00029735
0.00029735
0.00029735
0.00029735
0.00029735
0.00029735
0.00029735
0.00029735
0.00029735
0.00029735
0.00029735
0.00029735
0.00029735
0.00029735
0.00029735
0.00029735
0.00029735
0.00029735
0.00029735
0.00029735
0.00029735
0.00029735
0.00029735
0.00029735
0.00029735
0.00029735
0.00029735
0.00029735
0.00029735
0.00029735
0.00029735
0.00029735
0.00029735
0.00029735
0.00029735
0.00029735
0.00029735
0.00029735
0.00029735
0.00029735
0.00029735
0.00029735
0.00029735
0.00029735
0.00029735
0.00029735
0.00029735
0.00029735
0.00029735
0.00029735
0.00029735
0.00029735
0.00029735
0.00029735
0.00029735
0.00029735
0.00029735
0.00029735
0.00029735
0.00029735
0.00029735
0.00029735
0.00029735
0.00029735
0.00029735
0.00029735
0.00029735
0.00029735
0.00029735
0.00029735
0.00029735
0.00029735
0.00029735
0.00029735
0.00029735
0.00029735
0.00029735
0.00029735
0.00029735
0.00029735
0.00029735
0.00029735
0.00029735
0.00029735
0.00029735
0.00029735
0.00029735
0.00029735
0.00029735
0.00029735
0.00029735
0.00029735
0.00029735
0.00029735
0.00029735
0.00029735
0.00029735
0.00029735
0.00029735
0.00029735
0.00029735
0.00029735
0.00029735
0.00029735
0.00029735
0.00029735
0.00029735
0.00029735
0.00029735
0.00029735
0.00029735
0.00029735
0.00029735
0.00029735
0.00029735
0.00029735
0.00029735
0.00029735
0.00029735
0.00029735
0.00029735
0.00029735
0.00029735
0.00029735
0.00029735
0.00029735
0.00029735
0.00029735
0.00029735
0.00029735
0.00029735
0.00029735
0.00029735
0.00029735
0.00029735
0.00029735
0.00029735
0.00029735
0.00029735
0.00029735
0.00029735
0.00029735
0.00029735
0.00029735
0.00029735
0.00029735
0.00029735
0.00029735
0.00029735
0.00029735
0.00029735
0.00029735
0.00029735
0.00029735
0.00029735
0.00029735
0.00029735
0.00029735
0.00029735
0.00029735
0.00029735
0.00029735
0.00029735
0.00029735
0.00029735
0.00029735
0.00029735
0.00029735
0.00029735
0.00029735
0.00029735
0.00029735
0.00029735
0.00029735
0.00029735
0.00029735
0.00029735
0.00029735
0.00029735
0.00029735
0.00029735
0.00029735
0.00029735
0.00029735
0.00029735
0.00029735
0.00029735
0.00029735
0.00029735
0.00029735
0.00029735
0.00029735
0.00029735
0.00029735
0.00029735
0.00029735
0.00029735
0.00029735
0.00029735
0.00029735
0.00029735
0.00029735
0.00029735
0.00029735
0.00029735
0.00029735
0.00029735
0.00029735
0.00029735
0.00029735
0.00029735
0.00029735
0.00029735
0.00029735
0.00029735
0.00029735
0.00029735
0.00029735
0.00029735
0.00029735
0.00029735
0.00029735
0.00029735
0.00029735
0.00029735
0.00029735
0.00029735
0.00029735
0.00029735
0.00029735
0.00029735
0.00029735
0.00029735
0.00029735
0.00029735
0.00029735
0.00029735
0.00029735
0.00029735
0.00029735
0.00029735
0.00029735
0.00029735
0.00029735
0.00029735
0.00029735
0.00029735
0.00029735
0.00029735
0.00029735
0.00029735
0.00029735
0.00029735
0.00029735
0.00029735
0.00029735
0.00029735
0.00029735
0.00029735
0.00029735
0.00029735
0.00029735
0.00029735
0.00029735
0.00029735
0.00029735
0.00029735
0.00029735
0.00029735
0.00029735
0.00029735
0.00029735
0.00029735
0.00029735
0.00029735
0.00029735
0.00029735
0.00029735
0.00029735
0.00029735
0.00029735
0.00029735
0.00029735
0.00029735
0.00029735
0.00029735
0.00029735
0.00029735
0.00029735
0.00029735
0.00029735
0.00029735
0.00029735
0.00029735
0.00029735
0.00029735
0.00029735
0.00029735
0.00029735
0.00029735
0.00029735
0.00029735
0.00029735
0.00029735
0.00029735
0.00029735
0.00029735
0.00029735
0.00029735
0.00029735
0.00029735
0.00029735
0.00029735
0.00029735
0.00029735
0.00029735
0.00029735
0.00029735
0.00029735
0.00029735
0.00029735
0.00029735
0.00029735
0.00029735
0.00029735
0.00029735
0.00029735
0.00029735
0.00029735
0.00029735
0.00029735
0.00029735
0.00029735
0.00029735
0.00029735
0.00029735
0.00029735
0.00029735
0.00029735
0.00029735
0.00029735
0.00029735
0.00029735
0.00029735
0.00029735
0.00029735
0.00029735
0.00029735
0.00029735
0.00029735
0.00029735
0.00029735
0.00029735
0.00029735
0.00029735
0.00029735
0.00029735
0.00029735
0.00029735
0.00029735
0.00029735
0.00029735
0.00029735
0.00029735
0.00029735
0.00029735
0.00029735
0.00029735
0.00029735
0.00029735
0.00029735
0.00029735
0.00029735
0.00029735
0.00029735
0.00029735
0.00029735
0.00029735
0.00029735
0.00029735
0.00029735
0.00029735
0.00029735
0.00029735
0.00029735
0.00029735
0.00029735
0.00029735
0.00029735
0.00029735
0.00029735
0.00029735
0.00029735
0.00029735
0.00029735
0.00029735
0.00029735
0.00029735
0.00029735
0.00029735
0.00029735
0.00029735
0.00029735
0.00029735
0.00029735
0.00029735
0.00029735
0.00029735
0.00029735
0.00029735
0.00029735
0.00029735
0.00029735
0.00029735
0.00029735
0.00029735
0.00029735
0.00029735
0.00029735
0.00029735
0.00029735
0.00029735
0.00029735
0.00029735
0.00029735
0.00029735
0.00029735
0.00029735
0.00029735
0.00029735
0.00029735
0.00029735
0.00029735
0.00029735
0.00029735
0.00029735
0.00029735
0.00029735
0.00029735
0.00029735
0.00029735
0.00029735
0.00029735
0.00029735
0.00029735
0.00029735
0.00029735
0.00029735
0.00029735
0.00029735
0.00029735
0.00029735
0.00029735
0.00029735
0.00029735
0.00029735
0.00029735
0.00029735
0.00029735
0.00029735
0.00029735
0.00029735
0.00029735
0.00029735
0.00029735
0.00029735
0.00029735
0.00029735
0.00029735
0.00029735
0.00029735
0.00029735
0.00029735
0.00029735
0.00029735
0.00029735
0.00029735
0.00029735
0.00029735
0.00029735
0.00029735
0.00029735
0.00029735
0.00029735
0.00029735
0.00029735
0.00029735
0.00029735
0.00029735
0.00029735
0.00029735
0.00029735
0.00029735
0.00029735
0.00029735
0.00029735
0.00029735
0.00029735
0.00029735
0.00029735
0.00029735
0.00029735
0.00029735
0.00029735
0.00029735
0.00029735
0.00029735
0.00029735
0.00029735
0.00029735
0.00029735
0.00029735
0.00029735
0.00029735
0.00029735
0.00029735
0.00029735
0.00029735
0.00029735
0.00029735
0.00029735
0.00029735
0.00029735
0.00029735
0.00029735
0.00029735
0.00029735
0.00029735
0.00029735
0.00029735
0.00029735
0.00029735
0.00029735
0.00029735
0.00029735
0.00029735
0.00029735
0.00029735
0.00029735
0.00029735
0.00029735
0.00029735
0.00029735
0.00029735
0.00029735
0.00029735
0.00029735
0.00029735
0.00029735
0.00029735
0.00029735
0.00029735
0.00029735
0.00029735
0.00029735
0.00029735
0.00029735
0.00029735
0.00029735
0.00029735
0.00029735
0.00029735
0.00029735
0.00029735
0.00029735
0.00029735
0.00029735
0.00029735
0.00029735
0.00029735
0.00029735
0.00029735
0.00029735
0.00029735
0.00029735
0.00029735
0.00029735
0.00029735
0.00029735
0.00029735
0.00029735
0.00029735
0.00029735
0.00029735
0.00029735
0.00029735
0.00029735
0.00029735
0.00029735
0.00029735
0.00029735
0.00029735
0.00029735
0.00029735
0.00029735
0.00029735
0.00029735
0.00029735
0.00029735
0.00029735
0.00029735
0.00029735
0.00029735
0.00029735
0.00029735
0.00029735
0.00029735
0.00029735
0.00029735
0.00029735
0.00029735
0.00029735
0.00029735
0.00029735
0.00029735
0.00029735
0.00029735
0.00029735
0.00029735
0.00029735
0.00029735
0.00029735
0.00029735
0.00029735
0.00029735
0.00029735
0.00029735
0.00029735
0.00029735
0.00029735
0.00029735
0.00029735
0.00029735
0.00029735
0.00029735
0.00029735
0.00029735
0.00029735
0.00029735
0.00029735
0.00029735
0.00029735
0.00029735
0.00029735
0.00029735
0.00029735
0.00029735
0.00029735
0.00029735
0.00029735
0.00029735
0.00029735
0.00029735
0.00029735
0.00029735
0.00029735
0.00029735
0.00029735
0.00029735
0.00029735
0.00029735
0.00029735
0.00029735
0.00029735
0.00029735
0.00029735
0.00029735
0.00029735
0.00029735
0.00029735
0.00029735
0.00029735
0.00029735
0.00029735
0.00029735
0.00029735
0.00029735
0.00029735
0.00029735
0.00029735
0.00029735
0.00029735
0.00029735
0.00029735
0.00029735
0.00029735
0.00029735
0.00029735
0.00029735
0.00029735
0.00029735
0.00029735
0.00029735
0.00029735
0.00029735
0.00029735
0.00029735
0.00029735
0.00029735
0.00029735
0.00029735
0.00029735
0.00029735
0.00029735
0.00029735
0.00029735
0.00029735
0.00029735
0.00029735
0.00029735
0.00029735
0.00029735
0.00029735
0.00029735
0.00029735
0.00029735
0.00029735
0.00029735
0.00029735
0.00029735
0.00029735
0.00029735
0.00029735
0.00029735
0.00029735
0.00029735
0.00029735
0.00029735
0.00029735
0.00029735
0.00029735
0.00029735
0.00029735
0.00029735
0.00029735
0.00029735
0.00029735
0.00029735
0.00029735
0.00029735
0.00029735
0.00029735
0.00029735
0.00029735
0.00029735
0.00029735
0.00029735
0.00029735
0.00029735
0.00029735
0.00029735
0.00029735
0.00029735
0.00029735
0.00029735
0.00029735
0.00029735
0.00029735
0.00029735
0.00029735
0.00029735
0.00029735
0.00029735
0.00029735
0.00029735
0.00029735
0.00029735
0.00029735
0.00029735
0.00029735
0.00029735
0.00029735
0.00029735
0.00029735
0.00029735
0.00029735
0.00029735
0.00029735
0.00029735
0.00029735
0.00029735
0.00029735
0.00029735
0.00029735
0.00029735
0.00029735
0.00029735
0.00029735
0.00029735
0.00029735
0.00029735
0.00029735
0.00029735
0.00029735
0.00029735
0.00029735
0.00029735
0.00029735
0.00029735
0.00029735
0.00029735
0.00029735
0.00029735
0.00029735
0.00029735
0.00029735
0.00029735
0.00029735
0.00029735
0.00029735
0.00029735
0.00029735
0.00029735
0.00029735
0.00029735
0.00029735
0.00029735
0.00029735
0.00029735
0.00029735
0.00029735
0.00029735
0.00029735
0.00029735
0.00029735
0.00029735
0.00029735
0.00029735
0.00029735
0.00029735
0.00029735
0.00029735
0.00029735
0.00029735
0.00029735
0.00029735
0.00029735
0.00029735
0.00029735
0.00029735
0.00029735
0.00029735
0.00029735
0.00029735
0.00029735
0.00029735
0.00029735
0.00029735
0.00029735
0.00029735
0.00029735
0.00029735
0.00029735
0.00029735
0.00029735
0.00029735
0.00029735
0.00029735
0.00029735
0.00029735
0.00029735
0.00029735
0.00029735
0.00029735
0.00029735
0.00029735
0.00029735
0.00029735
0.00029735
0.00029735
0.00029735
0.00029735
0.00029735
0.00029735
0.00029735
0.00029735
0.00029735
0.00029735
0.00029735
0.00029735
0.00029735
0.00029735
0.00029735
0.00029735
0.00029735
0.00029735
0.00029735
0.00029735
0.00029735
0.00029735
0.00029735
0.00029735
0.00029735
0.00029735
0.00029735
0.00029735
0.00029735
0.00029735
0.00029735
0.00029735
0.00029735
0.00029735
0.00029735
0.00029735
0.00029735
0.00029735
0.00029735
0.00029735
0.00029735
0.00029735
0.00029735
0.00029735
0.00029735
0.00029735
0.00029735
0.00029735
0.00029735
0.00029735
0.00029735
0.00029735
0.00029735
0.00029735
0.00029735
0.00029735
0.00029735
0.00029735
0.00029735
0.00029735
0.00029735
0.00029735
0.00029735
0.00029735
0.00029735
0.00029735
0.00029735
0.00029735
0.00029735
0.00029735
0.00029735
0.00029735
0.00029735
0.00029735
0.00029735
0.00029735
0.00029735
