0.81872510
0.81673307
0.78087649
0.76095618
0.74501992
0.73505976
0.73107570
0.71912351
0.69123506
0.68127490
0.66733068
0.65338645
0.60358566
0.60159363
0.60159363
0.59362550
0.57370518
0.54780876
0.51195219
0.49601594
0.47808765
0.43027888
0.41235060
0.40039841
0.39641434
0.38247012
0.37450199
0.37250996
0.29482072
0.26294821
0.25697211
0.24103586
0.22908367
0.20916335
0.19123506
0.11354582
0.08565737
0.04980080
0.02988048
0.02191235
0.02191235
0.02191235
0.01593625
0.01394422
0.01394422
0.01394422
0.01195219
0.01195219
0.01195219
0.00996016
0.00996016
0.00996016
0.00996016
0.00996016
0.00796813
0.00796813
0.00796813
0.00796813
0.00796813
0.00796813
0.00796813
0.00796813
0.00796813
0.00796813
0.00597610
0.00597610
0.00597610
0.00597610
0.00597610
0.00597610
0.00597610
0.00597610
0.00597610
0.00597610
0.00597610
0.00597610
0.00597610
0.00597610
0.00597610
0.00597610
0.00597610
0.00597610
0.00398406
0.00398406
0.00398406
0.00398406
0.00398406
0.00398406
0.00398406
0.00398406
0.00398406
0.00398406
0.00398406
0.00398406
0.00398406
0.00398406
0.00398406
0.00398406
0.00398406
0.00398406
0.00398406
0.00398406
0.00398406
0.00398406
0.00398406
0.00398406
0.00398406
0.00398406
0.00398406
0.00398406
0.00398406
0.00398406
0.00398406
0.00398406
0.00398406
0.00398406
0.00398406
0.00398406
0.00398406
0.00398406
0.00398406
0.00398406
0.00398406
0.00398406
0.00398406
0.00398406
0.00398406
0.00398406
0.00398406
0.00398406
0.00398406
0.00398406
0.00398406
0.00398406
0.00398406
0.00398406
0.00398406
0.00398406
0.00199203
0.00199203
0.00199203
0.00199203
0.00199203
0.00199203
0.00199203
0.00199203
0.00199203
0.00199203
0.00199203
0.00199203
0.00199203
0.00199203
0.00199203
0.00199203
0.00199203
0.00199203
0.00199203
0.00199203
0.00199203
0.00199203
0.00199203
0.00199203
0.00199203
0.00199203
0.00199203
0.00199203
0.00199203
0.00199203
0.00199203
0.00199203
0.00199203
0.00199203
0.00199203
0.00199203
0.00199203
0.00199203
0.00199203
0.00199203
0.00199203
0.00199203
0.00199203
0.00199203
0.00199203
0.00199203
0.00199203
0.00199203
0.00199203
0.00199203
0.00199203
0.00199203
0.00199203
0.00199203
0.00199203
0.00199203
0.00199203
0.00199203
0.00199203
0.00199203
0.00199203
0.00199203
0.00199203
0.00199203
0.00199203
0.00199203
0.00199203
0.00199203
0.00199203
0.00199203
0.00199203
0.00199203
0.00199203
0.00199203
0.00199203
0.00199203
0.00199203
0.00199203
0.00199203
0.00199203
0.00199203
0.00199203
0.00199203
0.00199203
0.00199203
0.00199203
0.00199203
0.00199203
0.00199203
0.00199203
0.00199203
0.00199203
0.00199203
0.00199203
0.00199203
0.00199203
0.00199203
0.00199203
0.00199203
0.00199203
0.00199203
0.00199203
0.00199203
0.00199203
0.00199203
0.00199203
0.00199203
0.00199203
0.00199203
0.00199203
0.00199203
0.00199203
0.00199203
0.00199203
0.00199203
0.00199203
0.00199203
0.00199203
0.00199203
0.00199203
0.00199203
0.00199203
0.00199203
0.00199203
0.00199203
0.00199203
0.00199203
0.00199203
0.00199203
0.00199203
0.00199203
0.00199203
0.00199203
0.00199203
0.00199203
0.00199203
0.00199203
0.00199203
0.00199203
0.00199203
0.00199203
0.00199203
0.00199203
0.00199203
0.00199203
0.00199203
0.00199203
0.00199203
0.00199203
0.00199203
0.00199203
0.00199203
0.00199203
0.00199203
0.00199203
0.00199203
0.00199203
0.00199203
0.00199203
0.00199203
0.00199203
0.00199203
0.00199203
0.00199203
0.00199203
0.00199203
0.00199203
0.00199203
0.00199203
0.00199203
0.00199203
0.00199203
0.00199203
0.00199203
0.00199203
0.00199203
0.00199203
0.00199203
0.00199203
0.00199203
0.00199203
0.00199203
0.00199203
0.00199203
0.00199203
0.00199203
0.00199203
0.00199203
0.00199203
0.00199203
0.00199203
0.00199203
0.00199203
0.00199203
0.00199203
0.00199203
0.00199203
0.00199203
0.00199203
0.00199203
0.00199203
0.00199203
0.00199203
0.00199203
0.00199203
0.00199203
0.00199203
0.00199203
0.00199203
0.00199203
0.00199203
0.00199203
0.00199203
0.00199203
0.00199203
0.00199203
0.00199203
0.00199203
0.00199203
0.00199203
0.00199203
0.00199203
0.00199203
0.00199203
0.00199203
0.00199203
0.00199203
0.00199203
0.00199203
0.00199203
0.00199203
0.00199203
0.00199203
0.00199203
0.00199203
0.00199203
0.00199203
0.00199203
0.00199203
0.00199203
0.00199203
0.00199203
0.00199203
0.00199203
0.00199203
0.00199203
0.00199203
0.00199203
0.00199203
0.00199203
0.00199203
0.00199203
0.00199203
0.00199203
0.00199203
0.00199203
0.00199203
0.00199203
0.00199203
0.00199203
0.00199203
0.00199203
0.00199203
0.00199203
0.00199203
0.00199203
0.00199203
0.00199203
0.00199203
0.00199203
0.00199203
0.00199203
0.00199203
0.00199203
0.00199203
0.00199203
0.00199203
0.00199203
0.00199203
0.00199203
0.00199203
0.00199203
0.00199203
0.00199203
0.00199203
0.00199203
0.00199203
0.00199203
0.00199203
0.00199203
0.00199203
0.00199203
0.00199203
0.00199203
0.00199203
0.00199203
0.00199203
0.00199203
0.00199203
0.00199203
0.00199203
0.00199203
0.00199203
0.00199203
0.00199203
0.00199203
0.00199203
0.00199203
0.00199203
0.00199203
0.00199203
0.00199203
0.00199203
0.00199203
0.00199203
0.00199203
0.00199203
0.00199203
0.00199203
0.00199203
0.00199203
0.00199203
0.00199203
0.00199203
0.00199203
0.00199203
0.00199203
0.00199203
0.00199203
0.00199203
0.00199203
0.00199203
0.00199203
0.00199203
0.00199203
0.00199203
0.00199203
0.00199203
0.00199203
0.00199203
0.00199203
0.00199203
0.00199203
0.00199203
0.00199203
0.00199203
0.00199203
0.00199203
0.00199203
0.00199203
0.00199203
0.00199203
0.00199203
0.00199203
0.00199203
0.00199203
0.00199203
0.00199203
0.00199203
0.00199203
0.00199203
0.00199203
0.00199203
0.00199203
