0.70141343
0.69169611
0.67844523
0.67049470
0.66431095
0.65194346
0.64487633
0.63780919
0.62190813
0.61749117
0.61042403
0.60070671
0.59540636
0.58833922
0.58392226
0.58127208
0.57420495
0.57420495
0.56713781
0.56007067
0.54328622
0.53975265
0.53268551
0.51855124
0.51236749
0.49911661
0.48851590
0.48056537
0.47349823
0.41784452
0.40901060
0.38515901
0.37720848
0.37102473
0.36395760
0.34717314
0.33480565
0.33480565
0.33480565
0.30565371
0.24558304
0.23851590
0.22261484
0.22261484
0.21289753
0.18286219
0.18286219
0.18286219
0.18286219
0.18286219
0.18286219
0.17491166
0.17491166
0.17491166
0.17491166
0.17491166
0.16696113
0.16077739
0.16077739
0.16077739
0.16077739
0.16077739
0.16077739
0.16077739
0.16077739
0.15636042
0.15636042
0.15636042
0.15636042
0.15547703
0.15459364
0.15459364
0.15459364
0.15459364
0.15459364
0.15459364
0.15459364
0.15459364
0.15106007
0.15106007
0.15106007
0.15106007
0.15106007
0.15106007
0.15106007
0.15106007
0.15106007
0.15106007
0.15106007
0.15106007
0.15106007
0.15106007
0.15106007
0.15106007
0.15106007
0.15106007
0.14929329
0.14929329
0.14929329
0.14929329
0.14929329
0.14487633
0.14487633
0.14487633
0.14487633
0.14487633
0.14487633
0.14487633
0.14487633
0.14310954
0.14310954
0.14310954
0.14310954
0.14310954
0.14310954
0.14310954
0.14310954
0.14310954
0.14310954
0.14310954
0.14310954
0.14310954
0.14310954
0.14310954
0.14310954
0.14310954
0.14310954
0.14310954
0.14310954
0.14310954
0.14310954
0.14310954
0.14310954
0.14310954
0.14310954
0.14310954
0.14310954
0.14310954
0.14310954
0.14310954
0.14310954
0.14310954
0.14310954
0.14310954
0.14310954
0.14310954
0.14310954
0.14310954
0.14310954
0.14310954
0.14310954
0.14310954
0.14310954
0.14310954
0.14310954
0.14310954
0.14310954
0.14310954
0.14310954
0.14310954
0.14310954
0.14310954
0.14310954
0.14310954
0.14310954
0.14310954
0.14310954
0.14310954
0.14310954
0.14310954
0.14310954
0.14310954
0.14310954
0.14310954
0.14310954
0.14310954
0.14310954
0.14310954
0.14310954
0.14310954
0.14310954
0.14310954
0.14310954
0.14310954
0.14310954
0.14310954
0.14310954
0.14310954
0.14310954
0.14310954
0.14310954
0.14310954
0.14310954
0.14310954
0.14310954
0.14310954
0.14310954
0.14310954
0.14310954
0.14310954
0.14310954
0.14310954
0.14310954
0.14310954
0.14310954
0.14310954
0.14310954
0.14310954
0.14310954
0.14310954
0.14310954
0.14310954
0.14310954
0.14310954
0.14310954
0.14310954
0.14310954
0.14310954
0.14310954
0.14310954
0.14310954
0.14310954
0.14310954
0.14310954
0.14310954
0.14310954
0.14310954
0.14310954
0.14310954
0.14310954
0.14310954
0.14310954
0.14310954
0.14310954
0.14310954
0.14310954
0.14310954
0.14310954
0.14310954
0.14310954
0.14310954
0.14310954
0.14310954
0.14310954
0.14310954
0.14310954
0.14310954
0.14310954
0.14310954
0.14310954
0.14310954
0.14310954
0.14310954
0.14310954
0.14310954
0.14310954
0.14310954
0.14310954
0.14310954
0.14310954
0.14310954
0.14310954
0.14310954
0.14310954
0.14310954
0.14310954
0.14310954
0.14310954
0.14310954
0.14310954
0.14310954
0.14310954
0.14310954
0.14310954
0.14310954
0.14310954
0.14310954
0.14310954
0.14310954
0.14310954
0.14310954
0.14310954
0.14310954
0.14310954
0.14310954
0.14310954
0.14310954
0.14310954
0.14310954
0.14310954
0.14310954
0.14310954
0.14310954
0.14310954
0.14310954
0.14310954
0.14310954
0.14310954
0.14310954
0.14310954
0.14310954
0.14310954
0.14310954
0.14310954
0.14310954
0.14310954
0.14310954
0.14310954
0.14310954
0.14310954
0.14310954
0.14310954
0.14310954
0.14310954
0.14310954
0.14310954
0.14310954
0.14310954
0.14310954
0.14310954
0.14310954
0.14310954
0.14310954
0.14310954
0.14310954
0.14310954
0.14310954
0.14310954
0.14310954
0.14310954
0.14310954
0.14310954
0.14310954
0.14310954
0.14310954
0.14310954
0.14310954
0.14310954
0.14310954
0.14310954
0.14310954
0.14310954
0.14310954
0.14310954
0.14310954
0.14310954
0.14310954
0.14310954
0.14310954
0.14310954
0.14310954
0.14310954
0.14310954
0.14310954
0.14310954
0.14310954
0.14310954
0.14310954
0.14310954
0.14310954
0.14310954
0.14310954
0.14310954
0.14310954
0.14310954
0.14310954
0.14310954
0.14310954
0.14222615
0.13869258
0.00441696
0.00441696
0.00441696
0.00441696
0.00441696
0.00265018
0.00176678
0.00176678
0.00176678
0.00176678
0.00176678
0.00176678
0.00176678
0.00088339
0.00088339
0.00088339
0.00088339
0.00088339
0.00088339
0.00088339
0.00088339
0.00088339
0.00088339
0.00088339
0.00088339
0.00088339
0.00088339
0.00088339
0.00088339
0.00088339
0.00088339
0.00088339
0.00088339
0.00088339
0.00088339
0.00088339
0.00088339
0.00088339
0.00088339
0.00088339
0.00088339
0.00088339
0.00088339
0.00088339
0.00088339
0.00088339
0.00088339
0.00088339
0.00088339
0.00088339
0.00088339
0.00088339
0.00088339
0.00088339
0.00088339
0.00088339
0.00088339
0.00088339
0.00088339
0.00088339
0.00088339
0.00088339
0.00088339
0.00088339
0.00088339
0.00088339
0.00088339
0.00088339
0.00088339
0.00088339
0.00088339
0.00088339
0.00088339
0.00088339
0.00088339
0.00088339
0.00088339
0.00088339
0.00088339
0.00088339
0.00088339
0.00088339
0.00088339
0.00088339
0.00088339
0.00088339
0.00088339
0.00088339
0.00088339
0.00088339
0.00088339
0.00088339
0.00088339
0.00088339
0.00088339
0.00088339
0.00088339
0.00088339
0.00088339
0.00088339
0.00088339
0.00088339
0.00088339
0.00088339
0.00088339
0.00088339
0.00088339
0.00088339
0.00088339
0.00088339
0.00088339
0.00088339
0.00088339
0.00088339
0.00088339
0.00088339
0.00088339
0.00088339
0.00088339
0.00088339
0.00088339
0.00088339
0.00088339
0.00088339
0.00088339
0.00088339
0.00088339
0.00088339
0.00088339
0.00088339
0.00088339
0.00088339
0.00088339
0.00088339
0.00088339
0.00088339
0.00088339
0.00088339
0.00088339
0.00088339
0.00088339
0.00088339
0.00088339
0.00088339
0.00088339
0.00088339
0.00088339
0.00088339
0.00088339
0.00088339
0.00088339
0.00088339
0.00088339
0.00088339
0.00088339
0.00088339
0.00088339
0.00088339
0.00088339
0.00088339
0.00088339
0.00088339
0.00088339
0.00088339
0.00088339
0.00088339
0.00088339
0.00088339
0.00088339
0.00088339
0.00088339
0.00088339
0.00088339
0.00088339
0.00088339
0.00088339
0.00088339
0.00088339
0.00088339
0.00088339
0.00088339
0.00088339
0.00088339
0.00088339
0.00088339
0.00088339
0.00088339
0.00088339
0.00088339
0.00088339
0.00088339
0.00088339
0.00088339
0.00088339
0.00088339
0.00088339
0.00088339
0.00088339
0.00088339
0.00088339
0.00088339
0.00088339
0.00088339
0.00088339
0.00088339
0.00088339
0.00088339
0.00088339
0.00088339
0.00088339
0.00088339
0.00088339
0.00088339
0.00088339
0.00088339
0.00088339
0.00088339
0.00088339
0.00088339
0.00088339
0.00088339
0.00088339
0.00088339
0.00088339
0.00088339
0.00088339
0.00088339
0.00088339
0.00088339
0.00088339
0.00088339
0.00088339
0.00088339
0.00088339
0.00088339
0.00088339
0.00088339
0.00088339
0.00088339
0.00088339
0.00088339
0.00088339
0.00088339
0.00088339
0.00088339
0.00088339
0.00088339
0.00088339
0.00088339
0.00088339
0.00088339
0.00088339
0.00088339
0.00088339
0.00088339
0.00088339
0.00088339
0.00088339
0.00088339
0.00088339
0.00088339
0.00088339
0.00088339
0.00088339
0.00088339
0.00088339
0.00088339
0.00088339
0.00088339
0.00088339
0.00088339
0.00088339
0.00088339
0.00088339
0.00088339
0.00088339
0.00088339
0.00088339
0.00088339
0.00088339
0.00088339
0.00088339
0.00088339
0.00088339
0.00088339
0.00088339
0.00088339
0.00088339
0.00088339
0.00088339
0.00088339
0.00088339
0.00088339
0.00088339
0.00088339
0.00088339
0.00088339
0.00088339
0.00088339
0.00088339
0.00088339
0.00088339
0.00088339
0.00088339
0.00088339
0.00088339
0.00088339
0.00088339
0.00088339
0.00088339
0.00088339
0.00088339
0.00088339
0.00088339
0.00088339
0.00088339
0.00088339
0.00088339
0.00088339
0.00088339
0.00088339
0.00088339
0.00088339
0.00088339
0.00088339
0.00088339
0.00088339
0.00088339
0.00088339
0.00088339
0.00088339
0.00088339
0.00088339
0.00088339
0.00088339
0.00088339
0.00088339
0.00088339
0.00088339
0.00088339
0.00088339
0.00088339
0.00088339
0.00088339
0.00088339
0.00088339
0.00088339
0.00088339
0.00088339
0.00088339
0.00088339
0.00088339
0.00088339
0.00088339
0.00088339
0.00088339
0.00088339
0.00088339
0.00088339
0.00088339
0.00088339
0.00088339
0.00088339
0.00088339
0.00088339
0.00088339
0.00088339
0.00088339
0.00088339
0.00088339
0.00088339
0.00088339
0.00088339
0.00088339
0.00088339
0.00088339
0.00088339
0.00088339
0.00088339
0.00088339
0.00088339
0.00088339
0.00088339
0.00088339
0.00088339
0.00088339
0.00088339
0.00088339
0.00088339
0.00088339
0.00088339
0.00088339
0.00088339
0.00088339
0.00088339
0.00088339
0.00088339
0.00088339
0.00088339
0.00088339
0.00088339
0.00088339
0.00088339
0.00088339
0.00088339
0.00088339
0.00088339
0.00088339
0.00088339
0.00088339
0.00088339
0.00088339
0.00088339
0.00088339
0.00088339
0.00088339
0.00088339
0.00088339
0.00088339
0.00088339
0.00088339
0.00088339
0.00088339
0.00088339
0.00088339
0.00088339
0.00088339
0.00088339
0.00088339
0.00088339
0.00088339
0.00088339
0.00088339
0.00088339
0.00088339
0.00088339
0.00088339
0.00088339
0.00088339
0.00088339
0.00088339
0.00088339
0.00088339
0.00088339
0.00088339
0.00088339
0.00088339
0.00088339
0.00088339
0.00088339
0.00088339
0.00088339
0.00088339
0.00088339
0.00088339
0.00088339
0.00088339
0.00088339
0.00088339
0.00088339
0.00088339
0.00088339
0.00088339
0.00088339
0.00088339
0.00088339
0.00088339
0.00088339
0.00088339
0.00088339
0.00088339
0.00088339
0.00088339
0.00088339
0.00088339
0.00088339
0.00088339
0.00088339
0.00088339
0.00088339
0.00088339
0.00088339
0.00088339
0.00088339
0.00088339
0.00088339
0.00088339
0.00088339
0.00088339
0.00088339
0.00088339
0.00088339
0.00088339
0.00088339
0.00088339
0.00088339
0.00088339
0.00088339
0.00088339
0.00088339
0.00088339
0.00088339
0.00088339
0.00088339
0.00088339
0.00088339
0.00088339
0.00088339
0.00088339
0.00088339
0.00088339
0.00088339
0.00088339
0.00088339
0.00088339
0.00088339
0.00088339
0.00088339
0.00088339
0.00088339
0.00088339
0.00088339
0.00088339
0.00088339
0.00088339
0.00088339
0.00088339
0.00088339
0.00088339
0.00088339
0.00088339
0.00088339
0.00088339
0.00088339
0.00088339
0.00088339
0.00088339
0.00088339
0.00088339
0.00088339
0.00088339
0.00088339
0.00088339
0.00088339
0.00088339
0.00088339
0.00088339
0.00088339
0.00088339
0.00088339
0.00088339
0.00088339
0.00088339
0.00088339
0.00088339
0.00088339
0.00088339
0.00088339
0.00088339
0.00088339
0.00088339
0.00088339
0.00088339
0.00088339
0.00088339
0.00088339
0.00088339
0.00088339
0.00088339
0.00088339
0.00088339
0.00088339
0.00088339
0.00088339
0.00088339
0.00088339
0.00088339
0.00088339
0.00088339
0.00088339
0.00088339
0.00088339
0.00088339
0.00088339
0.00088339
0.00088339
0.00088339
0.00088339
0.00088339
0.00088339
0.00088339
0.00088339
0.00088339
0.00088339
0.00088339
0.00088339
0.00088339
0.00088339
0.00088339
0.00088339
0.00088339
0.00088339
0.00088339
0.00088339
0.00088339
0.00088339
0.00088339
0.00088339
0.00088339
0.00088339
0.00088339
0.00088339
0.00088339
0.00088339
0.00088339
0.00088339
0.00088339
0.00088339
0.00088339
0.00088339
0.00088339
0.00088339
0.00088339
0.00088339
0.00088339
0.00088339
0.00088339
0.00088339
0.00088339
0.00088339
0.00088339
0.00088339
0.00088339
0.00088339
0.00088339
0.00088339
0.00088339
0.00088339
0.00088339
0.00088339
0.00088339
0.00088339
0.00088339
0.00088339
0.00088339
0.00088339
0.00088339
0.00088339
0.00088339
0.00088339
0.00088339
0.00088339
0.00088339
0.00088339
0.00088339
0.00088339
0.00088339
0.00088339
0.00088339
0.00088339
0.00088339
0.00088339
0.00088339
0.00088339
0.00088339
0.00088339
0.00088339
0.00088339
0.00088339
0.00088339
0.00088339
0.00088339
0.00088339
0.00088339
0.00088339
0.00088339
0.00088339
0.00088339
0.00088339
0.00088339
0.00088339
0.00088339
0.00088339
0.00088339
0.00088339
0.00088339
0.00088339
0.00088339
0.00088339
0.00088339
0.00088339
0.00088339
0.00088339
0.00088339
0.00088339
0.00088339
0.00088339
0.00088339
0.00088339
0.00088339
0.00088339
0.00088339
0.00088339
0.00088339
0.00088339
0.00088339
0.00088339
0.00088339
0.00088339
0.00088339
0.00088339
0.00088339
0.00088339
0.00088339
0.00088339
0.00088339
0.00088339
0.00088339
0.00088339
0.00088339
0.00088339
0.00088339
0.00088339
0.00088339
0.00088339
0.00088339
0.00088339
0.00088339
0.00088339
0.00088339
0.00088339
0.00088339
0.00088339
0.00088339
0.00088339
0.00088339
0.00088339
0.00088339
0.00088339
0.00088339
0.00088339
0.00088339
0.00088339
0.00088339
0.00088339
0.00088339
0.00088339
0.00088339
0.00088339
0.00088339
0.00088339
0.00088339
0.00088339
0.00088339
0.00088339
0.00088339
0.00088339
0.00088339
0.00088339
0.00088339
0.00088339
0.00088339
