0.85172872
0.85106383
0.85039894
0.84973404
0.84906915
0.84840426
0.84242021
0.83976064
0.83643617
0.82047872
0.81582447
0.80984043
0.80718085
0.80651596
0.80651596
0.80119681
0.79787234
0.78656915
0.78191489
0.77659574
0.75664894
0.75398936
0.75332447
0.75265957
0.75066489
0.74800532
0.74268617
0.73337766
0.73138298
0.72606383
0.72473404
0.72140957
0.71343085
0.70811170
0.69747340
0.69414894
0.69215426
0.68683511
0.67952128
0.67553191
0.67087766
0.66688830
0.66422872
0.66156915
0.65226064
0.64827128
0.64029255
0.63763298
0.63164894
0.62898936
0.62034574
0.61635638
0.61436170
0.60638298
0.56515957
0.56515957
0.56515957
0.56316489
0.56050532
0.55651596
0.55452128
0.55119681
0.54920213
0.54654255
0.54321809
0.53856383
0.53590426
0.52992021
0.52526596
0.52061170
0.51928191
0.49667553
0.49401596
0.49268617
0.49069149
0.48936170
0.48803191
0.48470745
0.48337766
0.48005319
0.47805851
0.47739362
0.47539894
0.47406915
0.47074468
0.46808511
0.46143617
0.45678191
0.45478723
0.44946809
0.43484043
0.42553191
0.42287234
0.41954787
0.41289894
0.40492021
0.39960106
0.39760638
0.39627660
0.39561170
0.39095745
0.38896277
0.38696809
0.38231383
0.38031915
0.37699468
0.37632979
0.37167553
0.36569149
0.36436170
0.36236702
0.35904255
0.35571809
0.35172872
0.35172872
0.29787234
0.29654255
0.29122340
0.28989362
0.28457447
0.24867021
0.23470745
0.22273936
0.21675532
0.20013298
0.19614362
0.19215426
0.17885638
0.16888298
0.16688830
0.14960106
0.14694149
0.14428191
0.13896277
0.13896277
0.13763298
0.12566489
0.12234043
0.04587766
0.04587766
0.03590426
0.03058511
0.03058511
0.03058511
0.02859043
0.02859043
0.02726064
0.02726064
0.02726064
0.02726064
0.02726064
0.00731383
0.00731383
0.00664894
0.00664894
0.00664894
0.00664894
0.00664894
0.00664894
0.00664894
0.00664894
0.00664894
0.00598404
0.00598404
0.00598404
0.00598404
0.00598404
0.00598404
0.00598404
0.00465426
0.00465426
0.00465426
0.00465426
0.00398936
0.00398936
0.00398936
0.00398936
0.00398936
0.00398936
0.00398936
0.00398936
0.00398936
0.00398936
0.00398936
0.00332447
0.00332447
0.00332447
0.00332447
0.00332447
0.00332447
0.00332447
0.00332447
0.00332447
0.00332447
0.00332447
0.00332447
0.00332447
0.00332447
0.00332447
0.00265957
0.00265957
0.00265957
0.00265957
0.00265957
0.00265957
0.00265957
0.00265957
0.00265957
0.00265957
0.00265957
0.00265957
0.00265957
0.00265957
0.00265957
0.00265957
0.00265957
0.00265957
0.00265957
0.00265957
0.00265957
0.00265957
0.00265957
0.00265957
0.00265957
0.00265957
0.00265957
0.00265957
0.00265957
0.00265957
0.00265957
0.00265957
0.00265957
0.00265957
0.00265957
0.00265957
0.00265957
0.00265957
0.00265957
0.00199468
0.00199468
0.00199468
0.00199468
0.00199468
0.00199468
0.00199468
0.00199468
0.00199468
0.00199468
0.00199468
0.00199468
0.00199468
0.00199468
0.00199468
0.00199468
0.00199468
0.00199468
0.00199468
0.00199468
0.00199468
0.00199468
0.00199468
0.00199468
0.00199468
0.00199468
0.00199468
0.00199468
0.00199468
0.00199468
0.00199468
0.00199468
0.00199468
0.00199468
0.00199468
0.00199468
0.00199468
0.00199468
0.00199468
0.00199468
0.00199468
0.00199468
0.00199468
0.00199468
0.00199468
0.00199468
0.00199468
0.00199468
0.00199468
0.00199468
0.00199468
0.00199468
0.00199468
0.00199468
0.00199468
0.00199468
0.00199468
0.00199468
0.00199468
0.00199468
0.00199468
0.00199468
0.00199468
0.00199468
0.00199468
0.00199468
0.00199468
0.00199468
0.00199468
0.00199468
0.00199468
0.00199468
0.00132979
0.00132979
0.00132979
0.00132979
0.00132979
0.00132979
0.00132979
0.00132979
0.00132979
0.00132979
0.00132979
0.00132979
0.00132979
0.00132979
0.00132979
0.00132979
0.00132979
0.00132979
0.00132979
0.00132979
0.00132979
0.00132979
0.00132979
0.00132979
0.00132979
0.00132979
0.00132979
0.00132979
0.00132979
0.00132979
0.00132979
0.00132979
0.00132979
0.00132979
0.00132979
0.00132979
0.00132979
0.00132979
0.00132979
0.00132979
0.00132979
0.00132979
0.00132979
0.00132979
0.00132979
0.00132979
0.00132979
0.00132979
0.00132979
0.00132979
0.00132979
0.00132979
0.00132979
0.00132979
0.00132979
0.00132979
0.00132979
0.00132979
0.00132979
0.00132979
0.00132979
0.00132979
0.00132979
0.00132979
0.00132979
0.00132979
0.00132979
0.00132979
0.00132979
0.00132979
0.00132979
0.00132979
0.00132979
0.00132979
0.00132979
0.00132979
0.00132979
0.00132979
0.00132979
0.00132979
0.00132979
0.00132979
0.00132979
0.00132979
0.00132979
0.00132979
0.00132979
0.00132979
0.00132979
0.00132979
0.00132979
0.00132979
0.00132979
0.00132979
0.00132979
0.00132979
0.00132979
0.00132979
0.00132979
0.00132979
0.00132979
0.00132979
0.00132979
0.00132979
0.00132979
0.00132979
0.00132979
0.00132979
0.00132979
0.00132979
0.00132979
0.00132979
0.00132979
0.00132979
0.00132979
0.00132979
0.00132979
0.00132979
0.00132979
0.00132979
0.00132979
0.00132979
0.00132979
0.00132979
0.00132979
0.00132979
0.00132979
0.00132979
0.00132979
0.00132979
0.00132979
0.00132979
0.00132979
0.00132979
0.00132979
0.00132979
0.00132979
0.00132979
0.00132979
0.00132979
0.00132979
0.00132979
0.00132979
0.00132979
0.00132979
0.00132979
0.00132979
0.00132979
0.00132979
0.00132979
0.00132979
0.00132979
0.00132979
0.00132979
0.00132979
0.00132979
0.00132979
0.00132979
0.00132979
0.00132979
0.00132979
0.00132979
0.00132979
0.00132979
0.00132979
0.00132979
0.00132979
0.00132979
0.00132979
0.00132979
0.00132979
0.00132979
0.00132979
0.00132979
0.00132979
0.00132979
0.00132979
0.00132979
0.00132979
0.00132979
0.00132979
0.00132979
0.00132979
0.00132979
0.00132979
0.00132979
0.00132979
0.00132979
0.00132979
0.00132979
0.00132979
0.00132979
0.00132979
0.00066489
0.00066489
0.00066489
0.00066489
0.00066489
0.00066489
0.00066489
0.00066489
0.00066489
0.00066489
0.00066489
0.00066489
0.00066489
0.00066489
0.00066489
0.00066489
0.00066489
0.00066489
0.00066489
0.00066489
0.00066489
0.00066489
0.00066489
0.00066489
0.00066489
0.00066489
0.00066489
0.00066489
0.00066489
0.00066489
0.00066489
0.00066489
0.00066489
0.00066489
0.00066489
0.00066489
0.00066489
0.00066489
0.00066489
0.00066489
0.00066489
0.00066489
0.00066489
0.00066489
0.00066489
0.00066489
0.00066489
0.00066489
0.00066489
0.00066489
0.00066489
0.00066489
0.00066489
0.00066489
0.00066489
0.00066489
0.00066489
0.00066489
0.00066489
0.00066489
0.00066489
0.00066489
0.00066489
0.00066489
0.00066489
0.00066489
0.00066489
0.00066489
0.00066489
0.00066489
0.00066489
0.00066489
0.00066489
0.00066489
0.00066489
0.00066489
0.00066489
0.00066489
0.00066489
0.00066489
0.00066489
0.00066489
0.00066489
0.00066489
0.00066489
0.00066489
0.00066489
0.00066489
0.00066489
0.00066489
0.00066489
0.00066489
0.00066489
0.00066489
0.00066489
0.00066489
0.00066489
0.00066489
0.00066489
0.00066489
0.00066489
0.00066489
0.00066489
0.00066489
0.00066489
0.00066489
0.00066489
0.00066489
0.00066489
0.00066489
0.00066489
0.00066489
0.00066489
0.00066489
0.00066489
0.00066489
0.00066489
0.00066489
0.00066489
0.00066489
0.00066489
0.00066489
0.00066489
0.00066489
0.00066489
0.00066489
0.00066489
0.00066489
0.00066489
0.00066489
0.00066489
0.00066489
0.00066489
0.00066489
0.00066489
0.00066489
0.00066489
0.00066489
0.00066489
0.00066489
0.00066489
0.00066489
0.00066489
0.00066489
0.00066489
0.00066489
0.00066489
0.00066489
0.00066489
0.00066489
0.00066489
0.00066489
0.00066489
0.00066489
0.00066489
0.00066489
0.00066489
0.00066489
0.00066489
0.00066489
0.00066489
0.00066489
0.00066489
0.00066489
0.00066489
0.00066489
0.00066489
0.00066489
0.00066489
0.00066489
0.00066489
0.00066489
0.00066489
0.00066489
0.00066489
0.00066489
0.00066489
0.00066489
0.00066489
0.00066489
0.00066489
0.00066489
0.00066489
0.00066489
0.00066489
0.00066489
0.00066489
0.00066489
0.00066489
0.00066489
0.00066489
0.00066489
0.00066489
0.00066489
0.00066489
0.00066489
0.00066489
0.00066489
0.00066489
0.00066489
0.00066489
0.00066489
0.00066489
0.00066489
0.00066489
0.00066489
0.00066489
0.00066489
0.00066489
0.00066489
0.00066489
0.00066489
0.00066489
0.00066489
0.00066489
0.00066489
0.00066489
0.00066489
0.00066489
0.00066489
0.00066489
0.00066489
0.00066489
0.00066489
0.00066489
0.00066489
0.00066489
0.00066489
0.00066489
0.00066489
0.00066489
0.00066489
0.00066489
0.00066489
0.00066489
0.00066489
0.00066489
0.00066489
0.00066489
0.00066489
0.00066489
0.00066489
0.00066489
0.00066489
0.00066489
0.00066489
0.00066489
0.00066489
0.00066489
0.00066489
0.00066489
0.00066489
0.00066489
0.00066489
0.00066489
0.00066489
0.00066489
0.00066489
0.00066489
0.00066489
0.00066489
0.00066489
0.00066489
0.00066489
0.00066489
0.00066489
0.00066489
0.00066489
0.00066489
0.00066489
0.00066489
0.00066489
0.00066489
0.00066489
0.00066489
0.00066489
0.00066489
0.00066489
0.00066489
0.00066489
0.00066489
0.00066489
0.00066489
0.00066489
0.00066489
0.00066489
0.00066489
0.00066489
0.00066489
0.00066489
0.00066489
0.00066489
0.00066489
0.00066489
0.00066489
0.00066489
0.00066489
0.00066489
0.00066489
0.00066489
0.00066489
0.00066489
0.00066489
0.00066489
0.00066489
0.00066489
0.00066489
0.00066489
0.00066489
0.00066489
0.00066489
0.00066489
0.00066489
0.00066489
0.00066489
0.00066489
0.00066489
0.00066489
0.00066489
0.00066489
0.00066489
0.00066489
0.00066489
0.00066489
0.00066489
0.00066489
0.00066489
0.00066489
0.00066489
0.00066489
0.00066489
0.00066489
0.00066489
0.00066489
0.00066489
0.00066489
0.00066489
0.00066489
0.00066489
0.00066489
0.00066489
0.00066489
0.00066489
0.00066489
0.00066489
0.00066489
0.00066489
0.00066489
0.00066489
0.00066489
0.00066489
0.00066489
0.00066489
0.00066489
0.00066489
0.00066489
0.00066489
0.00066489
0.00066489
0.00066489
0.00066489
0.00066489
0.00066489
0.00066489
0.00066489
0.00066489
0.00066489
0.00066489
0.00066489
0.00066489
0.00066489
0.00066489
0.00066489
0.00066489
0.00066489
0.00066489
0.00066489
0.00066489
0.00066489
0.00066489
0.00066489
0.00066489
0.00066489
0.00066489
0.00066489
0.00066489
0.00066489
0.00066489
0.00066489
0.00066489
0.00066489
0.00066489
0.00066489
0.00066489
0.00066489
0.00066489
0.00066489
0.00066489
0.00066489
0.00066489
0.00066489
0.00066489
0.00066489
0.00066489
0.00066489
0.00066489
0.00066489
0.00066489
0.00066489
0.00066489
0.00066489
0.00066489
0.00066489
0.00066489
0.00066489
0.00066489
0.00066489
0.00066489
0.00066489
0.00066489
0.00066489
0.00066489
0.00066489
0.00066489
0.00066489
0.00066489
0.00066489
0.00066489
0.00066489
0.00066489
0.00066489
0.00066489
0.00066489
0.00066489
0.00066489
0.00066489
0.00066489
0.00066489
0.00066489
0.00066489
0.00066489
0.00066489
0.00066489
0.00066489
0.00066489
0.00066489
0.00066489
0.00066489
0.00066489
0.00066489
0.00066489
0.00066489
0.00066489
0.00066489
0.00066489
0.00066489
0.00066489
0.00066489
0.00066489
0.00066489
0.00066489
0.00066489
0.00066489
0.00066489
0.00066489
0.00066489
0.00066489
0.00066489
0.00066489
0.00066489
0.00066489
0.00066489
0.00066489
0.00066489
0.00066489
0.00066489
0.00066489
0.00066489
0.00066489
0.00066489
0.00066489
0.00066489
0.00066489
0.00066489
0.00066489
0.00066489
0.00066489
0.00066489
0.00066489
0.00066489
0.00066489
0.00066489
0.00066489
0.00066489
0.00066489
0.00066489
0.00066489
0.00066489
0.00066489
0.00066489
0.00066489
0.00066489
0.00066489
0.00066489
0.00066489
0.00066489
0.00066489
0.00066489
0.00066489
0.00066489
0.00066489
0.00066489
0.00066489
0.00066489
0.00066489
0.00066489
0.00066489
0.00066489
0.00066489
0.00066489
0.00066489
0.00066489
0.00066489
0.00066489
0.00066489
0.00066489
0.00066489
0.00066489
0.00066489
0.00066489
0.00066489
0.00066489
0.00066489
0.00066489
0.00066489
0.00066489
0.00066489
0.00066489
0.00066489
0.00066489
0.00066489
0.00066489
0.00066489
0.00066489
0.00066489
0.00066489
0.00066489
0.00066489
0.00066489
0.00066489
0.00066489
0.00066489
0.00066489
0.00066489
0.00066489
0.00066489
0.00066489
0.00066489
0.00066489
0.00066489
0.00066489
0.00066489
0.00066489
0.00066489
0.00066489
0.00066489
0.00066489
0.00066489
0.00066489
0.00066489
0.00066489
0.00066489
0.00066489
0.00066489
0.00066489
0.00066489
0.00066489
0.00066489
0.00066489
0.00066489
0.00066489
0.00066489
0.00066489
0.00066489
0.00066489
0.00066489
0.00066489
0.00066489
0.00066489
0.00066489
0.00066489
0.00066489
0.00066489
0.00066489
0.00066489
0.00066489
0.00066489
0.00066489
0.00066489
0.00066489
0.00066489
0.00066489
0.00066489
0.00066489
0.00066489
0.00066489
0.00066489
0.00066489
0.00066489
0.00066489
0.00066489
0.00066489
0.00066489
0.00066489
0.00066489
0.00066489
0.00066489
0.00066489
0.00066489
0.00066489
0.00066489
0.00066489
0.00066489
0.00066489
0.00066489
0.00066489
0.00066489
0.00066489
0.00066489
0.00066489
0.00066489
0.00066489
0.00066489
0.00066489
0.00066489
0.00066489
0.00066489
0.00066489
0.00066489
0.00066489
0.00066489
0.00066489
0.00066489
0.00066489
0.00066489
0.00066489
0.00066489
0.00066489
0.00066489
0.00066489
0.00066489
0.00066489
0.00066489
0.00066489
0.00066489
0.00066489
0.00066489
0.00066489
0.00066489
0.00066489
0.00066489
0.00066489
0.00066489
0.00066489
0.00066489
0.00066489
0.00066489
0.00066489
0.00066489
0.00066489
0.00066489
0.00066489
0.00066489
0.00066489
0.00066489
0.00066489
0.00066489
0.00066489
0.00066489
0.00066489
0.00066489
0.00066489
0.00066489
0.00066489
0.00066489
0.00066489
0.00066489
0.00066489
0.00066489
0.00066489
0.00066489
0.00066489
0.00066489
0.00066489
0.00066489
0.00066489
0.00066489
0.00066489
0.00066489
0.00066489
0.00066489
0.00066489
0.00066489
0.00066489
0.00066489
0.00066489
0.00066489
0.00066489
0.00066489
0.00066489
0.00066489
0.00066489
0.00066489
0.00066489
0.00066489
0.00066489
0.00066489
0.00066489
0.00066489
0.00066489
0.00066489
0.00066489
0.00066489
0.00066489
0.00066489
0.00066489
0.00066489
0.00066489
0.00066489
0.00066489
0.00066489
0.00066489
0.00066489
0.00066489
0.00066489
0.00066489
0.00066489
0.00066489
0.00066489
0.00066489
0.00066489
0.00066489
0.00066489
0.00066489
0.00066489
0.00066489
0.00066489
0.00066489
0.00066489
0.00066489
0.00066489
0.00066489
0.00066489
0.00066489
0.00066489
0.00066489
0.00066489
0.00066489
0.00066489
0.00066489
0.00066489
0.00066489
0.00066489
0.00066489
0.00066489
0.00066489
0.00066489
0.00066489
0.00066489
0.00066489
0.00066489
0.00066489
0.00066489
0.00066489
0.00066489
0.00066489
0.00066489
0.00066489
0.00066489
0.00066489
0.00066489
0.00066489
0.00066489
0.00066489
0.00066489
0.00066489
0.00066489
0.00066489
0.00066489
0.00066489
0.00066489
0.00066489
0.00066489
0.00066489
0.00066489
0.00066489
0.00066489
0.00066489
0.00066489
0.00066489
0.00066489
0.00066489
0.00066489
0.00066489
0.00066489
0.00066489
0.00066489
0.00066489
0.00066489
0.00066489
0.00066489
0.00066489
0.00066489
0.00066489
0.00066489
0.00066489
0.00066489
0.00066489
0.00066489
0.00066489
0.00066489
0.00066489
0.00066489
0.00066489
0.00066489
0.00066489
0.00066489
0.00066489
0.00066489
0.00066489
0.00066489
0.00066489
0.00066489
0.00066489
0.00066489
0.00066489
0.00066489
0.00066489
0.00066489
0.00066489
0.00066489
0.00066489
0.00066489
0.00066489
0.00066489
0.00066489
0.00066489
0.00066489
0.00066489
0.00066489
0.00066489
0.00066489
0.00066489
0.00066489
0.00066489
0.00066489
0.00066489
0.00066489
0.00066489
0.00066489
0.00066489
0.00066489
0.00066489
0.00066489
0.00066489
0.00066489
0.00066489
0.00066489
0.00066489
0.00066489
0.00066489
0.00066489
0.00066489
0.00066489
0.00066489
0.00066489
0.00066489
0.00066489
0.00066489
0.00066489
0.00066489
0.00066489
0.00066489
0.00066489
0.00066489
0.00066489
0.00066489
0.00066489
0.00066489
0.00066489
0.00066489
0.00066489
0.00066489
0.00066489
0.00066489
0.00066489
0.00066489
0.00066489
0.00066489
0.00066489
0.00066489
0.00066489
0.00066489
0.00066489
0.00066489
0.00066489
0.00066489
0.00066489
0.00066489
0.00066489
0.00066489
0.00066489
0.00066489
0.00066489
0.00066489
0.00066489
0.00066489
0.00066489
0.00066489
0.00066489
0.00066489
0.00066489
0.00066489
0.00066489
0.00066489
0.00066489
0.00066489
0.00066489
0.00066489
0.00066489
0.00066489
0.00066489
0.00066489
0.00066489
0.00066489
0.00066489
0.00066489
0.00066489
0.00066489
0.00066489
0.00066489
0.00066489
0.00066489
0.00066489
0.00066489
0.00066489
0.00066489
0.00066489
0.00066489
0.00066489
0.00066489
0.00066489
0.00066489
0.00066489
0.00066489
0.00066489
0.00066489
0.00066489
0.00066489
0.00066489
0.00066489
0.00066489
0.00066489
0.00066489
0.00066489
0.00066489
0.00066489
0.00066489
0.00066489
0.00066489
0.00066489
0.00066489
0.00066489
0.00066489
0.00066489
0.00066489
0.00066489
0.00066489
0.00066489
0.00066489
0.00066489
0.00066489
0.00066489
0.00066489
0.00066489
0.00066489
0.00066489
0.00066489
0.00066489
0.00066489
0.00066489
0.00066489
0.00066489
0.00066489
0.00066489
0.00066489
0.00066489
0.00066489
0.00066489
0.00066489
0.00066489
