251
408
250
345
231
208
30
77
302
501
95
425
270
433
210
76
84
375
290
444
411
344
294
394
341
462
335
486
306
75
183
449
403
182
178
459
334
463
155
72
494
310
292
120
199
217
337
65
185
350
351
315
359
419
162
31
424
260
241
163
369
160
176
3
28
101
146
278
303
307
164
422
293
323
106
329
488
447
8
410
354
266
384
145
147
361
317
132
133
386
111
440
437
258
259
406
331
390
265
296
152
450
226
227
53
415
33
109
236
38
220
122
148
458
357
225
232
202
172
364
186
479
201
476
277
254
456
102
401
466
445
492
112
233
20
282
362
256
