505
889
481
1064
6
1104
917
601
45
1051
709
717
420
765
401
327
212
951
567
545
102
1033
195
1016
1052
482
772
788
791
556
147
130
907
975
112
436
279
398
899
471
673
516
239
773
291
949
1066
1122
41
976
44
560
457
1018
603
700
411
283
497
111
864
329
861
806
27
109
193
450
964
18
177
118
693
344
265
88
332
802
139
26
1057
847
392
1035
1106
527
1060
1000
433
1076
394
1034
574
585
1130
494
927
854
24
761
69
413
422
943
946
160
87
1025
849
524
68
263
223
303
551
1093
51
174
243
894
82
286
264
255
690
89
251
479
714
213
115
748
808
759
307
571
570
884
74
1024
726
488
86
877
575
572
564
947
360
939
49
533
529
925
261
919
901
67
70
845
838
77
421
435
437
1022
107
751
304
301
300
752
588
738
205
292
504
103
548
1045
138
284
1070
1078
1081
163
308
262
242
631
774
1102
1101
258
618
483
491
492
447
21
277
641
371
298
952
269
552
928
557
565
779
341
629
340
627
626
180
625
1019
929
349
728
166
542
930
729
535
172
171
931
695
753
994
992
226
749
750
229
231
233
237
831
162
531
1043
244
66
646
725
922
722
1
314
337
386
385
878
377
133
376
374
136
370
369
562
569
184
747
358
361
755
935
713
496
786
1127
1113
659
211
214
218
549
981
739
972
969
156
712
525
38
201
30
404
406
407
832
148
321
916
912
294
296
305
306
310
892
885
336
610
581
391
453
451
963
1068
1069
449
444
710
825
763
95
918
276
282
1004
578
288
441
99
644
592
1080
942
199
663
200
804
396
656
187
466
862
465
637
639
402
662
33
34
35
590
196
1099
998
39
1001
706
954
418
52
801
869
104
410
20
794
911
615
238
577
771
1011
743
675
197
823
826
891
790
161
206
511
