3817
866
1191
2616
3608
2815
3917
2568
2346
3377
3423
2026
871
2454
3740
2482
1740
2121
1652
4089
1416
4111
3518
927
3868
1339
3800
3074
4026
1980
2922
295
3024
4065
732
985
3632
3121
2667
4033
3014
3799
3885
536
2327
686
3552
796
3697
2838
3690
1794
4157
2681
4023
3870
3256
1450
1356
1210
2029
3245
3318
817
455
646
1201
1047
803
959
3775
368
3767
3745
4010
1887
2708
2958
3261
3852
2497
1987
3772
2465
3433
3694
1571
2978
3516
2134
4006
3475
3418
3916
3770
3337
4102
810
924
3127
3288
3247
2796
3238
3218
2909
1452
1895
1397
2604
3978
1839
2563
4051
3735
2710
3533
3995
2573
4121
4013
3683
3317
3785
3839
4079
3760
2956
3639
999
2000
4098
4034
2431
1373
3811
758
3350
2049
2441
382
1319
1812
2771
2027
1631
2942
1230
2862
3287
3062
2872
3910
1365
1888
4109
3965
2358
1308
3672
2866
2752
438
3330
3122
1607
2648
1116
737
3798
3621
3240
3674
3966
3363
3835
3259
3229
3239
4087
3979
4133
3032
3420
2938
1820
2606
1859
2900
1813
1476
1315
3022
3064
2502
1956
1202
3940
725
3524
1311
4130
1360
6
1393
4054
4058
1597
3974
2268
3709
3643
1952
3813
3173
1020
2896
1504
4020
3336
3738
1737
4008
2985
4103
512
2062
2564
2478
4064
1287
3819
787
3999
4082
1656
3998
2500
2789
2165
3889
4144
3997
3485
2444
2961
2345
1603
2799
957
3970
3016
3626
1226
3877
1292
2021
1296
2920
2865
436
673
431
3703
3292
2658
2138
3366
3083
2972
3795
4164
3618
1325
3540
2174
3729
2806
3759
1142
3781
64
3574
2853
3260
1990
2598
2397
1716
2893
2680
2931
4138
2632
3526
4062
3440
1246
3862
3983
3351
3025
2898
1854
1698
4131
3661
3471
2357
2270
1967
1225
1288
3717
3203
3065
3275
3844
4117
1253
4007
377
2332
2337
3592
3905
3855
3636
3865
4030
3942
647
947
2329
3476
2560
1780
4
3655
4108
3502
2004
853
2745
2088
101
1304
2659
1867
2991
3607
421
921
2662
3463
1349
388
1532
3044
2218
2529
3906
4086
2539
4088
2695
1595
3858
3045
389
913
1816
3406
1083
2652
2001
1221
976
434
1682
1166
1891
3519
1060
3389
2289
965
4114
4066
2775
2396
2468
578
1988
1766
2602
4095
3184
2679
982
2164
780
3884
3872
3461
3971
3430
3678
3334
2101
1323
1114
4056
3991
1498
3033
3499
2467
531
1612
1223
2162
1788
3597
2766
2019
3711
3001
3504
2335
1286
3268
374
3079
2650
1756
1693
2764
848
3053
1464
4128
3710
3414
3306
1643
3578
3677
2310
973
1321
1113
433
1611
3766
47
3810
1689
2053
3529
4049
2852
2544
4160
3415
2013
1376
226
2605
4017
1101
2953
2194
2486
2380
1725
2756
2792
2859
207
3080
2611
3929
2724
3390
1422
3920
3761
3908
1810
3048
746
2591
3521
2682
1277
4139
499
1574
1730
82
2259
405
4022
1821
4159
1981
1599
3954
1075
2967
1443
2974
1994
4009
3302
3679
333
1174
3640
1386
2221
3992
602
208
3728
1283
2198
1027
2363
2932
1950
1915
3212
1573
2966
850
2686
3900
2494
4037
3962
2209
1400
385
3231
2676
3082
3831
3479
1942
4046
2366
552
2589
3176
2298
3614
1072
2608
2731
3773
818
4047
1692
3637
3822
3698
2884
1578
3466
2127
891
1485
2132
2895
1084
1565
3103
3541
2459
2430
3528
1683
2946
2903
3303
3113
3208
2002
768
3106
3899
3354
3849
2437
1811
3124
1959
3695
2984
3506
2726
2712
2858
936
2918
3052
3821
3912
3911
3531
2452
3864
1940
1684
2850
2083
3752
2643
2061
887
3201
3823
2323
3307
2359
3967
4162
2261
3726
3133
3434
3403
1144
1883
3845
3300
2968
2836
3628
2233
458
2723
2702
2692
3656
3976
2948
3339
4071
3097
3195
2576
2587
3246
3948
3269
1579
4115
3990
3837
3987
3957
665
2793
1235
4039
3474
814
58
2118
3183
1751
1691
2055
3101
2185
484
1596
3442
2195
2291
3904
1635
3493
4015
3096
1819
1787
1176
3590
2601
471
2613
1479
3846
3100
2409
2737
3556
670
1216
2952
3049
2211
600
2594
2607
3207
3602
2128
3930
3667
1204
378
1092
3056
2910
1797
3949
2518
2096
2136
2039
2699
2395
3328
3538
1778
3137
2988
1831
920
1492
4016
2201
2542
1217
3754
4163
2741
3969
3441
3517
2351
3952
2317
1803
1965
2450
1937
1869
2746
3606
3277
4161
3579
1029
3573
2729
2999
3833
3410
1280
3107
2561
1240
3702
3598
3116
4025
3986
1753
3922
1444
2154
3057
3296
2318
4073
1657
337
907
3564
3663
313
1410
2463
2787
723
3299
3226
2191
2376
3244
4045
4119
3371
3255
2548
3126
2142
3944
2035
3838
2353
2171
3924
2673
2229
2803
2879
3972
3478
1795
3274
2216
3719
3059
103
1118
896
1808
2983
1847
2906
3750
2975
1871
3285
3829
3094
2908
3028
972
380
2878
3503
3512
2672
1432
709
3068
2688
2599
1970
1542
3383
3450
1379
2458
3847
1734
786
3699
1921
2933
2426
3803
4101
3386
2693
1462
3039
2995
1718
1947
2623
3757
3624
3110
3281
1385
1646
3876
3722
106
2888
1954
1978
3994
3782
2286
1714
1562
722
3507
3091
3165
1449
2631
3131
3854
3989
1676
2635
3381
3437
4107
4063
288
2889
3546
3720
3874
2513
2391
2907
1537
107
2546
3472
4120
1248
2412
3470
708
3087
3342
2342
2557
3946
2579
2488
2405
1982
3294
2160
3376
3075
2126
4093
2421
3604
3605
1433
3806
364
2581
1715
1772
2006
3188
4000
1468
3021
1943
3143
3396
1880
2846
3104
2044
2629
698
2837
2892
4050
1474
2388
1761
2256
3744
2301
2292
3730
2167
3312
3151
2822
2805
3684
2577
77
1850
3804
2093
1095
1326
3665
2432
3020
3982
2082
2772
1849
3162
2476
2299
2556
31
2271
738
857
2092
1351
2823
3015
2653
3458
3224
3483
2305
2751
3515
1594
2590
1946
961
3557
513
3713
2553
2773
3701
2374
2199
4127
2507
2005
1752
3487
302
3332
1440
3359
2056
1508
2384
807
785
2382
2225
3060
1800
3409
1697
3664
3988
716
3090
3109
1717
90
2694
3037
1721
1996
562
3780
2284
2364
2037
1690
1154
2236
3570
1139
1054
3427
821
2559
3544
3257
3156
542
303
3561
2461
3480
3758
3009
3959
694
3422
3937
3272
1781
2954
1405
2189
3265
1126
4048
1893
3505
1380
1329
1533
2736
3405
3549
1651
3322
3042
3880
2571
3523
4011
3301
3155
3873
3136
3154
118
3771
3926
523
3011
1429
2812
3291
3163
3736
4081
282
2705
2422
2716
1196
137
628
3135
3587
2130
2532
3763
263
3063
3776
3436
3682
3960
3387
2246
2642
3645
3249
4134
4100
4078
2090
975
4074
3251
1520
2089
3112
529
3167
2533
1335
2753
74
3871
1137
3273
1564
3223
3733
1529
2418
365
4156
2784
2287
3620
3270
3254
3961
1852
350
2424
3393
4091
2989
2868
3394
3977
3034
1392
2265
1535
663
349
1979
2960
1521
3248
2
2700
530
3765
1199
2352
3043
2226
1350
1963
4052
1265
2734
1625
1157
1993
2163
2698
1728
3786
764
655
1489
1627
1866
2525
1112
2173
636
2626
1463
2821
2758
3289
4027
825
2534
2356
2649
1806
791
1490
1158
1159
1398
2610
3217
3038
2625
1120
1409
2081
1151
3002
1986
3630
4014
2389
1471
1918
851
3928
3931
3732
2645
3883
1569
1302
2113
317
1208
1123
63
3465
2977
22
2123
2644
3170
3421
2965
1975
1919
2008
1964
611
876
1425
2800
2150
3459
3675
2203
1925
3411
3553
1085
1447
199
688
4041
285
3824
1006
3202
312
3384
946
2157
2834
1620
2341
2215
888
3439
4092
2434
1527
1303
2612
3168
2519
2017
2804
612
3907
3796
2210
969
671
2078
2873
3329
3513
3190
3662
3850
3649
2235
2072
565
2814
736
1671
808
3826
3457
4057
3984
4024
2936
2280
3892
2701
2108
2311
2321
3286
3797
3489
1759
979
1696
3445
2032
3859
4122
2239
3262
2490
3293
2743
3599
3668
3429
4075
3174
1736
1745
4044
2794
3084
3179
2455
3290
1801
2446
3568
3092
2885
3496
3860
4061
2558
3040
3340
300
3357
4116
2428
3691
4142
2207
461
1681
3584
4053
264
2795
3078
3818
2955
4090
2508
2306
3128
3704
3567
4094
3851
3327
2238
2934
3216
4135
3753
1922
1708
3832
4002
3629
3511
2425
3500
2514
2333
173
3241
3432
3696
1473
3267
1678
2578
3395
974
112
2618
2586
742
1920
2285
4001
4097
3123
466
4069
4151
1536
1861
3473
2669
4038
2192
3600
3197
2754
2755
2204
4005
3313
3689
3941
3365
2841
2584
922
2273
2869
3601
3951
4143
3263
2790
1074
3828
1832
3644
4123
1519
2520
3993
3627
1378
4154
3144
4067
3840
4035
752
1727
2810
2768
1630
3577
2825
3333
1228
4099
1399
4126
462
1071
501
3375
3139
482
2711
724
360
1672
1559
2833
1748
3335
1012
1722
3036
2059
2979
1720
1640
167
2545
816
2780
3532
1885
1829
1300
2309
783
1833
1583
3258
3830
3963
3230
3145
3242
3066
3657
4112
4104
2636
2718
3077
2944
3198
2119
3378
3792
1900
2848
3638
3676
4155
3355
3712
2847
1524
3812
1754
644
3542
3019
3572
3514
3284
3069
827
2377
2911
3725
3737
2614
2496
2492
1782
3324
964
3903
2786
2293
3089
619
642
2148
1243
4068
2223
3548
3213
3688
1082
3449
1962
3311
3727
831
3214
1743
2371
2294
2785
2316
1032
1783
1969
3680
3088
3266
3205
2254
2283
3585
3613
3484
2274
3199
2902
2797
1927
2816
3866
2982
3896
3790
2232
3115
2949
2537
3863
1420
3693
3898
3808
37
1514
3895
3035
890
3132
2665
1868
154
1512
3308
3358
84
2034
3426
1383
1340
1268
3562
2574
2307
3985
4060
2881
3194
2313
2111
1992
3588
2228
1770
3150
1161
3346
3148
1840
908
3425
2930
3041
3545
231
2781
1675
2112
2314
1324
2575
83
1713
720
717
597
3413
1510
3073
3182
34
3747
3654
1843
1758
3566
3955
2328
2867
588
1043
1989
2677
3594
2897
3805
2435
138
370
2440
3751
2041
3314
4019
3453
2095
3416
3490
1503
1033
2040
2439
3161
3452
2094
2640
2973
1162
2883
794
3789
1445
3345
2176
2413
3857
1705
3769
3919
3401
3583
3933
3939
2670
3669
2505
2349
2980
2411
3610
3814
3932
4145
1354
3779
3305
3558
4149
2220
3802
1180
1837
2410
1602
3653
1793
3494
2849
2506
3550
3794
2186
2107
577
2493
3861
4070
4125
3046
2277
2152
3660
2552
4040
3555
3582
3232
3650
3843
1330
3716
2891
1628
3298
2565
3915
3642
3050
2477
3909
3374
2820
4029
3641
909
2456
3117
3171
878
3353
905
4077
1828
4141
2129
4059
3000
3149
2296
4129
3793
3271
3853
3705
3724
3801
3140
1779
2996
2709
713
1906
2266
2399
2521
3325
3047
3890
222
2485
4096
356
645
1827
893
223
3304
3368
1591
2964
843
1451
3755
4146
2765
3160
1419
3018
3827
3809
3492
2445
1870
1908
2288
1251
1333
1815
4085
2776
3715
3385
3596
1834
2099
3370
1011
1390
2474
1472
3392
2551
3369
2217
2777
2375
3670
149
1835
910
3067
3341
2334
2202
1951
3718
1858
2322
2740
1961
3681
1663
1173
4113
3402
443
3323
4137
3469
2290
4072
2943
3081
3593
3700
4124
1723
1632
852
3648
2857
2531
3497
3010
2110
3456
3581
2453
2549
1984
3894
1056
952
1703
3633
2840
1939
3921
2929
4148
3968
3227
2637
3283
3105
3647
4118
3708
3070
1046
3947
1215
3447
2684
2593
2832
2045
2156
1668
2526
3707
2003
109
3685
2449
1014
1124
657
2783
1344
3714
2146
1791
2487
2924
3913
1125
2940
3482
3527
3455
2998
3980
2365
1842
3902
2880
3743
3006
1997
3235
2774
3196
1916
2355
2263
3953
4021
1431
3102
3419
4003
3219
4018
2369
2925
2877
1436
1249
3996
3559
3666
3560
4004
1735
3443
4140
2727
3646
3617
3742
3520
3739
3886
3571
3834
2079
4153
1165
2403
3093
2890
2619
3923
2251
3762
3408
2491
3756
3938
3748
2842
3388
4032
2392
3791
3250
617
1747
2657
3186
1664
2722
621
3310
299
1621
3535
3950
1127
561
3027
3836
3460
1618
194
3367
2527
3901
2818
2370
1700
3147
3879
2628
3379
570
2802
4083
3721
3783
2257
540
2419
2963
2739
651
1438
1732
3749
3026
2347
2769
3536
1128
1312
2212
3017
3945
769
3658
3320
2720
3451
2863
711
1541
423
3319
3887
1016
3114
606
2106
3692
114
2748
3005
4158
2275
3856
2530
2860
2295
3807
3431
3243
2348
2747
2105
115
605
2926
934
1387
1857
3569
2473
1297
3382
3825
2073
2480
1614
3706
1960
1804
2512
1188
3878
3918
2638
2945
691
3008
3076
632
3547
3400
2393
3634
625
463
2690
1884
3784
3815
4031
3362
775
2917
341
196
3178
860
1809
3589
2947
1088
730
2344
3157
3498
430
4150
1145
2080
3925
2051
1441
2634
1877
3108
3927
3893
2894
3788
1274
2654
3522
3891
2749
3841
3486
3029
1258
3279
2870
1991
427
2935
2819
2770
2438
1999
2140
1822
3023
2343
4152
4043
3631
616
2624
4106
1309
4105
2719
2732
3764
3565
4055
3576
2379
3958
877
3956
1179
3964
1998
2023
3206
3295
3058
1160
3129
2030
2767
1261
3635
2159
2641
16
1570
1313
997
2451
1567
1636
1838
3282
2801
3734
2562
1317
1407
3007
483
487
3187
3352
2828
882
2097
2427
3687
3897
1934
1580
2666
3276
3211
633
2010
3237
3344
86
4076
268
2647
2923
2855
3356
3934
1406
87
1414
1318
1523
1266
996
3180
3297
1382
3428
1557
2541
3099
2992
217
1851
3380
3166
1401
3881
788
3454
400
1232
2243
2183
1619
1855
244
916
3221
1771
756
3882
3481
3177
3625
917
1227
3233
2031
1368
2161
3936
2141
3551
1343
563
3234
1058
2757
2886
1526
17
265
2714
2075
2471
1377
2921
3348
1818
2048
1081
9
1789
3172
2928
2987
2252
3215
3534
3280
2230
2149
1262
1525
2501
3364
3189
1093
1437
2166
743
13
2339
2338
967
3787
2012
2808
2237
3446
3398
3537
4036
329
1522
328
2807
3848
3098
968
2875
3191
1655
1654
2874
2372
2373
3181
1633
1634
4110
1744
2567
2969
2566
2970
1375
1566
744
1516
1901
668
1935
1110
586
683
2262
819
1977
1412
2882
1653
863
409
987
2633
760
339
1050
3373
2234
719
2086
2281
1381
2639
2184
383
2543
2730
2570
3338
3153
1494
2959
1245
2402
2950
3659
441
2390
685
3981
3225
2350
2515
1775
2250
2462
2851
1917
3731
2499
3777
3372
3236
2498
3586
1465
2509
1933
1936
3013
2495
930
2033
1408
1140
1334
1109
2417
1622
2241
648
2941
200
334
1077
3142
2057
533
1601
662
3435
532
2844
1814
2585
1546
1669
1896
2114
2385
1358
981
1348
2015
1923
3210
945
2678
1768
2460
2798
1674
2125
828
3397
29
1212
1111
1299
1121
1260
397
1860
3085
1362
555
1254
28
765
1738
556
2258
1417
2143
178
666
1724
1168
2735
318
894
2135
2592
2464
1042
1749
1904
2447
2312
1926
1733
2084
3072
1008
652
24
1912
1413
3051
1119
2826
838
1515
2227
1069
3030
269
993
2824
2904
2336
189
1585
3055
500
1052
2572
1666
1576
2116
2242
3031
2728
1388
3543
1644
1853
575
757
571
1874
411
435
2320
437
1320
592
3185
3152
1045
21
2279
2622
2367
1750
937
2196
1455
1659
731
2697
3326
3316
2433
1688
1458
510
3491
1739
2466
1543
661
234
2117
1454
2861
2706
1477
2674
1547
989
1577
2759
604
1244
1148
1776
3741
3146
1706
1890
3444
3671
3120
2994
653
56
3820
2887
1135
3061
1593
2689
740
1341
159
553
1132
2068
2206
1530
1396
3086
521
2169
1929
1587
684
1327
2071
584
3361
865
3138
2408
1914
2104
480
2547
3407
1039
901
844
2224
3252
1019
2839
1294
2809
1499
2615
522
320
1106
1685
2264
507
1044
1892
1604
1589
3612
2240
362
2102
1146
2014
3309
3012
699
1028
2047
2208
1913
2109
524
3228
3118
2070
2782
1974
459
408
2340
615
1894
2325
2583
3488
257
1742
759
546
3071
2188
1061
3438
2124
1150
1802
931
2555
1680
3220
559
2483
2249
2761
3193
2854
1876
3477
1094
1592
2630
2569
3575
904
2401
2511
2423
2489
1415
2831
416
829
401
2843
2871
1031
1898
928
622
2058
1181
1649
1418
2971
3349
1353
1560
1295
2028
2993
2472
677
3204
1185
68
679
960
1511
2535
3468
1507
1878
1000
2668
2368
919
2042
2691
2596
2282
65
2813
3391
2621
1442
1264
2144
2222
1233
2762
2830
715
2763
50
912
2914
3495
1495
2213
1478
801
278
2899
1763
2326
351
128
2115
1371
2300
1242
1169
1932
76
2205
371
1790
1163
2016
1824
1545
2627
1549
1090
2721
3134
1606
1777
1087
2876
493
2703
721
492
2901
3347
1902
1773
249
948
2103
1558
1531
1022
2063
1879
2253
472
1955
2913
119
2951
2588
2155
3467
277
1552
2696
1710
1257
2661
690
2603
2131
1186
3054
2817
3130
1875
1205
3448
872
2319
797
1911
1694
3611
638
2219
1639
2429
956
2479
1290
2600
3412
395
239
1291
895
3343
846
703
650
1211
323
332
338
2087
1483
2523
2151
153
2905
1282
2145
2414
1062
2077
359
2442
2919
1493
847
702
1910
1038
2448
942
1316
170
963
745
1662
1762
3525
3508
2404
271
1065
2597
1207
1263
80
1255
1863
1953
100
849
311
410
2916
3321
447
3003
1957
1972
1930
815
2516
5
861
1278
705
1502
2400
413
943
1053
319
93
2420
2179
1491
784
1769
1372
301
1404
276
2595
751
1197
1687
1068
1774
1049
971
898
414
1453
2387
1089
1051
1192
1764
246
1305
1588
1719
3095
1198
1164
2120
1391
266
1709
2536
1897
1178
182
771
2469
1273
1881
955
2036
144
637
1660
1108
152
2835
1067
2707
1650
1332
92
1924
2147
2046
789
1856
1626
958
1250
3264
478
2170
1487
1513
994
2187
2066
11
1147
609
906
262
2267
2742
1968
3591
19
1017
966
1864
49
1985
3723
1534
1553
1882
623
308
781
1798
2779
950
511
1481
701
179
874
3278
162
1184
1661
1590
1189
2050
593
1757
710
498
161
2022
25
2297
954
566
1187
1460
1423
802
426
1337
1456
1346
358
1712
1105
2651
2247
918
2181
1403
180
733
2302
1667
2272
439
1359
564
1247
2303
1825
1555
384
939
1796
304
1025
1944
695
660
1070
2361
343
1272
23
460
1785
515
1572
2024
3125
2153
1193
204
184
1501
630
1616
2383
2231
2957
2550
1677
1872
2504
2025
1648
211
2522
1647
1222
1886
748
806
839
2538
804
126
175
1307
992
10
868
2620
1459
2009
1055
823
428
1830
322
1469
1563
2193
639
1206
656
932
1457
1482
772
345
1615
2937
1219
1699
1035
2100
1310
706
1941
158
1958
1704
1276
1279
2738
1421
704
2760
1755
1582
2554
1374
1544
2011
1076
2436
342
707
1195
2308
1336
676
1695
134
538
697
1155
1497
2398
1496
864
2683
1480
2020
1234
1256
727
640
2475
297
944
2133
2180
2617
1293
1182
2354
169
2725
543
243
3119
406
197
608
245
1026
2528
1638
1509
2177
1817
1551
1506
2122
941
1836
1613
2067
680
1862
490
2524
1357
1097
2443
2415
2168
3209
545
1175
1066
1765
2517
886
2260
1786
1446
2052
2990
1799
2060
1807
826
81
2939
1846
1907
1021
314
1190
1177
1220
1467
674
315
1122
899
799
1561
1209
54
988
779
2178
2076
1171
978
795
583
1236
3111
892
1844
580
1172
2330
3360
1841
1424
1156
1679
2827
2248
2381
935
1259
682
590
479
181
2671
755
148
1345
1707
718
2085
393
464
767
2470
897
1702
2715
1237
991
418
1355
376
1556
885
1608
2656
610
2255
1637
225
940
1342
2139
990
258
230
102
834
192
914
326
1214
2845
929
1411
1034
1550
3164
1141
2663
951
618
1015
2675
2386
2018
867
1238
481
164
214
544
2331
485
798
1658
693
2503
572
1402
855
506
171
595
873
32
316
805
470
1928
678
750
30
1767
1538
2788
2912
88
1306
284
2137
1064
824
1048
1389
96
392
596
475
260
2704
2324
911
1136
714
1905
1426
1903
72
1130
1899
1971
1805
2733
889
728
841
1281
219
210
1040
495
212
1036
476
631
1138
1966
3253
1370
777
1129
1134
1099
1670
99
601
1845
607
1584
669
1889
629
1686
1041
130
603
833
206
1361
983
202
432
1873
453
1624
1605
854
1352
1701
1009
123
379
949
1384
548
770
573
444
1103
1229
1270
2481
550
1394
735
664
1267
2245
1475
1115
2007
1395
2172
136
574
488
336
1484
2394
1528
133
1641
537
1586
766
1784
2182
176
782
2744
95
1369
1078
122
1826
547
1271
1466
1461
1949
287
1107
1568
557
1367
923
1364
2580
953
45
1023
1366
1013
1746
394
884
1673
127
42
836
1434
1328
589
2360
270
520
1439
85
1167
1488
273
984
591
218
514
1284
424
59
800
391
534
1726
1200
2158
1322
1909
1002
915
309
1435
298
811
2043
190
452
1231
396
469
649
259
163
614
135
1213
289
2069
1100
177
324
43
654
762
1104
729
497
1486
1848
1729
327
726
1983
986
1298
1004
293
1331
1183
1073
1598
1133
739
227
2197
1057
558
568
1427
1629
446
2276
281
700
2244
832
879
325
505
840
240
837
275
835
1973
26
335
442
468
1098
496
186
188
140
776
2655
307
2091
1001
1005
2406
1581
2200
582
305
233
2064
1548
830
1539
474
1194
224
2416
241
1096
747
995
242
267
675
1865
110
859
1609
145
113
1079
1617
429
962
73
1517
624
407
778
1252
454
812
422
875
361
1430
252
658
185
353
809
1931
712
1010
626
1575
1149
2609
598
357
1241
1741
2175
1
1760
1554
925
1938
842
822
465
1080
519
667
467
330
111
774
238
2074
1500
120
560
870
516
1203
2190
147
48
672
1338
1275
398
1642
8
1347
539
1540
403
1995
201
1470
235
503
440
237
402
1363
457
220
933
331
856
420
294
0
381
366
57
793
12
146
754
627
35
1003
51
581
620
1030
141
1518
1823
2915
286
1285
69
594
117
634
902
1711
903
813
977
261
1301
46
121
862
417
280
279
70
247
156
39
489
535
517
250
1091
845
1143
347
160
290
1131
1610
659
528
373
125
386
354
215
1018
213
687
1731
363
168
450
753
404
1170
938
221
1665
900
613
41
477
272
38
355
1059
635
15
549
283
504
425
491
585
509
205
1976
1024
569
306
143
518
27
1007
79
344
763
67
1218
166
274
525
255
741
18
734
681
1289
980
473
494
643
292
78
174
352
256
142
52
165
195
1063
229
251
579
486
551
883
89
254
1152
216
390
1117
139
587
228
1086
7
567
526
761
1102
508
193
399
445
14
749
541
449
576
869
36
321
55
451
790
60
689
773
191
108
131
155
412
692
248
20
792
291
71
387
40
696
183
104
116
105
880
150
641
3
527
375
456
203
419
348
1239
970
346
132
1505
1037
33
253
53
151
554
62
448
1792
998
340
187
97
129
310
66
232
236
502
124
372
91
926
599
157
1428
172
61
44
98
94
