2751
1946
857
1432
295
2865
2013
2372
3181
3783
1633
2808
2828
967
1522
3595
882
2967
2339
370
2969
3615
2237
368
1655
1375
3403
2874
3536
208
617
2055
3581
3191
3446
2215
1014
3454
3881
3817
87
4036
2960
2877
2566
6
2647
2777
1947
3608
2815
3917
2847
2855
1191
866
2485
2616
2568
2346
871
2026
3377
3934
2770
2037
1535
3740
1360
4089
1740
2438
1339
605
2454
2482
3423
3288
934
3212
1406
3490
961
2257
737
1652
817
455
4065
4026
3074
3356
2935
2667
1416
3014
602
2083
3024
3885
3799
3690
2838
1565
2121
3518
927
4033
1747
1980
2922
1794
2958
3697
2771
2942
2027
1631
3868
2327
686
3800
4111
536
1732
796
1571
2819
3552
2471
2681
3870
3256
803
115
985
732
3632
2497
1387
2347
1532
3772
2465
3121
3245
2708
1521
1047
3767
959
2049
2310
1450
3916
3418
2105
4010
3770
2956
3760
4079
646
1201
1490
2081
2191
3238
3218
2796
2909
1230
4157
3261
3852
2792
400
1436
1821
1356
3317
4
3026
3475
1887
3318
1343
4109
3250
3694
3433
4102
1987
4023
3672
924
2029
3965
3735
2710
2358
2978
2432
3745
1210
2652
1397
2604
4006
1308
4051
3811
1373
1438
3775
1081
2747
3406
1083
1816
1895
1452
2563
1839
3127
1319
1812
3247
780
3749
288
1377
3794
3022
1315
3639
999
3533
1937
1058
4034
4098
4144
2165
2789
3889
3353
3997
3122
3516
2134
2424
484
1596
2097
2752
810
3839
1689
2053
3810
4121
4013
2573
600
3064
2502
3621
3240
3641
4007
1253
4117
2872
3062
2862
3910
3287
3978
2431
3785
1116
2648
3456
2164
3337
1940
3065
2985
4103
2256
2000
1268
2500
3998
2695
4086
1595
2539
4088
1656
3999
4082
3995
1788
3281
3683
1603
3970
2799
957
2345
3512
382
1813
2680
2931
2893
4138
2598
1716
2559
1996
562
3330
3350
821
1888
3954
3901
3798
4131
1698
1859
3269
31
4058
1597
3974
3862
1246
3440
4087
2441
2458
1766
578
4095
1988
3184
2602
3717
3203
4054
3037
3835
3363
3674
3229
3259
3966
1956
4062
3526
317
1691
3643
2001
3940
3463
725
1202
223
3597
2766
2606
3979
2938
3032
4133
1820
3420
2594
3400
2658
3292
4115
3837
3990
1713
1835
2557
2910
2174
3359
3729
2746
1730
2268
2329
3476
1349
2101
1323
2783
2908
3813
2925
3275
3844
3738
1761
1847
2335
3079
1756
3268
2650
374
1286
3504
3001
2866
1287
512
2478
2062
787
3819
4064
2564
2421
2259
405
4114
4066
1124
2194
2953
1978
1915
4037
1950
3962
2686
3900
2494
3709
657
2605
1101
3226
226
4017
1277
4139
3499
3033
1827
2021
3173
3865
3636
4030
1462
3618
1060
2289
3389
1891
3519
4164
3083
3366
2972
3795
3540
1474
2599
1226
3626
3877
3016
4008
1737
2900
3056
2426
3665
3025
2920
3383
3060
1751
3963
3230
2449
3637
3822
2698
1921
1869
2132
1476
2896
1504
1020
4020
2388
3048
3521
746
2476
3367
531
2764
848
4130
758
2094
3452
3485
1526
2127
3466
82
3005
3282
3224
2444
3503
1311
3905
3855
3483
1718
785
3541
2459
2410
1837
3480
207
2859
1952
3906
2450
2359
2323
3307
1508
2964
3574
2853
3260
982
2679
764
2092
887
3201
3823
2061
2884
4120
1970
1562
3239
3332
302
807
1752
3487
1142
2672
3587
2126
1139
673
3471
3920
3929
3080
3908
1810
3761
1422
2611
2724
3390
2850
2198
1283
3010
2880
3529
4049
3415
4160
2852
2544
3699
47
3766
2961
1981
2418
2745
853
2004
3607
4108
421
2991
3502
1385
1682
2659
1867
2662
1304
2088
921
101
3703
1627
3470
1296
818
1942
3614
4046
4047
3176
3773
552
2731
2608
2589
2366
2298
1072
2313
3872
3461
3971
3430
2846
1982
3531
3911
2726
2858
936
3864
2918
2314
3994
2452
2712
3052
3912
3821
3369
2676
385
3231
3479
3831
3082
1400
1715
3208
768
3124
2384
2002
1811
3106
1959
3899
3354
3849
2437
2966
1464
3578
3306
1643
4128
3677
3710
3414
1537
2468
2396
2110
2496
3161
2439
3983
2486
1204
2694
1386
3640
1692
3557
2461
4162
3967
3458
1967
1292
1379
2337
2546
3096
4015
2286
2560
499
3655
2983
337
3057
2463
3564
2787
313
3296
907
4073
3663
1410
1657
3913
2044
2898
3291
3104
2892
698
2837
4050
2629
3020
2860
2879
3478
3972
4071
3097
2576
3628
458
3948
2836
3195
2723
2702
2948
2233
2587
3246
3976
3656
3339
2692
3145
4011
3873
3155
3301
3523
3091
3165
1449
3131
2631
3507
3759
2010
3711
1721
1529
2610
1723
3698
3653
3605
2307
1498
2375
3351
2030
4039
2793
1235
2118
58
3183
3474
814
356
3942
3758
463
1854
1797
3949
2506
2332
3781
3904
2291
3858
3982
3517
1492
3782
303
523
3952
3441
4163
2542
4016
2201
2741
3754
2351
3969
3088
2577
3684
2806
3624
3075
3374
1954
3763
3068
2688
709
2246
2270
708
2305
3957
3987
2785
1990
1329
1468
3255
2171
3126
2035
2142
3838
1607
3944
2548
4119
3371
4045
3924
3244
3515
2299
4029
1409
1533
1217
1180
2096
2136
2699
3137
2395
3538
2039
3328
1778
2952
3049
2820
2632
2571
2382
964
3752
3044
1479
3116
3579
3598
3410
4025
3277
3107
1440
965
2653
3015
2072
565
3744
3833
1240
1280
3702
2561
3573
2999
1753
1029
3986
4161
2729
3720
3728
2430
3011
1714
1444
3922
2154
513
3802
3695
2932
1326
1288
1221
1994
3043
3930
3667
1225
2128
3602
1870
1993
2199
3289
2878
380
786
1734
1176
1697
3409
2467
1074
3951
4067
3828
4123
2790
4143
3601
3993
1378
3644
3840
3627
3263
2520
4154
1832
3144
1519
3730
2167
3151
3312
3270
3961
3254
1852
2265
2218
3036
2758
3273
2626
2562
2736
2591
2767
1524
1883
3845
3505
2814
3437
2885
1979
2412
3352
3780
482
1580
655
1032
1690
947
1433
2711
2123
3661
2507
3223
2756
2582
3796
2119
1429
1199
2352
2226
90
1668
483
3427
920
2642
3634
3069
1095
3163
1693
628
2261
2301
3302
1880
2006
3396
3143
1174
4107
4063
1651
3042
3322
1503
3600
2669
2754
3197
466
3689
3941
4151
4038
4005
2192
3473
1536
4097
3313
3365
3395
1861
4001
2204
4069
3123
3162
1991
3136
282
1033
2575
1443
2112
3991
3804
2093
3113
83
3109
716
1717
3090
3300
2130
1569
3883
2645
3732
3928
3931
3701
2553
3713
2773
1871
3285
3892
1801
4024
2280
3797
3824
74
979
3568
2316
3262
1696
3293
2239
3599
2701
2794
3084
3668
3859
1736
1745
1759
4057
2108
3286
4122
2490
3174
3179
2032
4075
4044
1618
3290
3429
2936
2446
3984
3489
3457
2743
2455
3217
3750
2906
2795
2005
3150
2781
2228
1770
2930
908
231
3425
3041
3545
1161
1840
3148
1675
720
3588
3346
2434
3439
888
4092
1527
3381
831
2821
1463
3584
2988
2979
1720
2371
1743
2294
1728
1578
3592
3829
3110
3094
1908
3546
597
3038
1151
1640
3678
2529
4022
2800
825
2356
4027
1806
2534
2649
2363
3860
2217
588
2897
3955
3747
2677
34
2328
1843
3594
2867
1043
3566
3654
1989
22
3459
2019
3214
1833
2612
913
3590
2216
1208
3434
3188
4053
2818
2508
3818
4090
3812
3606
4159
2306
4056
3194
4142
2428
4116
3691
3154
3771
118
3712
3334
1321
3053
1162
2832
3128
2397
3992
2333
3884
1123
808
167
2545
2579
540
2157
3806
2138
4035
2349
2618
2113
2628
3232
2527
1056
4061
3432
612
3378
3556
922
3340
2601
3442
3112
3675
2868
3977
3394
2989
3103
4009
3303
1405
3544
3272
2954
3265
694
3959
2189
3009
4048
2700
1126
3156
1781
194
3257
1893
3422
3937
2287
974
1120
2235
2586
3513
2578
2380
2849
3063
3776
461
2370
529
1684
1473
3494
3649
2210
969
3392
722
2518
2944
4112
3657
2636
4104
3198
2718
3077
1900
1925
2203
3249
3645
1683
530
1754
4100
4134
3555
1671
2584
2456
2519
3168
2812
1727
2833
3310
1414
1573
2933
1700
736
577
2152
4125
4070
3861
3660
2552
2277
3046
2107
2186
3342
3087
2613
3803
4101
1758
1672
2273
3549
3405
1196
2873
1574
909
3620
2973
2285
2551
2099
3496
1963
3416
816
3329
1224
3241
173
3960
3682
3436
3733
3769
794
3939
1705
1445
2670
3789
3857
3933
2413
3919
2176
3669
3583
3345
3401
3585
1927
3790
1082
1602
2232
3863
2797
3866
2982
3484
3311
2769
2254
3680
2537
3688
2274
3449
2949
3896
3205
3613
3199
2816
1962
3266
3727
3681
1583
1787
2514
3267
1678
3258
1922
3832
2934
3216
3629
3511
3327
4135
1708
2238
2225
3753
4002
3308
112
2784
2869
3696
1006
1303
976
3034
1392
1027
3792
1512
3493
2737
3514
1388
1071
462
2309
1112
2525
1472
2558
2185
1144
2223
2173
636
2625
2614
2195
2040
3500
2425
3040
1663
1630
3045
1803
2804
2902
3604
1302
1420
1795
4019
642
1330
3716
2891
1628
3642
3915
2565
2207
2968
2162
1223
3926
1594
1559
3718
878
3548
783
2841
1324
3314
3714
1703
2883
3679
1125
263
3421
3170
1868
3117
1118
742
3171
3167
1591
264
2643
3368
1815
1885
1300
1829
2665
843
3413
2377
3725
3737
2911
4052
1265
1216
1243
1451
3830
3946
3284
2673
2623
3393
4091
2857
3648
2531
852
1398
426
2549
3271
3895
2056
1772
2451
1137
3428
1313
838
1232
756
2161
1368
3936
2141
3177
788
2453
200
1791
1325
2202
3375
827
2355
3550
1249
37
3562
333
3894
645
2963
2419
2739
154
2211
2903
2493
2045
3808
3693
3898
1793
2146
328
1317
1312
1510
1632
3147
1664
1390
389
329
2263
2212
106
3846
945
1165
3593
876
2640
1344
1984
3135
438
4093
896
3386
946
3384
109
2160
3376
3757
1471
2389
4014
3570
1849
3685
665
3704
107
2017
651
2159
2376
828
1850
1318
2474
388
3887
3101
3786
2666
3851
4094
3067
2296
4129
4059
2129
3793
3000
2003
2487
1819
3139
3465
3021
2488
2317
3304
1542
1092
1541
423
3319
3379
1965
2805
2822
2318
1447
2116
3115
149
431
1376
63
3460
3320
2863
2720
3658
769
3451
2284
2635
434
3411
3553
4074
3251
975
1520
2823
1351
4072
3323
2290
2943
443
3469
4137
3081
350
3726
2607
2947
1620
2834
4081
1350
2977
1114
2283
300
2955
1918
4149
3558
3305
2220
3779
2405
4156
2422
2716
893
2984
3274
3736
3664
3988
1393
1016
2775
1782
2492
1725
433
1113
738
1228
2825
3333
1399
4126
4099
3577
2705
2581
1248
1365
1919
3073
3561
2311
4077
2
2353
64
312
3670
1783
2682
3610
625
3527
2940
3482
3455
3902
2774
2365
3006
1997
3743
1916
3980
2149
2998
1842
3166
217
3380
1401
1851
3880
1600
1831
1884
2163
1800
2321
647
1160
1567
77
2409
2374
3567
1166
1579
3294
2780
3341
3532
1722
377
2722
2541
3099
1557
1335
997
3140
713
3724
1779
3801
3325
1906
2399
2266
3705
3890
3047
2996
2521
3853
2709
471
2251
2392
3100
2755
2082
3336
1075
752
360
1333
1961
3237
378
1599
3756
2403
3186
2619
2801
2890
2657
3748
2842
3762
2491
3388
3791
3093
4032
3408
3938
3196
1084
3472
2089
2090
621
1612
3070
3708
3227
3947
3968
1611
2229
1159
1085
3945
1046
1215
2637
3447
3105
3921
3283
4118
4148
2929
3647
973
3211
3498
3295
2427
3180
3923
265
542
3235
2693
1514
2590
1380
2772
3242
3007
2974
169
2078
2393
3826
2734
2075
1054
2070
3344
3450
2059
972
3551
3524
3445
2923
1154
3149
1039
2992
1244
2886
3187
3909
3050
2477
268
633
1382
916
1855
244
1926
3298
1145
1485
891
2895
2230
2928
3534
3215
2987
2252
364
1934
3897
2946
2644
2150
365
2768
3066
890
1251
711
2334
138
3206
3528
3276
3058
2292
3506
1998
437
3059
584
3297
3133
1838
2532
3687
487
2391
2183
1635
2513
4000
2975
670
2533
2364
2341
137
3207
1866
2889
1254
2995
1943
2641
2008
2556
2236
2810
1523
3132
671
2740
2156
3280
1636
1646
2757
905
1544
3373
1771
1515
3055
2633
341
196
3589
860
3178
3784
4031
3815
1809
2882
3362
2615
2803
3575
723
3299
3039
21
1808
2907
570
3078
2917
2057
3547
724
3202
3182
3233
1543
989
1969
3635
1570
3719
3874
1525
1706
441
1011
501
3925
2051
4150
1441
987
2166
2080
436
2188
2921
571
556
668
3252
1348
3248
3028
2196
103
1676
1093
2148
2678
555
1564
3035
2753
1901
2728
1028
3659
2433
1749
791
1902
2592
1604
575
3157
2086
3361
1418
930
937
3907
1109
2047
1857
1185
844
411
2782
1780
2871
2169
9
1261
3495
1666
3189
1822
3092
1858
2322
3765
685
3085
1173
586
1977
1227
2390
1000
3435
3120
409
3820
1212
397
234
1050
2271
1148
1295
3349
2320
3741
2288
383
2798
339
2312
257
2994
1935
919
1242
912
1681
1396
910
2243
1920
3357
952
2281
1341
1896
648
2417
661
1878
1558
1111
3086
3438
3118
3146
865
3234
3031
666
2224
2831
1898
2227
1415
2048
1601
2249
717
1742
2555
2951
119
592
1132
1353
1974
159
1264
868
197
124
425
3
53
309
66
33
61
183
289
444
450
346
172
60
218
38
174
39
228
375
89
551
57
245
113
52
203
422
150
44
372
67
236
26
142
91
1026
415
1413
532
533
1502
2368
500
1437
362
2074
180
2763
2522
56
1773
1499
3134
1017
3204
1427
1853
2050
2622
68
885
789
3723
675
278
1345
677
2077
3185
1555
2354
345
1929
2583
1548
1257
376
1606
1768
1189
1467
2887
418
1790
1944
2172
2596
3309
416
1267
1478
1327
1073
2957
2744
2231
1629
1763
1394
679
76
3051
1100
2843
1889
2014
3488
950
1481
1911
728
2340
2104
3316
695
2472
2066
1750
1310
607
401
1903
478
3220
1719
3228
2109
2260
2248
2844
2554
1067
2569
1863
2135
1845
170
740
3152
1892
3448
2617
480
1576
939
2595
653
3612
2809
1211
1530
2824
2414
171
1825
2517
2827
550
1923
886
2181
1577
2621
1183
520
2674
1358
54
3444
781
1560
538
2547
2706
2177
1337
988
1143
524
1587
960
1679
557
2656
2971
1458
683
2208
3347
867
1042
125
281
2042
1291
1331
894
1817
1089
1958
1250
2087
1305
2240
1099
2394
2264
1068
1115
2206
2523
615
798
3591
1247
766
684
1421
1799
1408
1680
1661
2993
347
507
2187
918
874
3397
1724
301
1391
1556
2043
2302
1776
829
322
522
700
1547
2385
1294
396
3407
3142
510
1088
2102
2839
2023
1164
3172
3003
544
1694
901
1273
1477
2114
1874
1052
1622
1430
1320
3477
727
582
705
1914
1659
1146
1454
1282
1957
2600
3012
2151
2140
2242
3348
3343
1238
1069
846
757
269
2697
819
730
1362
1886
1619
1912
1999
2826
1516
2661
2735
1653
863
24
1171
1592
1860
2420
2759
1008
323
1411
1355
1818
652
299
3879
1372
2034
546
1566
1412
2143
1150
2690
2258
1491
1814
17
760
2408
1061
1649
1621
775
2344
3023
334
2209
680
2015
2221
1975
1480
699
1593
1856
184
566
1913
690
1642
955
1626
277
623
2609
1110
784
993
2415
2443
1147
1699
161
3508
1930
1442
1685
2343
3017
3061
2084
3072
2479
1662
1894
320
801
1266
850
851
16
1972
1493
2060
2117
1687
2926
1284
1236
2830
1561
1757
1417
80
2429
2404
1605
1785
1404
2241
806
1077
2253
747
1545
2703
2914
759
1669
1589
2550
2779
2916
477
2124
126
521
2262
1538
2990
2671
2357
563
393
1301
1755
958
840
1876
1260
1938
1733
1613
1361
3210
1135
2131
948
1122
230
593
1340
1383
1805
712
861
553
202
1354
2941
710
11
2145
895
1181
92
2904
2336
1695
1846
3030
805
2489
1764
464
2481
492
178
701
2715
2076
1119
1890
2068
2331
1381
1585
1774
2861
2325
2234
719
715
2696
2182
1106
1644
2018
765
28
1738
879
139
348
321
726
298
1040
247
714
790
35
191
417
48
486
1192
105
773
155
635
352
168
45
465
509
251
253
440
587
809
287
111
98
845
55
78
381
1528
835
2011
1665
833
2416
641
2170
474
3264
2071
46
1149
837
1931
1019
2470
1784
2303
1707
143
3253
1540
1586
2704
407
676
729
447
1062
254
2326
1034
1973
601
2067
351
2025
1203
1045
2360
1049
1205
40
1470
1731
1097
2511
634
2475
353
3525
1581
2760
286
2267
59
472
2184
2193
1005
2297
804
3412
933
177
297
435
1487
3671
162
2937
1155
906
898
1213
604
439
1807
1551
1044
1531
963
2069
2423
849
2691
650
2367
2115
2447
2572
1865
2213
3326
2200
2219
3467
1534
925
2007
2630
3138
2536
2381
1677
1824
32
430
564
703
1262
2308
2033
1873
2031
1055
1909
2168
2120
568
1156
1660
1881
864
93
1910
558
1588
1168
3221
889
583
855
595
1182
2483
2707
3130
1590
674
1446
537
3491
2245
493
271
338
3071
1102
69
1334
280
2383
359
977
1022
2905
847
2663
1572
276
1882
185
148
318
1048
1051
204
25
459
460
839
1065
956
1796
1786
1741
1983
1966
751
932
2580
902
1802
3209
1105
3611
424
5
1897
1184
2091
2901
1130
1789
2442
1836
1546
941
1021
1231
343
2319
1615
1402
659
545
1985
942
182
1316
395
2052
485
638
432
189
2058
1276
1129
181
2714
1924
2125
1307
779
981
1259
928
1953
414
505
325
2854
3193
2503
498
1872
580
13
743
1864
1686
1128
561
1127
511
744
618
954
943
1483
854
702
3129
2272
1187
408
721
128
1674
1552
1625
1157
1667
1765
2180
134
1650
1035
1369
1553
1830
2361
2464
470
1469
892
2466
1798
19
1648
872
802
971
1346
249
777
1457
446
214
1256
1107
1158
2689
2603
1198
797
931
1193
239
2046
1710
637
1709
3125
50
966
656
1482
413
1582
990
2538
2398
2324
1275
1841
453
158
406
1281
3095
962
504
179
2516
102
311
2147
1234
1506
745
911
1363
1078
1096
1108
609
1209
130
1041
658
1425
1133
2535
884
1272
1423
994
2020
384
206
2742
1207
1475
2528
2179
332
704
1134
1241
267
410
731
983
1299
1121
748
449
926
36
132
489
419
160
344
20
248
387
467
1080
667
330
519
579
451
195
516
94
1007
151
692
310
42
549
862
554
255
15
97
938
104
681
998
696
157
14
420
373
1322
51
1152
457
1347
454
1117
306
190
697
2406
3164
1332
735
1609
1037
2788
1025
2387
1461
836
770
2683
2655
813
2255
241
1194
940
733
1038
2448
1760
1023
640
1290
1036
1484
315
1342
590
1186
897
43
394
859
799
1364
1928
1138
2400
518
1968
2178
567
1252
2876
548
235
2036
3360
1899
1439
800
1639
1357
515
1222
391
1270
1704
1673
581
442
1729
2912
991
1031
1395
1177
984
547
1563
1670
2939
1175
1424
129
1403
1066
534
1610
2436
476
1013
2597
2137
1455
1197
923
262
72
1229
1453
870
2919
1767
1178
1206
1995
100
232
664
1001
386
3321
1190
1762
49
266
1505
1195
429
1456
1426
1024
1875
2899
290
1359
978
753
71
2725
319
10
1862
754
1172
85
1434
1513
1550
392
215
1907
404
1844
428
1496
2009
1218
1608
543
1053
2620
133
153
496
475
1905
2100
131
2190
1389
873
1617
99
2524
771
205
883
992
2817
755
250
246
342
1460
1285
815
1352
243
944
242
211
1941
163
3119
358
506
176
1076
767
639
152
1030
2064
502
494
1554
823
1637
1568
782
899
293
304
596
314
875
2330
1459
986
830
2733
1293
135
608
259
212
284
261
136
1306
1374
2133
514
273
1003
678
495
122
970
1497
741
527
144
2122
1237
2835
1063
935
811
627
1289
841
824
23
914
682
1598
834
739
260
649
221
707
1647
980
96
591
826
573
1018
900
1064
479
949
326
1141
402
210
469
528
2469
2085
1486
1488
880
585
192
1638
1384
669
572
1167
1539
1220
576
140
574
2845
1701
2158
772
12
687
832
237
1279
2738
1792
116
1271
1466
279
1712
1746
165
1726
224
929
2175
660
1278
1004
706
598
569
127
1949
793
283
762
7
1971
201
1509
468
305
331
589
1702
1848
497
1435
30
842
340
915
95
1009
316
1010
108
1
238
774
73
763
27
336
275
1575
473
452
903
403
1711
624
1091
324
379
1584
1104
718
81
749
141
256
603
626
1103
1338
594
1214
490
631
1298
812
354
1328
1428
654
1624
292
1370
1367
1086
1823
822
2276
270
953
156
776
599
70
187
79
995
8
778
491
335
689
1518
614
1002
274
123
291
41
145
147
508
1131
1098
120
146
240
693
1658
399
1059
307
366
363
220
761
1366
541
2915
327
1336
535
219
445
643
526
188
1079
750
517
186
357
233
1517
355
1239
456
448
613
117
560
1500
1200
213
252
1170
294
734
792
539
88
390
166
412
620
869
121
525
0
62
856
216
361
398
227
193
272
229
