2584
2226
90
3982
1815
2610
3860
3194
2626
389
2618
3196
513
2545
3359
4
1979
1326
1160
3291
2223
632
625
1125
1791
3093
756
1602
2307
2758
3460
922
1954
2722
621
2113
2412
2694
1120
852
3718
2456
2544
1996
2921
3605
1512
2493
1385
2846
843
628
1631
1833
2983
2942
2199
1199
3699
2771
1536
3276
1451
2314
2496
2795
1573
3304
2979
1703
2800
3400
2418
1788
2382
3681
2767
3162
2075
1728
3744
1672
3011
3887
2883
3505
2053
167
3824
2424
1151
2908
542
1557
1537
2966
3557
2321
3648
2698
1162
3954
484
2045
3610
2700
2642
3214
2948
3696
2672
974
2353
3188
2640
1689
1329
4120
2476
2541
996
3720
3022
3340
2299
2814
2393
3416
2591
2769
1204
1559
1700
2869
909
2923
1529
3458
1056
3368
3289
1663
2453
1925
1474
1852
3427
4077
400
3226
482
2961
1690
3040
1761
1416
2425
3128
2973
1754
3942
2256
1503
3282
3670
2531
2309
3043
1723
1343
2426
2285
523
1630
2821
3136
1671
2026
2625
1379
3212
3285
1409
217
2947
2833
3987
3235
83
2265
1837
1603
3298
3377
462
3143
3550
1230
3020
2355
2968
2459
3147
2141
3712
1967
31
1508
226
2911
3776
3483
3624
1016
2286
3232
1678
2605
3687
2992
3513
4017
2933
764
3758
1885
1472
2785
1533
1583
1300
2301
3437
3375
3112
2878
2010
3038
3515
2333
2534
2755
1058
3714
2377
1970
2461
3284
3808
2346
4079
2287
1718
3523
2112
63
2306
3014
3738
3584
3862
3779
2061
2558
2956
2884
3392
1356
2101
3665
3875
2507
1984
878
2371
2988
2773
2081
3269
3273
969
3117
2649
3913
1578
380
597
2126
3091
1471
3634
4061
3930
1991
2089
2825
1668
570
1510
1228
3476
3428
2549
602
3352
2294
2419
4130
3230
112
3760
1871
3830
4065
3999
803
3898
2315
4054
1473
1691
3961
3494
3239
1180
1580
3261
3640
565
3802
3895
463
137
4116
3923
154
3295
4081
4015
3099
2665
2389
1541
3597
2527
2891
3823
1449
328
3716
2263
1596
3897
1597
1827
3683
3353
3855
2958
4126
3567
1628
2006
817
3916
3675
3090
2652
2021
3156
2812
2454
2997
4100
3678
3621
2614
3792
1526
540
3547
3088
3459
3645
2132
3672
2054
2207
4142
3394
3782
831
1664
3774
2841
3809
2532
1570
2711
2212
2012
1419
2030
2705
3658
2612
1720
1869
1317
1527
769
109
536
3010
2352
1399
3256
3404
2428
3190
3374
562
2832
4093
1982
2879
1323
2356
3521
3946
3005
1998
2635
3503
1330
3163
3885
1961
2989
920
1532
3949
2146
1360
1900
3501
1452
2445
2667
4011
2834
2864
3936
3596
1793
1468
2880
4131
2718
3667
3275
3470
1921
1196
3851
282
2765
3649
3894
3850
3008
2410
2384
785
1722
2636
2230
3922
3075
3768
461
3445
2849
2778
3842
1867
736
2586
3844
3440
2345
2551
1714
1433
1373
3693
302
3715
3963
3281
2027
711
3241
3736
2811
3217
2745
173
783
4051
3766
3385
3333
2203
1851
244
2471
1208
3593
4007
1123
4159
4101
827
3496
2695
3149
3817
2327
1990
1632
1797
2210
3308
2519
3960
3393
3873
1243
2098
3418
3725
1895
2252
1142
3074
3590
3772
3507
3549
3384
3168
2716
780
2739
2003
3499
1232
2273
3206
3167
921
2156
2673
3025
3541
1520
2110
3800
3530
3380
3740
3104
3432
2533
3251
3166
1476
4134
4132
3641
3869
1060
1855
3542
2399
1737
1684
4107
633
3870
1315
1595
3642
3909
1033
3267
4019
2736
3804
657
3852
3329
3367
2944
1775
2359
3270
2173
1884
3551
2468
3660
2910
3019
946
4112
2563
2072
4091
2250
2186
1462
3201
1397
2000
2057
2810
3745
2730
3379
2486
1766
1012
1542
1734
2882
3812
1748
1081
501
3472
2465
3975
1636
2191
531
1569
3818
3421
2837
578
1145
3983
3534
4029
3750
3780
2500
3998
907
2463
1246
2510
2090
1727
1463
4041
2094
2868
808
3713
2991
3690
3945
3785
3701
2734
2557
2029
2787
3452
788
2259
2560
2790
1235
3731
2902
4066
382
3883
3161
3500
1987
2629
3231
2590
3735
1819
3430
3829
2977
2793
1567
3300
2853
3786
3322
3730
3280
3077
3423
3439
3971
3822
3303
3116
1816
3223
2316
2858
3047
3626
2799
1980
3141
3801
4108
1304
2729
1758
4025
2154
3109
4092
2757
434
433
3410
2931
825
3319
1888
4016
2981
2195
3148
3456
3694
1047
2004
2570
2606
3685
866
3644
985
2451
3354
1464
1492
1202
786
1847
3153
3139
3806
3627
3517
3655
2996
2746
3607
1675
3001
1779
3317
2198
2099
3588
22
738
1640
1414
3710
3704
3016
4039
3976
1959
1165
1292
3064
2801
3518
1318
3770
3997
3046
2202
2589
2266
2681
2611
2917
3974
2323
2268
1812
3868
3943
3981
1072
3966
2002
4073
4099
2860
4086
3623
3899
2702
199
1820
1934
2708
2862
2201
3661
1832
2892
1831
3246
1839
3363
3389
1191
1772
2439
2578
1840
890
3342
3775
3202
3131
3314
2337
3955
1708
1174
356
4045
3405
4103
732
1574
3195
3142
2397
194
3487
2680
2783
3920
1978
3197
2699
1880
1429
2438
1623
3056
3794
3294
3254
3871
2163
3799
3242
3901
3082
2857
3562
2363
4037
3067
3260
3994
3698
3480
1850
2851
3861
3441
3297
2093
2449
4111
787
2462
2974
4001
987
1778
4114
2452
2235
2723
3940
1829
3957
3383
1253
1600
2328
3068
1725
3478
2366
2129
4160
871
2613
1901
1627
3062
1611
2897
2277
4121
2502
3969
4162
3365
3921
2863
814
3864
285
1319
2836
441
312
647
1043
2487
1420
3598
2209
4022
3951
2257
3538
3083
3900
1333
3773
1335
794
4006
3229
37
2388
3865
4067
3469
1697
3414
2450
3761
2754
2350
3258
1751
552
2664
2712
3283
1390
3249
3977
1085
4156
1692
2720
3144
3928
1494
2984
377
1912
3564
1780
3034
2838
2819
2039
810
431
3890
2035
4135
818
927
2894
2648
3832
3905
3504
2157
483
2598
936
3522
4005
4090
4058
888
3992
2777
350
2457
3233
752
2322
1771
360
2458
1858
1392
2669
2724
2049
2577
3122
3177
2559
2940
265
4030
1963
3171
3411
3816
3924
2040
636
1101
3545
1643
1400
2422
3845
2083
2934
2679
3113
2571
3839
1422
4097
1387
4064
3614
1803
4102
1383
3512
2518
2631
1042
2427
4013
2232
1682
3084
1020
3978
3968
1071
3647
2852
4034
952
1743
3702
3889
2150
4057
1657
2121
1770
3395
4060
2497
3279
3475
2898
2660
1083
4164
2167
2
3689
4020
1173
1340
3585
2130
3417
3107
2395
982
3746
3007
2548
2332
3457
3765
4070
3846
77
4082
3369
1368
3179
3632
4095
3911
532
2753
4137
2670
2136
2351
2290
2616
2824
3036
1313
4105
2794
2539
3639
651
1221
3248
3286
2176
34
405
3514
3498
3600
3302
1854
2999
3451
2692
2161
3604
3797
2907
3993
3559
2478
600
959
3339
972
2936
1161
1950
2396
3154
4003
3184
2925
2938
1382
3793
1074
877
3050
2666
4018
2421
2581
1918
2280
4071
2818
720
2678
2628
3677
2710
1806
4109
2866
374
3255
1302
1210
3092
2270
3121
1377
4043
2204
4055
58
2347
303
3532
2859
2650
3628
3759
3386
1656
3608
1450
3165
2508
1811
3907
2477
4024
458
3041
1651
1386
2149
1489
3320
3912
2976
1277
1240
1378
2542
3811
3106
4052
1989
3791
3271
3336
4161
3366
2291
2514
3917
3502
3821
3174
3568
821
3967
3293
3234
3490
3259
1032
3346
1530
1052
1405
1745
3489
3338
4069
3225
3892
2922
3277
3747
2959
3539
101
3762
3727
3910
1444
1226
1154
3341
3828
4152
1523
4154
3962
2185
1730
3390
3941
1448
979
3929
1445
530
2963
3431
2134
2949
1915
3763
1753
1287
4044
3262
2982
1800
1653
3995
4049
2645
3959
3318
924
3325
2474
3227
4075
3081
4009
3247
4150
3482
2772
3357
1804
957
2726
3902
1988
1736
3052
588
3268
2749
1245
378
2953
2441
3296
2467
1940
2587
231
1681
1801
118
616
1029
3484
3037
2537
4002
2358
671
4117
2659
3097
3666
1842
1696
3408
3771
2108
455
3589
3519
3238
908
3856
3583
2166
1883
665
863
853
421
3420
2732
2174
3035
3348
3443
1365
3573
3006
2816
642
2873
3682
3819
3198
961
3944
2872
3351
1436
2820
3635
3656
838
4119
4128
3332
1095
3290
2105
2690
3552
2374
2494
3831
3587
1952
563
3841
2432
3984
2662
2637
3728
3866
2491
4050
2562
2488
1412
2747
3115
2565
2954
3199
3079
3044
1698
2228
3425
1756
3057
2575
3807
2654
2602
3767
3732
3877
2709
3527
2965
708
1354
4026
4023
2233
3024
1622
24
2123
3560
3703
3344
3790
3155
3211
3051
4129
2796
1713
3224
2143
3896
2890
916
2842
4047
2246
3173
3205
1893
1324
3105
2682
3450
1082
2520
4136
1113
1735
2183
828
3178
1440
3123
2405
3103
2515
1274
2434
3937
1431
2543
196
1652
3345
2152
1401
2870
1920
1919
2271
1325
2274
3401
3413
2171
3743
2284
385
4088
1268
3266
3705
816
1127
694
1716
3729
2568
2867
3316
3520
3272
3422
3152
3287
1358
2770
3189
3444
3925
2950
3382
3891
2034
1398
3265
3488
2217
3186
2216
717
1380
3310
1524
1781
1715
4046
510
3203
3031
2525
1666
2344
3240
2499
1286
2789
4106
329
2553
2886
2148
1927
3274
3620
3245
934
1859
3066
2357
3796
3419
3015
3933
3754
1248
3301
4089
1438
2019
2376
3447
3244
3388
383
1415
775
3594
2298
3653
860
3486
3045
3938
1739
2604
4148
2512
3000
2295
2501
1216
887
3988
82
3688
2774
716
1327
2051
2686
768
74
2080
2781
3674
1075
2972
3570
1362
561
1128
742
2234
1454
1962
2839
1201
1997
1011
3625
1312
2564
3535
2431
3076
3221
3572
1547
2964
3463
1166
3172
2194
1159
3070
3764
2082
3663
339
1789
3788
1308
4163
3939
2239
106
3485
3021
3947
2530
1106
1599
487
107
3857
264
3879
2409
1607
3769
4010
3237
4118
1050
1591
3756
4123
3617
709
3372
2254
3180
2727
4008
4139
2014
2482
1137
1157
2059
430
1853
2446
3795
2329
1339
3574
3578
3904
1132
1288
2078
263
3187
1705
268
3151
4062
423
2594
300
3292
2909
436
3030
4157
1562
730
2225
2658
646
2889
3726
4072
1891
3378
807
3668
2341
3613
2289
2220
3215
3096
1116
2127
2887
2490
3826
3493
2601
655
577
2033
1917
4143
2674
2743
3257
512
2797
1849
1519
1625
3724
2325
3612
2437
2885
3102
2506
388
3576
2229
2312
1139
4104
4042
2349
2632
2392
3555
3529
740
965
2275
3970
2826
698
3540
2164
4144
3680
3032
1870
466
3313
2135
2573
2585
1054
3973
683
2318
1148
3326
443
2107
2455
3789
3396
1908
1866
1618
3474
3306
3042
3558
2978
3833
691
3577
3599
3706
3777
3629
2556
4014
4035
2929
1644
3009
1297
3837
1960
2619
3986
2375
3753
2930
2928
47
2485
1092
3132
3415
2737
2211
3127
103
2657
2370
3671
3129
1809
3049
1296
2444
3964
2119
2995
4158
2221
1916
2714
2184
2073
1126
2735
1776
2165
2367
3072
2348
3565
3510
1975
851
2251
2032
4048
3657
1215
3813
2008
850
3784
2249
1146
4028
524
1843
1981
3691
2945
3406
2763
3471
1717
2340
3561
2561
2684
533
3228
2809
2844
2569
1676
4122
3566
1906
3739
2926
1721
3952
1579
3017
1937
3138
1265
3840
2218
2001
2943
796
1948
1396
3737
3080
2766
3157
507
4153
1006
362
3872
3328
2599
3631
2240
1594
1261
668
3243
661
1118
1585
3058
3449
3858
2317
1188
3803
4012
1262
1376
2566
2343
234
2804
1822
1860
87
1795
1577
2971
1019
3337
2447
725
1868
1504
3581
3433
1942
1857
713
2752
4032
2017
1794
3110
3200
3733
4133
1621
901
1311
2521
1935
2068
480
2118
3399
2998
3849
3397
3965
1516
1477
3218
3956
2941
2903
2731
1951
4033
2509
4038
1353
3455
3461
2498
1044
553
1783
2288
2688
2031
3185
4151
760
1124
2701
2369
2208
3544
3556
1176
2900
3288
4149
2015
1933
2037
1351
3643
2096
3078
1350
1227
2258
1168
1564
1119
999
791
3618
1926
876
3140
2390
2335
3835
257
337
1521
2847
2088
2495
3150
1441
686
1258
1525
2142
3407
2243
3669
2644
2109
2084
3749
2238
397
2893
3979
2417
3479
4125
1977
2643
2579
3216
2296
1646
1381
2005
1587
3126
3876
2784
724
3307
3543
1179
3454
2102
68
1936
829
3586
4063
3569
2281
2140
2685
1752
299
3236
3918
2639
3516
3742
3013
2993
1077
3825
3170
3145
4027
3874
1814
1408
1014
3371
3462
138
3434
2547
2466
3473
3069
3854
1733
3305
2116
3931
1314
3908
278
2895
3429
1861
1922
3996
615
3435
2831
722
2104
1212
1110
3073
1993
3208
1818
3263
1560
1742
1514
819
2048
3373
1251
758
1280
1693
1348
719
2555
2764
3048
1046
1498
1810
592
1674
904
2472
1740
2576
3327
604
677
364
9
666
1094
2822
3182
1685
3033
3137
1511
3878
3548
2279
416
3531
2850
3311
3636
1140
365
1447
757
1093
1260
3752
3579
960
3748
3250
1135
4059
1932
3601
2676
2775
3914
1465
556
471
3717
3477
3838
2896
2401
1233
1619
2464
2932
189
571
4074
3708
1045
1309
981
149
4004
4031
2621
555
1914
1244
1898
2871
1499
2086
2044
3684
1242
2813
3734
2511
2222
3919
605
1112
1790
3391
2607
1612
3087
3859
3815
2460
2762
3086
2633
2155
288
114
1601
159
3884
2480
644
1090
3906
2227
2189
2144
3659
200
1515
684
1892
3118
3990
2951
2624
1890
2334
673
2855
3135
1835
3160
2803
3446
3124
2780
499
2062
3060
930
2028
2861
56
3915
1027
2391
2205
3146
1458
3958
3980
3646
2224
2653
1111
3511
2689
2740
2975
4115
435
1576
2042
3204
2843
894
2906
4053
1808
1169
2761
3697
2927
1393
1217
437
4056
3134
1425
1266
3637
2241
2596
989
1334
2192
648
1887
409
1406
1495
2741
2647
3468
2473
917
313
1039
401
3533
1669
1688
1283
2994
4138
685
893
2960
1896
1759
1371
975
1606
2608
1773
3065
2552
2721
3309
1947
317
2365
2918
1008
1249
2261
559
2627
1294
1028
2634
371
2750
2668
341
1507
2987
2798
4021
993
2262
2125
2697
3438
2970
1417
2336
1939
2583
3882
2128
2092
1549
2117
2877
1088
2236
3210
3409
1546
1943
1163
2300
2385
1777
1986
3176
3810
2379
4140
3312
4098
3863
2641
4080
746
2904
2935
3361
2402
3061
2264
2572
13
178
2124
743
2759
3781
1593
2546
2622
1964
65
3100
2159
1109
3526
919
2768
3711
3376
2592
1969
2806
2282
699
3741
334
937
3219
3002
2283
3362
2023
1455
1087
1185
2103
1929
2065
612
2706
3630
349
663
3347
679
3159
3023
3381
1879
865
1747
2311
2728
1750
2206
3004
2638
3323
1084
2717
2079
1923
3491
2691
1763
3350
3881
4087
3492
653
1749
848
3220
3094
2969
2920
1443
2952
1320
765
1738
1442
617
3546
28
2433
2955
1303
1571
1994
2320
2070
2413
945
4094
3158
1264
1706
3934
3071
2719
427
3183
3436
881
3709
3055
1655
2047
2269
2016
575
910
1254
2242
1295
1956
408
2196
2985
662
29
844
1694
1592
2693
1410
2115
2815
3948
2055
459
2063
731
3853
2138
3026
411
3509
2588
1478
3602
2489
223
1589
3886
3330
1878
1659
3991
3495
2071
1413
3606
3820
947
3654
2077
1683
64
198
1680
872
1418
1724
2310
3798
207
1121
318
500
584
3349
896
2756
1566
369
4110
2677
2513
3536
522
1813
650
1257
2899
1558
3783
1802
3331
521
438
1000
1614
801
586
4147
1344
1910
3508
1904
3012
2058
1299
2219
2630
2169
931
1974
2151
3721
3252
3466
963
1876
1223
2304
3355
1341
968
3085
3398
2595
2600
744
2483
2615
1902
846
209
1604
323
2875
2962
1732
3356
1531
2874
2703
652
1490
3364
3525
690
715
895
2131
3120
3972
2817
2913
1089
2339
2253
3222
119
2479
622
2854
1838
2414
3343
546
3575
3537
638
1824
76
115
1634
3018
1061
493
128
2087
2056
3467
2213
2408
1150
1957
1972
1522
858
1291
2429
492
1649
2368
1211
2661
1930
320
2782
2807
1031
1453
847
566
3193
849
2114
1768
3633
1552
1290
2523
3335
2188
170
1719
958
2696
351
1022
1483
1687
1588
3098
301
1744
246
3003
1144
2326
1545
2319
2120
1874
2214
2046
277
1263
3054
1225
3867
898
1282
1250
1067
338
703
3442
1626
2170
1255
2403
771
2828
1955
1189
1068
1049
3448
2876
1224
3611
3130
2423
3101
3029
2905
2830
1062
1305
1108
153
2914
1181
1911
249
1710
2603
1164
1391
789
332
3264
3403
3591
21
913
2420
2430
1404
948
2407
2187
874
797
637
1186
1316
1764
2066
49
2373
5
705
2181
1337
162
410
478
1757
906
1184
928
50
2145
1639
609
2442
710
2448
1038
182
912
861
1403
180
92
1543
1913
1273
3695
2916
2247
1065
1487
918
1798
2302
2901
956
1769
472
564
1660
3169
80
2597
971
2400
308
3723
1875
179
2535
1053
144
1825
1650
2036
1534
1762
1661
1563
1192
447
515
1491
2707
1502
3191
2022
695
950
3787
2147
413
2792
1332
1459
1247
1017
2651
745
2050
1836
2303
1553
3412
511
2305
1097
593
3424
11
1205
1709
2387
2297
1897
1924
2267
932
1460
806
395
781
1423
311
414
152
1070
939
1662
815
1648
1481
1941
3278
1051
1555
2404
1953
882
1944
1497
2153
23
1513
1105
1207
706
1774
2620
161
1198
358
1197
733
304
1372
943
2919
296
942
243
1856
2469
1999
864
1958
367
1035
100
905
1863
1616
3321
2179
630
707
784
2683
1501
93
702
1310
1864
2835
2024
751
954
439
1535
81
2522
1278
1796
1590
1785
676
10
1307
2516
2398
823
498
992
623
2779
175
997
211
1457
639
2742
2536
1945
748
1220
322
1968
2100
1712
1025
1496
490
2122
1582
1886
271
839
158
1551
276
1946
1881
1076
359
1985
994
804
1699
1374
1178
1187
802
583
966
25
2957
1786
2617
2193
262
19
701
1272
3095
2025
1219
54
1359
779
1147
1882
941
1236
1177
184
1421
2177
460
1695
2554
126
2550
674
656
239
2361
1206
1677
342
2538
343
2504
2381
3880
2436
543
1638
384
2383
1276
406
2937
1336
1256
1647
727
1615
1480
2272
2255
990
6
2231
772
955
102
1279
1426
1066
1817
204
297
2470
2278
1755
1222
2137
697
1021
2009
314
991
1830
660
2180
2443
392
2990
1679
2067
1493
1807
2076
799
2415
897
2939
590
206
1237
345
1561
2060
2168
805
1130
1467
2139
2475
538
2760
988
2308
1155
1345
1841
1702
1704
1509
1613
3360
680
2738
978
1907
2528
1872
134
1844
693
777
1389
1608
1209
2671
219
1182
944
30
935
1556
464
2827
2524
1826
640
1475
2011
580
545
2725
1701
148
795
1572
1306
1550
929
1846
1190
608
1293
1469
428
316
1799
1175
376
479
495
885
192
2517
3111
1667
1707
3209
225
3125
258
2052
3827
230
1171
470
1899
610
1456
834
2354
573
1281
393
210
704
1482
1402
2260
1234
260
1357
326
914
1141
2733
1036
315
855
841
1107
96
88
2248
886
1122
1015
485
1055
2788
2133
767
481
2656
889
1584
475
1894
1195
1686
718
418
432
682
750
596
645
629
1765
2085
911
678
1928
940
3119
572
1214
1658
1767
506
1259
1156
2018
574
755
2020
664
1034
453
2675
2663
1099
2715
833
984
770
1370
873
2580
1384
1862
1172
601
1048
1366
212
1355
2704
2386
1624
547
1637
1229
1167
1903
1411
1484
759
595
1023
2178
1346
1134
544
1078
867
1538
3253
1271
1434
1966
164
1905
1136
2245
1367
476
214
1506
548
181
1586
72
176
394
32
1439
1238
202
892
1805
550
1568
798
1488
85
2912
800
669
133
1041
123
424
1746
273
3164
537
1845
649
728
884
1322
534
1009
1231
452
284
1435
190
824
1361
1394
2845
983
1270
2182
1971
2481
1784
591
136
2172
618
951
171
2324
1395
1129
514
1466
811
923
2158
1670
836
1889
607
953
2007
135
782
396
1364
336
1193
335
1267
735
59
1605
488
1342
1446
1873
16
327
2330
729
270
293
1641
269
1002
1598
1726
589
1461
1486
832
469
95
2394
986
127
2360
2744
2406
1013
1328
1424
2655
949
2331
1115
446
391
1040
1983
110
762
122
766
1949
1194
1284
654
99
1100
267
1064
631
1609
1001
1103
1973
1352
603
188
1848
442
2503
2276
557
43
2064
497
241
1388
474
1673
840
319
520
325
835
859
1213
837
1133
1517
2069
568
1331
177
186
2043
1005
130
712
1057
1298
281
812
1073
242
353
496
1369
1
1098
357
1096
1252
505
407
995
1554
275
747
224
614
185
1741
1865
658
962
1581
1241
624
1617
454
774
1026
2416
305
2200
826
402
51
675
1909
558
2091
17
140
1275
870
1539
899
259
1470
1149
361
1629
1729
2197
1203
287
266
933
1138
1427
1183
1760
854
8
2244
925
700
813
2609
1347
1528
634
201
1931
429
1285
1079
1938
379
856
2190
582
1540
754
42
822
1548
233
146
2915
714
120
163
1200
842
280
237
366
1010
1500
516
73
915
1030
403
69
1430
1575
2074
598
245
627
1995
902
404
457
1104
240
252
1642
1544
753
1018
793
46
218
1004
235
581
290
12
517
875
1711
672
261
1003
238
307
227
778
145
147
331
519
156
1080
1610
667
467
594
830
903
398
347
977
2175
468
330
776
45
363
0
70
1289
426
354
250
503
465
141
1363
1091
687
659
739
900
560
868
1518
169
1301
1024
215
1731
286
197
809
221
386
980
220
205
477
306
879
125
1131
279
726
298
535
1665
569
585
324
1823
620
111
444
539
1338
862
845
117
417
27
422
26
41
491
1059
48
292
1063
1143
518
294
274
473
309
35
113
626
528
1170
494
613
121
1976
741
1152
1102
1218
143
283
381
440
289
160
938
373
79
272
57
734
883
504
256
508
489
1117
39
355
165
247
18
254
1505
763
749
420
1037
567
97
761
7
232
525
213
526
399
40
527
193
340
641
554
576
1086
502
166
681
549
255
1007
579
78
229
67
635
15
168
195
344
216
643
14
880
352
445
541
291
71
412
599
486
869
509
451
448
390
450
1428
108
1792
116
20
157
142
790
692
36
773
55
131
187
228
310
792
89
689
251
174
52
926
449
94
38
1239
321
587
132
104
456
970
248
696
387
129
419
551
155
3
98
139
191
372
151
62
415
425
91
998
253
348
60
105
44
150
33
183
236
203
375
346
172
61
53
66
