1.00000000
0.99951981
0.99903973
0.99855977
0.99807992
0.99760019
0.99712058
0.99664108
0.99616169
0.99568242
0.99520327
0.99472423
0.99424531
0.99376650
0.99328781
0.99137453
0.99089642
0.99041842
0.98994053
0.98946276
0.98898510
0.98850756
0.98803014
0.98755283
0.98707564
0.98659856
0.98612160
0.98564475
0.98516802
0.98469140
0.98421490
0.98373851
0.98326224
0.98278608
0.98231004
0.98183412
0.98135831
0.98088261
0.98040703
0.97993157
0.97945622
0.97898099
0.97850587
0.97803087
0.97755598
0.97708121
0.97660655
0.97613201
0.97565758
0.97518327
0.97470908
0.97423500
0.97376103
0.97328718
0.97281345
0.97233983
0.97186633
0.97139294
0.97091966
0.97044651
0.96997346
0.96950054
0.96902773
0.96855503
0.96808245
0.96760998
0.96713763
0.96666540
0.96619328
0.96572127
0.96524939
0.96477761
0.96430595
0.96383441
0.96336298
0.96289167
0.96242047
0.96194939
0.96147842
0.96100757
0.96053684
0.96006622
0.95959571
0.95912532
0.95865505
0.95818489
0.95771484
0.95724492
0.95677510
0.95630540
0.95583582
0.95536635
0.95489700
0.95442777
0.95395864
0.95348964
0.95302075
0.95255197
0.95208331
0.95161477
0.95114634
0.95067802
0.95020982
0.94974174
0.94927377
0.94880592
0.94833818
0.94787056
0.94693566
0.94646839
0.94600122
0.94553418
0.94506725
0.94460043
0.94413373
0.94366715
0.94320068
0.94273433
0.94226809
0.94180197
0.94133596
0.94087007
0.94040429
0.93993863
0.93947308
0.93900765
0.93854233
0.93807713
0.93761205
0.93714708
0.93575298
0.93528847
0.93482407
0.93435980
0.93389563
0.93343159
0.93296765
0.93250384
0.93204014
0.93157655
0.93111308
0.93064972
0.93018648
0.92972336
0.92926035
0.92879746
0.92833468
0.92787201
0.92740947
0.92694703
0.92648471
0.92602251
0.92556043
0.92509845
0.92463660
0.92417486
0.92371323
0.92325172
0.92279033
0.92232905
0.92186788
0.92140683
0.92094590
0.92002438
0.91956379
0.91910332
0.91864296
0.91818272
0.91772259
0.91726258
0.91680269
0.91634291
0.91588324
0.91542369
0.91496426
0.91450494
0.91404573
0.91358665
0.91312767
0.91266881
0.91221007
0.91037660
0.90991843
0.90946038
0.90900245
0.90854463
0.90808692
0.90762933
0.90717186
0.90625726
0.90580013
0.90488622
0.90442944
0.90397277
0.90351622
0.90305978
0.90260346
0.90214726
0.90169117
0.90123519
0.90077933
0.90032359
0.89986796
0.89941245
0.89895705
0.89804660
0.89759154
0.89713661
0.89531836
0.89486400
0.89440975
0.89395562
0.89350161
0.89304771
0.89259393
0.89214026
0.89168670
0.89123327
0.89077994
0.89032674
0.88987364
0.88942067
0.88896781
0.88851506
0.88806243
0.88760991
0.88715751
0.88670523
0.88580101
0.88534907
0.88489724
0.88444554
0.88399394
0.88354247
0.88309110
0.88263986
0.88218873
0.88173771
0.88128681
0.88083602
0.88038535
0.87993480
0.87948436
0.87903403
0.87858383
0.87813373
0.87768375
0.87723389
0.87678414
0.87633451
0.87588499
0.87543559
0.87498631
0.87453713
0.87408808
0.87319031
0.87274160
0.87229301
0.87184453
0.87139617
0.87094792
0.87049978
0.87005177
0.86960386
0.86915608
0.86870841
0.86826085
0.86781341
0.86736608
0.86691887
0.86647178
0.86602480
0.86557793
0.86513118
0.86468455
0.86379163
0.86334534
0.86289917
0.86245311
0.86200717
0.86156134
0.86111563
0.86067003
0.86022455
0.85888892
0.85844390
0.85799899
0.85755420
0.85710953
0.85666497
0.85622053
0.85577620
0.85533199
0.85488789
0.85400004
0.85355629
0.85311266
0.85266914
0.85222573
0.85178244
0.85133927
0.85089621
0.85045326
0.85001044
0.84956772
0.84912513
0.84824028
0.84779802
0.84735589
0.84691387
0.84647196
0.84603017
0.84558849
0.84514693
0.84470549
0.84426416
0.84382295
0.84338185
0.84294087
0.84250000
0.84205924
0.84161861
0.84117809
0.84073768
0.84029739
0.83941715
0.83897720
0.83853737
0.83809766
0.83765806
0.83677921
0.83633995
0.83590082
0.83546179
0.83502289
0.83458409
0.83414542
0.83370685
0.83326841
0.83283008
0.83239186
0.83195376
0.83151578
0.83107791
0.83064015
0.83020251
0.82976499
0.82932758
0.82889029
0.82845311
0.82801605
0.82757910
0.82714227
0.82670555
0.82626895
0.82539610
0.82495984
0.82452370
0.82408768
0.82365177
0.82321597
0.82278029
0.82234473
0.82190928
0.82147395
0.82103873
0.82060363
0.82016864
0.81973377
0.81929902
0.81886438
0.81842985
0.81799544
0.81756115
0.81712697
0.81669290
0.81625895
0.81582512
0.81539140
0.81495780
0.81452431
0.81409094
0.81322454
0.81279151
0.81235860
0.81192581
0.81149313
0.81106056
0.81062811
0.81019578
0.80976356
0.80933146
0.80846759
0.80803584
0.80760419
0.80717267
0.80674126
0.80630996
0.80587878
0.80544771
0.80501676
0.80458593
0.80415521
0.80372460
0.80329411
0.80286374
0.80243348
0.80200334
0.80157331
0.80114340
0.80071360
0.80028392
0.79985435
0.79942490
0.79856634
0.79813724
0.79770825
0.79727937
0.79685061
0.79642197
0.79599344
0.79513673
0.79470855
0.79428048
0.79385253
0.79342469
0.79299697
0.79256936
0.79214187
0.79171450
0.79128724
0.79086009
0.79043306
0.79000615
0.78957935
0.78915266
0.78872610
0.78829964
0.78787330
0.78744708
0.78702098
0.78659498
0.78616911
0.78574335
0.78531770
0.78489217
0.78446676
0.78404146
0.78361627
0.78319120
0.78276625
0.78234141
0.78191669
0.78149208
0.78106759
0.78064321
0.78021895
0.77937077
0.77894685
0.77852305
0.77809937
0.77767580
0.77725234
0.77682900
0.77640578
0.77598267
0.77555968
0.77513680
0.77471404
0.77429139
0.77386886
0.77344644
0.77260195
0.77091471
0.77049310
0.77007160
0.76965022
0.76922896
0.76880781
0.76838678
0.76796586
0.76754506
0.76712437
0.76670380
0.76628334
0.76586300
0.76544278
0.76502267
0.76460267
0.76418279
0.76376303
0.76334338
0.76292384
0.76250443
0.76208512
0.76166593
0.76124686
0.76082790
0.76040906
0.75999034
0.75957172
0.75915323
0.75831658
0.75789843
0.75748040
0.75706248
0.75664468
0.75622699
0.75580941
0.75539196
0.75497461
0.75455738
0.75414027
0.75372328
0.75330639
0.75288963
0.75247298
0.75205644
0.75164002
0.75122372
0.75080753
0.75039145
0.74997549
0.74955965
0.74914392
0.74872831
0.74831281
0.74789743
0.74748216
0.74706701
0.74665197
0.74623705
0.74582225
0.74540756
0.74499298
0.74457852
0.74416418
0.74374995
0.74333584
0.74292184
0.74250795
0.74209419
0.74168053
0.74126700
0.74085357
0.74044027
0.74002708
0.73961400
0.73920104
0.73878820
0.73837547
0.73796285
0.73755035
0.73713797
0.73672570
0.73631355
0.73590151
0.73343285
0.73302162
0.73261051
0.73219951
0.73178862
0.73137785
0.73096720
0.73055666
0.73014624
0.72973593
0.72932574
0.72850570
0.72809585
0.72768612
0.72727650
0.72686700
0.72645761
0.72604834
0.72563919
0.72523015
0.72482123
0.72441242
0.72400372
0.72359514
0.72277833
0.72237010
0.72196198
0.72155398
0.72114610
0.72073832
0.72033067
0.71992313
0.71951570
0.71910839
0.71870120
0.71829412
0.71788715
0.71748031
0.71707357
0.71626045
0.71585406
0.71544779
0.71504164
0.71463559
0.71382386
0.71341816
0.71301258
0.71260712
0.71220177
0.71179653
0.71139142
0.71098641
0.71058152
0.71017675
0.70977209
0.70936755
0.70896312
0.70855881
0.70815462
0.70775054
0.70734657
0.70694272
0.70653898
0.70613536
0.70573186
0.70532847
0.70492520
0.70452204
0.70411900
0.70371607
0.70331326
0.70250798
0.70210551
0.70170316
0.70130092
0.70089880
0.70049680
0.70009491
0.69969313
0.69929147
0.69888993
0.69848850
0.69808719
0.69768599
0.69688394
0.69648309
0.69608235
0.69568173
0.69488083
0.69448056
0.69408040
0.69368035
0.69328042
0.69288061
0.69248091
0.69208133
0.69168186
0.69128251
0.69088327
0.69008514
0.68968625
0.68928747
0.68888881
0.68849027
0.68809184
0.68769352
0.68729532
0.68689724
0.68649927
0.68610141
0.68570368
0.68530605
0.68451115
0.68411388
0.68371671
0.68331967
0.68292274
0.68252592
0.68212922
0.68173264
0.68133617
0.68093981
0.68054357
0.68014745
0.67975144
0.67895977
0.67856411
0.67816856
0.67777313
0.67737781
0.67698261
0.67658752
0.67619255
0.67579770
0.67540296
0.67500833
0.67421943
0.67382515
0.67343099
0.67303694
0.67264301
0.67224919
0.67185549
0.67146190
0.67106843
0.67067507
0.67028183
0.66988870
0.66949569
0.66910280
0.66871002
0.66831736
0.66792481
0.66753237
0.66714005
0.66674785
0.66635576
0.66596379
0.66557193
0.66518019
0.66478857
0.66439706
0.66400566
0.66361438
0.66322321
0.66283216
0.66244123
0.66205041
0.66165971
0.66126912
0.66087865
0.66048829
0.66009804
0.65970792
0.65931791
0.65853823
0.65814856
0.65775901
0.65736958
0.65698026
0.65620196
0.65581299
0.65542413
0.65503539
0.65464676
0.65425825
0.65386985
0.65348157
0.65309340
0.65270535
0.65231741
0.65192959
0.65115429
0.65076682
0.65037946
0.64999222
0.64960509
0.64921807
0.64883118
0.64844439
0.64805772
0.64767117
0.64728474
0.64689841
0.64651221
0.64612612
0.64574014
0.64535428
0.64496853
0.64458291
0.64419739
0.64381199
0.64342671
0.64304154
0.64265649
0.64227155
0.64188673
0.64150202
0.64111743
0.64073295
0.64034859
0.63996434
0.63958021
0.63919620
0.63881230
0.63842851
0.63804484
0.63766129
0.63727785
0.63689453
0.63651132
0.63612823
0.63574525
0.63536239
0.63497964
0.63459701
0.63421449
0.63383209
0.63344981
0.63306764
0.63268558
0.63230364
0.63192182
0.63154011
0.63115852
0.63077704
0.63039567
0.63001443
0.62963329
0.62925228
0.62887138
0.62849059
0.62810992
0.62772936
0.62734892
0.62696860
0.62658839
0.62620829
0.62582831
0.62544845
0.62506870
0.62468907
0.62393015
0.62355086
0.62317169
0.62279263
0.62241369
0.62203487
0.62165616
0.62127756
0.62089908
0.62052072
0.62014247
0.61976433
0.61938631
0.61900841
0.61863062
0.61825295
0.61787539
0.61749795
0.61712062
0.61674341
0.61598934
0.61523572
0.61485908
0.61448257
0.61372987
0.61335370
0.61297764
0.61260170
0.61222587
0.61185016
0.61147456
0.61109908
0.61072371
0.61034846
0.60959831
0.60922340
0.60884861
0.60847394
0.60809938
0.60772493
0.60735061
0.60697639
0.60660230
0.60622831
0.60585445
0.60548069
0.60473354
0.60436013
0.60398684
0.60361366
0.60324060
0.60286766
0.60249483
0.60174952
0.60174906
0.60137657
0.60025993
0.59988791
0.59951600
0.59914421
0.59877253
0.59840097
0.59802953
0.59765820
0.59728698
0.59691588
0.59654490
0.59580328
0.59543264
0.59506212
0.59469171
0.59432142
0.59395124
0.59358118
0.59321123
0.59284140
0.59247169
0.59210209
0.59173260
0.59136323
0.59099398
0.59062484
0.59025581
0.58988691
0.58951811
0.58914943
0.58878087
0.58841243
0.58804409
0.58767588
0.58730778
0.58693979
0.58657192
0.58620416
0.58583652
0.58546900
0.58510159
0.58473430
0.58436712
0.58400006
0.58363311
0.58326627
0.58289956
0.58253296
0.58216647
0.58180010
0.58143384
0.58106770
0.58070168
0.58033577
0.57996997
0.57960429
0.57923873
0.57887328
0.57850794
0.57814273
0.57777762
0.57741264
0.57704776
0.57668301
0.57631837
0.57595384
0.57558943
0.57522513
0.57486095
0.57449689
0.57413294
0.57376910
0.57340539
0.57304178
0.57267829
0.57231492
0.57195166
0.57158852
0.57122549
0.57049978
0.57013710
0.56977454
0.56941209
0.56904975
0.56868753
0.56796344
0.56760157
0.56723981
0.56687816
0.56651664
0.56615522
0.56579393
0.56543274
0.56507168
0.56471073
0.56434989
0.56398917
0.56362856
0.56326807
0.56290770
0.56254744
0.56218730
0.56182727
0.56146735
0.56110756
0.56074787
0.56038831
0.56002885
0.55966952
0.55931029
0.55895119
0.55823332
0.55787456
0.55751592
0.55715739
0.55679897
0.55644067
0.55608249
0.55572442
0.55536647
0.55500863
0.55465091
0.55429330
0.55286414
0.55250711
0.55215020
0.55179340
0.55143671
0.55108014
0.55072369
0.55036735
0.55001113
0.54965502
0.54929903
0.54894315
0.54858739
0.54823174
0.54787621
0.54752080
0.54716549
0.54681031
0.54645524
0.54610028
0.54574545
0.54539072
0.54503611
0.54468162
0.54361883
0.54326480
0.54291088
0.54255708
0.54220339
0.54184982
0.54149637
0.54114303
0.54043669
0.54008370
0.53973082
0.53937806
0.53902541
0.53867288
0.53832046
0.53796816
0.53761597
0.53726390
0.53691194
0.53656010
0.53620837
0.53585676
0.53550527
0.53515389
0.53480262
0.53445148
0.53374952
0.53339872
0.53304803
0.53269746
0.53234700
0.53199666
0.53164643
0.53129632
0.53059645
0.53024668
0.52989703
0.52954750
0.52919808
0.52884877
0.52849958
0.52815051
0.52745271
0.52710398
0.52675537
0.52640687
0.52605849
0.52571023
0.52536208
0.52501404
0.52466612
0.52431832
0.52397063
0.52362305
0.52327559
0.52292825
0.52258102
0.52223391
0.52188691
0.52154003
0.52119326
0.52084661
0.52050007
0.52015365
0.51980735
0.51911508
0.51876912
0.51842328
0.51773193
0.51738644
0.51704105
0.51669578
0.51635063
0.51600560
0.51566067
0.51531587
0.51497118
0.51462660
0.51428214
0.51393779
0.51359356
0.51324945
0.51290545
0.51256157
0.51221780
0.51187414
0.51153061
0.51118718
0.51084388
0.51050068
0.51015761
0.50981465
0.50947180
0.50912907
0.50878645
0.50844395
0.50810157
0.50775930
0.50741715
0.50707511
0.50673318
0.50639137
0.50604968
0.50570810
0.50502530
0.50468406
0.50434295
0.50400195
0.50366106
0.50332029
0.50297964
0.50263910
0.50229867
0.50195836
0.50161817
0.50127809
0.50093813
0.50059828
0.50025855
0.49991893
0.49957943
0.49924004
0.49890077
0.49856161
0.49822257
0.49788365
0.49754484
0.49720614
0.49686757
0.49652910
0.49619075
0.49585252
0.49551440
0.49517640
0.49483851
0.49450074
0.49416308
0.49382554
0.49348812
0.49315080
0.49281361
0.49213956
0.49180272
0.49112936
0.49079286
0.49045647
0.49012020
0.48978404
0.48944800
0.48911207
0.48877626
0.48844056
0.48810498
0.48776952
0.48743417
0.48709893
0.48676381
0.48642881
0.48575915
0.48542449
0.48508994
0.48475552
0.48442120
0.48408701
0.48375292
0.48341896
0.48308511
0.48275137
0.48208425
0.48175086
0.48141758
0.48108442
0.48075138
0.48041845
0.48008564
0.47975294
0.47942036
0.47908789
0.47875554
0.47842330
0.47809118
0.47775917
0.47742728
0.47709551
0.47676385
0.47643230
0.47610087
0.47576956
0.47543836
0.47510728
0.47477631
0.47444546
0.47411472
0.47345359
0.47312320
0.47279292
0.47246276
0.47213271
0.47180278
0.47147297
0.47114327
0.47081369
0.47048422
0.47015486
0.46982562
0.46949650
0.46916749
0.46883860
0.46850982
0.46818116
0.46785262
0.46752419
0.46719587
0.46686767
0.46653958
0.46621161
0.46588376
0.46555602
0.46522840
0.46490089
0.46457350
0.46424622
0.46391905
0.46359201
0.46326508
0.46293826
0.46261156
0.46228497
0.46195850
0.46163215
0.46130591
0.46097978
0.46065377
0.46032788
0.46000210
0.45967644
0.45935089
0.45902545
0.45870014
0.45772488
0.45740002
0.45707528
0.45675065
0.45642614
0.45610175
0.45545331
0.45512926
0.45480532
0.45448150
0.45415780
0.45383421
0.45351074
0.45318738
0.45286414
0.45254102
0.45221801
0.45189511
0.45157233
0.45124966
0.45092711
0.45060468
0.45028236
0.44996016
0.44963807
0.44931610
0.44899424
0.44867249
0.44835087
0.44802936
0.44770796
0.44738668
0.44706551
0.44674446
0.44642353
0.44610271
0.44578200
0.44546141
0.44514094
0.44482058
0.44450034
0.44418021
0.44386020
0.44354030
0.44322052
0.44290085
0.44258130
0.44226186
0.44194254
0.44162334
0.44130425
0.44098527
0.44066641
0.44034767
0.44002904
0.43939213
0.43907384
0.43875568
0.43843762
0.43811969
0.43780186
0.43748416
0.43716657
0.43684909
0.43653173
0.43621449
0.43589736
0.43558034
0.43526344
0.43494666
0.43462999
0.43431344
0.43399700
0.43368068
0.43336447
0.43304838
0.43273240
0.43241654
0.43210079
0.43178516
0.43146965
0.43115425
0.43083896
0.43052379
0.43020874
0.42957898
0.42926427
0.42894968
0.42863520
0.42832084
0.42800659
0.42769246
0.42737844
0.42706454
0.42675076
0.42643709
0.42612353
0.42581009
0.42549677
0.42518356
0.42487047
0.42455749
0.42424463
0.42361925
0.42330673
0.42299433
0.42268204
0.42236987
0.42205781
0.42174587
0.42143405
0.42112234
0.42081075
0.42049927
0.42018790
0.41987665
0.41956552
0.41925450
0.41894360
0.41863281
0.41832214
0.41801159
0.41770114
0.41739082
0.41708061
0.41677051
0.41646053
0.41615067
0.41584092
0.41553128
0.41522177
0.41491236
0.41460307
0.41429390
0.41398484
0.41367590
0.41336708
0.41305836
0.41274977
0.41244129
0.41213292
0.41182467
0.41151654
0.41120852
0.41090061
0.41028515
0.40967015
0.40936282
0.40905561
0.40874851
0.40844153
0.40813467
0.40782792
0.40721476
0.40690835
0.40629589
0.40598983
0.40568389
0.40537806
0.40507235
0.40476675
0.40446127
0.40415590
0.40385065
0.40354551
0.40293558
0.40263079
0.40232612
0.40202156
0.40171711
0.40141278
0.40110857
0.40080447
0.40050049
0.39989287
0.39958923
0.39898230
0.39867901
0.39837583
0.39807277
0.39776983
0.39746700
0.39716428
0.39686168
0.39655920
0.39625683
0.39595458
0.39565244
0.39504851
0.39474672
0.39444504
0.39414348
0.39384203
0.39354070
0.39323949
0.39293839
0.39263740
0.39233653
0.39203578
0.39173514
0.39143461
0.39113421
0.39083391
0.39053374
0.39023367
0.38993373
0.38963389
0.38933418
0.38903458
0.38873509
0.38843572
0.38813646
0.38783733
0.38753830
0.38723939
0.38694060
0.38634336
0.38604491
0.38574658
0.38544836
0.38515026
0.38485227
0.38455440
0.38425664
0.38395900
0.38366148
0.38336407
0.38306677
0.38247253
0.38217558
0.38187875
0.38158203
0.38128542
0.38098894
0.38069257
0.38039631
0.38010017
0.37980414
0.37950823
0.37921243
0.37891675
0.37862119
0.37832574
0.37803041
0.37773519
0.37744008
0.37714509
0.37685022
0.37567223
0.37537793
0.37508375
0.37478969
0.37449573
0.37420190
0.37390818
0.37361458
0.37332109
0.37302771
0.37273445
0.37185549
0.37156269
0.37127001
0.37097744
0.37068499
0.37039265
0.37010043
0.36980833
0.36951634
0.36776728
0.36747610
0.36718503
0.36689408
0.36660324
0.36631252
0.36602191
0.36573142
0.36544105
0.36515079
0.36486064
0.36457061
0.36428070
0.36399090
0.36370122
0.36341165
0.36312219
0.36254363
0.36225453
0.36196554
0.36167666
0.36138790
0.36109925
0.36081072
0.36052231
0.36023401
0.35994582
0.35965775
0.35908196
0.35879424
0.35850663
0.35793176
0.35764450
0.35735735
0.35678341
0.35649660
0.35620992
0.35592335
0.35563689
0.35535056
0.35506433
0.35477822
0.35449223
0.35420635
0.35392059
0.35363494
0.35334941
0.35306399
0.35277869
0.35249350
0.35220843
0.35192348
0.35163864
0.35135391
0.35106930
0.35078481
0.35050043
0.34993202
0.34964799
0.34936407
0.34908027
0.34879658
0.34851301
0.34822955
0.34794621
0.34766298
0.34709688
0.34681400
0.34653123
0.34596605
0.34568363
0.34540133
0.34511914
0.34483707
0.34455511
0.34427327
0.34399154
0.34370993
0.34342844
0.34314706
0.34202280
0.34174200
0.34146131
0.34118074
0.34090028
0.34061994
0.34033971
0.34005960
0.33977960
0.33949972
0.33921995
0.33894030
0.33866077
0.33838135
0.33810204
0.33782285
0.33754378
0.33726482
0.33698598
0.33670725
0.33642863
0.33615014
0.33587176
0.33531534
0.33503730
0.33475938
0.33448157
0.33420388
0.33392631
0.33364885
0.33337150
0.33309428
0.33281716
0.33254016
0.33226328
0.33198651
0.33170986
0.33143332
0.33115690
0.33088059
0.33060440
0.33032833
0.33005237
0.32977652
0.32950079
0.32922518
0.32894968
0.32867429
0.32839903
0.32812387
0.32729910
0.32702441
0.32647537
0.32620103
0.32592680
0.32565268
0.32537868
0.32510480
0.32483103
0.32455737
0.32428383
0.32401041
0.32373710
0.32346391
0.32319083
0.32291787
0.32264502
0.32237229
0.32209968
0.32155479
0.32128252
0.32101036
0.32073832
0.32019459
0.31992290
0.31965132
0.31937986
0.31910851
0.31883728
0.31829516
0.31721265
0.31694222
0.31667191
0.31640172
0.31613164
0.31586168
0.31559183
0.31532209
0.31505248
0.31478297
0.31451359
0.31424431
0.31397516
0.31370612
0.31343719
0.31316838
0.31289968
0.31263110
0.31236264
0.31129028
0.31102239
0.31048696
0.31021942
0.30995199
0.30968468
0.30941748
0.30915040
0.30888344
0.30861659
0.30834985
0.30808323
0.30781673
0.30755034
0.30728407
0.30675187
0.30648594
0.30622012
0.30595443
0.30568885
0.30542338
0.30515803
0.30436278
0.30356857
0.30330403
0.30303960
0.30277529
0.30251109
0.30224701
0.30198304
0.30171919
0.30119183
0.30092833
0.30066493
0.30013850
0.29987545
0.29961253
0.29934971
0.29908701
0.29882443
0.29856196
0.29803737
0.29777525
0.29751324
0.29725135
0.29698957
0.29672791
0.29646637
0.29620494
0.29594362
0.29568242
0.29542134
0.29516037
0.29489952
0.29463878
0.29437815
0.29411765
0.29385725
0.29359698
0.29333682
0.29307677
0.29281684
0.29255702
0.29229732
0.29203774
0.29177827
0.29151891
0.29125967
0.29100055
0.29074154
0.29048265
0.29022387
0.28996521
0.28893183
0.28841577
0.28815791
0.28790017
0.28764255
0.28738504
0.28712765
0.28687037
0.28661320
0.28635616
0.28609922
0.28584241
0.28558570
0.28532912
0.28481629
0.28456005
0.28430392
0.28404791
0.28379202
0.28353624
0.28328057
0.28302503
0.28276959
0.28251427
0.28225907
0.28200398
0.28174901
0.28149415
0.28123941
0.28098479
0.28073027
0.28047588
0.28022160
0.27996743
0.27971338
0.27945945
0.27920563
0.27895193
0.27869834
0.27844486
0.27819151
0.27793826
0.27743213
0.27717923
0.27692645
0.27667378
0.27642123
0.27616880
0.27591648
0.27566427
0.27541218
0.27516021
0.27490835
0.27465661
0.27440498
0.27415347
0.27365079
0.27339962
0.27314857
0.27289763
0.27264681
0.27239611
0.27214552
0.27189504
0.27164468
0.27139444
0.27114431
0.27064440
0.27039461
0.27014495
0.26989539
0.26964596
0.26889834
0.26864936
0.26815176
0.26790313
0.26765461
0.26740621
0.26715793
0.26666171
0.26641377
0.26616595
0.26591824
0.26567065
0.26542317
0.26517581
0.26492857
0.26468143
0.26443442
0.26418752
0.26369407
0.26344751
0.26320107
0.26295475
0.26270854
0.26246245
0.26221647
0.26197061
0.26172486
0.26147923
0.26123372
0.26098831
0.26074303
0.26049786
0.26025280
0.26000786
0.25976304
0.25951833
0.25927374
0.25902926
0.25878490
0.25854065
0.25829652
0.25805250
0.25756481
0.25732114
0.25707759
0.25683415
0.25659082
0.25634761
0.25610452
0.25586154
0.25561867
0.25537593
0.25513329
0.25489077
0.25464837
0.25440609
0.25416391
0.25392186
0.25343809
0.25319638
0.25295478
0.25271330
0.25247194
0.25223069
0.25198956
0.25174854
0.25126685
0.25102617
0.25078562
0.25054517
0.25030485
0.25006464
0.24910506
0.24886543
0.24862591
0.24838650
0.24814721
0.24790804
0.24766898
0.24743004
0.24719121
0.24695250
0.24671390
0.24647542
0.24623705
0.24599880
0.24576067
0.24552265
0.24528474
0.24504695
0.24480928
0.24457172
0.24433428
0.24409695
0.24385973
0.24362264
0.24338565
0.24314879
0.24291204
0.24267540
0.24243888
0.24220247
0.24196618
0.24173001
0.24149395
0.24125800
0.24078646
0.24055086
0.24031538
0.24008001
0.23984476
0.23960962
0.23937460
0.23913969
0.23890490
0.23843566
0.23820122
0.23796689
0.23773267
0.23749857
0.23726459
0.23679697
0.23656333
0.23632981
0.23609640
0.23586311
0.23562993
0.23539687
0.23516392
0.23493109
0.23469838
0.23400092
0.23376867
0.23353653
0.23330450
0.23307260
0.23284080
0.23260912
0.23237756
0.23214611
0.23191478
0.23168357
0.23145247
0.23122148
0.23099061
0.23075985
0.23052921
0.23029869
0.23006828
0.22983799
0.22960781
0.22937775
0.22914780
0.22891796
0.22868825
0.22845865
0.22822916
0.22799979
0.22777053
0.22754139
0.22731237
0.22708346
0.22685466
0.22662598
0.22639742
0.22616897
0.22594064
0.22571242
0.22548431
0.22525633
0.22502846
0.22480070
0.22457306
0.22434553
0.22366364
0.22343658
0.22320963
0.22298280
0.22275608
0.22252947
0.22230298
0.22185035
0.22162421
0.22139818
0.22117227
0.22094648
0.22072080
0.22049523
0.22026978
0.22004444
0.21981922
0.21959412
0.21936913
0.21891950
0.21869486
0.21847033
0.21824592
0.21802162
0.21757337
0.21734942
0.21712558
0.21690186
0.21667826
0.21645477
0.21623139
0.21600813
0.21578499
0.21556196
0.21533905
0.21511625
0.21489357
0.21467100
0.21444855
0.21422621
0.21400399
0.21333813
0.21267320
0.21245178
0.21223048
0.21200930
0.21178823
0.21156728
0.21134644
0.21112572
0.21090511
0.21068462
0.21046424
0.21024398
0.21002384
0.20980381
0.20958389
0.20914441
0.20892484
0.20870538
0.20848605
0.20826682
0.20804771
0.20782872
0.20760985
0.20739108
0.20651753
0.20629935
0.20608128
0.20586333
0.20542776
0.20521015
0.20499266
0.20477528
0.20455802
0.20434087
0.20412384
0.20369012
0.20347344
0.20325686
0.20304041
0.20260784
0.20239173
0.20217574
0.20195986
0.20174410
0.20152845
0.20131292
0.20109750
0.20088220
0.20066701
0.20002226
0.19980753
0.19937843
0.19916405
0.19894978
0.19873563
0.19852160
0.19830768
0.19809388
0.19788019
0.19766662
0.19745316
0.19723982
0.19660060
0.19638772
0.19617495
0.19596230
0.19574977
0.19532505
0.19511286
0.19490078
0.19468883
0.19447698
0.19426526
0.19405364
0.19384215
0.19363077
0.19341950
0.19320835
0.19299731
0.19278639
0.19257559
0.19236490
0.19215433
0.19194387
0.19173352
0.19152330
0.19131318
0.19110318
0.19089330
0.19068354
0.19047388
0.19026435
0.18942747
0.18921851
0.18900967
0.18880094
0.18838383
0.18817544
0.18796718
0.18775902
0.18755099
0.18734306
0.18713526
0.18692757
0.18671999
0.18651253
0.18630518
0.18609796
0.18589084
0.18568384
0.18547696
0.18527019
0.18506354
0.18485700
0.18465057
0.18444427
0.18423808
0.18403200
0.18382604
0.18362019
0.18341446
0.18320885
0.18300335
0.18279796
0.18259269
0.18238754
0.18218250
0.18197757
0.18177277
0.18156807
0.18136350
0.18115903
0.18095469
0.18054634
0.18034234
0.18013845
0.17993468
0.17973103
0.17952749
0.17932406
0.17912075
0.17891756
0.17871448
0.17851152
0.17830867
0.17810594
0.17790332
0.17729628
0.17689208
0.17669016
0.17628665
0.17608507
0.17588361
0.17568226
0.17548103
0.17527991
0.17487802
0.17467725
0.17447659
0.17427605
0.17407562
0.17387531
0.17367512
0.17367489
0.17347481
0.17327484
0.17307499
0.17287526
0.17267564
0.17247614
0.17227675
0.17207748
0.17187832
0.17148035
0.17128154
0.17108284
0.17088426
0.17068580
0.17048745
0.17028921
0.17009109
0.16989309
0.16969520
0.16949742
0.16929977
0.16910222
0.16890480
0.16870748
0.16851029
0.16831320
0.16811624
0.16791939
0.16772265
0.16752603
0.16732953
0.16713314
0.16693686
0.16674070
0.16654466
0.16634873
0.16615292
0.16595722
0.16556617
0.16537082
0.16517558
0.16498046
0.16478545
0.16459056
0.16439579
0.16420113
0.16400658
0.16361784
0.16342364
0.16322956
0.16303559
0.16284174
0.16245438
0.16226087
0.16206748
0.16187420
0.16168104
0.16148800
0.16129507
0.16110225
0.16090955
0.16071697
0.16052450
0.16033214
0.16013991
0.15975578
0.15956388
0.15937211
0.15918044
0.15898890
0.15879747
0.15860615
0.15841495
0.15822387
0.15803290
0.15784204
0.15746068
0.15707978
0.15669934
0.15650929
0.15631936
0.15593984
0.15575025
0.15556078
0.15537143
0.15518219
0.15499306
0.15480405
0.15461516
0.15442638
0.15423772
0.15404917
0.15386074
0.15367242
0.15348422
0.15329613
0.15310816
0.15292030
0.15273256
0.15254494
0.15235743
0.15217003
0.15198275
0.15179559
0.15160854
0.15142161
0.15123479
0.15104808
0.15086150
0.15067503
0.15048867
0.15030243
0.15011630
0.14993029
0.14974439
0.14955861
0.14937295
0.14918740
0.14900196
0.14881664
0.14863144
0.14826138
0.14807652
0.14789178
0.14770715
0.14752264
0.14733824
0.14715396
0.14696980
0.14678575
0.14660181
0.14641799
0.14623429
0.14605070
0.14586722
0.14568386
0.14550062
0.14513448
0.14495158
0.14476880
0.14440358
0.14422115
0.14403883
0.14385662
0.14367453
0.14349256
0.14331070
0.14312895
0.14294732
0.14276581
0.14258441
0.14240313
0.14222196
0.14204091
0.14167915
0.14149844
0.14131785
0.14113738
0.14095702
0.14077677
0.14059664
0.14041663
0.14023673
0.14005694
0.13987728
0.13969772
0.13951829
0.13915976
0.13862294
0.13844420
0.13826557
0.13790865
0.13737426
0.13719632
0.13701850
0.13684079
0.13666320
0.13648572
0.13630836
0.13613111
0.13613088
0.13595375
0.13577673
0.13559983
0.13542305
0.13524638
0.13506982
0.13489338
0.13471706
0.13454085
0.13436475
0.13418878
0.13401291
0.13383717
0.13366153
0.13348602
0.13331062
0.13313533
0.13296016
0.13278510
0.13261016
0.13243534
0.13226063
0.13208603
0.13138892
0.13121491
0.13104100
0.13086722
0.13069355
0.13051999
0.13034655
0.13017322
0.13000001
0.12982692
0.12965394
0.12948107
0.12930832
0.12913569
0.12896317
0.12879077
0.12861848
0.12810242
0.12793060
0.12775888
0.12758729
0.12724444
0.12707319
0.12690206
0.12673104
0.12656013
0.12638935
0.12621867
0.12604811
0.12587767
0.12570734
0.12536703
0.12519705
0.12502719
0.12485744
0.12451828
0.12434887
0.12417959
0.12401041
0.12350358
0.12333487
0.12316627
0.12299779
0.12266117
0.12249303
0.12249303
0.12232501
0.12215710
0.12198931
0.12182164
0.12165408
0.12148663
0.12115209
0.12098499
0.12081801
0.12065114
0.12048439
0.12031775
0.12015123
0.11998482
0.11981853
0.11965236
0.11948630
0.11932035
0.11932012
0.11898858
0.11882298
0.11865749
0.11849212
0.11832687
0.11816173
0.11799671
0.11799648
0.11783157
0.11766678
0.11750210
0.11733754
0.11700876
0.11684455
0.11668045
0.11635259
0.11602520
0.11602508
0.11586156
0.11569815
0.11537168
0.11537145
0.11520839
0.11488261
0.11471989
0.11455729
0.11439481
0.11423244
0.11407018
0.11390804
0.11374602
0.11358411
0.11342231
0.11326064
0.11293762
0.11293762
0.11277629
0.11261507
0.11245397
0.11229299
0.11197136
0.11181072
0.11165019
0.11148978
0.11132949
0.11116931
0.11100925
0.11084930
0.11068946
0.11052975
0.11037014
0.11021065
0.11005128
0.10989203
0.10973288
0.10941495
0.10925615
0.10925581
0.10909713
0.10893856
0.10862178
0.10846356
0.10830545
0.10814747
0.10798959
0.10783184
0.10783161
0.10767396
0.10751644
0.10720173
0.10704455
0.10704432
0.10688725
0.10673030
0.10657347
0.10641675
0.10610365
0.10594728
0.10579102
0.10563488
0.10547885
0.10532294
0.10516714
0.10501146
0.10485589
0.10470044
0.10454510
0.10438988
0.10423478
0.10407979
0.10392491
0.10377015
0.10361551
0.10346098
0.10330657
0.10315227
0.10299809
0.10284402
0.10253623
0.10238251
0.10222890
0.10207541
0.10176878
0.10161563
0.10130969
0.10100421
0.10085164
0.10069918
0.10054685
0.10039462
0.10009053
0.09993865
0.09978689
0.09963524
0.09948371
0.09933230
0.09918100
0.09902981
0.09887874
0.09872779
0.09857695
0.09842623
0.09827562
0.09812513
0.09797475
0.09782449
0.09767434
0.09752431
0.09737440
0.09722460
0.09707491
0.09692534
0.09677589
0.09662655
0.09647732
0.09632821
0.09617922
0.09588158
0.09573293
0.09573282
0.09558429
0.09543587
0.09513938
0.09499131
0.09484336
0.09469552
0.09454779
0.09440018
0.09425269
0.09425257
0.09410519
0.09410508
0.09395781
0.09381067
0.09366363
0.09351672
0.09336991
0.09322323
0.09322323
0.09307665
0.09293020
0.09278386
0.09263763
0.09249152
0.09234553
0.09190835
0.09176281
0.09161740
0.09147209
0.09132691
0.09089215
0.09074742
0.09060281
0.09045832
0.09031394
0.09016967
0.09002552
0.09002529
0.09002506
0.08988102
0.08973711
0.08973699
0.08959319
0.08959307
0.08944938
0.08930581
0.08916235
0.08901901
0.08887578
0.08873267
0.08858967
0.08844679
0.08830402
0.08816137
0.08816126
0.08816103
0.08801849
0.08787607
0.08773377
0.08773377
0.08759158
0.08744950
0.08730755
0.08730743
0.08716559
0.08702386
0.08688225
0.08674075
0.08659937
0.08631695
0.08617591
0.08603499
0.08575349
0.08561292
0.08561280
0.08547234
0.08547223
0.08519166
0.08505154
0.08491154
0.08477166
0.08463189
0.08449224
0.08435270
0.08421328
0.08407398
0.08407386
0.08393467
0.08379559
0.08365663
0.08351779
0.08351767
0.08337894
0.08324033
0.08310183
0.08296344
0.08282518
0.08268702
0.08254899
0.08241106
0.08227326
0.08213556
0.08199799
0.08186053
0.08186053
0.08186041
0.08158583
0.08144872
0.08131172
0.08117483
0.08103806
0.08090141
0.08076487
0.08062845
0.08049214
0.08035595
0.08035583
0.08021975
0.08008379
0.07994794
0.07981221
0.07967660
0.07954110
0.07940571
0.07927044
0.07913529
0.07900025
0.07886532
0.07873051
0.07859582
0.07819255
0.07805831
0.07792420
0.07779019
0.07765631
0.07752254
0.07738888
0.07725534
0.07712192
0.07698861
0.07698849
0.07685530
0.07685518
0.07672210
0.07658914
0.07645629
0.07632356
0.07619094
0.07605843
0.07592605
0.07579378
0.07579366
0.07566150
0.07552946
0.07539754
0.07526573
0.07513403
0.07513392
0.07500234
0.07487087
0.07473952
0.07460829
0.07447717
0.07434616
0.07421528
0.07408450
0.07395385
0.07382330
0.07369288
0.07356257
0.07356245
0.07343225
0.07330217
0.07317221
0.07304236
0.07291262
0.07278300
0.07278289
0.07265338
0.07252400
0.07239472
0.07239461
0.07226545
0.07213640
0.07200748
0.07187867
0.07174997
0.07162139
0.07149292
0.07136457
0.07123633
0.07098021
0.07085232
0.07072454
0.07059688
0.07046934
0.07034191
0.07021460
0.07008740
0.06996032
0.06983335
0.06970650
0.06957976
0.06945314
0.06932664
0.06920024
0.06907397
0.06894781
0.06894769
0.06882165
0.06869572
0.06856991
0.06844421
0.06831862
0.06819316
0.06806780
0.06794257
0.06781744
0.06781733
0.06769232
0.06756743
0.06744265
0.06731799
0.06719345
0.06706902
0.06694470
0.06682050
0.06669642
0.06657245
0.06644860
0.06632486
0.06620124
0.06607773
0.06595434
0.06583106
0.06570790
0.06558485
0.06546192
0.06533910
0.06521640
0.06509382
0.06497135
0.06484899
0.06472676
0.06448262
0.06436073
0.06423895
0.06411729
0.06399574
0.06387431
0.06375299
0.06363179
0.06351071
0.06338974
0.06326888
0.06314814
0.06302752
0.06290701
0.06278661
0.06266633
0.06254617
0.06254606
0.06242601
0.06230608
0.06218626
0.06206656
0.06194697
0.06182750
0.06170814
0.06158890
0.06146978
0.06135077
0.06123187
0.06111309
0.06099443
0.06087588
0.06075744
0.06063913
0.06052092
0.06040284
0.06028486
0.06016701
0.06004926
0.05993164
0.05981413
0.05969673
0.05969662
0.05957934
0.05946217
0.05934512
0.05934512
0.05922819
0.05911137
0.05911125
0.05899455
0.05887796
0.05876149
0.05864513
0.05852889
0.05841276
0.05829675
0.05818085
0.05806507
0.05794940
0.05783385
0.05771842
0.05771830
0.05760298
0.05748778
0.05748778
0.05737269
0.05725772
0.05714286
0.05702811
0.05691349
0.05679897
0.05668458
0.05657029
0.05645613
0.05634208
0.05622814
0.05611432
0.05600061
0.05588702
0.05577355
0.05566019
0.05554695
0.05543382
0.05532080
0.05520790
0.05509512
0.05498245
0.05486990
0.05475746
0.05464514
0.05453294
0.05442085
0.05430887
0.05419701
0.05419689
0.05408515
0.05397352
0.05386201
0.05375061
0.05363932
0.05352815
0.05341710
0.05330616
0.05319534
0.05308463
0.05297404
0.05286357
0.05275321
0.05264296
0.05253283
0.05242281
0.05231291
0.05220313
0.05209346
0.05209334
0.05198379
0.05187435
0.05176503
0.05165582
0.05154673
0.05143775
0.05132889
0.05132877
0.05122003
0.05111140
0.05089448
0.05078619
0.05067802
0.05056997
0.05046203
0.05035421
0.05024650
0.05013890
0.05003142
0.04992406
0.04981681
0.04970968
0.04960267
0.04949576
0.04938898
0.04928231
0.04917575
0.04906931
0.04896299
0.04875068
0.04864470
0.04853884
0.04843309
0.04832746
0.04822194
0.04811654
0.04801125
0.04790608
0.04780102
0.04769608
0.04759126
0.04748655
0.04738195
0.04727747
0.04717311
0.04706886
0.04696472
0.04686070
0.04675680
0.04665301
0.04654934
0.04644578
0.04634234
0.04634223
0.04623890
0.04613569
0.04603259
0.04592961
0.04582675
0.04572400
0.04562136
0.04551884
0.04541644
0.04531415
0.04521198
0.04510992
0.04500797
0.04490615
0.04480443
0.04470284
0.04460136
0.04460136
0.04449999
0.04439874
0.04429760
0.04419658
0.04409568
0.04399489
0.04389421
0.04379366
0.04369321
0.04359288
0.04349267
0.04339257
0.04329259
0.04319272
0.04309297
0.04299334
0.04289381
0.04279441
0.04269512
0.04259594
0.04249688
0.04239794
0.04229911
0.04220040
0.04210180
0.04200331
0.04190495
0.04180669
0.04170856
0.04161053
0.04151263
0.04141484
0.04131716
0.04121960
0.04112215
0.04102482
0.04092761
0.04083051
0.04073353
0.04063666
0.04053990
0.04044327
0.04034674
0.04025034
0.04015404
0.04005787
0.03996181
0.03986586
0.03977003
0.03967431
0.03957871
0.03948323
0.03948311
0.03938774
0.03929249
0.03919735
0.03910233
0.03900742
0.03891263
0.03881795
0.03872339
0.03862894
0.03853461
0.03844039
0.03834629
0.03825230
0.03815843
0.03806468
0.03797104
0.03787751
0.03787740
0.03778399
0.03769070
0.03759752
0.03750445
0.03741151
0.03731867
0.03722596
0.03713335
0.03704087
0.03694850
0.03685624
0.03685624
0.03676410
0.03667208
0.03658017
0.03648837
0.03639669
0.03630513
0.03621368
0.03612235
0.03603113
0.03594002
0.03584904
0.03575816
0.03566741
0.03557677
0.03548624
0.03539583
0.03530553
0.03521535
0.03512529
0.03503534
0.03494551
0.03485579
0.03476618
0.03467669
0.03458732
0.03449806
0.03440892
0.03431990
0.03423098
0.03414219
0.03405351
0.03396494
0.03387649
0.03378816
0.03369994
0.03361183
0.03352384
0.03343597
0.03334821
0.03326057
0.03317304
0.03308563
0.03299833
0.03291115
0.03282408
0.03273713
0.03265029
0.03256357
0.03247697
0.03239048
0.03230410
0.03221784
0.03213170
0.03204567
0.03195976
0.03187396
0.03178828
0.03170271
0.03161726
0.03153192
0.03144670
0.03136159
0.03127660
0.03119173
0.03110697
0.03102232
0.03093779
0.03085338
0.03076908
0.03068490
0.03060083
0.03051688
0.03043304
0.03034932
0.03026571
0.03018222
0.03009884
0.03001558
0.02993243
0.02984940
0.02976649
0.02968369
0.02960100
0.02951844
0.02943598
0.02935364
0.02927142
0.02918931
0.02910732
0.02902544
0.02894368
0.02886203
0.02878050
0.02869909
0.02861779
0.02853660
0.02845553
0.02837458
0.02829374
0.02821301
0.02813241
0.02805191
0.02797153
0.02789127
0.02781112
0.02773109
0.02765118
0.02757137
0.02749169
0.02741212
0.02733266
0.02725332
0.02717410
0.02709499
0.02701599
0.02693711
0.02685835
0.02677970
0.02670117
0.02662275
0.02654445
0.02646626
0.02638819
0.02631024
0.02623239
0.02615467
0.02607706
0.02599956
0.02592218
0.02584492
0.02576777
0.02569074
0.02561382
0.02553702
0.02546033
0.02538376
0.02530730
0.02523096
0.02515473
0.02507862
0.02500262
0.02492674
0.02485098
0.02477533
0.02469979
0.02462437
0.02454907
0.02447388
0.02439881
0.02432385
0.02424901
0.02417428
0.02395079
0.02387652
0.02380237
0.02372834
0.02365442
0.02358061
0.02350692
0.02343335
0.02335989
0.02335989
0.02328655
0.02321332
0.02314021
0.02306721
0.02299433
0.02292156
0.02284891
0.02277637
0.02270395
0.02263165
0.02255946
0.02248738
0.02241542
0.02234358
0.02227185
0.02220023
0.02212874
0.02205735
0.02198609
0.02191493
0.02184390
0.02177297
0.02170217
0.02163148
0.02156090
0.02149044
0.02142010
0.02134987
0.02127975
0.02120975
0.02113987
0.02107010
0.02100045
0.02093091
0.02086149
0.02079218
0.02072299
0.02065391
0.02058495
0.02051610
0.02044737
0.02037876
0.02031026
0.02024187
0.02017360
0.02010545
0.02003741
0.01996949
0.01990168
0.01983399
0.01976641
0.01969895
0.01963160
0.01956437
0.01949725
0.01943025
0.01936336
0.01929659
0.01922994
0.01916340
0.01909698
0.01903067
0.01896447
0.01889840
0.01883243
0.01876658
0.01870085
0.01863524
0.01856973
0.01850435
0.01843908
0.01837392
0.01830888
0.01824395
0.01817914
0.01811445
0.01804987
0.01798541
0.01792106
0.01785683
0.01779271
0.01772871
0.01766482
0.01760105
0.01753739
0.01747385
0.01741042
0.01734711
0.01728392
0.01722084
0.01715787
0.01709502
0.01703229
0.01696967
0.01690717
0.01684478
0.01678251
0.01672035
0.01665831
0.01659638
0.01653457
0.01647287
0.01641129
0.01634983
0.01628848
0.01622724
0.01616612
0.01610512
0.01604423
0.01598345
0.01592280
0.01586225
0.01580183
0.01574151
0.01568132
0.01562123
0.01556127
0.01550142
0.01544168
0.01538206
0.01532256
0.01526317
0.01520389
0.01514473
0.01508569
0.01502676
0.01496795
0.01490925
0.01485067
0.01479220
0.01473385
0.01467561
0.01461749
0.01455948
0.01450159
0.01444382
0.01438616
0.01432861
0.01427118
0.01421387
0.01415667
0.01409959
0.01404262
0.01398577
0.01392903
0.01387241
0.01381590
0.01375951
0.01370323
0.01364707
0.01359103
0.01353510
0.01347928
0.01342358
0.01336800
0.01331253
0.01325718
0.01320194
0.01314681
0.01309181
0.01303692
0.01298214
0.01292748
0.01287293
0.01276418
0.01270998
0.01265590
0.01260193
0.01254807
0.01249433
0.01244071
0.01238720
0.01233381
0.01228053
0.01222737
0.01217432
0.01212139
0.01206857
0.01201587
0.01196329
0.01191082
0.01185846
0.01180622
0.01175410
0.01170209
0.01165019
0.01159841
0.01154675
0.01149520
0.01144377
0.01139245
0.01134125
0.01129016
0.01123919
0.01118834
0.01113760
0.01108697
0.01103646
0.01098607
0.01093579
0.01088562
0.01083557
0.01078564
0.01073582
0.01068612
0.01063653
0.01058706
0.01053770
0.01048846
0.01043933
0.01039032
0.01034143
0.01029265
0.01024398
0.01019543
0.01014700
0.01009868
0.01005048
0.01000239
0.00995441
0.00990656
0.00985881
0.00981119
0.00976367
0.00971628
0.00966900
0.00962183
0.00957478
0.00952785
0.00948103
0.00943432
0.00938773
0.00934126
0.00929490
0.00924866
0.00920253
0.00915652
0.00911062
0.00906484
0.00901917
0.00897362
0.00892818
0.00888286
0.00883766
0.00879257
0.00874759
0.00870273
0.00865799
0.00861336
0.00856885
0.00852445
0.00848016
0.00843600
0.00839194
0.00834801
0.00830419
0.00826048
0.00821689
0.00817341
0.00813005
0.00808681
0.00804368
0.00800066
0.00795777
0.00791498
0.00787231
0.00782976
0.00778732
0.00774500
0.00770279
0.00766070
0.00761872
0.00757686
0.00753512
0.00749349
0.00745197
0.00741057
0.00736929
0.00732812
0.00728706
0.00724613
0.00720530
0.00716459
0.00712400
0.00708353
0.00704316
0.00700292
0.00696279
0.00692277
0.00688287
0.00684308
0.00680341
0.00676386
0.00672442
0.00668509
0.00664589
0.00660679
0.00656781
0.00652895
0.00649020
0.00645157
0.00641306
0.00637465
0.00633637
0.00629820
0.00626014
0.00622220
0.00618438
0.00614667
0.00610907
0.00607159
0.00603423
0.00599698
0.00595985
0.00592283
0.00588593
0.00584914
0.00581247
0.00577591
0.00573947
0.00570315
0.00566694
0.00563084
0.00559486
0.00555900
0.00552325
0.00548761
0.00545209
0.00541669
0.00538140
0.00534623
0.00531117
0.00527623
0.00524140
0.00520669
0.00517210
0.00513762
0.00510325
0.00506900
0.00503487
0.00500085
0.00496694
0.00493315
0.00489948
0.00486592
0.00483248
0.00479915
0.00476594
0.00473284
0.00469986
0.00466700
0.00463425
0.00460161
0.00456909
0.00453668
0.00450440
0.00447222
0.00444016
0.00440822
0.00437639
0.00434468
0.00431308
0.00428160
0.00425023
0.00421898
0.00418784
0.00415682
0.00412592
0.00409513
0.00406445
0.00403389
0.00400345
0.00397312
0.00394290
0.00391280
0.00388282
0.00385295
0.00382320
0.00379356
0.00376404
0.00373464
0.00370534
0.00367617
0.00364711
0.00361816
0.00358933
0.00356062
0.00353202
0.00350353
0.00347517
0.00344691
0.00341877
0.00339075
0.00336284
0.00333505
0.00330737
0.00327981
0.00325237
0.00322504
0.00319782
0.00317072
0.00314374
0.00311687
0.00309011
0.00306347
0.00303695
0.00301054
0.00298425
0.00295807
0.00293201
0.00290606
0.00288023
0.00285451
0.00282891
0.00280343
0.00277806
0.00275280
0.00272766
0.00270264
0.00267773
0.00265293
0.00262826
0.00260369
0.00257924
0.00255491
0.00253070
0.00250659
0.00248261
0.00245874
0.00243498
0.00241134
0.00238781
0.00236440
0.00234111
0.00231793
0.00229487
0.00227192
0.00224908
0.00222637
0.00220376
0.00218128
0.00215890
0.00213665
0.00211451
0.00209248
0.00207057
0.00204877
0.00202709
0.00200553
0.00198408
0.00196274
0.00194153
0.00192042
0.00189943
0.00187856
0.00185780
0.00183716
0.00181663
0.00179622
0.00177593
0.00175575
0.00173568
0.00171573
0.00169589
0.00167617
0.00165657
0.00163708
0.00161771
0.00159845
0.00157931
0.00156028
0.00154137
0.00152257
0.00150389
0.00148532
0.00146687
0.00144853
0.00143031
0.00141221
0.00139422
0.00137634
0.00135858
0.00134094
0.00132341
0.00130600
0.00128870
0.00127152
0.00125445
0.00123750
0.00122066
0.00120394
0.00118733
0.00117084
0.00115447
0.00113821
0.00112206
0.00110603
0.00109012
0.00107432
0.00105864
0.00104307
0.00102762
0.00101228
0.00099706
0.00098195
0.00096696
0.00095208
0.00093732
0.00092267
0.00090814
0.00089373
0.00087943
0.00086525
0.00085118
0.00083722
0.00082338
0.00080966
0.00079605
0.00078256
0.00076918
0.00075592
0.00074278
0.00072974
0.00071683
0.00070403
0.00069134
0.00067877
0.00066632
0.00065398
0.00064176
0.00062965
0.00061765
0.00060578
0.00059401
0.00058237
0.00057083
0.00055942
0.00054812
0.00053693
0.00052586
0.00051490
0.00050406
0.00049334
0.00048273
0.00047224
0.00046186
0.00045159
0.00044144
0.00043141
0.00042149
0.00041169
0.00040201
0.00039243
0.00038298
0.00037364
0.00036441
0.00035530
0.00034631
0.00033743
0.00032866
0.00032001
0.00031148
0.00030306
0.00029476
0.00028657
0.00027850
0.00027054
0.00026270
0.00025497
0.00024736
0.00023987
0.00023248
0.00022522
0.00021807
0.00021104
0.00020412
0.00019731
0.00019062
0.00018405
0.00017759
0.00017125
0.00016502
0.00015891
0.00015291
0.00014703
0.00014127
0.00013562
0.00013008
0.00012466
0.00011936
0.00011417
0.00010909
0.00010413
0.00009929
0.00009456
0.00008995
0.00008545
0.00008107
0.00007680
0.00007265
0.00006862
0.00006469
0.00006089
0.00005720
0.00005362
0.00005016
0.00004682
0.00004359
0.00004048
0.00003748
0.00003460
0.00003183
0.00002918
0.00002664
0.00002422
0.00002191
0.00001972
0.00001764
0.00001384
0.00000427
0.00000254
0.00000242
0.00000242
0.00000173
0.00000173
0.00000173
0.00000173
0.00000115
0.00000115
0.00000069
0.00000069
0.00000035
0.00000012
0.00000012
0.00000000
0.00000000
0.00000000
0.00000000
0.00000000
0.00000000
0.00000000
0.00000000
0.00000000
0.00000000
0.00000000
0.00000000
0.00000000
0.00000000
0.00000000
0.00000000
0.00000000
0.00000000
0.00000000
0.00000000
0.00000000
0.00000000
0.00000000
0.00000000
0.00000000
0.00000000
0.00000000
0.00000000
0.00000000
0.00000000
0.00000000
0.00000000
0.00000000
0.00000000
0.00000000
0.00000000
0.00000000
0.00000000
0.00000000
0.00000000
0.00000000
0.00000000
0.00000000
0.00000000
0.00000000
0.00000000
0.00000000
0.00000000
0.00000000
0.00000000
0.00000000
0.00000000
0.00000000
0.00000000
0.00000000
0.00000000
0.00000000
0.00000000
0.00000000
0.00000000
0.00000000
0.00000000
0.00000000
0.00000000
0.00000000
0.00000000
0.00000000
0.00000000
0.00000000
0.00000000
0.00000000
0.00000000
0.00000000
0.00000000
0.00000000
0.00000000
0.00000000
0.00000000
0.00000000
0.00000000
0.00000000
0.00000000
0.00000000
0.00000000
0.00000000
0.00000000
0.00000000
0.00000000
0.00000000
0.00000000
0.00000000
0.00000000
0.00000000
0.00000000
0.00000000
0.00000000
0.00000000
0.00000000
0.00000000
0.00000000
0.00000000
0.00000000
0.00000000
0.00000000
0.00000000
0.00000000
0.00000000
0.00000000
0.00000000
0.00000000
0.00000000
0.00000000
0.00000000
0.00000000
0.00000000
0.00000000
0.00000000
0.00000000
0.00000000
0.00000000
0.00000000
0.00000000
0.00000000
0.00000000
0.00000000
0.00000000
0.00000000
0.00000000
0.00000000
0.00000000
0.00000000
0.00000000
0.00000000
0.00000000
0.00000000
0.00000000
0.00000000
0.00000000
0.00000000
0.00000000
0.00000000
0.00000000
0.00000000
0.00000000
0.00000000
0.00000000
0.00000000
0.00000000
0.00000000
0.00000000
0.00000000
0.00000000
0.00000000
0.00000000
0.00000000
0.00000000
0.00000000
0.00000000
0.00000000
0.00000000
0.00000000
0.00000000
0.00000000
0.00000000
0.00000000
0.00000000
0.00000000
0.00000000
0.00000000
0.00000000
0.00000000
0.00000000
0.00000000
0.00000000
0.00000000
0.00000000
0.00000000
0.00000000
0.00000000
0.00000000
0.00000000
0.00000000
0.00000000
0.00000000
0.00000000
0.00000000
0.00000000
0.00000000
0.00000000
0.00000000
0.00000000
0.00000000
0.00000000
0.00000000
0.00000000
0.00000000
0.00000000
0.00000000
0.00000000
0.00000000
0.00000000
0.00000000
0.00000000
0.00000000
0.00000000
0.00000000
0.00000000
0.00000000
0.00000000
0.00000000
0.00000000
0.00000000
